"car_id";"report_month";"region_id";"passenger_official";"passenger_private";"passenger_commercial";"passenger_subtotal";"van_official";"van_private";"van_commercial";"van_subtotal";"truck_official";"truck_private";"truck_commercial";"truck_subtotal";"special_official";"special_private";"special_commercial";"special_subtotal";"total_official";"total_private";"total_commercial";"total_subtotal";"created_at"
1;"2020-08-01";1;152;197441;15952;213545;53;4851;676;5580;178;13427;2170;15775;16;230;163;409;399;215949;18961;235309;"2025-09-25 11:23:08"
2;"2020-08-01";2;92;122226;5728;128046;41;3878;563;4482;154;12823;2401;15378;5;94;229;328;292;139021;8921;148234;"2025-09-25 11:23:08"
3;"2020-08-01";3;106;60825;2269;63200;63;2837;726;3626;145;7604;1257;9006;13;59;102;174;327;71325;4354;76006;"2025-09-25 11:23:08"
4;"2020-08-01";4;106;58186;940;59232;80;1864;191;2135;121;14675;1909;16705;8;205;479;692;315;74930;3519;78764;"2025-09-25 11:23:08"
5;"2020-08-01";5;98;100060;3125;103283;45;4023;309;4377;163;9964;2015;12142;11;95;169;275;317;114142;5618;120077;"2025-09-25 11:23:08"
6;"2020-08-01";6;85;79659;3407;83151;41;2734;415;3190;161;10610;1537;12308;6;46;233;285;293;93049;5592;98934;"2025-09-25 11:23:08"
7;"2020-08-01";7;99;111951;9427;121477;56;5161;694;5911;132;14477;2630;17239;9;206;183;398;296;131795;12934;145025;"2025-09-25 11:23:08"
8;"2020-08-01";8;42;67813;3103;70958;16;3456;511;3983;75;10836;2269;13180;5;87;84;176;138;82192;5967;88297;"2025-09-25 11:23:08"
9;"2020-08-01";9;88;127874;6083;134045;53;4317;895;5265;180;10837;2101;13118;9;99;259;367;330;143127;9338;152795;"2025-09-25 11:23:08"
10;"2020-08-01";10;90;76674;4898;81662;50;3047;422;3519;123;8712;1904;10739;6;97;160;263;269;88530;7384;96183;"2025-09-25 11:23:08"
11;"2020-08-01";11;106;79044;2863;82013;52;3308;122;3482;138;10346;2163;12647;10;90;98;198;306;92788;5246;98340;"2025-09-25 11:23:08"
12;"2020-08-01";12;105;92617;1191;93913;51;2868;138;3057;151;7252;1165;8568;14;86;277;377;321;102823;2771;105915;"2025-09-25 11:23:08"
13;"2020-08-01";13;97;98718;4131;102946;56;3161;634;3851;169;9649;2099;11917;20;150;130;300;342;111678;6994;119014;"2025-09-25 11:23:08"
14;"2020-08-01";14;205;73582;3443;77230;108;2587;457;3152;139;6280;1843;8262;10;72;205;287;462;82521;5948;88931;"2025-09-25 11:23:08"
15;"2020-08-01";15;218;152259;7007;159484;135;3754;766;4655;176;11366;5074;16616;11;201;161;373;540;167580;13008;181128;"2025-09-25 11:23:08"
16;"2020-08-01";16;120;82060;8639;90819;45;2526;1050;3621;167;8862;1609;10638;18;86;100;204;350;93534;11398;105282;"2025-09-25 11:23:08"
17;"2020-08-01";17;89;101554;2552;104195;46;3660;1149;4855;148;9105;1657;10910;8;87;97;192;291;114406;5455;120152;"2025-09-25 11:23:08"
18;"2020-08-01";18;124;200841;6691;207656;95;4997;1506;6598;158;24590;4747;29495;11;197;279;487;388;230625;13223;244236;"2025-09-25 11:23:08"
19;"2020-08-01";19;117;126247;4694;131058;56;3996;790;4842;138;12093;2827;15058;8;182;418;608;319;142518;8729;151566;"2025-09-25 11:23:08"
20;"2020-08-01";20;133;113999;4213;118345;49;4672;196;4917;177;15272;4232;19681;12;583;645;1240;371;134526;9286;144183;"2025-09-25 11:23:08"
21;"2020-08-01";21;138;67206;640;67984;55;2218;71;2344;148;5557;1078;6783;9;73;37;119;350;75054;1826;77230;"2025-09-25 11:23:08"
22;"2020-08-01";22;95;109624;4212;113931;42;4020;798;4860;134;10815;1924;12873;13;100;189;302;284;124559;7123;131966;"2025-09-25 11:23:08"
23;"2020-08-01";23;1629;38837;487;40953;1701;1785;310;3796;411;3909;858;5178;87;47;55;189;3828;44578;1710;50116;"2025-09-25 11:23:08"
24;"2020-08-01";63;124;87226;1236;88586;102;2229;243;2574;108;10707;770;11585;10;97;266;373;344;100259;2515;103118;"2025-09-25 11:23:08"
25;"2020-08-01";25;79;87465;5908;93452;34;3885;635;4554;126;12245;2730;15101;16;120;326;462;255;103715;9599;113569;"2025-09-25 11:23:08"
26;"2020-08-01";146;846;289014;224468;514328;480;11334;7307;19121;1036;76332;3661;81029;83;664;643;1390;2445;377344;236079;615868;"2025-09-25 11:23:08"
28;"2020-08-01";28;97;67468;3281;70846;70;2606;603;3279;105;10377;3207;13689;13;85;680;778;285;80536;7771;88592;"2025-09-25 11:23:08"
29;"2020-08-01";29;73;63344;892;64309;64;2374;507;2945;117;10438;916;11471;9;124;189;322;263;76280;2504;79047;"2025-09-25 11:23:08"
30;"2020-08-01";77;278;133258;3276;136812;194;3177;508;3879;225;16651;3061;19937;17;230;584;831;714;153316;7429;161459;"2025-09-25 11:23:08"
31;"2020-08-01";57;65;55535;611;56211;46;1465;143;1654;77;4517;248;4842;5;80;49;134;193;61597;1051;62841;"2025-09-25 11:23:08"
32;"2020-08-01";32;73;79402;1678;81153;35;2400;589;3024;66;10471;1392;11929;1;102;236;339;175;92375;3895;96445;"2025-09-25 11:23:08"
33;"2020-08-01";33;127;104385;15307;119819;67;3345;517;3929;171;13691;2167;16029;9;125;495;629;374;121546;18486;140406;"2025-09-25 11:23:08"
34;"2020-08-01";79;62;99839;1875;101776;26;2442;291;2759;85;10214;1389;11688;9;102;348;459;182;112597;3903;116682;"2025-09-25 11:23:08"
35;"2020-08-01";35;89;65906;3036;69031;72;2643;324;3039;114;14865;2276;17255;10;163;317;490;285;83577;5953;89815;"2025-09-25 11:23:08"
36;"2020-08-01";36;94;90460;4309;94863;56;3291;344;3691;107;13508;1864;15479;9;126;274;409;266;107385;6791;114442;"2025-09-25 11:23:08"
37;"2020-08-01";60;273;180630;4655;185558;293;5249;304;5846;205;19452;1986;21643;33;225;438;696;804;205556;7383;213743;"2025-09-25 11:23:08"
38;"2020-08-01";38;48;59442;29589;89079;25;1697;811;2533;78;6025;1293;7396;10;81;385;476;161;67245;32078;99484;"2025-09-25 11:23:08"
39;"2020-08-01";39;279;78560;6751;85590;456;2019;649;3124;194;8355;1963;10512;26;104;681;811;955;89038;10044;100037;"2025-09-25 11:23:08"
40;"2020-08-01";40;80;25521;1386;26987;52;1138;293;1483;89;4135;329;4553;10;29;49;88;231;30823;2057;33111;"2025-09-25 11:23:08"
42;"2020-08-01";42;122;146934;9755;156811;66;3893;331;4290;122;13443;1985;15550;8;143;518;669;318;164413;12589;177320;"2025-09-25 11:23:08"
45;"2020-08-01";46;207;233127;7924;241258;125;5807;781;6713;191;30951;5236;36378;9;262;559;830;532;270147;14500;285179;"2025-09-25 11:23:08"
46;"2020-08-01";47;109;108901;1727;110737;105;3299;535;3939;257;19469;2481;22207;52;172;259;483;523;131841;5002;137366;"2025-09-25 11:23:08"
50;"2020-08-01";51;163;193422;3318;196903;186;3699;658;4543;213;17176;1253;18642;13;180;150;343;575;214477;5379;220431;"2025-09-25 11:23:08"
53;"2020-08-01";54;122;23922;39565;63609;59;1280;2161;3500;144;8944;716;9804;8;71;79;158;333;34217;42521;77071;"2025-09-25 11:23:08"
54;"2020-08-01";55;103;93277;190495;283875;60;3951;3909;7920;107;21582;2424;24113;14;372;268;654;284;119182;197096;316562;"2025-09-25 11:23:08"
55;"2020-08-01";56;309;216947;46287;263543;355;6532;1744;8631;174;29500;3180;32854;20;258;522;800;858;253237;51733;305828;"2025-09-25 11:23:08"
57;"2020-08-01";58;173;134267;5657;140097;97;5075;191;5363;132;17557;4147;21836;16;285;921;1222;418;157184;10916;168518;"2025-09-25 11:23:08"
58;"2020-08-01";59;140;183196;15054;198390;83;5991;1000;7074;113;24594;2681;27388;9;262;321;592;345;214043;19056;233444;"2025-09-25 11:23:08"
60;"2020-08-01";61;159;170119;4573;174851;89;3645;838;4572;149;11882;2240;14271;9;148;409;566;406;185794;8060;194260;"2025-09-25 11:23:08"
61;"2020-08-01";62;61;7787;82;7930;41;534;65;640;107;3538;46;3691;3;30;12;45;212;11889;205;12306;"2025-09-25 11:23:08"
64;"2020-08-01";65;167;161488;3718;165373;132;5063;410;5605;187;26134;7338;33659;25;365;838;1228;511;193050;12304;205865;"2025-09-25 11:23:08"
70;"2020-08-01";71;70;67326;1884;69280;42;2685;553;3280;110;13982;3858;17950;12;161;424;597;234;84154;6719;91107;"2025-09-25 11:23:08"
73;"2020-08-01";74;130;157828;2055;160013;92;3931;320;4343;140;14511;2128;16779;15;246;304;565;377;176516;4807;181700;"2025-09-25 11:23:08"
79;"2020-08-01";80;154;99424;1181;100759;83;3002;761;3846;148;19272;3882;23302;2;220;916;1138;387;121918;6740;129045;"2025-09-25 11:23:09"
82;"2020-08-01";83;332;147280;598;148210;175;3727;425;4327;225;14636;1602;16463;40;221;165;426;772;165864;2790;169426;"2025-09-25 11:23:09"
84;"2020-08-01";85;130;22672;192;22994;84;1325;196;1605;150;6287;167;6604;11;85;42;138;375;30369;597;31341;"2025-09-25 11:23:09"
85;"2020-08-01";86;277;150995;1276;152548;178;4931;404;5513;198;19012;2170;21380;21;205;194;420;674;175143;4044;179861;"2025-09-25 11:23:09"
86;"2020-08-01";87;95;106365;2790;109250;85;3035;836;3956;88;12788;1913;14789;12;162;183;357;280;122350;5722;128352;"2025-09-25 11:23:09"
87;"2020-08-01";88;62;103317;2139;105518;31;2624;560;3215;36;9560;1274;10870;1;101;112;214;130;115602;4085;119817;"2025-09-25 11:23:09"
88;"2020-08-01";89;474;20077;321;20872;115;587;21;723;113;1769;260;2142;18;21;12;51;720;22454;614;23788;"2025-09-25 11:23:09"
89;"2020-08-01";90;116;87678;1686;89480;77;3236;508;3821;102;11095;1946;13143;10;107;135;252;305;102116;4275;106696;"2025-09-25 11:23:09"
90;"2020-08-01";91;158;152386;891;153435;90;5842;2751;8683;127;29077;4356;33560;12;294;409;715;387;187599;8407;196393;"2025-09-25 11:23:09"
91;"2020-08-01";92;76;59180;1075;60331;76;2043;300;2419;98;8917;1142;10157;13;104;130;247;263;70244;2647;73154;"2025-09-25 11:23:09"
92;"2020-08-01";93;119;85937;838;86894;75;2698;164;2937;101;9409;3788;13298;8;114;334;456;303;98158;5124;103585;"2025-09-25 11:23:09"
93;"2020-08-01";94;197;177406;1913;179516;109;6032;1629;7770;176;28282;3341;31799;7;298;763;1068;489;212018;7646;220153;"2025-09-25 11:23:09"
94;"2020-08-01";95;312;239096;1874;241282;157;9019;1075;10251;211;41507;4769;46487;15;469;426;910;695;290091;8144;298930;"2025-09-25 11:23:09"
95;"2020-08-01";96;74;30150;751;30975;45;1515;75;1635;82;5375;539;5996;11;68;39;118;212;37108;1404;38724;"2025-09-25 11:23:09"
96;"2020-08-01";97;260;247380;5545;253185;206;9914;1259;11379;208;35644;5236;41088;24;332;521;877;698;293270;12561;306529;"2025-09-25 11:23:09"
97;"2020-08-01";101;172;171971;3409;175552;68;3095;1318;4481;113;8142;1951;10206;13;147;189;349;366;183355;6867;190588;"2025-09-25 11:23:09"
98;"2020-08-01";102;176;64314;1027;65517;78;2546;221;2845;90;8056;1087;9233;16;68;134;218;360;74984;2469;77813;"2025-09-25 11:23:09"
99;"2020-08-01";103;193;58447;2083;60723;51;2812;258;3121;93;9584;1558;11235;3;94;154;251;340;70937;4053;75330;"2025-09-25 11:23:09"
100;"2020-08-01";104;129;159291;3890;163310;202;6011;1472;7685;150;18511;2648;21309;20;255;538;813;501;184068;8548;193117;"2025-09-25 11:23:09"
101;"2020-08-01";105;96;136070;1589;137755;65;2817;95;2977;61;7175;1434;8670;1;117;125;243;223;146179;3243;149645;"2025-09-25 11:23:09"
102;"2020-08-01";106;188;89248;1119;90555;157;3390;680;4227;110;8775;1910;10795;15;96;107;218;470;101509;3816;105795;"2025-09-25 11:23:09"
103;"2020-08-01";107;271;58608;1159;60038;86;2693;127;2906;120;6561;1486;8167;22;117;99;238;499;67979;2871;71349;"2025-09-25 11:23:09"
104;"2020-08-01";108;182;192858;1750;194790;107;7190;426;7723;158;35389;5049;40596;16;323;328;667;463;235760;7553;243776;"2025-09-25 11:23:09"
105;"2020-08-01";109;175;124501;2687;127363;159;6011;1301;7471;214;21724;3557;25495;14;194;314;522;562;152430;7859;160851;"2025-09-25 11:23:09"
106;"2020-08-01";110;84;115094;1589;116767;39;4847;653;5539;51;18631;2307;20989;4;224;325;553;178;138796;4874;143848;"2025-09-25 11:23:09"
107;"2020-08-01";111;144;78995;747;79886;96;3518;488;4102;140;17976;3549;21665;10;732;254;996;390;101221;5038;106649;"2025-09-25 11:23:09"
108;"2020-08-01";112;145;103077;2202;105424;124;2753;714;3591;134;9480;3177;12791;12;136;142;290;415;115446;6235;122096;"2025-09-25 11:23:09"
109;"2020-08-01";113;82;70648;1301;72031;31;2882;878;3791;35;9592;1599;11226;0;72;128;200;148;83194;3906;87248;"2025-09-25 11:23:09"
110;"2020-08-01";114;143;83888;622;84653;84;3991;513;4588;146;17134;1829;19109;10;239;165;414;383;105252;3129;108764;"2025-09-25 11:23:09"
111;"2020-08-01";115;224;45618;272;46114;102;1920;734;2756;226;11371;723;12320;11;114;83;208;563;59023;1812;61398;"2025-09-25 11:23:09"
112;"2020-08-01";116;168;46011;530;46709;75;2212;741;3028;193;13482;5829;19504;8;183;393;584;444;61888;7493;69825;"2025-09-25 11:23:09"
113;"2020-08-01";117;76;16407;151;16634;72;864;126;1062;150;6121;4538;10809;6;100;510;616;304;23492;5325;29121;"2025-09-25 11:23:09"
114;"2020-08-01";118;77;90555;1109;91741;54;3311;495;3860;71;10061;1670;11802;9;121;134;264;211;104048;3408;107667;"2025-09-25 11:23:09"
115;"2020-08-01";119;42;169324;2083;171449;34;4376;735;5145;45;11754;3228;15027;7;213;180;400;128;185667;6226;192021;"2025-09-25 11:23:09"
116;"2020-08-01";120;15;135838;900;136753;7;2302;219;2528;27;5079;1216;6322;1;67;33;101;50;143286;2368;145704;"2025-09-25 11:23:09"
117;"2020-08-01";121;331;103242;1403;104976;176;4490;1216;5882;226;20079;4239;24544;18;372;424;814;751;128183;7282;136216;"2025-09-25 11:23:09"
118;"2020-08-01";122;97;55630;498;56225;95;1623;180;1898;89;6100;2005;8194;10;71;315;396;291;63424;2998;66713;"2025-09-25 11:23:09"
119;"2020-08-01";123;245;134956;1905;137106;254;5524;443;6221;202;17517;2395;20114;28;228;243;499;729;158225;4986;163940;"2025-09-25 11:23:09"
120;"2020-08-01";124;189;89411;877;90477;81;3752;537;4370;131;17546;3994;21671;12;217;473;702;413;110926;5881;117220;"2025-09-25 11:23:09"
121;"2020-08-01";125;230;173304;2463;175997;102;6148;2603;8853;175;27793;4924;32892;20;240;242;502;527;207485;10232;218244;"2025-09-25 11:23:09"
122;"2020-08-01";126;310;229700;3312;233322;175;8537;1648;10360;235;32809;6035;39079;22;397;850;1269;742;271443;11845;284030;"2025-09-25 11:23:09"
123;"2020-08-01";127;161;60987;5858;67006;74;3338;813;4225;154;19752;2603;22509;9;203;373;585;398;84280;9647;94325;"2025-09-25 11:23:09"
124;"2020-08-01";128;172;99487;541;100200;79;2912;349;3340;138;14910;1822;16870;13;135;145;293;402;117444;2857;120703;"2025-09-25 11:23:09"
125;"2020-08-01";129;368;365723;2502;368593;221;11561;2512;14294;296;55791;6102;62189;24;735;494;1253;909;433810;11610;446329;"2025-09-25 11:23:09"
127;"2020-08-01";238;147;85497;2324;87968;130;3039;562;3731;233;17372;1364;18969;24;218;337;579;534;106126;4587;111247;"2025-09-25 11:23:09"
128;"2020-08-01";214;65;18196;255;18516;62;891;85;1038;92;7157;207;7456;7;73;71;151;226;26317;618;27161;"2025-09-25 11:23:09"
129;"2020-08-01";240;107;36376;700;37183;74;1483;123;1680;116;6786;401;7303;10;89;194;293;307;44734;1418;46459;"2025-09-25 11:23:09"
130;"2020-08-01";241;112;24405;451;24968;99;941;107;1147;179;6521;167;6867;5;60;28;93;395;31927;753;33075;"2025-09-25 11:23:09"
131;"2020-08-01";242;105;30701;901;31707;90;1323;146;1559;107;5473;248;5828;6;87;82;175;308;37584;1377;39269;"2025-09-25 11:23:09"
132;"2020-08-01";243;49;8292;40;8381;44;370;30;444;87;3211;37;3335;5;31;11;47;185;11904;118;12207;"2025-09-25 11:23:09"
133;"2020-08-01";244;44;11123;184;11351;32;475;26;533;105;3926;77;4108;6;42;19;67;187;15566;306;16059;"2025-09-25 11:23:09"
134;"2020-08-01";245;127;14072;129;14328;80;786;72;938;118;6000;121;6239;8;54;44;106;333;20912;366;21611;"2025-09-25 11:23:09"
135;"2020-08-01";246;198;140617;2849;143664;148;5057;640;5845;202;25033;1968;27203;16;282;313;611;564;170989;5770;177323;"2025-09-25 11:23:09"
136;"2020-08-01";247;52;12739;135;12926;49;565;48;662;109;4751;77;4937;5;50;25;80;215;18105;285;18605;"2025-09-25 11:23:09"
137;"2020-08-01";248;101;13715;221;14037;85;699;63;847;137;6051;166;6354;14;56;27;97;337;20521;477;21335;"2025-09-25 11:23:09"
138;"2020-08-01";249;49;16171;140;16360;59;878;36;973;121;6788;123;7032;8;49;20;77;237;23886;319;24442;"2025-09-25 11:23:09"
139;"2020-08-01";250;275;108932;2339;111546;271;3711;651;4633;261;17721;2643;20625;17;247;357;621;824;130611;5990;137425;"2025-09-25 11:23:09"
140;"2020-08-01";251;61;15878;390;16329;55;735;165;955;103;3365;145;3613;5;69;40;114;224;20047;740;21011;"2025-09-25 11:23:09"
141;"2020-08-01";252;91;16204;281;16576;81;849;55;985;112;8345;127;8584;11;45;32;88;295;25443;495;26233;"2025-09-25 11:23:09"
142;"2020-08-01";253;123;25626;223;25972;105;1424;312;1841;180;11161;434;11775;18;76;79;173;426;38287;1048;39761;"2025-09-25 11:23:09"
143;"2020-08-01";254;52;9278;67;9397;64;367;69;500;105;3179;43;3327;10;30;18;58;231;12854;197;13282;"2025-09-25 11:23:09"
144;"2020-08-01";255;71;17216;375;17662;63;906;57;1026;110;7970;224;8304;9;61;47;117;253;26153;703;27109;"2025-09-25 11:23:09"
146;"2020-08-01";131;69;13909;84;14062;48;791;53;892;84;7584;233;7901;8;39;29;76;209;22323;399;22931;"2025-09-25 11:23:09"
147;"2020-08-01";132;65;10225;116;10406;43;542;65;650;108;4854;364;5326;4;36;220;260;220;15657;765;16642;"2025-09-25 11:23:09"
148;"2020-08-01";133;69;11129;130;11328;52;658;91;801;95;5979;658;6732;12;47;73;132;228;17813;952;18993;"2025-09-25 11:23:09"
149;"2020-08-01";134;74;16116;140;16330;50;796;87;933;120;7914;137;8171;6;59;26;91;250;24885;390;25525;"2025-09-25 11:23:09"
150;"2020-08-01";135;73;18170;372;18615;47;900;90;1037;80;7428;587;8095;5;45;73;123;205;26543;1122;27870;"2025-09-25 11:23:09"
151;"2020-08-01";136;73;42501;264;42838;59;2287;202;2548;94;13301;1255;14650;8;111;143;262;234;58200;1864;60298;"2025-09-25 11:23:09"
152;"2020-08-01";137;98;50744;776;51618;75;2056;178;2309;156;13427;1674;15257;5;169;841;1015;334;66396;3469;70199;"2025-09-25 11:23:09"
153;"2020-08-01";138;34;15320;136;15490;21;645;35;701;32;3109;544;3685;4;48;41;93;91;19122;756;19969;"2025-09-25 11:23:09"
154;"2020-08-01";139;73;37474;239;37786;60;1622;122;1804;81;8682;862;9625;5;85;108;198;219;47863;1331;49413;"2025-09-25 11:23:09"
155;"2020-08-01";140;1;8;0;9;0;3;0;3;0;8;0;8;0;0;0;0;1;19;0;20;"2025-09-25 11:23:09"
156;"2020-08-01";141;204;72804;1051;74059;114;2519;408;3041;178;11437;896;12511;17;132;216;365;513;86892;2571;89976;"2025-09-25 11:23:09"
157;"2020-08-01";142;64;81870;1612;83546;109;2496;884;3489;62;10988;1593;12643;4;152;223;379;239;95506;4312;100057;"2025-09-25 11:23:09"
158;"2020-08-01";143;132;84695;1625;86452;97;2896;418;3411;119;13426;1766;15311;5;160;171;336;353;101177;3980;105510;"2025-09-25 11:23:09"
159;"2020-08-01";144;131;108330;4927;113388;89;3440;763;4292;132;15140;2016;17288;12;219;297;528;364;127129;8003;135496;"2025-09-25 11:23:09"
160;"2020-08-01";145;183;85018;3521;88722;140;3383;424;3947;245;19503;1590;21338;21;233;277;531;589;108137;5812;114538;"2025-09-25 11:23:09"
162;"2020-08-01";147;57;19103;62;19222;30;692;116;838;56;1842;332;2230;6;22;24;52;149;21659;534;22342;"2025-09-25 11:23:09"
163;"2020-08-01";148;216;38997;1212;40425;123;1890;349;2362;212;12520;644;13376;23;112;102;237;574;53519;2307;56400;"2025-09-25 11:23:09"
164;"2020-08-01";149;56;18825;1262;20143;36;1189;314;1539;85;8377;572;9034;7;57;56;120;184;28448;2204;30836;"2025-09-25 11:23:09"
165;"2020-08-01";150;127;42716;844;43687;83;2373;432;2888;166;15392;1036;16594;25;86;74;185;401;60567;2386;63354;"2025-09-25 11:23:09"
166;"2020-08-01";151;135;73115;516;73766;74;2720;305;3099;166;17722;2255;20143;13;225;795;1033;388;93782;3871;98041;"2025-09-25 11:23:09"
167;"2020-08-01";152;118;37801;460;38379;77;1603;170;1850;181;12463;553;13197;29;95;147;271;405;51962;1330;53697;"2025-09-25 11:23:09"
168;"2020-08-01";153;87;21677;478;22242;66;1256;348;1670;135;11073;360;11568;10;60;46;116;298;34066;1232;35596;"2025-09-25 11:23:09"
169;"2020-08-01";154;147;72329;919;73395;77;2875;489;3441;166;18019;1694;19879;18;178;357;553;408;93401;3459;97268;"2025-09-25 11:23:09"
170;"2020-08-01";155;79;18648;158;18885;39;816;114;969;108;7530;538;8176;7;55;78;140;233;27049;888;28170;"2025-09-25 11:23:09"
171;"2020-08-01";156;169;135425;2331;137925;139;5371;594;6104;167;22130;3131;25428;41;268;324;633;516;163194;6380;170090;"2025-09-25 11:23:09"
172;"2020-08-01";157;116;30063;307;30486;106;1504;321;1931;174;11232;668;12074;13;101;100;214;409;42900;1396;44705;"2025-09-25 11:23:09"
173;"2020-08-01";158;92;106843;1536;108471;73;4376;573;5022;97;18225;2366;20688;9;234;349;592;271;129678;4824;134773;"2025-09-25 11:23:09"
174;"2020-08-01";159;146;167084;2453;169683;129;5355;860;6344;233;19726;1982;21941;18;219;244;481;526;192384;5539;198449;"2025-09-25 11:23:09"
175;"2020-08-01";160;69;10387;78;10534;51;542;67;660;116;5831;596;6543;11;48;69;128;247;16808;810;17865;"2025-09-25 11:23:09"
176;"2020-08-01";161;74;22726;179;22979;45;1129;76;1250;166;9952;228;10346;16;78;35;129;301;33885;518;34704;"2025-09-25 11:23:09"
177;"2020-08-01";162;165;38346;326;38837;85;1628;232;1945;144;12151;747;13042;23;119;153;295;417;52244;1458;54119;"2025-09-25 11:23:09"
179;"2020-08-01";257;97;18488;169;18754;60;1306;93;1459;123;10181;258;10562;7;74;38;119;287;30049;558;30894;"2025-09-25 11:23:09"
180;"2020-08-01";258;205;106121;2337;108663;120;3639;527;4286;204;18576;2931;21711;17;229;622;868;546;128565;6417;135528;"2025-09-25 11:23:09"
181;"2020-08-01";259;110;30353;688;31151;65;1576;174;1815;105;12774;1026;13905;8;180;101;289;288;44883;1989;47160;"2025-09-25 11:23:09"
182;"2020-08-01";260;128;26796;3974;30898;93;1353;303;1749;166;12132;424;12722;16;120;55;191;403;40401;4756;45560;"2025-09-25 11:23:09"
183;"2020-08-01";261;63;7917;57;8037;39;488;46;573;84;4164;255;4503;4;25;35;64;190;12594;393;13177;"2025-09-25 11:23:09"
184;"2020-08-01";262;79;17895;197;18171;61;908;127;1096;111;8353;250;8714;10;68;41;119;261;27224;615;28100;"2025-09-25 11:23:09"
185;"2020-08-01";263;68;9127;64;9259;64;460;19;543;97;4874;74;5045;6;37;11;54;235;14498;168;14901;"2025-09-25 11:23:09"
186;"2020-08-01";264;96;37439;364;37899;98;1717;499;2314;183;11447;2128;13758;20;105;177;302;397;50708;3168;54273;"2025-09-25 11:23:09"
187;"2020-08-01";265;161;106704;2162;109027;131;4679;511;5321;211;24187;3000;27398;12;202;356;570;515;135772;6029;142316;"2025-09-25 11:23:09"
188;"2020-08-01";266;63;9007;58;9128;47;475;66;588;97;4660;264;5021;4;33;26;63;211;14175;414;14800;"2025-09-25 11:23:09"
189;"2020-08-01";267;65;7313;32;7410;48;400;20;468;120;4235;105;4460;9;27;16;52;242;11975;173;12390;"2025-09-25 11:23:09"
190;"2020-08-01";268;140;145410;3702;149252;101;4153;927;5181;136;18492;2273;20901;10;290;370;670;387;168345;7272;176004;"2025-09-25 11:23:09"
191;"2020-08-01";269;267;129329;1989;131585;257;3833;570;4660;198;16141;1379;17718;21;155;242;418;743;149458;4180;154381;"2025-09-25 11:23:09"
192;"2020-08-01";270;109;37499;2556;40164;95;1818;217;2130;133;14516;846;15495;7;161;103;271;344;53994;3722;58060;"2025-09-25 11:23:09"
193;"2020-08-01";271;92;8610;42;8744;47;459;85;591;100;4721;85;4906;6;36;9;51;245;13826;221;14292;"2025-09-25 11:23:09"
195;"2020-08-01";164;64;11434;181;11679;61;613;127;801;105;6268;767;7140;12;56;45;113;242;18371;1120;19733;"2025-09-25 11:23:09"
196;"2020-08-01";165;83;18560;202;18845;79;1145;119;1343;143;11706;265;12114;6;56;34;96;311;31467;620;32398;"2025-09-25 11:23:09"
197;"2020-08-01";166;62;9319;182;9563;36;466;73;575;63;4706;396;5165;0;38;59;97;161;14529;710;15400;"2025-09-25 11:23:09"
198;"2020-08-01";167;80;65485;624;66189;64;2398;282;2744;87;13178;3410;16675;15;304;1608;1927;246;81365;5924;87535;"2025-09-25 11:23:09"
199;"2020-08-01";168;48;8511;397;8956;34;455;60;549;59;3871;216;4146;0;38;23;61;141;12875;696;13712;"2025-09-25 11:23:09"
200;"2020-08-01";169;144;45630;1018;46792;111;2082;354;2547;195;15064;1572;16831;17;205;245;467;467;62981;3189;66637;"2025-09-25 11:23:09"
201;"2020-08-01";170;86;17490;247;17823;43;869;274;1186;82;7634;921;8637;13;84;152;249;224;26077;1594;27895;"2025-09-25 11:23:09"
202;"2020-08-01";171;147;78935;2401;81483;126;3321;441;3888;179;13664;2436;16279;10;194;361;565;462;96114;5639;102215;"2025-09-25 11:23:09"
203;"2020-08-01";172;212;31249;140;31601;204;1511;58;1773;154;10684;730;11568;13;96;86;195;583;43540;1014;45137;"2025-09-25 11:23:09"
204;"2020-08-01";173;70;12966;29364;42400;48;782;801;1631;86;7513;360;7959;4;49;50;103;208;21310;30575;52093;"2025-09-25 11:23:09"
205;"2020-08-01";174;168;111837;1703;113708;133;3716;691;4540;186;22324;1883;24393;14;232;836;1082;501;138109;5113;143723;"2025-09-25 11:23:09"
206;"2020-08-01";175;93;11681;34035;45809;60;650;1169;1879;135;8384;439;8958;1;99;30;130;289;20814;35673;56776;"2025-09-25 11:23:09"
207;"2020-08-01";176;187;104737;2231;107155;151;3858;694;4703;190;21151;3327;24668;17;269;808;1094;545;130015;7060;137620;"2025-09-25 11:23:09"
208;"2020-08-01";177;68;18658;157;18883;40;871;104;1015;94;7747;467;8308;6;65;36;107;208;27341;764;28313;"2025-09-25 11:23:09"
209;"2020-08-01";178;93;21419;9627;31139;56;1298;229;1583;104;10452;715;11271;8;142;115;265;261;33311;10686;44258;"2025-09-25 11:23:09"
210;"2020-08-01";179;101;14951;195;15247;49;802;115;966;92;9278;188;9558;4;70;18;92;246;25101;516;25863;"2025-09-25 11:23:09"
211;"2020-08-01";180;73;17789;156;18018;41;854;86;981;76;7714;792;8582;3;87;86;176;193;26444;1120;27757;"2025-09-25 11:23:09"
212;"2020-08-01";181;73;12374;83;12530;55;627;50;732;83;6756;291;7130;3;46;22;71;214;19803;446;20463;"2025-09-25 11:23:09"
213;"2020-08-01";182;58;9952;97;10107;41;572;57;670;64;5866;123;6053;1;33;15;49;164;16423;292;16879;"2025-09-25 11:23:09"
214;"2020-08-01";183;59;11070;24196;35325;53;574;632;1259;79;6129;152;6360;9;52;16;77;200;17825;24996;43021;"2025-09-25 11:23:09"
215;"2020-08-01";184;111;22525;267;22903;83;1630;100;1813;143;14465;219;14827;24;74;29;127;361;38694;615;39670;"2025-09-25 11:23:09"
216;"2020-08-01";185;86;23136;216;23438;46;1076;1240;2362;83;7869;491;8443;6;79;141;226;221;32160;2088;34469;"2025-09-25 11:23:09"
218;"2020-08-01";187;114;108401;1047;109562;83;3500;400;3983;127;22827;2613;25567;6;210;390;606;330;134938;4450;139718;"2025-09-25 11:23:09"
219;"2020-08-01";188;203;109390;1759;111352;148;4263;544;4955;219;25614;1907;27740;12;310;358;680;582;139577;4568;144727;"2025-09-25 11:23:09"
220;"2020-08-01";189;58;13306;38;13402;34;712;42;788;71;6214;398;6683;8;54;36;98;171;20286;514;20971;"2025-09-25 11:23:09"
221;"2020-08-01";190;192;178811;2488;181491;105;6112;821;7038;210;26125;3468;29803;13;257;442;712;520;211305;7219;219044;"2025-09-25 11:23:09"
222;"2020-08-01";44;42;9084;36;9162;42;418;18;478;41;5126;194;5361;1;41;32;74;126;14669;280;15075;"2025-09-25 11:23:09"
223;"2020-08-01";192;147;53772;600;54519;85;2236;258;2579;153;16841;907;17901;9;122;130;261;394;72971;1895;75260;"2025-09-25 11:23:09"
224;"2020-08-01";193;86;24931;391;25408;60;1346;132;1538;128;9681;262;10071;9;68;67;144;283;36026;852;37161;"2025-09-25 11:23:09"
225;"2020-08-01";194;91;10495;63;10649;43;484;38;565;72;6744;85;6901;2;47;9;58;208;17770;195;18173;"2025-09-25 11:23:09"
226;"2020-08-01";195;115;34151;432;34698;90;1788;246;2124;166;16554;996;17716;11;105;151;267;382;52598;1825;54805;"2025-09-25 11:23:09"
227;"2020-08-01";196;64;18498;196;18758;47;862;46;955;86;10576;965;11627;4;86;147;237;201;30022;1354;31577;"2025-09-25 11:23:09"
228;"2020-08-01";197;204;59918;881;61003;226;2324;292;2842;257;18837;1219;20313;40;154;213;407;727;81233;2605;84565;"2025-09-25 11:23:09"
229;"2020-08-01";198;76;12170;122;12368;56;663;55;774;120;5894;103;6117;8;34;21;63;260;18761;301;19322;"2025-09-25 11:23:09"
230;"2020-08-01";199;51;5526;32;5609;33;290;26;349;55;3641;48;3744;1;25;5;31;140;9482;111;9733;"2025-09-25 11:23:09"
231;"2020-08-01";200;136;38624;518;39278;68;1790;155;2013;146;14494;725;15365;28;145;134;307;378;55053;1532;56963;"2025-09-25 11:23:09"
232;"2020-08-01";201;114;41047;481;41642;74;1908;239;2221;121;15940;1611;17672;7;152;346;505;316;59047;2677;62040;"2025-09-25 11:23:09"
233;"2020-08-01";202;92;20285;188;20565;55;796;78;929;88;7966;186;8240;19;69;35;123;254;29116;487;29857;"2025-09-25 11:23:09"
234;"2020-08-01";203;69;3572;289;3930;17;249;187;453;59;1266;27;1352;6;14;3;23;151;5101;506;5758;"2025-09-25 11:23:09"
235;"2020-08-01";204;122;18655;149;18926;67;702;85;854;121;6297;99;6517;8;85;26;119;318;25739;359;26416;"2025-09-25 11:23:09"
236;"2020-08-01";205;74;17842;92;18008;90;923;77;1090;146;11438;701;12285;9;70;92;171;319;30273;962;31554;"2025-09-25 11:23:09"
237;"2020-08-01";206;76;16334;101;16511;46;692;43;781;93;7572;524;8189;7;47;81;135;222;24645;749;25616;"2025-09-25 11:23:09"
238;"2020-08-01";207;62;9221;44;9327;62;468;46;576;75;5609;103;5787;2;39;11;52;201;15337;204;15742;"2025-09-25 11:23:09"
239;"2020-08-01";208;121;52985;301;53407;68;2149;420;2637;108;12407;1349;13864;10;119;224;353;307;67660;2294;70261;"2025-09-25 11:23:09"
240;"2020-08-01";209;150;98632;1341;100123;91;3288;853;4232;207;17049;4565;21821;12;213;1775;2000;460;119182;8534;128176;"2025-09-25 11:23:09"
241;"2020-08-01";210;138;116171;2325;118634;83;3407;314;3804;99;17706;900;18705;19;192;278;489;339;137476;3817;141632;"2025-09-25 11:23:09"
243;"2020-08-01";212;113;89962;1065;91140;99;3366;515;3980;135;11717;369;12221;11;174;143;328;358;105219;2092;107669;"2025-09-25 11:23:09"
244;"2020-08-01";213;92;21921;208;22221;64;943;177;1184;97;8833;260;9190;11;52;165;228;264;31749;810;32823;"2025-09-25 11:23:09"
246;"2020-08-01";215;236;223265;2346;225847;174;7382;645;8201;220;40153;3768;44141;29;386;524;939;659;271186;7283;279128;"2025-09-25 11:23:09"
247;"2020-08-01";216;91;12831;180;13102;57;593;127;777;108;6020;133;6261;6;38;28;72;262;19482;468;20212;"2025-09-25 11:23:09"
248;"2020-08-01";217;117;39902;474;40493;102;1579;222;1903;103;13590;2656;16349;10;131;624;765;332;55202;3976;59510;"2025-09-25 11:23:09"
249;"2020-08-01";218;95;43468;674;44237;74;1699;232;2005;132;10515;471;11118;11;104;119;234;312;55786;1496;57594;"2025-09-25 11:23:09"
250;"2020-08-01";219;89;12300;138;12527;61;587;56;704;85;6861;466;7412;5;118;131;254;240;19866;791;20897;"2025-09-25 11:23:09"
251;"2020-08-01";220;141;135360;981;136482;110;4887;858;5855;137;21811;6506;28454;11;345;1615;1971;399;162403;9960;172762;"2025-09-25 11:23:09"
252;"2020-08-01";221;62;9364;70;9496;50;431;60;541;84;4372;482;4938;6;24;95;125;202;14191;707;15100;"2025-09-25 11:23:09"
253;"2020-08-01";222;205;132001;2756;134962;169;4031;1093;5293;223;27044;2266;29533;16;279;392;687;613;163355;6507;170475;"2025-09-25 11:23:09"
254;"2020-08-01";223;73;23844;358;24275;69;1165;105;1339;84;9958;363;10405;11;95;58;164;237;35062;884;36183;"2025-09-25 11:23:09"
255;"2020-08-01";224;124;82540;1296;83960;61;2218;501;2780;136;10698;905;11739;9;57;137;203;330;95513;2839;98682;"2025-09-25 11:23:09"
256;"2020-08-01";225;81;79957;2549;82587;35;2315;436;2786;58;11430;1570;13058;2;101;239;342;176;93803;4794;98773;"2025-09-25 11:23:09"
257;"2020-08-01";226;46;104651;2598;107295;17;2185;580;2782;79;8703;682;9464;1;108;153;262;143;115647;4013;119803;"2025-09-25 11:23:09"
258;"2020-08-01";227;373;117313;23559;141245;368;3177;596;4141;181;18498;1506;20185;18;193;336;547;940;139181;25997;166118;"2025-09-25 11:23:09"
259;"2020-08-01";228;85;79781;776;80642;36;2332;188;2556;83;7565;651;8299;7;139;183;329;211;89817;1798;91826;"2025-09-25 11:23:09"
260;"2020-08-01";229;108;41317;778;42203;85;2031;237;2353;129;8838;308;9275;7;90;75;172;329;52276;1398;54003;"2025-09-25 11:23:09"
261;"2020-08-01";230;59;15643;110;15812;61;663;41;765;100;7762;182;8044;5;45;75;125;225;24113;408;24746;"2025-09-25 11:23:09"
262;"2020-08-01";231;70;29001;15477;44548;55;1212;417;1684;64;9803;497;10364;7;177;216;400;196;40193;16607;56996;"2025-09-25 11:23:09"
263;"2020-08-01";232;50;12331;182;12563;54;573;83;710;109;6259;134;6502;6;47;21;74;219;19210;420;19849;"2025-09-25 11:23:09"
264;"2020-08-01";233;76;14482;113;14671;57;668;72;797;124;7784;394;8302;8;38;57;103;265;22972;636;23873;"2025-09-25 11:23:09"
266;"2020-08-01";235;271;71684;1189;73144;148;3320;151;3619;347;27454;536;28337;42;183;118;343;808;102641;1994;105443;"2025-09-25 11:23:09"
267;"2020-08-01";236;575;217330;223279;441184;332;8014;7156;15502;689;48878;3125;52692;41;481;525;1047;1637;274703;234085;510425;"2025-09-25 11:23:09"
269;"2020-09-01";1;154;197393;16117;213664;53;4822;663;5538;179;13446;2175;15800;16;235;163;414;402;215896;19118;235416;"2025-09-25 11:23:16"
270;"2020-09-01";2;92;122722;5712;128526;41;3884;589;4514;158;12796;2381;15335;5;105;229;339;296;139507;8911;148714;"2025-09-25 11:23:16"
271;"2020-09-01";3;106;60842;2264;63212;62;2815;727;3604;145;7592;1260;8997;13;61;104;178;326;71310;4355;75991;"2025-09-25 11:23:16"
272;"2020-09-01";4;107;59076;980;60163;79;1870;195;2144;122;14692;1937;16751;8;213;477;698;316;75851;3589;79756;"2025-09-25 11:23:16"
273;"2020-09-01";5;99;99982;3088;103169;45;3992;309;4346;166;9952;2018;12136;11;101;168;280;321;114027;5583;119931;"2025-09-25 11:23:16"
274;"2020-09-01";6;85;79648;3396;83129;42;2721;413;3176;163;10610;1529;12302;7;48;232;287;297;93027;5570;98894;"2025-09-25 11:23:16"
275;"2020-09-01";7;96;112263;9469;121828;57;5125;658;5840;133;14498;2632;17263;9;213;187;409;295;132099;12946;145340;"2025-09-25 11:23:16"
276;"2020-09-01";8;42;67940;3077;71059;16;3430;511;3957;74;10795;2267;13136;6;87;83;176;138;82252;5938;88328;"2025-09-25 11:23:16"
277;"2020-09-01";9;88;127917;6009;134014;54;4276;890;5220;174;10750;2106;13030;9;101;261;371;325;143044;9266;152635;"2025-09-25 11:23:16"
278;"2020-09-01";10;88;76643;4889;81620;51;3031;420;3502;129;8706;1903;10738;8;99;158;265;276;88479;7370;96125;"2025-09-25 11:23:16"
279;"2020-09-01";11;104;79127;2578;81809;52;3297;121;3470;139;10320;2156;12615;10;96;96;202;305;92840;4951;98096;"2025-09-25 11:23:16"
280;"2020-09-01";12;105;92565;1186;93856;51;2842;137;3030;148;7226;1169;8543;14;83;270;367;318;102716;2762;105796;"2025-09-25 11:23:16"
281;"2020-09-01";13;101;98865;4129;103095;55;3127;601;3783;170;9697;2086;11953;20;151;131;302;346;111840;6947;119133;"2025-09-25 11:23:16"
282;"2020-09-01";14;203;73957;3388;77548;109;2565;451;3125;142;6269;1848;8259;10;75;206;291;464;82866;5893;89223;"2025-09-25 11:23:16"
283;"2020-09-01";15;213;151987;7115;159315;138;3730;763;4631;181;11348;5073;16602;13;202;161;376;545;167267;13112;180924;"2025-09-25 11:23:16"
284;"2020-09-01";16;120;82288;8616;91024;45;2522;969;3536;164;8871;1606;10641;18;95;99;212;347;93776;11290;105413;"2025-09-25 11:23:16"
285;"2020-09-01";17;89;101654;2558;104301;46;3636;1146;4828;152;9090;1659;10901;8;86;98;192;295;114466;5461;120222;"2025-09-25 11:23:16"
286;"2020-09-01";18;125;201018;6648;207791;93;4990;1502;6585;163;25808;4761;30732;13;204;279;496;394;232020;13190;245604;"2025-09-25 11:23:16"
287;"2020-09-01";19;117;126289;4680;131086;56;3983;787;4826;139;12100;2824;15063;9;183;419;611;321;142555;8710;151586;"2025-09-25 11:23:16"
288;"2020-09-01";20;133;114525;4214;118872;49;4627;195;4871;178;15206;4259;19643;12;569;640;1221;372;134927;9308;144607;"2025-09-25 11:23:16"
289;"2020-09-01";21;138;67706;888;68732;55;2211;71;2337;147;5539;1078;6764;9;75;37;121;349;75531;2074;77954;"2025-09-25 11:23:16"
290;"2020-09-01";22;96;109798;4218;114112;44;3978;794;4816;135;10789;1922;12846;13;104;189;306;288;124669;7123;132080;"2025-09-25 11:23:16"
291;"2020-09-01";23;1673;38897;484;41054;1701;1768;309;3778;373;3924;860;5157;87;48;54;189;3834;44637;1707;50178;"2025-09-25 11:23:16"
292;"2020-09-01";63;124;87225;1243;88592;102;2207;242;2551;110;10656;763;11529;10;99;265;374;346;100187;2513;103046;"2025-09-25 11:23:16"
293;"2020-09-01";25;81;87873;5874;93828;33;3856;592;4481;127;12234;2734;15095;16;123;325;464;257;104086;9525;113868;"2025-09-25 11:23:16"
294;"2020-09-01";146;853;290221;227611;518685;491;11313;7337;19141;1037;76621;3673;81331;84;671;650;1405;2465;378826;239271;620562;"2025-09-25 11:23:16"
296;"2020-09-01";28;100;67518;3278;70896;65;2589;603;3257;104;10337;3207;13648;13;87;679;779;282;80531;7767;88580;"2025-09-25 11:23:16"
297;"2020-09-01";29;76;63866;887;64829;60;2376;505;2941;116;10484;920;11520;9;127;190;326;261;76853;2502;79616;"2025-09-25 11:23:16"
298;"2020-09-01";77;275;133341;3272;136888;195;3154;503;3852;226;16619;3066;19911;17;233;576;826;713;153347;7417;161477;"2025-09-25 11:23:16"
299;"2020-09-01";57;66;55532;613;56211;46;1463;140;1649;77;4510;250;4837;5;81;49;135;194;61586;1052;62832;"2025-09-25 11:23:16"
300;"2020-09-01";32;73;79516;1670;81259;32;2383;583;2998;66;10441;1393;11900;1;105;235;341;172;92445;3881;96498;"2025-09-25 11:23:16"
301;"2020-09-01";33;133;104594;15601;120328;64;3333;518;3915;170;13691;2134;15995;11;125;498;634;378;121743;18751;140872;"2025-09-25 11:23:16"
302;"2020-09-01";79;62;100123;1864;102049;26;2440;291;2757;85;10200;1386;11671;9;106;352;467;182;112869;3893;116944;"2025-09-25 11:23:16"
303;"2020-09-01";35;90;65893;3013;68996;71;2653;323;3047;117;14828;2310;17255;10;167;317;494;288;83541;5963;89792;"2025-09-25 11:23:16"
304;"2020-09-01";36;96;90327;4309;94732;51;3280;346;3677;105;13485;1867;15457;9;126;273;408;261;107218;6795;114274;"2025-09-25 11:23:16"
305;"2020-09-01";60;272;181010;4660;185942;293;5222;304;5819;205;19597;1992;21794;33;233;437;703;803;206062;7393;214258;"2025-09-25 11:23:16"
306;"2020-09-01";38;48;59517;29994;89559;26;1691;818;2535;79;6027;1180;7286;10;86;377;473;163;67321;32369;99853;"2025-09-25 11:23:16"
307;"2020-09-01";39;275;78860;6875;86010;446;2019;644;3109;191;8333;2071;10595;26;105;693;824;938;89317;10283;100538;"2025-09-25 11:23:16"
308;"2020-09-01";40;81;25489;1372;26942;51;1129;291;1471;88;4138;330;4556;10;30;49;89;230;30786;2042;33058;"2025-09-25 11:23:16"
310;"2020-09-01";42;120;147171;9718;157009;64;3888;323;4275;121;13448;1985;15554;8;145;520;673;313;164652;12546;177511;"2025-09-25 11:23:16"
313;"2020-09-01";46;194;233813;7922;241929;110;5829;778;6717;189;30887;5260;36336;9;296;562;867;502;270825;14522;285849;"2025-09-25 11:23:16"
314;"2020-09-01";47;115;109305;1730;111150;107;3290;538;3935;263;19466;2490;22219;52;180;262;494;537;132241;5020;137798;"2025-09-25 11:23:16"
318;"2020-09-01";51;167;193822;3329;197318;187;3685;663;4535;210;17130;1252;18592;13;181;147;341;577;214818;5391;220786;"2025-09-25 11:23:16"
321;"2020-09-01";54;117;23996;39179;63292;59;1282;2140;3481;144;8976;718;9838;8;69;79;156;328;34323;42116;76767;"2025-09-25 11:23:16"
322;"2020-09-01";55;104;93220;190547;283871;61;3913;3853;7827;108;21620;2451;24179;14;373;273;660;287;119126;197124;316537;"2025-09-25 11:23:16"
323;"2020-09-01";56;312;216334;46345;262991;343;6495;1727;8565;172;29504;3197;32873;20;266;536;822;847;252599;51805;305251;"2025-09-25 11:23:16"
325;"2020-09-01";58;175;134669;5365;140209;100;5055;189;5344;132;17505;4186;21823;16;290;925;1231;423;157519;10665;168607;"2025-09-25 11:23:16"
326;"2020-09-01";59;144;183435;15852;199431;84;5956;997;7037;113;24463;2694;27270;9;268;321;598;350;214122;19864;234336;"2025-09-25 11:23:16"
328;"2020-09-01";61;160;171833;4575;176568;89;3638;835;4562;152;11972;2251;14375;9;161;412;582;410;187604;8073;196087;"2025-09-25 11:23:16"
329;"2020-09-01";62;61;7789;84;7934;41;538;62;641;109;3555;47;3711;3;31;12;46;214;11913;205;12332;"2025-09-25 11:23:16"
332;"2020-09-01";65;164;162046;3703;165913;132;5070;413;5615;187;26213;7365;33765;25;372;843;1240;508;193701;12324;206533;"2025-09-25 11:23:16"
338;"2020-09-01";71;70;67782;1893;69745;42;2699;551;3292;111;14067;3868;18046;12;159;434;605;235;84707;6746;91688;"2025-09-25 11:23:16"
341;"2020-09-01";74;131;158401;2071;160603;94;3913;319;4326;143;14637;2145;16925;14;256;302;572;382;177207;4837;182426;"2025-09-25 11:23:16"
347;"2020-09-01";80;154;99616;1176;100946;83;2988;762;3833;148;19300;3904;23352;2;221;920;1143;387;122125;6762;129274;"2025-09-25 11:23:16"
350;"2020-09-01";83;333;147982;598;148913;175;3736;423;4334;225;14620;1614;16459;40;234;164;438;773;166572;2799;170144;"2025-09-25 11:23:16"
352;"2020-09-01";85;130;22763;192;23085;88;1337;173;1598;150;6304;167;6621;13;85;42;140;381;30489;574;31444;"2025-09-25 11:23:16"
353;"2020-09-01";86;277;151430;1275;152982;179;4918;403;5500;200;19003;2181;21384;21;207;197;425;677;175558;4056;180291;"2025-09-25 11:23:16"
354;"2020-09-01";87;98;106513;2747;109358;83;3014;846;3943;89;12773;1921;14783;12;174;186;372;282;122474;5700;128456;"2025-09-25 11:23:16"
355;"2020-09-01";88;64;103507;2219;105790;30;2604;543;3177;34;9571;1279;10884;1;104;117;222;129;115786;4158;120073;"2025-09-25 11:23:16"
356;"2020-09-01";89;474;20136;324;20934;117;584;21;722;113;1773;260;2146;18;23;12;53;722;22516;617;23855;"2025-09-25 11:23:16"
357;"2020-09-01";90;117;87136;1689;88942;77;3177;503;3757;101;11002;1943;13046;9;107;139;255;304;101422;4274;106000;"2025-09-25 11:23:16"
358;"2020-09-01";91;160;153354;847;154361;95;5817;2728;8640;127;29140;4369;33636;12;307;407;726;394;188618;8351;197363;"2025-09-25 11:23:16"
359;"2020-09-01";92;75;59264;1074;60413;76;2025;303;2404;98;8861;1142;10101;13;105;127;245;262;70255;2646;73163;"2025-09-25 11:23:16"
360;"2020-09-01";93;119;85888;843;86850;73;2689;163;2925;99;9444;3784;13327;9;115;330;454;300;98136;5120;103556;"2025-09-25 11:23:16"
361;"2020-09-01";94;198;180009;1925;182132;111;6032;1611;7754;176;28376;3353;31905;7;329;768;1104;492;214746;7657;222895;"2025-09-25 11:23:16"
362;"2020-09-01";95;318;239939;1883;242140;158;8951;1078;10187;212;41517;4797;46526;15;482;432;929;703;290889;8190;299782;"2025-09-25 11:23:16"
363;"2020-09-01";96;75;30247;757;31079;45;1509;71;1625;82;5385;537;6004;12;72;39;123;214;37213;1404;38831;"2025-09-25 11:23:16"
364;"2020-09-01";97;265;247823;5481;253569;204;9909;1220;11333;208;35542;5289;41039;27;336;519;882;704;293610;12509;306823;"2025-09-25 11:23:16"
365;"2020-09-01";101;175;171850;3403;175428;67;3076;1317;4460;115;8136;1958;10209;13;153;191;357;370;183215;6869;190454;"2025-09-25 11:23:16"
366;"2020-09-01";102;178;65522;1039;66739;79;2538;222;2839;89;8103;1093;9285;16;73;138;227;362;76236;2492;79090;"2025-09-25 11:23:16"
367;"2020-09-01";103;193;58423;2090;60706;51;2782;257;3090;93;9524;1560;11177;3;98;154;255;340;70827;4061;75228;"2025-09-25 11:23:16"
368;"2020-09-01";104;130;161332;3919;165381;202;6096;1461;7759;150;18635;2652;21437;20;260;542;822;502;186323;8574;195399;"2025-09-25 11:23:16"
369;"2020-09-01";105;99;136391;1582;138072;64;2804;95;2963;61;7143;1425;8629;1;125;126;252;225;146463;3228;149916;"2025-09-25 11:23:16"
370;"2020-09-01";106;188;89339;1127;90654;155;3380;665;4200;110;8806;1906;10822;15;96;109;220;468;101621;3807;105896;"2025-09-25 11:23:16"
371;"2020-09-01";107;270;58672;1159;60101;85;2686;126;2897;118;6584;1485;8187;22;114;97;233;495;68056;2867;71418;"2025-09-25 11:23:16"
372;"2020-09-01";108;184;195095;1746;197025;107;7203;427;7737;157;35458;5115;40730;17;341;330;688;465;238097;7618;246180;"2025-09-25 11:23:16"
373;"2020-09-01";109;176;125011;2657;127844;158;6008;1284;7450;210;21727;3556;25493;14;200;309;523;558;152946;7806;161310;"2025-09-25 11:23:16"
374;"2020-09-01";110;84;115529;1601;117214;39;4826;652;5517;51;18657;2308;21016;4;228;322;554;178;139240;4883;144301;"2025-09-25 11:23:16"
375;"2020-09-01";111;145;79436;753;80334;96;3499;487;4082;141;17982;3540;21663;10;789;253;1052;392;101706;5033;107131;"2025-09-25 11:23:16"
376;"2020-09-01";112;144;102856;2191;105191;124;2743;761;3628;130;9428;3185;12743;12;145;141;298;410;115172;6278;121860;"2025-09-25 11:23:16"
377;"2020-09-01";113;86;70830;1289;72205;30;2869;880;3779;35;9573;1585;11193;0;76;130;206;151;83348;3884;87383;"2025-09-25 11:23:16"
378;"2020-09-01";114;146;84254;617;85017;86;3993;514;4593;146;17191;1841;19178;11;254;167;432;389;105692;3139;109220;"2025-09-25 11:23:16"
379;"2020-09-01";115;224;45745;278;46247;103;1903;735;2741;227;11384;721;12332;11;117;80;208;565;59149;1814;61528;"2025-09-25 11:23:16"
380;"2020-09-01";116;171;46131;533;46835;75;2212;751;3038;191;13511;5831;19533;9;182;391;582;446;62036;7506;69988;"2025-09-25 11:23:16"
381;"2020-09-01";117;77;16454;148;16679;73;866;125;1064;150;6111;4504;10765;6;100;507;613;306;23531;5284;29121;"2025-09-25 11:23:16"
382;"2020-09-01";118;78;91542;1109;92729;54;3388;503;3945;69;10130;1679;11878;9;127;130;266;210;105187;3421;108818;"2025-09-25 11:23:16"
383;"2020-09-01";119;41;169942;2078;172061;33;4396;735;5164;45;11731;3211;14987;7;224;182;413;126;186293;6206;192625;"2025-09-25 11:23:16"
384;"2020-09-01";120;16;136265;929;137210;7;2276;215;2498;27;5079;1203;6309;1;70;32;103;51;143690;2379;146120;"2025-09-25 11:23:16"
385;"2020-09-01";121;333;103653;1396;105382;178;4462;1222;5862;228;20084;4255;24567;17;379;430;826;756;128578;7303;136637;"2025-09-25 11:23:16"
386;"2020-09-01";122;97;56143;490;56730;94;1621;181;1896;86;6107;2017;8210;10;77;317;404;287;63948;3005;67240;"2025-09-25 11:23:16"
387;"2020-09-01";123;250;135994;1896;138140;250;5506;439;6195;199;17580;2407;20186;28;237;246;511;727;159317;4988;165032;"2025-09-25 11:23:16"
388;"2020-09-01";124;190;89746;876;90812;82;3756;556;4394;129;17584;3996;21709;13;223;475;711;414;111309;5903;117626;"2025-09-25 11:23:16"
389;"2020-09-01";125;233;174501;2638;177372;100;6145;2585;8830;176;27934;4927;33037;21;257;244;522;530;208837;10394;219761;"2025-09-25 11:23:16"
390;"2020-09-01";126;314;231365;3311;234990;174;8515;1666;10355;235;32921;6105;39261;22;411;845;1278;745;273212;11927;285884;"2025-09-25 11:23:16"
391;"2020-09-01";127;167;61271;6649;68087;78;3329;805;4212;156;19764;2610;22530;10;207;374;591;411;84571;10438;95420;"2025-09-25 11:23:16"
392;"2020-09-01";128;174;100313;533;101020;79;2917;344;3340;134;14956;1841;16931;13;149;144;306;400;118335;2862;121597;"2025-09-25 11:23:16"
393;"2020-09-01";129;371;368057;2439;370867;217;11508;2543;14268;298;55958;6144;62400;51;758;492;1301;937;436281;11618;448836;"2025-09-25 11:23:16"
395;"2020-09-01";238;148;85779;2299;88226;133;3045;572;3750;232;17441;1361;19034;24;220;342;586;537;106485;4574;111596;"2025-09-25 11:23:16"
396;"2020-09-01";214;66;18224;254;18544;58;889;137;1084;95;7128;209;7432;7;73;70;150;226;26314;670;27210;"2025-09-25 11:23:16"
397;"2020-09-01";240;108;36507;703;37318;74;1487;126;1687;118;6786;402;7306;10;90;194;294;310;44870;1425;46605;"2025-09-25 11:23:16"
398;"2020-09-01";241;116;24414;446;24976;99;940;107;1146;178;6542;165;6885;5;62;28;95;398;31958;746;33102;"2025-09-25 11:23:16"
399;"2020-09-01";242;105;30812;896;31813;90;1322;146;1558;108;5474;249;5831;6;86;82;174;309;37694;1373;39376;"2025-09-25 11:23:16"
400;"2020-09-01";243;49;8283;40;8372;45;367;29;441;91;3210;37;3338;5;30;11;46;190;11890;117;12197;"2025-09-25 11:23:16"
401;"2020-09-01";244;43;11157;177;11377;32;473;27;532;106;3927;76;4109;6;43;19;68;187;15600;299;16086;"2025-09-25 11:23:16"
402;"2020-09-01";245;126;14141;125;14392;81;782;62;925;118;6015;119;6252;8;56;44;108;333;20994;350;21677;"2025-09-25 11:23:16"
403;"2020-09-01";246;202;140943;2833;143978;150;5071;627;5848;203;25025;1983;27211;16;289;313;618;571;171328;5756;177655;"2025-09-25 11:23:16"
404;"2020-09-01";247;54;12781;134;12969;50;562;48;660;108;4772;77;4957;5;51;25;81;217;18166;284;18667;"2025-09-25 11:23:16"
405;"2020-09-01";248;102;13760;220;14082;85;696;64;845;135;6076;168;6379;14;57;27;98;336;20589;479;21404;"2025-09-25 11:23:16"
406;"2020-09-01";249;50;16232;139;16421;59;872;36;967;122;6791;124;7037;8;50;19;77;239;23945;318;24502;"2025-09-25 11:23:16"
407;"2020-09-01";250;277;109331;2333;111941;270;3706;647;4623;261;17810;2661;20732;17;252;357;626;825;131099;5998;137922;"2025-09-25 11:23:16"
408;"2020-09-01";251;61;15870;390;16321;55;727;164;946;103;3370;146;3619;6;70;39;115;225;20037;739;21001;"2025-09-25 11:23:16"
409;"2020-09-01";252;92;16265;282;16639;81;853;56;990;113;8336;129;8578;11;44;32;87;297;25498;499;26294;"2025-09-25 11:23:16"
410;"2020-09-01";253;125;25756;221;26102;108;1423;312;1843;182;11187;437;11806;18;79;79;176;433;38445;1049;39927;"2025-09-25 11:23:16"
411;"2020-09-01";254;52;9354;66;9472;64;363;66;493;103;3179;43;3325;10;32;18;60;229;12928;193;13350;"2025-09-25 11:23:16"
412;"2020-09-01";255;74;17381;379;17834;63;921;58;1042;110;8015;223;8348;9;61;47;117;256;26378;707;27341;"2025-09-25 11:23:16"
414;"2020-09-01";131;69;13951;82;14102;49;788;53;890;85;7578;235;7898;8;38;29;75;211;22355;399;22965;"2025-09-25 11:23:16"
415;"2020-09-01";132;68;10259;116;10443;44;532;65;641;108;4826;368;5302;4;37;222;263;224;15654;771;16649;"2025-09-25 11:23:16"
416;"2020-09-01";133;72;11179;131;11382;52;659;91;802;95;5988;672;6755;12;48;73;133;231;17874;967;19072;"2025-09-25 11:23:16"
417;"2020-09-01";134;76;16146;140;16362;50;792;87;929;120;7911;141;8172;7;59;26;92;253;24908;394;25555;"2025-09-25 11:23:16"
418;"2020-09-01";135;73;18229;373;18675;47;897;91;1035;81;7441;589;8111;5;47;73;125;206;26614;1126;27946;"2025-09-25 11:23:16"
419;"2020-09-01";136;75;42481;264;42820;59;2276;202;2537;94;13248;1264;14606;8;114;143;265;236;58119;1873;60228;"2025-09-25 11:23:16"
420;"2020-09-01";137;101;50972;775;51848;76;2060;178;2314;155;13437;1664;15256;5;174;839;1018;337;66643;3456;70436;"2025-09-25 11:23:16"
421;"2020-09-01";138;34;15322;137;15493;22;636;35;693;32;3094;543;3669;4;47;41;92;92;19099;756;19947;"2025-09-25 11:23:16"
422;"2020-09-01";139;72;37773;239;38084;59;1604;121;1784;81;8676;870;9627;6;86;109;201;218;48139;1339;49696;"2025-09-25 11:23:16"
423;"2020-09-01";140;1;8;0;9;0;3;0;3;0;8;0;8;0;0;0;0;1;19;0;20;"2025-09-25 11:23:16"
424;"2020-09-01";141;204;73486;1052;74742;120;2506;408;3034;180;11508;902;12590;17;135;220;372;521;87635;2582;90738;"2025-09-25 11:23:16"
425;"2020-09-01";142;64;81828;1610;83502;110;2477;879;3466;62;10959;1615;12636;4;156;218;378;240;95420;4322;99982;"2025-09-25 11:23:16"
426;"2020-09-01";143;130;85121;1616;86867;96;2908;404;3408;119;13495;1780;15394;5;168;174;347;350;101692;3974;106016;"2025-09-25 11:23:16"
427;"2020-09-01";144;134;108628;4942;113704;85;3423;750;4258;132;15128;1997;17257;12;223;300;535;363;127402;7989;135754;"2025-09-25 11:23:16"
428;"2020-09-01";145;186;85308;3615;89109;141;3366;433;3940;243;19606;1595;21444;21;241;276;538;591;108521;5919;115031;"2025-09-25 11:23:16"
430;"2020-09-01";147;57;19163;62;19282;31;696;116;843;56;1848;333;2237;7;23;23;53;151;21730;534;22415;"2025-09-25 11:23:16"
431;"2020-09-01";148;216;39103;1244;40563;121;1877;378;2376;217;12516;644;13377;23;113;102;238;577;53609;2368;56554;"2025-09-25 11:23:16"
432;"2020-09-01";149;56;18888;1286;20230;35;1186;315;1536;83;8377;558;9018;8;58;55;121;182;28509;2214;30905;"2025-09-25 11:23:16"
433;"2020-09-01";150;130;42894;839;43863;83;2357;432;2872;165;15360;1039;16564;25;88;77;190;403;60699;2387;63489;"2025-09-25 11:23:16"
434;"2020-09-01";151;138;73359;518;74015;76;2710;301;3087;167;17789;2242;20198;13;244;799;1056;394;94102;3860;98356;"2025-09-25 11:23:16"
435;"2020-09-01";152;119;37876;463;38458;76;1586;168;1830;181;12414;547;13142;28;97;149;274;404;51973;1327;53704;"2025-09-25 11:23:16"
436;"2020-09-01";153;89;21702;476;22267;65;1251;349;1665;135;11079;365;11579;10;60;47;117;299;34092;1237;35628;"2025-09-25 11:23:16"
437;"2020-09-01";154;149;72541;890;73580;77;2846;485;3408;166;17939;1695;19800;18;185;368;571;410;93511;3438;97359;"2025-09-25 11:23:16"
438;"2020-09-01";155;81;18643;158;18882;39;814;113;966;108;7528;539;8175;8;56;79;143;236;27041;889;28166;"2025-09-25 11:23:16"
439;"2020-09-01";156;171;136153;2310;138634;141;5373;589;6103;166;22152;3131;25449;41;280;322;643;519;163958;6352;170829;"2025-09-25 11:23:16"
440;"2020-09-01";157;115;30093;307;30515;105;1491;311;1907;173;11175;668;12016;13;103;99;215;406;42862;1385;44653;"2025-09-25 11:23:16"
441;"2020-09-01";158;94;107197;1541;108832;73;4371;571;5015;96;18220;2406;20722;9;241;347;597;272;130029;4865;135166;"2025-09-25 11:23:16"
442;"2020-09-01";159;147;167897;2429;170473;134;5343;862;6339;235;19835;1979;22049;18;234;243;495;534;193309;5513;199356;"2025-09-25 11:23:16"
443;"2020-09-01";160;69;10400;73;10542;52;542;66;660;116;5811;594;6521;11;49;68;128;248;16802;801;17851;"2025-09-25 11:23:16"
444;"2020-09-01";161;74;22800;177;23051;45;1133;76;1254;167;10019;229;10415;16;80;35;131;302;34032;517;34851;"2025-09-25 11:23:16"
445;"2020-09-01";162;168;38392;327;38887;85;1617;230;1932;144;12102;746;12992;23;124;155;302;420;52235;1458;54113;"2025-09-25 11:23:16"
447;"2020-09-01";257;97;18503;170;18770;60;1305;92;1457;125;10223;257;10605;7;74;39;120;289;30105;558;30952;"2025-09-25 11:23:16"
448;"2020-09-01";258;204;106533;2323;109060;121;3629;526;4276;208;18559;2945;21712;17;231;625;873;550;128952;6419;135921;"2025-09-25 11:23:16"
449;"2020-09-01";259;109;30361;739;31209;65;1574;173;1812;105;12763;1020;13888;8;181;102;291;287;44879;2034;47200;"2025-09-25 11:23:16"
450;"2020-09-01";260;128;26840;3957;30925;93;1353;297;1743;164;12152;425;12741;16;123;56;195;401;40468;4735;45604;"2025-09-25 11:23:16"
451;"2020-09-01";261;63;7951;57;8071;39;482;56;577;85;4171;246;4502;4;26;35;65;191;12630;394;13215;"2025-09-25 11:23:16"
452;"2020-09-01";262;79;17919;197;18195;61;914;126;1101;112;8341;251;8704;10;67;41;118;262;27241;615;28118;"2025-09-25 11:23:16"
453;"2020-09-01";263;68;9137;64;9269;64;450;20;534;100;4888;73;5061;6;37;11;54;238;14512;168;14918;"2025-09-25 11:23:16"
454;"2020-09-01";264;98;37514;357;37969;98;1716;507;2321;182;11458;2133;13773;21;113;172;306;399;50801;3169;54369;"2025-09-25 11:23:16"
455;"2020-09-01";265;161;106836;2139;109136;130;4651;501;5282;211;24089;2991;27291;12;208;358;578;514;135784;5989;142287;"2025-09-25 11:23:16"
456;"2020-09-01";266;65;8993;58;9116;47;476;67;590;101;4673;261;5035;4;33;26;63;217;14175;412;14804;"2025-09-25 11:23:16"
457;"2020-09-01";267;66;7332;32;7430;49;394;20;463;121;4251;106;4478;9;27;16;52;245;12004;174;12423;"2025-09-25 11:23:16"
458;"2020-09-01";268;138;145771;3716;149625;100;4153;928;5181;136;18527;2277;20940;10;295;370;675;384;168746;7291;176421;"2025-09-25 11:23:16"
459;"2020-09-01";269;268;129856;2001;132125;255;3816;565;4636;197;16174;1376;17747;22;164;244;430;742;150010;4186;154938;"2025-09-25 11:23:16"
460;"2020-09-01";270;110;37638;2552;40300;99;1816;218;2133;133;14567;853;15553;7;166;103;276;349;54187;3726;58262;"2025-09-25 11:23:16"
461;"2020-09-01";271;92;8640;42;8774;47;457;84;588;99;4732;84;4915;6;37;10;53;244;13866;220;14330;"2025-09-25 11:23:16"
463;"2020-09-01";164;65;11425;180;11670;61;615;125;801;107;6277;763;7147;12;58;44;114;245;18375;1112;19732;"2025-09-25 11:23:16"
464;"2020-09-01";165;87;18613;202;18902;80;1144;119;1343;143;11726;266;12135;6;57;35;98;316;31540;622;32478;"2025-09-25 11:23:16"
465;"2020-09-01";166;62;9363;179;9604;35;460;73;568;61;4711;409;5181;0;37;59;96;158;14571;720;15449;"2025-09-25 11:23:16"
466;"2020-09-01";167;81;65612;610;66303;64;2385;277;2726;87;13146;3422;16655;14;313;1607;1934;246;81456;5916;87618;"2025-09-25 11:23:16"
467;"2020-09-01";168;48;8558;401;9007;32;459;58;549;57;3896;214;4167;0;41;23;64;137;12954;696;13787;"2025-09-25 11:23:16"
468;"2020-09-01";169;144;45824;1018;46986;114;2065;377;2556;196;15102;1596;16894;17;210;263;490;471;63201;3254;66926;"2025-09-25 11:23:16"
469;"2020-09-01";170;84;17556;247;17887;43;864;272;1179;81;7674;900;8655;13;83;139;235;221;26177;1558;27956;"2025-09-25 11:23:16"
470;"2020-09-01";171;147;78562;2411;81120;121;3287;439;3847;162;13600;2427;16189;9;198;360;567;439;95647;5637;101723;"2025-09-25 11:23:16"
471;"2020-09-01";172;213;32021;140;32374;197;1516;58;1771;155;10748;727;11630;13;95;88;196;578;44380;1013;45971;"2025-09-25 11:23:16"
472;"2020-09-01";173;70;12951;28211;41232;48;783;737;1568;87;7543;361;7991;4;52;49;105;209;21329;29358;50896;"2025-09-25 11:23:16"
473;"2020-09-01";174;169;112233;1704;114106;130;3706;692;4528;186;22278;1895;24359;14;235;843;1092;499;138452;5134;144085;"2025-09-25 11:23:16"
474;"2020-09-01";175;94;11693;36818;48605;62;648;1210;1920;154;8406;441;9001;1;98;30;129;311;20845;38499;59655;"2025-09-25 11:23:16"
475;"2020-09-01";176;187;104984;2217;107388;152;3829;692;4673;181;21089;3343;24613;16;271;809;1096;536;130173;7061;137770;"2025-09-25 11:23:16"
476;"2020-09-01";177;70;18674;172;18916;40;868;103;1011;95;7771;463;8329;6;64;36;106;211;27377;774;28362;"2025-09-25 11:23:16"
477;"2020-09-01";178;94;21432;9313;30839;56;1285;216;1557;109;10427;704;11240;8;141;115;264;267;33285;10348;43900;"2025-09-25 11:23:16"
478;"2020-09-01";179;102;14992;194;15288;47;792;115;954;94;9298;188;9580;4;80;17;101;247;25162;514;25923;"2025-09-25 11:23:16"
479;"2020-09-01";180;75;17841;162;18078;40;850;86;976;79;7721;768;8568;3;90;85;178;197;26502;1101;27800;"2025-09-25 11:23:16"
480;"2020-09-01";181;73;12388;83;12544;54;631;50;735;85;6772;291;7148;4;46;23;73;216;19837;447;20500;"2025-09-25 11:23:16"
481;"2020-09-01";182;60;9978;97;10135;41;569;56;666;65;5898;124;6087;1;35;16;52;167;16480;293;16940;"2025-09-25 11:23:16"
482;"2020-09-01";183;60;11110;26038;37208;52;568;691;1311;80;6141;159;6380;9;51;15;75;201;17870;26903;44974;"2025-09-25 11:23:16"
483;"2020-09-01";184;115;22623;267;23005;83;1642;100;1825;147;14493;225;14865;24;77;29;130;369;38835;621;39825;"2025-09-25 11:23:16"
484;"2020-09-01";185;89;23228;216;23533;44;1078;1210;2332;82;7895;499;8476;7;81;137;225;222;32282;2062;34566;"2025-09-25 11:23:16"
486;"2020-09-01";187;114;108698;1033;109845;83;3489;392;3964;126;22746;2613;25485;6;211;390;607;329;135144;4428;139901;"2025-09-25 11:23:16"
487;"2020-09-01";188;205;109497;1761;111463;147;4229;544;4920;222;25478;1912;27612;12;314;359;685;586;139518;4576;144680;"2025-09-25 11:23:16"
488;"2020-09-01";189;59;13310;38;13407;32;709;42;783;72;6232;403;6707;8;55;36;99;171;20306;519;20996;"2025-09-25 11:23:16"
489;"2020-09-01";190;193;179263;2488;181944;107;6070;816;6993;210;26099;3486;29795;13;264;445;722;523;211696;7235;219454;"2025-09-25 11:23:16"
490;"2020-09-01";44;43;9094;36;9173;41;426;18;485;41;5119;195;5355;1;42;32;75;126;14681;281;15088;"2025-09-25 11:23:16"
491;"2020-09-01";192;150;53953;599;54702;85;2238;257;2580;150;16887;917;17954;9;125;130;264;394;73203;1903;75500;"2025-09-25 11:23:16"
492;"2020-09-01";193;88;25023;391;25502;60;1353;130;1543;127;9694;261;10082;9;67;67;143;284;36137;849;37270;"2025-09-25 11:23:16"
493;"2020-09-01";194;92;10492;63;10647;43;488;37;568;72;6748;86;6906;2;48;11;61;209;17776;197;18182;"2025-09-25 11:23:16"
494;"2020-09-01";195;118;34155;433;34706;90;1773;246;2109;166;16544;999;17709;11;109;151;271;385;52581;1829;54795;"2025-09-25 11:23:16"
495;"2020-09-01";196;65;18541;192;18798;46;857;46;949;85;10598;964;11647;4;87;150;241;200;30083;1352;31635;"2025-09-25 11:23:16"
496;"2020-09-01";197;206;60068;883;61157;226;2334;297;2857;257;18848;1222;20327;41;155;217;413;730;81405;2619;84754;"2025-09-25 11:23:16"
497;"2020-09-01";198;77;12202;122;12401;56;667;55;778;121;5881;105;6107;8;34;21;63;262;18784;303;19349;"2025-09-25 11:23:16"
498;"2020-09-01";199;51;5564;32;5647;33;290;26;349;57;3654;48;3759;1;25;5;31;142;9533;111;9786;"2025-09-25 11:23:16"
499;"2020-09-01";200;133;38711;521;39365;68;1785;154;2007;143;14517;722;15382;28;149;131;308;372;55162;1528;57062;"2025-09-25 11:23:16"
500;"2020-09-01";201;114;41171;478;41763;74;1891;239;2204;116;15913;1613;17642;7;152;347;506;311;59127;2677;62115;"2025-09-25 11:23:16"
501;"2020-09-01";202;97;20348;186;20631;55;796;77;928;90;7967;186;8243;19;69;35;123;261;29180;484;29925;"2025-09-25 11:23:16"
502;"2020-09-01";203;69;3570;289;3928;17;249;187;453;59;1273;29;1361;6;14;3;23;151;5106;508;5765;"2025-09-25 11:23:16"
503;"2020-09-01";204;123;18705;149;18977;68;696;85;849;122;6304;101;6527;8;87;26;121;321;25792;361;26474;"2025-09-25 11:23:16"
504;"2020-09-01";205;76;17908;92;18076;88;919;77;1084;146;11484;709;12339;9;70;92;171;319;30381;970;31670;"2025-09-25 11:23:16"
505;"2020-09-01";206;76;16355;101;16532;46;692;43;781;93;7595;522;8210;7;49;81;137;222;24691;747;25660;"2025-09-25 11:23:16"
506;"2020-09-01";207;61;9218;44;9323;61;473;46;580;75;5634;104;5813;2;40;13;55;199;15365;207;15771;"2025-09-25 11:23:16"
507;"2020-09-01";208;122;53086;296;53504;67;2135;418;2620;106;12449;1351;13906;10;121;222;353;305;67791;2287;70383;"2025-09-25 11:23:16"
508;"2020-09-01";209;152;98709;1347;100208;91;3278;848;4217;207;17089;4551;21847;12;220;1776;2008;462;119296;8522;128280;"2025-09-25 11:23:16"
509;"2020-09-01";210;137;116562;2324;119023;83;3394;315;3792;98;17764;897;18759;17;202;278;497;335;137922;3814;142071;"2025-09-25 11:23:16"
511;"2020-09-01";212;113;90087;1062;91262;100;3359;512;3971;132;11733;373;12238;11;176;145;332;356;105355;2092;107803;"2025-09-25 11:23:16"
512;"2020-09-01";213;95;21960;207;22262;65;940;176;1181;99;8871;259;9229;11;51;165;227;270;31822;807;32899;"2025-09-25 11:23:16"
514;"2020-09-01";215;240;223820;2348;226408;173;7357;643;8173;216;40143;3770;44129;28;402;527;957;657;271722;7288;279667;"2025-09-25 11:23:16"
515;"2020-09-01";216;92;12867;180;13139;57;595;127;779;112;6012;134;6258;6;38;28;72;267;19512;469;20248;"2025-09-25 11:23:16"
516;"2020-09-01";217;120;40010;472;40602;101;1586;219;1906;103;13579;2664;16346;10;129;624;763;334;55304;3979;59617;"2025-09-25 11:23:16"
517;"2020-09-01";218;99;43577;667;44343;73;1694;234;2001;133;10571;482;11186;11;106;120;237;316;55948;1503;57767;"2025-09-25 11:23:16"
518;"2020-09-01";219;92;12322;137;12551;61;582;56;699;86;6889;467;7442;5;120;133;258;244;19913;793;20950;"2025-09-25 11:23:16"
519;"2020-09-01";220;141;135917;988;137046;108;4854;853;5815;137;21873;6540;28550;11;359;1612;1982;397;163003;9993;173393;"2025-09-25 11:23:16"
520;"2020-09-01";221;63;9380;70;9513;50;433;58;541;84;4394;479;4957;6;27;95;128;203;14234;702;15139;"2025-09-25 11:23:16"
521;"2020-09-01";222;214;132296;2752;135262;167;4011;1086;5264;224;27012;2255;29491;16;283;389;688;621;163602;6482;170705;"2025-09-25 11:23:16"
522;"2020-09-01";223;75;23861;349;24285;68;1167;105;1340;84;9975;366;10425;9;97;60;166;236;35100;880;36216;"2025-09-25 11:23:16"
523;"2020-09-01";224;124;82515;1294;83933;61;2221;530;2812;138;10715;907;11760;9;59;138;206;332;95510;2869;98711;"2025-09-25 11:23:16"
524;"2020-09-01";225;81;80288;2519;82888;35;2300;437;2772;58;11481;1578;13117;2;104;238;344;176;94173;4772;99121;"2025-09-25 11:23:16"
525;"2020-09-01";226;46;105144;2231;107421;17;2170;580;2767;79;8755;673;9507;1;113;155;269;143;116182;3639;119964;"2025-09-25 11:23:16"
526;"2020-09-01";227;373;117681;24468;142522;367;3172;569;4108;181;18562;1516;20259;18;189;337;544;939;139604;26890;167433;"2025-09-25 11:23:16"
527;"2020-09-01";228;87;79915;775;80777;36;2307;186;2529;83;7585;664;8332;7;146;184;337;213;89953;1809;91975;"2025-09-25 11:23:16"
528;"2020-09-01";229;109;41375;779;42263;84;2017;238;2339;127;8827;312;9266;7;89;73;169;327;52308;1402;54037;"2025-09-25 11:23:16"
529;"2020-09-01";230;61;15623;109;15793;61;652;41;754;103;7738;180;8021;5;46;75;126;230;24059;405;24694;"2025-09-25 11:23:16"
530;"2020-09-01";231;72;29001;16148;45221;55;1209;413;1677;65;9814;500;10379;7;178;214;399;199;40202;17275;57676;"2025-09-25 11:23:16"
531;"2020-09-01";232;52;12352;183;12587;57;571;83;711;109;6280;137;6526;6;48;20;74;224;19251;423;19898;"2025-09-25 11:23:16"
532;"2020-09-01";233;79;14463;112;14654;58;662;70;790;125;7788;394;8307;8;38;56;102;270;22951;632;23853;"2025-09-25 11:23:16"
534;"2020-09-01";235;272;71905;1187;73364;153;3319;151;3623;347;27542;543;28432;43;184;122;349;815;102950;2003;105768;"2025-09-25 11:23:16"
535;"2020-09-01";236;581;218316;226424;445321;338;7994;7186;15518;690;49079;3130;52899;41;487;528;1056;1650;275876;237268;514794;"2025-09-25 11:23:16"
537;"2020-10-01";1;153;198163;16003;214319;52;4794;655;5501;179;13424;2168;15771;16;234;164;414;400;216615;18990;236005;"2025-09-25 11:23:24"
538;"2020-10-01";2;92;123215;5728;129035;41;3886;577;4504;156;12801;2401;15358;5;106;229;340;294;140008;8935;149237;"2025-09-25 11:23:24"
539;"2020-10-01";3;106;60897;2274;63277;62;2784;729;3575;144;7549;1263;8956;13;64;102;179;325;71294;4368;75987;"2025-09-25 11:23:24"
540;"2020-10-01";4;106;59730;985;60821;78;1871;191;2140;121;14783;1941;16845;8;217;484;709;313;76601;3601;80515;"2025-09-25 11:23:24"
541;"2020-10-01";5;97;99937;3069;103103;45;3952;315;4312;166;9901;2020;12087;12;103;170;285;320;113893;5574;119787;"2025-09-25 11:23:24"
542;"2020-10-01";6;85;79722;3428;83235;42;2706;414;3162;163;10625;1531;12319;7;49;231;287;297;93102;5604;99003;"2025-09-25 11:23:24"
543;"2020-10-01";7;96;112378;9391;121865;57;5108;670;5835;135;14503;2647;17285;9;214;188;411;297;132203;12896;145396;"2025-09-25 11:23:24"
544;"2020-10-01";8;43;67997;3060;71100;18;3396;513;3927;73;10807;2273;13153;5;86;84;175;139;82286;5930;88355;"2025-09-25 11:23:24"
545;"2020-10-01";9;89;127932;5997;134018;55;4228;895;5178;175;10720;2101;12996;9;106;260;375;328;142986;9253;152567;"2025-09-25 11:23:24"
546;"2020-10-01";10;89;76617;4916;81622;51;3011;421;3483;131;8672;1924;10727;11;102;156;269;282;88402;7417;96101;"2025-09-25 11:23:24"
547;"2020-10-01";11;105;79179;2581;81865;52;3282;145;3479;139;10302;2159;12600;10;99;96;205;306;92862;4981;98149;"2025-09-25 11:23:24"
548;"2020-10-01";12;103;92493;1184;93780;51;2820;137;3008;147;7213;1175;8535;15;85;263;363;316;102611;2759;105686;"2025-09-25 11:23:24"
549;"2020-10-01";13;102;98880;4141;103123;55;3124;608;3787;167;9705;2101;11973;20;154;133;307;344;111863;6983;119190;"2025-09-25 11:23:24"
550;"2020-10-01";14;200;74080;3385;77665;110;2568;447;3125;141;6254;1860;8255;10;75;205;290;461;82977;5897;89335;"2025-09-25 11:23:24"
551;"2020-10-01";15;214;151966;6884;159064;139;3705;770;4614;179;11316;5048;16543;13;207;155;375;545;167194;12857;180596;"2025-09-25 11:23:24"
552;"2020-10-01";16;120;82264;8568;90952;45;2480;966;3491;163;8805;1602;10570;18;95;102;215;346;93644;11238;105228;"2025-09-25 11:23:24"
553;"2020-10-01";17;87;101829;2555;104471;46;3616;1146;4808;152;9067;1679;10898;8;85;100;193;293;114597;5480;120370;"2025-09-25 11:23:24"
554;"2020-10-01";18;127;200975;6591;207693;94;4966;1497;6557;163;26066;4760;30989;13;209;277;499;397;232216;13125;245738;"2025-09-25 11:23:24"
555;"2020-10-01";19;118;126368;4671;131157;57;3973;783;4813;136;12050;2827;15013;9;185;417;611;320;142576;8698;151594;"2025-09-25 11:23:24"
556;"2020-10-01";20;132;115021;4142;119295;52;4610;197;4859;180;15219;4261;19660;14;565;639;1218;378;135415;9239;145032;"2025-09-25 11:23:24"
557;"2020-10-01";21;136;68213;863;69212;55;2196;63;2314;141;5535;1084;6760;9;77;37;123;341;76021;2047;78409;"2025-09-25 11:23:24"
558;"2020-10-01";22;96;109934;4205;114235;45;3950;796;4791;137;10787;1930;12854;14;113;190;317;292;124784;7121;132197;"2025-09-25 11:23:24"
559;"2020-10-01";23;1673;38883;486;41042;1679;1767;310;3756;368;3949;854;5171;86;49;54;189;3806;44648;1704;50158;"2025-09-25 11:23:24"
560;"2020-10-01";63;124;87206;1241;88571;102;2204;241;2547;107;10611;760;11478;10;102;264;376;343;100123;2506;102972;"2025-09-25 11:23:24"
561;"2020-10-01";25;81;87987;5871;93939;33;3837;599;4469;127;12207;2745;15079;16;125;324;465;257;104156;9539;113952;"2025-09-25 11:23:24"
562;"2020-10-01";146;851;290887;230436;522174;497;11265;7327;19089;1041;76637;3701;81379;84;675;651;1410;2473;379464;242115;624052;"2025-09-25 11:23:24"
564;"2020-10-01";28;99;67576;3265;70940;65;2581;601;3247;103;10335;3235;13673;13;90;681;784;280;80582;7782;88644;"2025-09-25 11:23:24"
565;"2020-10-01";29;76;64259;883;65218;60;2389;505;2954;113;10501;925;11539;9;132;190;331;258;77281;2503;80042;"2025-09-25 11:23:24"
566;"2020-10-01";77;273;133356;3266;136895;192;3124;500;3816;227;16581;3070;19878;17;239;579;835;709;153300;7415;161424;"2025-09-25 11:23:24"
567;"2020-10-01";57;63;55529;615;56207;43;1448;139;1630;77;4486;255;4818;5;82;50;137;188;61545;1059;62792;"2025-09-25 11:23:24"
568;"2020-10-01";32;73;79574;1672;81319;32;2362;584;2978;66;10389;1395;11850;1;109;233;343;172;92434;3884;96490;"2025-09-25 11:23:24"
569;"2020-10-01";33;132;105001;15896;121029;64;3318;517;3899;170;13735;2144;16049;10;127;500;637;376;122181;19057;141614;"2025-09-25 11:23:24"
570;"2020-10-01";79;64;100354;1851;102269;26;2448;294;2768;85;10193;1400;11678;9;108;352;469;184;113103;3897;117184;"2025-09-25 11:23:24"
571;"2020-10-01";35;90;65814;2998;68902;70;2639;321;3030;117;14825;2320;17262;10;167;317;494;287;83445;5956;89688;"2025-09-25 11:23:24"
572;"2020-10-01";36;96;90154;4301;94551;51;3272;346;3669;105;13453;1864;15422;9;131;272;412;261;107010;6783;114054;"2025-09-25 11:23:24"
573;"2020-10-01";60;272;180729;4649;185650;290;5147;301;5738;205;19411;1992;21608;33;246;438;717;800;205533;7380;213713;"2025-09-25 11:23:24"
574;"2020-10-01";38;48;59514;30399;89961;26;1699;830;2555;77;6037;1181;7295;10;88;376;474;161;67338;32786;100285;"2025-09-25 11:23:24"
575;"2020-10-01";39;275;79272;6985;86532;445;2018;645;3108;188;8344;2076;10608;26;109;691;826;934;89743;10397;101074;"2025-09-25 11:23:24"
576;"2020-10-01";40;81;25507;1347;26935;51;1128;291;1470;87;4146;333;4566;10;31;49;90;229;30812;2020;33061;"2025-09-25 11:23:24"
578;"2020-10-01";42;120;147168;9683;156971;64;3835;319;4218;122;13438;1992;15552;9;147;523;679;315;164588;12517;177420;"2025-09-25 11:23:24"
581;"2020-10-01";46;195;233606;7861;241662;112;5750;773;6635;199;30657;5243;36099;9;304;561;874;515;270317;14438;285270;"2025-09-25 11:23:24"
582;"2020-10-01";47;115;109383;1727;111225;108;3268;537;3913;264;19288;2468;22020;53;194;265;512;540;132133;4997;137670;"2025-09-25 11:23:24"
586;"2020-10-01";51;167;193710;3132;197009;187;3640;722;4549;214;16999;1247;18460;13;193;139;345;581;214542;5240;220363;"2025-09-25 11:23:24"
589;"2020-10-01";54;116;24025;38207;62348;59;1270;2107;3436;144;9006;718;9868;8;72;81;161;327;34373;41113;75813;"2025-09-25 11:23:24"
590;"2020-10-01";55;102;93371;191532;285005;61;3901;3850;7812;108;21674;2456;24238;14;374;277;665;285;119320;198115;317720;"2025-09-25 11:23:24"
591;"2020-10-01";56;305;215840;46561;262706;336;6513;1722;8571;172;29540;3203;32915;20;279;538;837;833;252172;52024;305029;"2025-09-25 11:23:24"
593;"2020-10-01";58;175;135048;5229;140452;98;5050;188;5336;133;17461;4257;21851;16;289;927;1232;422;157848;10601;168871;"2025-09-25 11:23:24"
594;"2020-10-01";59;141;183832;16438;200411;84;6018;996;7098;113;24412;2698;27223;9;271;319;599;347;214533;20451;235331;"2025-09-25 11:23:24"
596;"2020-10-01";61;162;173355;4588;178105;89;3634;835;4558;152;12032;2278;14462;9;164;411;584;412;189185;8112;197709;"2025-09-25 11:23:24"
597;"2020-10-01";62;61;7838;84;7983;41;537;62;640;109;3566;48;3723;3;31;12;46;214;11972;206;12392;"2025-09-25 11:23:24"
600;"2020-10-01";65;162;162180;3630;165972;132;5037;404;5573;187;26201;7455;33843;25;383;853;1261;506;193801;12342;206649;"2025-09-25 11:23:24"
606;"2020-10-01";71;71;68294;1911;70276;41;2690;551;3282;111;14063;3884;18058;12;172;436;620;235;85219;6782;92236;"2025-09-25 11:23:24"
609;"2020-10-01";74;131;158632;2080;160843;94;3853;319;4266;143;14541;2138;16822;14;268;296;578;382;177294;4833;182509;"2025-09-25 11:23:24"
615;"2020-10-01";80;151;99777;1217;101145;81;2967;766;3814;148;19311;3908;23367;2;226;922;1150;382;122281;6813;129476;"2025-09-25 11:23:24"
618;"2020-10-01";83;329;149513;622;150464;173;3753;421;4347;225;14683;1623;16531;40;240;169;449;767;168189;2835;171791;"2025-09-25 11:23:24"
620;"2020-10-01";85;130;22804;193;23127;84;1323;171;1578;150;6301;169;6620;12;85;41;138;376;30513;574;31463;"2025-09-25 11:23:24"
621;"2020-10-01";86;277;152084;1274;153635;180;4884;404;5468;202;19046;2178;21426;20;208;197;425;679;176222;4053;180954;"2025-09-25 11:23:24"
622;"2020-10-01";87;98;106710;2715;109523;83;2992;846;3921;89;12752;1922;14763;12;176;187;375;282;122630;5670;128582;"2025-09-25 11:23:24"
623;"2020-10-01";88;64;103684;2231;105979;30;2628;541;3199;34;9528;1291;10853;1;107;119;227;129;115947;4182;120258;"2025-09-25 11:23:24"
624;"2020-10-01";89;471;20229;324;21024;117;576;21;714;112;1768;259;2139;18;22;12;52;718;22595;616;23929;"2025-09-25 11:23:24"
625;"2020-10-01";90;116;86587;1688;88391;77;3096;503;3676;101;10927;1948;12976;9;108;140;257;303;100718;4279;105300;"2025-09-25 11:23:24"
626;"2020-10-01";91;158;153924;848;154930;93;5793;2750;8636;126;29145;4386;33657;12;312;406;730;389;189174;8390;197953;"2025-09-25 11:23:24"
627;"2020-10-01";92;75;59359;1071;60505;76;2008;305;2389;98;8858;1143;10099;13;106;129;248;262;70331;2648;73241;"2025-09-25 11:23:24"
628;"2020-10-01";93;119;85983;848;86950;73;2662;162;2897;99;9422;3805;13326;9;118;330;457;300;98185;5145;103630;"2025-09-25 11:23:24"
629;"2020-10-01";94;197;181693;1933;183823;110;6037;1616;7763;174;28538;3398;32110;8;340;764;1112;489;216608;7711;224808;"2025-09-25 11:23:24"
630;"2020-10-01";95;319;240892;1895;243106;163;8910;1082;10155;211;41629;4821;46661;15;499;428;942;708;291930;8226;300864;"2025-09-25 11:23:24"
631;"2020-10-01";96;75;30289;747;31111;45;1510;68;1623;82;5388;544;6014;12;74;40;126;214;37261;1399;38874;"2025-09-25 11:23:24"
632;"2020-10-01";97;261;248230;5480;253971;204;9889;1211;11304;208;35440;5304;40952;26;336;519;881;699;293895;12514;307108;"2025-09-25 11:23:24"
633;"2020-10-01";101;173;171840;3474;175487;71;3071;1330;4472;117;8128;1927;10172;14;155;191;360;375;183194;6922;190491;"2025-09-25 11:23:24"
634;"2020-10-01";102;178;66032;1042;67252;79;2547;221;2847;89;8098;1101;9288;16;83;140;239;362;76760;2504;79626;"2025-09-25 11:23:24"
635;"2020-10-01";103;193;58456;2077;60726;52;2750;257;3059;93;9504;1569;11166;3;101;151;255;341;70811;4054;75206;"2025-09-25 11:23:24"
636;"2020-10-01";104;128;162509;3959;166596;202;6136;1460;7798;150;18675;2674;21499;20;253;546;819;500;187573;8639;196712;"2025-09-25 11:23:24"
637;"2020-10-01";105;98;136513;1581;138192;63;2790;94;2947;61;7165;1422;8648;1;133;126;260;223;146601;3223;150047;"2025-09-25 11:23:24"
638;"2020-10-01";106;186;89342;1138;90666;154;3334;652;4140;110;8766;1905;10781;15;101;108;224;465;101543;3803;105811;"2025-09-25 11:23:24"
639;"2020-10-01";107;269;58761;1183;60213;94;2672;129;2895;118;6577;1480;8175;22;119;98;239;503;68129;2890;71522;"2025-09-25 11:23:24"
640;"2020-10-01";108;178;196512;1734;198424;105;7214;431;7750;156;35596;5130;40882;18;348;332;698;457;239670;7627;247754;"2025-09-25 11:23:24"
641;"2020-10-01";109;175;125811;3000;128986;159;5983;1264;7406;210;21729;3565;25504;14;210;311;535;558;153733;8140;162431;"2025-09-25 11:23:24"
642;"2020-10-01";110;82;115654;1596;117332;39;4803;650;5492;50;18687;2330;21067;3;236;322;561;174;139380;4898;144452;"2025-09-25 11:23:24"
643;"2020-10-01";111;144;80074;747;80965;96;3472;487;4055;141;18057;3537;21735;10;806;257;1073;391;102409;5028;107828;"2025-09-25 11:23:24"
644;"2020-10-01";112;144;102800;2185;105129;124;2734;762;3620;130;9442;3224;12796;12;148;138;298;410;115124;6309;121843;"2025-09-25 11:23:24"
645;"2020-10-01";113;86;70892;1291;72269;29;2851;893;3773;34;9581;1587;11202;0;79;128;207;149;83403;3899;87451;"2025-09-25 11:23:24"
646;"2020-10-01";114;147;84736;618;85501;84;3988;515;4587;145;17216;1843;19204;11;261;169;441;387;106201;3145;109733;"2025-09-25 11:23:24"
647;"2020-10-01";115;222;45932;283;46437;103;1892;733;2728;228;11415;722;12365;11;116;81;208;564;59355;1819;61738;"2025-09-25 11:23:24"
648;"2020-10-01";116;170;46284;533;46987;75;2189;756;3020;192;13457;5840;19489;9;188;395;592;446;62118;7524;70088;"2025-09-25 11:23:24"
649;"2020-10-01";117;80;16521;152;16753;73;865;124;1062;150;6118;4504;10772;7;100;510;617;310;23604;5290;29204;"2025-09-25 11:23:24"
650;"2020-10-01";118;77;91779;1108;92964;53;3333;504;3890;71;10209;1686;11966;9;142;130;281;210;105463;3428;109101;"2025-09-25 11:23:24"
651;"2020-10-01";119;42;170515;2070;172627;32;4334;735;5101;46;11761;3218;15025;7;229;183;419;127;186839;6206;193172;"2025-09-25 11:23:24"
652;"2020-10-01";120;16;136514;931;137461;7;2253;213;2473;27;5055;1210;6292;1;79;31;111;51;143901;2385;146337;"2025-09-25 11:23:24"
653;"2020-10-01";121;331;103982;1404;105717;178;4437;1220;5835;228;20109;4272;24609;17;393;428;838;754;128921;7324;136999;"2025-09-25 11:23:24"
654;"2020-10-01";122;98;56400;446;56944;93;1632;175;1900;86;6119;2022;8227;11;76;317;404;288;64227;2960;67475;"2025-09-25 11:23:24"
655;"2020-10-01";123;251;136713;1904;138868;250;5484;446;6180;199;17664;2424;20287;28;250;249;527;728;160111;5023;165862;"2025-09-25 11:23:24"
656;"2020-10-01";124;186;90083;877;91146;79;3741;564;4384;128;17606;4008;21742;13;228;476;717;406;111658;5925;117989;"2025-09-25 11:23:24"
657;"2020-10-01";125;236;175561;2602;178399;100;6128;2588;8816;177;28047;4962;33186;21;262;246;529;534;209998;10398;220930;"2025-09-25 11:23:24"
658;"2020-10-01";126;307;233325;3311;236943;173;8490;1664;10327;235;33000;6210;39445;21;417;849;1287;736;275232;12034;288002;"2025-09-25 11:23:24"
659;"2020-10-01";127;166;61333;6526;68025;81;3321;801;4203;156;19771;2637;22564;10;205;374;589;413;84630;10338;95381;"2025-09-25 11:23:24"
660;"2020-10-01";128;173;100994;516;101683;79;2905;340;3324;134;15045;1855;17034;14;154;143;311;400;119098;2854;122352;"2025-09-25 11:23:24"
661;"2020-10-01";129;367;369801;2508;372676;215;11441;2570;14226;298;56141;6185;62624;51;789;491;1331;931;438172;11754;450857;"2025-09-25 11:23:24"
663;"2020-10-01";238;146;86039;2276;88461;131;3046;567;3744;231;17490;1354;19075;24;226;345;595;532;106801;4542;111875;"2025-09-25 11:23:24"
664;"2020-10-01";214;65;18217;248;18530;59;878;105;1042;95;7129;209;7433;7;74;67;148;226;26298;629;27153;"2025-09-25 11:23:24"
665;"2020-10-01";240;107;36624;704;37435;76;1480;126;1682;118;6816;404;7338;10;90;195;295;311;45010;1429;46750;"2025-09-25 11:23:24"
666;"2020-10-01";241;118;24447;448;25013;100;941;107;1148;181;6546;167;6894;5;65;28;98;404;31999;750;33153;"2025-09-25 11:23:24"
667;"2020-10-01";242;104;30907;901;31912;89;1325;145;1559;109;5490;254;5853;6;89;85;180;308;37811;1385;39504;"2025-09-25 11:23:24"
668;"2020-10-01";243;49;8298;40;8387;45;364;30;439;94;3207;37;3338;5;28;11;44;193;11897;118;12208;"2025-09-25 11:23:24"
669;"2020-10-01";244;42;11235;178;11455;33;471;27;531;105;3937;75;4117;6;46;19;71;186;15689;299;16174;"2025-09-25 11:23:24"
670;"2020-10-01";245;125;14188;125;14438;81;778;62;921;118;6039;120;6277;8;56;43;107;332;21061;350;21743;"2025-09-25 11:23:24"
671;"2020-10-01";246;200;141327;2786;144313;146;5055;626;5827;203;25079;1995;27277;17;302;311;630;566;171763;5718;178047;"2025-09-25 11:23:24"
672;"2020-10-01";247;54;12819;134;13007;50;563;48;661;110;4777;77;4964;5;51;25;81;219;18210;284;18713;"2025-09-25 11:23:24"
673;"2020-10-01";248;103;13769;220;14092;85;698;65;848;136;6092;168;6396;14;58;27;99;338;20617;480;21435;"2025-09-25 11:23:24"
674;"2020-10-01";249;50;16249;137;16436;59;874;36;969;121;6813;124;7058;8;51;19;78;238;23987;316;24541;"2025-09-25 11:23:24"
675;"2020-10-01";250;273;109727;2322;112322;268;3707;643;4618;260;17891;2668;20819;16;258;365;639;817;131583;5998;138398;"2025-09-25 11:23:24"
676;"2020-10-01";251;61;15878;391;16330;55;734;164;953;103;3373;146;3622;5;69;39;113;224;20054;740;21018;"2025-09-25 11:23:24"
677;"2020-10-01";252;92;16320;282;16694;79;850;56;985;111;8351;130;8592;11;49;33;93;293;25570;501;26364;"2025-09-25 11:23:24"
678;"2020-10-01";253;124;25843;220;26187;107;1427;309;1843;182;11206;437;11825;18;84;78;180;431;38560;1044;40035;"2025-09-25 11:23:24"
679;"2020-10-01";254;52;9366;66;9484;63;365;65;493;103;3193;44;3340;10;33;19;62;228;12957;194;13379;"2025-09-25 11:23:24"
680;"2020-10-01";255;77;17352;379;17808;63;930;58;1051;111;7999;227;8337;9;61;47;117;260;26342;711;27313;"2025-09-25 11:23:24"
682;"2020-10-01";131;67;14010;83;14160;50;794;54;898;85;7602;238;7925;8;39;29;76;210;22445;404;23059;"2025-09-25 11:23:24"
683;"2020-10-01";132;68;10277;114;10459;45;530;65;640;108;4812;377;5297;4;37;224;265;225;15656;780;16661;"2025-09-25 11:23:24"
684;"2020-10-01";133;72;11192;131;11395;52;667;91;810;94;6001;711;6806;12;48;72;132;230;17908;1005;19143;"2025-09-25 11:23:24"
685;"2020-10-01";134;75;16106;139;16320;51;792;86;929;117;7933;140;8190;7;60;26;93;250;24891;391;25532;"2025-09-25 11:23:24"
686;"2020-10-01";135;72;18258;366;18696;45;903;92;1040;81;7473;595;8149;5;50;75;130;203;26684;1128;28015;"2025-09-25 11:23:24"
687;"2020-10-01";136;75;42484;264;42823;59;2255;205;2519;94;13216;1263;14573;8;116;143;267;236;58071;1875;60182;"2025-09-25 11:23:24"
688;"2020-10-01";137;105;51091;771;51967;76;2023;178;2277;153;13443;1671;15267;5;171;837;1013;339;66728;3457;70524;"2025-09-25 11:23:24"
689;"2020-10-01";138;32;15367;137;15536;21;629;34;684;31;3085;543;3659;4;47;41;92;88;19128;755;19971;"2025-09-25 11:23:24"
690;"2020-10-01";139;71;38233;235;38539;60;1599;120;1779;79;8747;877;9703;6;85;109;200;216;48664;1341;50221;"2025-09-25 11:23:24"
691;"2020-10-01";140;1;8;0;9;0;3;0;3;0;8;0;8;0;0;0;0;1;19;0;20;"2025-09-25 11:23:24"
692;"2020-10-01";141;204;74743;1052;75999;118;2522;409;3049;177;11582;911;12670;17;138;219;374;516;88985;2591;92092;"2025-09-25 11:23:24"
693;"2020-10-01";142;64;81550;1604;83218;108;2458;868;3434;62;10988;1605;12655;4;163;220;387;238;95159;4297;99694;"2025-09-25 11:23:24"
694;"2020-10-01";143;128;85074;1603;86805;94;2916;402;3412;120;13486;1794;15400;5;171;176;352;347;101647;3975;105969;"2025-09-25 11:23:24"
695;"2020-10-01";144;137;108747;4952;113836;83;3409;748;4240;133;15123;2006;17262;12;228;302;542;365;127507;8008;135880;"2025-09-25 11:23:24"
696;"2020-10-01";145;186;85444;3728;89358;139;3337;432;3908;238;19540;1606;21384;21;249;277;547;584;108570;6043;115197;"2025-09-25 11:23:24"
698;"2020-10-01";147;57;19196;62;19315;31;697;116;844;56;1864;333;2253;7;24;24;55;151;21781;535;22467;"2025-09-25 11:23:24"
699;"2020-10-01";148;214;39124;1276;40614;121;1871;381;2373;213;12451;647;13311;23;117;101;241;571;53563;2405;56539;"2025-09-25 11:23:24"
700;"2020-10-01";149;56;18921;1288;20265;35;1185;308;1528;83;8371;569;9023;7;60;55;122;181;28537;2220;30938;"2025-09-25 11:23:24"
701;"2020-10-01";150;130;42992;841;43963;81;2342;422;2845;162;15362;1040;16564;25;89;76;190;398;60785;2379;63562;"2025-09-25 11:23:24"
702;"2020-10-01";151;139;73376;517;74032;74;2692;301;3067;169;17743;2241;20153;13;243;802;1058;395;94054;3861;98310;"2025-09-25 11:23:24"
703;"2020-10-01";152;119;37944;470;38533;77;1573;168;1818;181;12381;545;13107;28;98;151;277;405;51996;1334;53735;"2025-09-25 11:23:24"
704;"2020-10-01";153;91;21746;471;22308;63;1246;329;1638;132;11075;364;11571;10;62;47;119;296;34129;1211;35636;"2025-09-25 11:23:24"
705;"2020-10-01";154;149;72815;883;73847;78;2833;477;3388;165;18021;1693;19879;18;194;368;580;410;93863;3421;97694;"2025-09-25 11:23:24"
706;"2020-10-01";155;81;18675;154;18910;39;806;113;958;108;7527;541;8176;8;55;78;141;236;27063;886;28185;"2025-09-25 11:23:24"
707;"2020-10-01";156;171;136477;2386;139034;142;5340;590;6072;166;22139;3160;25465;42;290;326;658;521;164246;6462;171229;"2025-09-25 11:23:24"
708;"2020-10-01";157;115;30133;308;30556;100;1498;313;1911;174;11193;665;12032;13;103;98;214;402;42927;1384;44713;"2025-09-25 11:23:24"
709;"2020-10-01";158;94;107452;1547;109093;71;4383;577;5031;95;18199;2426;20720;9;241;348;598;269;130275;4898;135442;"2025-09-25 11:23:24"
710;"2020-10-01";159;148;168423;2399;170970;132;5349;864;6345;237;19857;2001;22095;18;241;240;499;535;193870;5504;199909;"2025-09-25 11:23:24"
711;"2020-10-01";160;69;10423;73;10565;52;540;66;658;116;5758;599;6473;11;52;67;130;248;16773;805;17826;"2025-09-25 11:23:24"
712;"2020-10-01";161;74;22867;197;23138;42;1128;86;1256;167;10010;227;10404;16;81;36;133;299;34086;546;34931;"2025-09-25 11:23:24"
713;"2020-10-01";162;168;38446;323;38937;86;1607;230;1923;146;12104;751;13001;23;130;155;308;423;52287;1459;54169;"2025-09-25 11:23:24"
715;"2020-10-01";257;97;18596;169;18862;60;1320;93;1473;125;10243;255;10623;7;76;38;121;289;30235;555;31079;"2025-09-25 11:23:24"
716;"2020-10-01";258;198;106816;2297;109311;121;3618;522;4261;207;18592;2944;21743;17;236;629;882;543;129262;6392;136197;"2025-09-25 11:23:24"
717;"2020-10-01";259;109;30392;734;31235;65;1578;170;1813;106;12791;1015;13912;8;183;103;294;288;44944;2022;47254;"2025-09-25 11:23:24"
718;"2020-10-01";260;128;26942;3904;30974;93;1351;293;1737;163;12204;428;12795;16;120;57;193;400;40617;4682;45699;"2025-09-25 11:23:24"
719;"2020-10-01";261;64;7982;57;8103;41;482;55;578;85;4191;246;4522;4;26;35;65;194;12681;393;13268;"2025-09-25 11:23:24"
720;"2020-10-01";262;81;17913;196;18190;61;908;126;1095;112;8351;251;8714;10;66;41;117;264;27238;614;28116;"2025-09-25 11:23:24"
721;"2020-10-01";263;68;9096;63;9227;65;456;20;541;100;4903;62;5065;6;37;11;54;239;14492;156;14887;"2025-09-25 11:23:24"
722;"2020-10-01";264;98;37483;356;37937;97;1708;512;2317;183;11492;2140;13815;22;113;167;302;400;50796;3175;54371;"2025-09-25 11:23:24"
723;"2020-10-01";265;163;106880;2114;109157;129;4646;499;5274;209;24046;2998;27253;12;214;359;585;513;135786;5970;142269;"2025-09-25 11:23:24"
724;"2020-10-01";266;64;9011;58;9133;47;472;67;586;101;4670;267;5038;4;33;26;63;216;14186;418;14820;"2025-09-25 11:23:24"
725;"2020-10-01";267;65;7347;32;7444;48;391;20;459;120;4253;103;4476;9;28;16;53;242;12019;171;12432;"2025-09-25 11:23:24"
726;"2020-10-01";268;136;146341;3708;150185;98;4150;924;5172;134;18594;2284;21012;10;303;375;688;378;169388;7291;177057;"2025-09-25 11:23:24"
727;"2020-10-01";269;268;130204;2024;132496;256;3823;564;4643;198;16177;1370;17745;22;171;245;438;744;150375;4203;155322;"2025-09-25 11:23:24"
728;"2020-10-01";270;109;37577;2522;40208;96;1796;216;2108;128;14453;856;15437;7;171;103;281;340;53997;3697;58034;"2025-09-25 11:23:24"
729;"2020-10-01";271;89;8653;42;8784;46;453;83;582;96;4751;83;4930;5;37;10;52;236;13894;218;14348;"2025-09-25 11:23:24"
731;"2020-10-01";164;62;11453;179;11694;55;613;124;792;93;6302;764;7159;10;59;42;111;220;18427;1109;19756;"2025-09-25 11:23:24"
732;"2020-10-01";165;86;18665;201;18952;79;1152;119;1350;144;11750;267;12161;6;59;35;100;315;31626;622;32563;"2025-09-25 11:23:24"
733;"2020-10-01";166;62;9379;173;9614;35;460;72;567;61;4719;407;5187;0;38;59;97;158;14596;711;15465;"2025-09-25 11:23:24"
734;"2020-10-01";167;81;65668;603;66352;64;2388;276;2728;87;13163;3433;16683;14;314;1610;1938;246;81533;5922;87701;"2025-09-25 11:23:24"
735;"2020-10-01";168;47;8561;407;9015;32;460;58;550;57;3894;213;4164;0;41;23;64;136;12956;701;13793;"2025-09-25 11:23:24"
736;"2020-10-01";169;142;46138;1019;47299;114;2054;379;2547;197;15103;1604;16904;17;217;260;494;470;63512;3262;67244;"2025-09-25 11:23:24"
737;"2020-10-01";170;81;17581;247;17909;43;862;273;1178;82;7640;908;8630;11;84;137;232;217;26167;1565;27949;"2025-09-25 11:23:24"
738;"2020-10-01";171;144;78577;2400;81121;121;3245;434;3800;161;13528;2420;16109;9;199;364;572;435;95549;5618;101602;"2025-09-25 11:23:24"
739;"2020-10-01";172;210;32370;142;32722;191;1535;61;1787;153;10787;726;11666;12;98;87;197;566;44790;1016;46372;"2025-09-25 11:23:24"
740;"2020-10-01";173;71;12983;26985;40039;51;784;700;1535;87;7547;358;7992;4;52;50;106;213;21366;28093;49672;"2025-09-25 11:23:24"
741;"2020-10-01";174;169;112835;1697;114701;131;3669;692;4492;185;22223;1892;24300;14;241;845;1100;499;138968;5126;144593;"2025-09-25 11:23:24"
742;"2020-10-01";175;94;11721;38888;50703;59;647;1242;1948;154;8433;445;9032;1;99;30;130;308;20900;40605;61813;"2025-09-25 11:23:24"
743;"2020-10-01";176;183;105154;2227;107564;153;3803;695;4651;179;21075;3349;24603;16;276;805;1097;531;130308;7076;137915;"2025-09-25 11:23:24"
744;"2020-10-01";177;67;18758;173;18998;39;877;102;1018;96;7792;467;8355;6;65;38;109;208;27492;780;28480;"2025-09-25 11:23:24"
745;"2020-10-01";178;94;21394;9001;30489;56;1285;213;1554;111;10417;711;11239;8;139;116;263;269;33235;10041;43545;"2025-09-25 11:23:24"
746;"2020-10-01";179;101;15041;194;15336;48;797;114;959;91;9338;187;9616;4;90;18;112;244;25266;513;26023;"2025-09-25 11:23:24"
747;"2020-10-01";180;76;17800;177;18053;39;845;81;965;79;7721;769;8569;3;89;86;178;197;26455;1113;27765;"2025-09-25 11:23:24"
748;"2020-10-01";181;75;12384;82;12541;61;634;50;745;98;6811;291;7200;6;48;24;78;240;19877;447;20564;"2025-09-25 11:23:24"
749;"2020-10-01";182;58;9982;97;10137;42;573;56;671;65;5904;124;6093;1;36;16;53;166;16495;293;16954;"2025-09-25 11:23:24"
750;"2020-10-01";183;60;11149;25942;37151;52;574;686;1312;81;6168;158;6407;9;50;15;74;202;17941;26801;44944;"2025-09-25 11:23:24"
751;"2020-10-01";184;113;22715;267;23095;82;1654;100;1836;142;14561;230;14933;24;78;29;131;361;39008;626;39995;"2025-09-25 11:23:24"
752;"2020-10-01";185;88;23254;232;23574;44;1072;1210;2326;82;7907;505;8494;7;82;139;228;221;32315;2086;34622;"2025-09-25 11:23:24"
754;"2020-10-01";187;114;109064;1038;110216;81;3464;393;3938;123;22716;2615;25454;6;222;394;622;324;135466;4440;140230;"2025-09-25 11:23:24"
755;"2020-10-01";188;203;109724;1759;111686;151;4205;546;4902;221;25484;1896;27601;12;317;359;688;587;139730;4560;144877;"2025-09-25 11:23:24"
756;"2020-10-01";189;59;13315;38;13412;35;710;42;787;68;6246;541;6855;8;54;36;98;170;20325;657;21152;"2025-09-25 11:23:24"
757;"2020-10-01";190;192;179646;2473;182311;109;6053;816;6978;227;26037;3493;29757;13;280;444;737;541;212016;7226;219783;"2025-09-25 11:23:24"
758;"2020-10-01";44;43;9120;37;9200;41;430;18;489;41;5142;196;5379;1;43;32;76;126;14735;283;15144;"2025-09-25 11:23:24"
759;"2020-10-01";192;148;53994;596;54738;85;2235;256;2576;149;16945;920;18014;9;131;131;271;391;73305;1903;75599;"2025-09-25 11:23:24"
760;"2020-10-01";193;88;25152;389;25629;61;1349;129;1539;127;9702;259;10088;9;73;67;149;285;36276;844;37405;"2025-09-25 11:23:24"
761;"2020-10-01";194;91;10575;63;10729;43;490;37;570;70;6756;86;6912;2;47;11;60;206;17868;197;18271;"2025-09-25 11:23:24"
762;"2020-10-01";195;118;34252;439;34809;90;1768;246;2104;163;16588;996;17747;10;115;150;275;381;52723;1831;54935;"2025-09-25 11:23:24"
763;"2020-10-01";196;65;18611;193;18869;46;862;46;954;84;10650;967;11701;4;88;149;241;199;30211;1355;31765;"2025-09-25 11:23:24"
764;"2020-10-01";197;204;60160;883;61247;220;2329;294;2843;257;18911;1220;20388;42;162;219;423;723;81562;2616;84901;"2025-09-25 11:23:24"
765;"2020-10-01";198;77;12186;122;12385;54;662;55;771;120;5894;106;6120;8;34;21;63;259;18776;304;19339;"2025-09-25 11:23:24"
766;"2020-10-01";199;51;5580;32;5663;34;293;27;354;56;3665;48;3769;1;25;5;31;142;9563;112;9817;"2025-09-25 11:23:24"
767;"2020-10-01";200;128;38726;522;39376;67;1786;154;2007;143;14510;722;15375;28;148;131;307;366;55170;1529;57065;"2025-09-25 11:23:24"
768;"2020-10-01";201;113;41331;478;41922;74;1887;239;2200;116;15860;1514;17490;7;162;344;513;310;59240;2575;62125;"2025-09-25 11:23:24"
769;"2020-10-01";202;98;20408;186;20692;53;793;77;923;89;7980;185;8254;19;72;36;127;259;29253;484;29996;"2025-09-25 11:23:24"
770;"2020-10-01";203;69;3604;288;3961;17;247;187;451;58;1284;29;1371;6;14;3;23;150;5149;507;5806;"2025-09-25 11:23:24"
771;"2020-10-01";204;119;18765;149;19033;69;691;85;845;120;6326;102;6548;7;88;26;121;315;25870;362;26547;"2025-09-25 11:23:24"
772;"2020-10-01";205;74;17957;90;18121;88;925;77;1090;145;11512;711;12368;9;74;93;176;316;30468;971;31755;"2025-09-25 11:23:24"
773;"2020-10-01";206;76;16365;99;16540;47;690;43;780;91;7599;522;8212;7;53;81;141;221;24707;745;25673;"2025-09-25 11:23:24"
774;"2020-10-01";207;62;9254;44;9360;62;473;46;581;73;5685;104;5862;2;42;13;57;199;15454;207;15860;"2025-09-25 11:23:24"
775;"2020-10-01";208;122;53191;297;53610;67;2123;418;2608;105;12384;1355;13844;9;126;222;357;303;67824;2292;70419;"2025-09-25 11:23:24"
776;"2020-10-01";209;150;98898;1342;100390;91;3276;835;4202;206;17134;4555;21895;12;229;1775;2016;459;119537;8507;128503;"2025-09-25 11:23:24"
777;"2020-10-01";210;137;116869;2313;119319;81;3385;314;3780;96;17812;901;18809;17;204;280;501;331;138270;3808;142409;"2025-09-25 11:23:24"
779;"2020-10-01";212;124;90291;1058;91473;99;3353;508;3960;137;11720;378;12235;11;179;146;336;371;105543;2090;108004;"2025-09-25 11:23:24"
780;"2020-10-01";213;92;21999;207;22298;64;937;177;1178;98;8863;264;9225;11;53;164;228;265;31852;812;32929;"2025-09-25 11:23:24"
782;"2020-10-01";215;234;224340;2347;226921;172;7340;642;8154;216;40146;3748;44110;28;411;535;974;650;272237;7272;280159;"2025-09-25 11:23:24"
783;"2020-10-01";216;91;12901;182;13174;57;597;129;783;113;6018;134;6265;6;38;28;72;267;19554;473;20294;"2025-09-25 11:23:24"
784;"2020-10-01";217;116;40044;473;40633;97;1584;216;1897;103;13536;2685;16324;10;133;624;767;326;55297;3998;59621;"2025-09-25 11:23:24"
785;"2020-10-01";218;95;43664;668;44427;73;1672;236;1981;134;10542;484;11160;11;104;120;235;313;55982;1508;57803;"2025-09-25 11:23:24"
786;"2020-10-01";219;89;12334;131;12554;61;576;56;693;86;6911;464;7461;6;122;133;261;242;19943;784;20969;"2025-09-25 11:23:24"
787;"2020-10-01";220;141;136129;992;137262;108;4810;854;5772;137;21843;6534;28514;11;372;1617;2000;397;163154;9997;173548;"2025-09-25 11:23:24"
788;"2020-10-01";221;62;9390;69;9521;50;437;58;545;84;4405;485;4974;6;29;96;131;202;14261;708;15171;"2025-09-25 11:23:24"
789;"2020-10-01";222;206;132525;2761;135492;168;4007;1077;5252;223;26917;2251;29391;16;281;388;685;613;163730;6477;170820;"2025-09-25 11:23:24"
790;"2020-10-01";223;74;23948;346;24368;68;1164;107;1339;83;10006;368;10457;9;97;57;163;234;35215;878;36327;"2025-09-25 11:23:24"
791;"2020-10-01";224;124;82464;1299;83887;61;2197;528;2786;137;10682;908;11727;9;61;140;210;331;95404;2875;98610;"2025-09-25 11:23:24"
792;"2020-10-01";225;82;80626;2450;83158;34;2278;434;2746;58;11415;1576;13049;2;106;235;343;176;94425;4695;99296;"2025-09-25 11:23:24"
793;"2020-10-01";226;46;105314;2365;107725;17;2148;582;2747;79;8713;677;9469;1;113;157;271;143;116288;3781;120212;"2025-09-25 11:23:24"
794;"2020-10-01";227;372;118086;25392;143850;364;3182;578;4124;181;18532;1532;20245;18;191;334;543;935;139991;27836;168762;"2025-09-25 11:23:24"
795;"2020-10-01";228;86;80041;774;80901;35;2306;184;2525;82;7563;667;8312;7;139;184;330;210;90049;1809;92068;"2025-09-25 11:23:24"
796;"2020-10-01";229;108;41427;778;42313;84;2001;242;2327;127;8833;314;9274;7;90;73;170;326;52351;1407;54084;"2025-09-25 11:23:24"
797;"2020-10-01";230;59;15621;108;15788;61;638;42;741;101;7703;177;7981;5;46;76;127;226;24008;403;24637;"2025-09-25 11:23:24"
798;"2020-10-01";231;69;29034;16763;45866;53;1208;409;1670;65;9839;502;10406;7;182;215;404;194;40263;17889;58346;"2025-09-25 11:23:24"
799;"2020-10-01";232;50;12392;183;12625;57;571;83;711;109;6292;138;6539;6;48;20;74;222;19303;424;19949;"2025-09-25 11:23:24"
800;"2020-10-01";233;75;14508;112;14695;57;663;70;790;125;7784;392;8301;8;38;57;103;265;22993;631;23889;"2025-09-25 11:23:24"
802;"2020-10-01";235;271;71965;1186;73422;155;3307;152;3614;347;27480;548;28375;43;185;122;350;816;102937;2008;105761;"2025-09-25 11:23:24"
803;"2020-10-01";236;580;218922;229250;448752;342;7958;7175;15475;694;49157;3153;53004;41;490;529;1060;1657;276527;240107;518291;"2025-09-25 11:23:24"
805;"2020-11-01";1;153;198517;15893;214563;52;4753;651;5456;176;13410;2186;15772;15;242;164;421;396;216922;18894;236212;"2025-09-25 11:23:31"
806;"2020-11-01";2;92;123539;5759;129390;41;3856;576;4473;154;12787;2399;15340;5;114;227;346;292;140296;8961;149549;"2025-09-25 11:23:31"
807;"2020-11-01";3;105;60891;2218;63214;63;2764;721;3548;136;7549;1264;8949;13;64;100;177;317;71268;4303;75888;"2025-09-25 11:23:31"
808;"2020-11-01";4;105;60199;979;61283;77;1874;182;2133;121;14850;1948;16919;8;225;480;713;311;77148;3589;81048;"2025-09-25 11:23:31"
809;"2020-11-01";5;95;99854;3062;103011;50;3926;316;4292;164;9880;2029;12073;12;108;172;292;321;113768;5579;119668;"2025-09-25 11:23:31"
810;"2020-11-01";6;85;79816;3570;83471;42;2685;412;3139;161;10569;1525;12255;7;50;231;288;295;93120;5738;99153;"2025-09-25 11:23:31"
811;"2020-11-01";7;97;112603;9451;122151;56;5060;664;5780;134;14450;2637;17221;9;221;188;418;296;132334;12940;145570;"2025-09-25 11:23:31"
812;"2020-11-01";8;41;68060;3044;71145;18;3383;514;3915;73;10796;2277;13146;5;89;88;182;137;82328;5923;88388;"2025-09-25 11:23:31"
813;"2020-11-01";9;93;128089;6044;134226;54;4188;894;5136;172;10701;2110;12983;9;106;258;373;328;143084;9306;152718;"2025-09-25 11:23:31"
814;"2020-11-01";10;91;76636;4897;81624;50;2987;425;3462;126;8682;1920;10728;11;103;156;270;278;88408;7398;96084;"2025-09-25 11:23:31"
815;"2020-11-01";11;105;79272;2585;81962;52;3248;168;3468;142;10281;2151;12574;10;98;97;205;309;92899;5001;98209;"2025-09-25 11:23:31"
816;"2020-11-01";12;102;92483;1223;93808;53;2817;141;3011;145;7196;1179;8520;15;90;263;368;315;102586;2806;105707;"2025-09-25 11:23:31"
817;"2020-11-01";13;100;99064;4144;103308;55;3106;600;3761;165;9643;2112;11920;20;155;138;313;340;111968;6994;119302;"2025-09-25 11:23:31"
818;"2020-11-01";14;201;74194;3375;77770;109;2542;442;3093;139;6227;1856;8222;10;78;205;293;459;83041;5878;89378;"2025-09-25 11:23:31"
819;"2020-11-01";15;225;152401;6795;159421;135;3688;770;4593;177;11289;4977;16443;13;207;154;374;550;167585;12696;180831;"2025-09-25 11:23:31"
820;"2020-11-01";16;120;82423;8592;91135;45;2470;971;3486;157;8806;1604;10567;18;96;101;215;340;93795;11268;105403;"2025-09-25 11:23:31"
821;"2020-11-01";17;89;101931;2573;104593;46;3601;1146;4793;150;9053;1683;10886;8;85;101;194;293;114670;5503;120466;"2025-09-25 11:23:31"
822;"2020-11-01";18;128;201161;6506;207795;95;4944;1499;6538;161;26024;4823;31008;13;213;283;509;397;232342;13111;245850;"2025-09-25 11:23:31"
823;"2020-11-01";19;115;126476;4665;131256;58;3966;784;4808;134;12023;2835;14992;8;187;418;613;315;142652;8702;151669;"2025-09-25 11:23:31"
824;"2020-11-01";20;133;115683;4111;119927;53;4594;198;4845;177;15221;4261;19659;14;570;638;1222;377;136068;9208;145653;"2025-09-25 11:23:31"
825;"2020-11-01";21;136;68753;854;69743;56;2187;62;2305;141;5499;1086;6726;9;78;37;124;342;76517;2039;78898;"2025-09-25 11:23:31"
826;"2020-11-01";22;99;110149;4198;114446;45;3931;796;4772;139;10740;1933;12812;14;114;188;316;297;124934;7115;132346;"2025-09-25 11:23:31"
827;"2020-11-01";23;1757;38912;491;41160;1663;1767;308;3738;367;3941;856;5164;87;49;54;190;3874;44669;1709;50252;"2025-09-25 11:23:31"
828;"2020-11-01";63;119;87270;1243;88632;95;2186;241;2522;103;10572;761;11436;10;107;266;383;327;100135;2511;102973;"2025-09-25 11:23:31"
829;"2020-11-01";25;80;88183;5857;94120;33;3823;596;4452;126;12187;2753;15066;16;129;326;471;255;104322;9532;114109;"2025-09-25 11:23:31"
830;"2020-11-01";146;847;291906;233125;525878;492;11195;7357;19044;1038;76743;3702;81483;82;691;645;1418;2459;380535;244829;627823;"2025-09-25 11:23:31"
832;"2020-11-01";28;102;67645;3201;70948;64;2573;560;3197;102;10326;3236;13664;13;94;682;789;281;80638;7679;88598;"2025-09-25 11:23:31"
833;"2020-11-01";29;80;64700;887;65667;60;2396;505;2961;113;10525;931;11569;10;136;191;337;263;77757;2514;80534;"2025-09-25 11:23:31"
834;"2020-11-01";77;278;133523;3256;137057;188;3129;496;3813;225;16506;3072;19803;17;242;585;844;708;153400;7409;161517;"2025-09-25 11:23:31"
835;"2020-11-01";57;58;55595;617;56270;42;1452;139;1633;77;4483;244;4804;5;83;45;133;182;61613;1045;62840;"2025-09-25 11:23:31"
836;"2020-11-01";32;73;79679;1680;81432;32;2353;643;3028;66;10391;1400;11857;1;111;234;346;172;92534;3957;96663;"2025-09-25 11:23:31"
837;"2020-11-01";33;134;105658;16125;121917;64;3317;498;3879;169;13753;2148;16070;10;136;501;647;377;122864;19272;142513;"2025-09-25 11:23:31"
838;"2020-11-01";79;86;100796;1859;102741;41;2461;293;2795;87;10310;1397;11794;9;111;351;471;223;113678;3900;117801;"2025-09-25 11:23:31"
839;"2020-11-01";35;94;65832;2961;68887;70;2622;318;3010;115;14826;2337;17278;9;172;319;500;288;83452;5935;89675;"2025-09-25 11:23:31"
840;"2020-11-01";36;99;90130;4235;94464;51;3243;346;3640;104;13406;1870;15380;9;133;273;415;263;106912;6724;113899;"2025-09-25 11:23:31"
841;"2020-11-01";60;279;180840;4653;185772;290;5105;296;5691;205;19318;1995;21518;33;257;438;728;807;205520;7382;213709;"2025-09-25 11:23:31"
842;"2020-11-01";38;49;59524;30839;90412;26;1697;832;2555;76;6044;1179;7299;10;92;376;478;161;67357;33226;100744;"2025-09-25 11:23:31"
843;"2020-11-01";39;279;79480;7098;86857;449;1996;647;3092;187;8370;2074;10631;26;115;693;834;941;89961;10512;101414;"2025-09-25 11:23:31"
844;"2020-11-01";40;81;25514;1321;26916;51;1122;289;1462;85;4131;331;4547;10;30;49;89;227;30797;1990;33014;"2025-09-25 11:23:31"
846;"2020-11-01";42;124;147291;9612;157027;63;3810;320;4193;121;13450;1999;15570;9;152;523;684;317;164703;12454;177474;"2025-09-25 11:23:31"
849;"2020-11-01";46;228;233755;7606;241589;110;5724;769;6603;192;30586;5238;36016;9;314;563;886;539;270379;14176;285094;"2025-09-25 11:23:31"
850;"2020-11-01";47;112;109837;1727;111676;112;3259;534;3905;270;19267;2460;21997;54;197;266;517;548;132560;4987;138095;"2025-09-25 11:23:31"
854;"2020-11-01";51;171;193873;3105;197149;185;3604;719;4508;214;16963;1252;18429;13;206;138;357;583;214646;5214;220443;"2025-09-25 11:23:31"
857;"2020-11-01";54;115;24096;37011;61222;59;1262;2075;3396;147;9042;721;9910;8;73;81;162;329;34473;39888;74690;"2025-09-25 11:23:31"
858;"2020-11-01";55;102;93488;192835;286425;62;3903;3854;7819;107;21704;2467;24278;14;377;273;664;285;119472;199429;319186;"2025-09-25 11:23:31"
859;"2020-11-01";56;308;216328;46524;263160;339;6481;1710;8530;173;29530;3213;32916;20;284;544;848;840;252623;51991;305454;"2025-09-25 11:23:31"
861;"2020-11-01";58;175;135870;5123;141168;98;5042;172;5312;133;17396;4280;21809;16;294;932;1242;422;158602;10507;169531;"2025-09-25 11:23:31"
862;"2020-11-01";59;139;184235;17160;201534;83;5964;1007;7054;108;24498;2695;27301;9;280;323;612;339;214977;21185;236501;"2025-09-25 11:23:31"
864;"2020-11-01";61;163;175029;4376;179568;90;3652;820;4562;149;12093;2339;14581;9;181;415;605;411;190955;7950;199316;"2025-09-25 11:23:31"
865;"2020-11-01";62;61;7863;88;8012;42;534;62;638;107;3562;48;3717;3;31;12;46;213;11990;210;12413;"2025-09-25 11:23:31"
868;"2020-11-01";65;164;162525;3672;166361;133;5012;399;5544;183;26147;7481;33811;24;385;850;1259;504;194069;12402;206975;"2025-09-25 11:23:31"
874;"2020-11-01";71;74;68654;1934;70662;41;2655;559;3255;110;14068;3898;18076;12;174;436;622;237;85551;6827;92615;"2025-09-25 11:23:31"
877;"2020-11-01";74;134;158774;2072;160980;93;3826;319;4238;141;14506;2149;16796;13;280;299;592;381;177386;4839;182606;"2025-09-25 11:23:31"
883;"2020-11-01";80;155;100060;1174;101389;80;2963;767;3810;148;19311;3931;23390;2;229;927;1158;385;122563;6799;129747;"2025-09-25 11:23:31"
886;"2020-11-01";83;325;151079;629;152033;171;3752;421;4344;225;14729;1621;16575;45;260;167;472;766;169820;2838;173424;"2025-09-25 11:23:31"
888;"2020-11-01";85;130;22854;191;23175;84;1324;171;1579;149;6331;170;6650;11;88;41;140;374;30597;573;31544;"2025-09-25 11:23:31"
889;"2020-11-01";86;275;153110;1217;154602;175;4868;403;5446;201;19075;2185;21461;20;216;199;435;671;177269;4004;181944;"2025-09-25 11:23:31"
890;"2020-11-01";87;102;106998;2837;109937;82;2978;844;3904;83;12728;1927;14738;12;175;188;375;279;122879;5796;128954;"2025-09-25 11:23:31"
891;"2020-11-01";88;63;103807;2237;106107;29;2614;539;3182;34;9590;1308;10932;1;112;119;232;127;116123;4203;120453;"2025-09-25 11:23:31"
892;"2020-11-01";89;471;20309;323;21103;118;574;21;713;112;1755;266;2133;18;22;12;52;719;22660;622;24001;"2025-09-25 11:23:31"
893;"2020-11-01";90;116;86226;1678;88020;77;3076;506;3659;101;10917;1963;12981;9;110;138;257;303;100329;4285;104917;"2025-09-25 11:23:31"
894;"2020-11-01";91;161;154416;847;155424;92;5757;2764;8613;123;29143;4314;33580;12;322;406;740;388;189638;8331;198357;"2025-09-25 11:23:31"
895;"2020-11-01";92;76;59481;1065;60622;76;1998;303;2377;97;8868;1147;10112;13;110;129;252;262;70457;2644;73363;"2025-09-25 11:23:31"
896;"2020-11-01";93;120;86105;850;87075;74;2625;162;2861;98;9407;3808;13313;8;117;327;452;300;98254;5147;103701;"2025-09-25 11:23:31"
897;"2020-11-01";94;199;183165;1850;185214;110;6017;1609;7736;174;28684;3444;32302;8;354;762;1124;491;218220;7665;226376;"2025-09-25 11:23:31"
898;"2020-11-01";95;319;242129;1900;244348;174;8873;1077;10124;211;41778;4871;46860;15;511;428;954;719;293291;8276;302286;"2025-09-25 11:23:31"
899;"2020-11-01";96;77;30488;751;31316;45;1513;68;1626;82;5407;560;6049;13;73;41;127;217;37481;1420;39118;"2025-09-25 11:23:31"
900;"2020-11-01";97;265;248251;5489;254005;203;9826;1180;11209;206;35413;5311;40930;26;348;523;897;700;293838;12503;307041;"2025-09-25 11:23:31"
901;"2020-11-01";101;175;171970;3449;175594;70;3057;1328;4455;114;8138;1931;10183;13;159;191;363;372;183324;6899;190595;"2025-09-25 11:23:31"
902;"2020-11-01";102;174;66230;1057;67461;77;2530;221;2828;89;8063;1093;9245;16;90;141;247;356;76913;2512;79781;"2025-09-25 11:23:31"
903;"2020-11-01";103;194;58679;2081;60954;52;2734;247;3033;93;9481;1584;11158;3;106;151;260;342;71000;4063;75405;"2025-09-25 11:23:31"
904;"2020-11-01";104;130;164195;3967;168292;186;6125;1452;7763;150;18790;2693;21633;23;276;545;844;489;189386;8657;198532;"2025-09-25 11:23:31"
905;"2020-11-01";105;99;136868;1581;138548;63;2777;93;2933;61;7150;1429;8640;1;137;127;265;224;146932;3230;150386;"2025-09-25 11:23:31"
906;"2020-11-01";106;189;89426;1136;90751;155;3347;662;4164;109;8724;1915;10748;14;106;108;228;467;101603;3821;105891;"2025-09-25 11:23:31"
907;"2020-11-01";107;270;58928;1205;60403;93;2666;129;2888;118;6555;1491;8164;22;118;97;237;503;68267;2922;71692;"2025-09-25 11:23:31"
908;"2020-11-01";108;177;197999;1737;199913;105;7218;449;7772;156;35726;5240;41122;18;350;332;700;456;241293;7758;249507;"2025-09-25 11:23:31"
909;"2020-11-01";109;180;125789;2971;128940;159;5927;1272;7358;210;21700;3549;25459;14;217;308;539;563;153633;8100;162296;"2025-09-25 11:23:31"
910;"2020-11-01";110;83;116963;1598;118644;39;4806;651;5496;49;18713;2352;21114;3;242;330;575;174;140724;4931;145829;"2025-09-25 11:23:31"
911;"2020-11-01";111;148;80273;741;81162;98;3460;486;4044;140;18062;3509;21711;12;809;255;1076;398;102604;4991;107993;"2025-09-25 11:23:31"
912;"2020-11-01";112;141;103006;2192;105339;125;2719;759;3603;128;9481;3228;12837;11;153;138;302;405;115359;6317;122081;"2025-09-25 11:23:31"
913;"2020-11-01";113;93;71001;1274;72368;32;2821;891;3744;39;9544;1596;11179;0;80;130;210;164;83446;3891;87501;"2025-09-25 11:23:31"
914;"2020-11-01";114;149;85027;615;85791;85;3959;497;4541;143;17286;1861;19290;11;260;171;442;388;106532;3144;110064;"2025-09-25 11:23:31"
915;"2020-11-01";115;220;46088;282;46590;104;1893;729;2726;224;11448;721;12393;11;123;81;215;559;59552;1813;61924;"2025-09-25 11:23:31"
916;"2020-11-01";116;172;46397;510;47079;76;2180;755;3011;192;13452;5836;19480;10;195;396;601;450;62224;7497;70171;"2025-09-25 11:23:31"
917;"2020-11-01";117;77;16526;152;16755;74;859;124;1057;153;6140;4516;10809;7;102;509;618;311;23627;5301;29239;"2025-09-25 11:23:31"
918;"2020-11-01";118;76;92234;1111;93421;54;3322;503;3879;71;10187;1689;11947;9;141;131;281;210;105884;3434;109528;"2025-09-25 11:23:31"
919;"2020-11-01";119;46;170857;2079;172982;32;4282;736;5050;45;11731;3242;15018;8;245;182;435;131;187115;6239;193485;"2025-09-25 11:23:31"
920;"2020-11-01";120;17;136707;929;137653;7;2255;208;2470;27;5032;1213;6272;1;86;31;118;52;144080;2381;146513;"2025-09-25 11:23:31"
921;"2020-11-01";121;333;104487;1418;106238;181;4436;1224;5841;225;20138;4280;24643;17;402;425;844;756;129463;7347;137566;"2025-09-25 11:23:31"
922;"2020-11-01";122;99;56589;442;57130;93;1621;174;1888;87;6100;2012;8199;10;77;313;400;289;64387;2941;67617;"2025-09-25 11:23:31"
923;"2020-11-01";123;254;137496;1927;139677;257;5471;453;6181;197;17702;2437;20336;29;259;248;536;737;160928;5065;166730;"2025-09-25 11:23:31"
924;"2020-11-01";124;186;90372;879;91437;78;3726;564;4368;125;17661;4030;21816;13;240;481;734;402;111999;5954;118355;"2025-09-25 11:23:31"
925;"2020-11-01";125;240;176457;2521;179218;102;6123;2573;8798;177;28053;5000;33230;21;278;246;545;540;210911;10340;221791;"2025-09-25 11:23:31"
926;"2020-11-01";126;311;235217;3343;238871;174;8466;1675;10315;233;33082;6305;39620;21;436;856;1313;739;277201;12179;290119;"2025-09-25 11:23:31"
927;"2020-11-01";127;165;61525;6386;68076;78;3297;809;4184;144;19758;2644;22546;10;211;377;598;397;84791;10216;95404;"2025-09-25 11:23:31"
928;"2020-11-01";128;178;101937;536;102651;79;2904;344;3327;134;15084;1857;17075;13;161;143;317;404;120086;2880;123370;"2025-09-25 11:23:31"
929;"2020-11-01";129;371;372031;2515;374917;216;11420;2595;14231;300;56359;6239;62898;51;819;491;1361;938;440629;11840;453407;"2025-09-25 11:23:31"
931;"2020-11-01";238;150;86364;2296;88810;134;3043;562;3739;231;17521;1357;19109;24;229;347;600;539;107157;4562;112258;"2025-09-25 11:23:31"
932;"2020-11-01";214;65;18221;241;18527;59;867;82;1008;92;7073;210;7375;7;73;68;148;223;26234;601;27058;"2025-09-25 11:23:31"
933;"2020-11-01";240;108;36710;680;37498;76;1472;127;1675;117;6807;408;7332;10;91;194;295;311;45080;1409;46800;"2025-09-25 11:23:31"
934;"2020-11-01";241;120;24497;453;25070;100;950;107;1157;179;6552;168;6899;5;66;29;100;404;32065;757;33226;"2025-09-25 11:23:31"
935;"2020-11-01";242;102;31008;873;31983;87;1322;149;1558;104;5499;256;5859;6;94;84;184;299;37923;1362;39584;"2025-09-25 11:23:31"
936;"2020-11-01";243;49;8372;40;8461;46;363;30;439;93;3232;38;3363;5;29;11;45;193;11996;119;12308;"2025-09-25 11:23:31"
937;"2020-11-01";244;42;11281;180;11503;33;458;28;519;106;3931;77;4114;7;46;19;72;188;15716;304;16208;"2025-09-25 11:23:31"
938;"2020-11-01";245;127;14215;124;14466;82;773;62;917;118;6052;122;6292;8;58;42;108;335;21098;350;21783;"2025-09-25 11:23:31"
939;"2020-11-01";246;208;141933;2765;144906;148;5054;621;5823;207;25109;2011;27327;17;314;313;644;580;172410;5710;178700;"2025-09-25 11:23:31"
940;"2020-11-01";247;56;12892;157;13105;50;559;48;657;109;4801;77;4987;5;51;25;81;220;18303;307;18830;"2025-09-25 11:23:31"
941;"2020-11-01";248;102;13822;220;14144;84;693;65;842;135;6113;168;6416;14;62;27;103;335;20690;480;21505;"2025-09-25 11:23:31"
942;"2020-11-01";249;52;16326;135;16513;58;869;36;963;119;6839;123;7081;8;49;19;76;237;24083;313;24633;"2025-09-25 11:23:31"
943;"2020-11-01";250;283;110117;2330;112730;266;3696;642;4604;258;17928;2670;20856;16;268;364;648;823;132009;6006;138838;"2025-09-25 11:23:31"
944;"2020-11-01";251;62;15898;386;16346;56;725;162;943;105;3365;146;3616;5;69;39;113;228;20057;733;21018;"2025-09-25 11:23:31"
945;"2020-11-01";252;93;16293;277;16663;79;849;57;985;110;8350;129;8589;11;52;33;96;293;25544;496;26333;"2025-09-25 11:23:31"
946;"2020-11-01";253;131;25914;233;26278;106;1423;306;1835;182;11209;437;11828;18;87;79;184;437;38633;1055;40125;"2025-09-25 11:23:31"
947;"2020-11-01";254;53;9397;67;9517;63;363;61;487;102;3188;45;3335;10;37;18;65;228;12985;191;13404;"2025-09-25 11:23:31"
948;"2020-11-01";255;77;17423;385;17885;62;934;58;1054;108;8007;229;8344;9;62;47;118;256;26426;719;27401;"2025-09-25 11:23:31"
950;"2020-11-01";131;66;14121;83;14270;52;795;54;901;81;7631;242;7954;8;40;29;77;207;22587;408;23202;"2025-09-25 11:23:31"
951;"2020-11-01";132;66;10307;111;10484;45;530;65;640;109;4805;377;5291;4;35;222;261;224;15677;775;16676;"2025-09-25 11:23:31"
952;"2020-11-01";133;71;11239;131;11441;53;662;91;806;95;5982;706;6783;12;48;72;132;231;17931;1000;19162;"2025-09-25 11:23:31"
953;"2020-11-01";134;74;16147;134;16355;53;792;85;930;114;7917;142;8173;7;62;26;95;248;24918;387;25553;"2025-09-25 11:23:31"
954;"2020-11-01";135;73;18335;365;18773;47;902;92;1041;79;7522;595;8196;5;53;75;133;204;26812;1127;28143;"2025-09-25 11:23:31"
955;"2020-11-01";136;72;42540;265;42877;60;2260;206;2526;93;13195;1272;14560;8;121;142;271;233;58116;1885;60234;"2025-09-25 11:23:31"
956;"2020-11-01";137;103;51234;766;52103;77;2008;178;2263;152;13455;1662;15269;6;173;837;1016;338;66870;3443;70651;"2025-09-25 11:23:31"
957;"2020-11-01";138;32;15399;137;15568;21;625;34;680;31;3074;542;3647;5;50;41;96;89;19148;754;19991;"2025-09-25 11:23:31"
958;"2020-11-01";139;71;38641;238;38950;60;1614;120;1794;78;8738;881;9697;6;90;109;205;215;49083;1348;50646;"2025-09-25 11:23:31"
959;"2020-11-01";140;1;8;0;9;0;3;0;3;0;8;0;8;0;0;0;0;1;19;0;20;"2025-09-25 11:23:31"
960;"2020-11-01";141;204;75168;1049;76421;118;2536;408;3062;175;11549;911;12635;18;144;219;381;515;89397;2587;92499;"2025-09-25 11:23:31"
961;"2020-11-01";142;64;81376;1612;83052;109;2433;875;3417;62;10913;1651;12626;4;173;217;394;239;94895;4355;99489;"2025-09-25 11:23:31"
962;"2020-11-01";143;133;85469;1606;87208;96;2904;406;3406;119;13506;1802;15427;4;174;174;352;352;102053;3988;106393;"2025-09-25 11:23:31"
963;"2020-11-01";144;133;108974;4926;114033;85;3407;735;4227;130;15130;2017;17277;13;241;303;557;361;127752;7981;136094;"2025-09-25 11:23:31"
964;"2020-11-01";145;193;85769;3800;89762;141;3324;430;3895;236;19491;1613;21340;21;254;277;552;591;108838;6120;115549;"2025-09-25 11:23:31"
966;"2020-11-01";147;57;19330;62;19449;31;698;114;843;59;1873;333;2265;7;25;24;56;154;21926;533;22613;"2025-09-25 11:23:31"
967;"2020-11-01";148;218;39158;1314;40690;121;1861;377;2359;211;12452;647;13310;23;120;102;245;573;53591;2440;56604;"2025-09-25 11:23:31"
968;"2020-11-01";149;60;18941;1283;20284;35;1161;297;1493;82;8378;570;9030;7;59;58;124;184;28539;2208;30931;"2025-09-25 11:23:31"
969;"2020-11-01";150;131;43100;851;44082;81;2326;418;2825;159;15382;1045;16586;25;94;76;195;396;60902;2390;63688;"2025-09-25 11:23:31"
970;"2020-11-01";151;141;73475;535;74151;74;2680;305;3059;167;17660;2238;20065;13;245;797;1055;395;94060;3875;98330;"2025-09-25 11:23:31"
971;"2020-11-01";152;121;38049;469;38639;76;1569;165;1810;181;12409;541;13131;28;99;152;279;406;52126;1327;53859;"2025-09-25 11:23:31"
972;"2020-11-01";153;93;21788;478;22359;64;1240;328;1632;131;11022;368;11521;10;65;47;122;298;34115;1221;35634;"2025-09-25 11:23:31"
973;"2020-11-01";154;150;72983;853;73986;79;2829;471;3379;158;17939;1700;19797;17;203;370;590;404;93954;3394;97752;"2025-09-25 11:23:31"
974;"2020-11-01";155;82;18626;154;18862;40;800;113;953;109;7468;539;8116;8;57;77;142;239;26951;883;28073;"2025-09-25 11:23:31"
975;"2020-11-01";156;172;137267;2590;140029;142;5321;598;6061;166;22157;3178;25501;40;296;328;664;520;165041;6694;172255;"2025-09-25 11:23:31"
976;"2020-11-01";157;118;30163;307;30588;100;1488;313;1901;174;11143;664;11981;13;104;96;213;405;42898;1380;44683;"2025-09-25 11:23:31"
977;"2020-11-01";158;96;107757;1551;109404;70;4383;578;5031;94;18231;2429;20754;9;248;353;610;269;130619;4911;135799;"2025-09-25 11:23:31"
978;"2020-11-01";159;150;168944;2381;171475;133;5310;870;6313;238;19964;2003;22205;18;263;242;523;539;194481;5496;200516;"2025-09-25 11:23:31"
979;"2020-11-01";160;69;10442;73;10584;52;537;67;656;116;5738;607;6461;11;52;67;130;248;16769;814;17831;"2025-09-25 11:23:31"
980;"2020-11-01";161;75;22961;199;23235;42;1121;86;1249;168;9985;228;10381;16;85;35;136;301;34152;548;35001;"2025-09-25 11:23:31"
981;"2020-11-01";162;163;38615;326;39104;86;1587;230;1903;144;12067;755;12966;23;131;157;311;416;52400;1468;54284;"2025-09-25 11:23:31"
983;"2020-11-01";257;98;18613;173;18884;61;1323;93;1477;125;10234;260;10619;7;77;37;121;291;30247;563;31101;"2025-09-25 11:23:31"
984;"2020-11-01";258;201;107124;2283;109608;121;3614;524;4259;209;18603;2948;21760;17;240;632;889;548;129581;6387;136516;"2025-09-25 11:23:31"
985;"2020-11-01";259;111;30392;729;31232;67;1583;170;1820;107;12794;1024;13925;8;184;107;299;293;44953;2030;47276;"2025-09-25 11:23:31"
986;"2020-11-01";260;130;27003;3830;30963;93;1355;284;1732;164;12247;425;12836;16;126;58;200;403;40731;4597;45731;"2025-09-25 11:23:31"
987;"2020-11-01";261;65;8023;57;8145;41;491;56;588;86;4203;250;4539;4;27;36;67;196;12744;399;13339;"2025-09-25 11:23:31"
988;"2020-11-01";262;82;17902;193;18177;63;908;126;1097;111;8379;253;8743;10;66;41;117;266;27255;613;28134;"2025-09-25 11:23:31"
989;"2020-11-01";263;70;9128;63;9261;64;450;20;534;101;4899;62;5062;6;35;11;52;241;14512;156;14909;"2025-09-25 11:23:31"
990;"2020-11-01";264;97;37611;352;38060;104;1706;509;2319;185;11489;2136;13810;21;120;165;306;407;50926;3162;54495;"2025-09-25 11:23:31"
991;"2020-11-01";265;164;107055;2097;109316;129;4633;496;5258;208;23958;3000;27166;12;223;353;588;513;135869;5946;142328;"2025-09-25 11:23:31"
992;"2020-11-01";266;64;8998;60;9122;47;471;70;588;101;4700;268;5069;4;32;26;62;216;14201;424;14841;"2025-09-25 11:23:31"
993;"2020-11-01";267;66;7342;32;7440;48;389;20;457;121;4249;104;4474;10;30;16;56;245;12010;172;12427;"2025-09-25 11:23:31"
994;"2020-11-01";268;137;147348;3683;151168;98;4170;924;5192;134;18660;2288;21082;10;312;359;681;379;170490;7254;178123;"2025-09-25 11:23:31"
995;"2020-11-01";269;268;130646;2014;132928;242;3803;579;4624;192;16229;1372;17793;22;174;243;439;724;150852;4208;155784;"2025-09-25 11:23:31"
996;"2020-11-01";270;109;37626;2521;40256;96;1781;216;2093;126;14451;842;15419;7;166;104;277;338;54024;3683;58045;"2025-09-25 11:23:31"
997;"2020-11-01";271;87;8636;42;8765;46;449;83;578;95;4740;85;4920;5;39;10;54;233;13864;220;14317;"2025-09-25 11:23:31"
999;"2020-11-01";164;63;11482;177;11722;55;613;122;790;93;6305;765;7163;10;57;43;110;221;18457;1107;19785;"2025-09-25 11:23:31"
1000;"2020-11-01";165;83;18741;201;19025;76;1160;119;1355;136;11773;267;12176;6;59;35;100;301;31733;622;32656;"2025-09-25 11:23:31"
1001;"2020-11-01";166;60;9396;169;9625;35;465;72;572;60;4737;407;5204;0;38;62;100;155;14636;710;15501;"2025-09-25 11:23:31"
1002;"2020-11-01";167;82;65877;600;66559;64;2379;275;2718;86;13211;3436;16733;14;327;1604;1945;246;81794;5915;87955;"2025-09-25 11:23:31"
1003;"2020-11-01";168;47;8600;406;9053;32;453;58;543;56;3901;216;4173;0;42;24;66;135;12996;704;13835;"2025-09-25 11:23:31"
1004;"2020-11-01";169;142;46353;1012;47507;113;2046;383;2542;197;15079;1606;16882;17;225;258;500;469;63703;3259;67431;"2025-09-25 11:23:31"
1005;"2020-11-01";170;89;17645;246;17980;45;858;274;1177;81;7632;908;8621;11;79;146;236;226;26214;1574;28014;"2025-09-25 11:23:31"
1006;"2020-11-01";171;144;78793;2392;81329;120;3238;433;3791;160;13513;2426;16099;9;208;359;576;433;95752;5610;101795;"2025-09-25 11:23:31"
1007;"2020-11-01";172;209;32660;142;33011;191;1539;61;1791;154;10812;731;11697;12;100;88;200;566;45111;1022;46699;"2025-09-25 11:23:31"
1008;"2020-11-01";173;70;13038;25810;38918;50;783;651;1484;85;7584;362;8031;4;52;49;105;209;21457;26872;48538;"2025-09-25 11:23:31"
1009;"2020-11-01";174;171;113217;1722;115110;134;3639;692;4465;183;22235;1903;24321;13;245;854;1112;501;139336;5171;145008;"2025-09-25 11:23:31"
1010;"2020-11-01";175;94;11714;41235;53043;62;653;1285;2000;154;8439;442;9035;1;99;30;130;311;20905;42992;64208;"2025-09-25 11:23:31"
1011;"2020-11-01";176;184;105554;2233;107971;153;3806;687;4646;177;21061;3365;24603;16;278;815;1109;530;130699;7100;138329;"2025-09-25 11:23:31"
1012;"2020-11-01";177;68;18800;169;19037;38;875;103;1016;95;7786;470;8351;6;64;38;108;207;27525;780;28512;"2025-09-25 11:23:31"
1013;"2020-11-01";178;94;21375;8738;30207;55;1269;209;1533;112;10400;693;11205;8;140;117;265;269;33184;9757;43210;"2025-09-25 11:23:31"
1014;"2020-11-01";179;102;15121;194;15417;49;799;114;962;89;9382;187;9658;4;76;18;98;244;25378;513;26135;"2025-09-25 11:23:31"
1015;"2020-11-01";180;76;17817;182;18075;39;847;81;967;77;7733;777;8587;3;94;87;184;195;26491;1127;27813;"2025-09-25 11:23:31"
1016;"2020-11-01";181;77;12441;82;12600;62;634;50;746;97;6810;290;7197;6;48;25;79;242;19933;447;20622;"2025-09-25 11:23:31"
1017;"2020-11-01";182;57;10221;97;10375;42;580;56;678;65;5946;121;6132;1;36;16;53;165;16783;290;17238;"2025-09-25 11:23:31"
1018;"2020-11-01";183;62;11172;25824;37058;52;577;679;1308;80;6172;163;6415;9;49;15;73;203;17970;26681;44854;"2025-09-25 11:23:31"
1019;"2020-11-01";184;115;22755;265;23135;83;1678;100;1861;135;14650;229;15014;24;80;30;134;357;39163;624;40144;"2025-09-25 11:23:31"
1020;"2020-11-01";185;87;23300;233;23620;44;1071;1217;2332;82;7904;502;8488;6;85;139;230;219;32360;2091;34670;"2025-09-25 11:23:31"
1022;"2020-11-01";187;112;109607;1028;110747;80;3464;393;3937;123;22718;2628;25469;6;225;392;623;321;136014;4441;140776;"2025-09-25 11:23:31"
1023;"2020-11-01";188;202;110001;1758;111961;151;4186;546;4883;221;25484;1899;27604;12;321;360;693;586;139992;4563;145141;"2025-09-25 11:23:31"
1024;"2020-11-01";189;59;13355;38;13452;35;710;42;787;68;6256;566;6890;8;59;36;103;170;20380;682;21232;"2025-09-25 11:23:31"
1025;"2020-11-01";190;194;179939;2486;182619;113;6010;818;6941;230;25980;3494;29704;13;289;446;748;550;212218;7244;220012;"2025-09-25 11:23:31"
1026;"2020-11-01";44;42;9160;37;9239;39;430;18;487;41;5132;197;5370;1;42;54;97;123;14764;306;15193;"2025-09-25 11:23:31"
1027;"2020-11-01";192;146;54229;598;54973;85;2236;256;2577;149;17000;917;18066;9;130;132;271;389;73595;1903;75887;"2025-09-25 11:23:31"
1028;"2020-11-01";193;84;25214;390;25688;59;1347;128;1534;123;9720;256;10099;9;71;67;147;275;36352;841;37468;"2025-09-25 11:23:31"
1029;"2020-11-01";194;92;10584;63;10739;43;491;37;571;70;6748;87;6905;2;50;11;63;207;17873;198;18278;"2025-09-25 11:23:31"
1030;"2020-11-01";195;117;34293;438;34848;90;1758;246;2094;163;16604;1002;17769;10;119;150;279;380;52774;1836;54990;"2025-09-25 11:23:31"
1031;"2020-11-01";196;64;18646;190;18900;46;863;46;955;85;10679;966;11730;4;91;146;241;199;30279;1348;31826;"2025-09-25 11:23:31"
1032;"2020-11-01";197;201;60336;884;61421;219;2327;290;2836;255;18961;1225;20441;40;166;220;426;715;81790;2619;85124;"2025-09-25 11:23:31"
1033;"2020-11-01";198;77;12200;122;12399;54;659;55;768;119;5910;105;6134;8;34;21;63;258;18803;303;19364;"2025-09-25 11:23:31"
1034;"2020-11-01";199;52;5623;32;5707;34;296;27;357;56;3673;48;3777;1;25;5;31;143;9617;112;9872;"2025-09-25 11:23:31"
1035;"2020-11-01";200;126;38825;522;39473;72;1788;155;2015;144;14504;723;15371;28;153;133;314;370;55270;1533;57173;"2025-09-25 11:23:31"
1036;"2020-11-01";201;111;41443;477;42031;74;1880;245;2199;115;15774;1512;17401;8;163;319;490;308;59260;2553;62121;"2025-09-25 11:23:31"
1037;"2020-11-01";202;96;20560;187;20843;54;792;77;923;90;8013;185;8288;19;73;34;126;259;29438;483;30180;"2025-09-25 11:23:31"
1038;"2020-11-01";203;69;3605;281;3955;17;244;182;443;58;1299;30;1387;6;14;3;23;150;5162;496;5808;"2025-09-25 11:23:31"
1039;"2020-11-01";204;119;18828;147;19094;66;688;85;839;120;6355;101;6576;7;91;26;124;312;25962;359;26633;"2025-09-25 11:23:31"
1040;"2020-11-01";205;74;18010;90;18174;88;923;77;1088;144;11556;722;12422;9;77;93;179;315;30566;982;31863;"2025-09-25 11:23:31"
1041;"2020-11-01";206;76;16406;132;16614;44;688;44;776;92;7606;517;8215;7;57;82;146;219;24757;775;25751;"2025-09-25 11:23:31"
1042;"2020-11-01";207;65;9287;44;9396;60;468;46;574;71;5714;104;5889;2;45;13;60;198;15514;207;15919;"2025-09-25 11:23:31"
1043;"2020-11-01";208;130;53365;300;53795;67;2110;418;2595;104;12401;1354;13859;9;135;228;372;310;68011;2300;70621;"2025-09-25 11:23:31"
1044;"2020-11-01";209;147;99126;1340;100613;91;3276;836;4203;206;17153;4568;21927;12;237;1778;2027;456;119792;8522;128770;"2025-09-25 11:23:31"
1045;"2020-11-01";210;137;117194;2312;119643;80;3388;313;3781;96;17848;922;18866;17;207;280;504;330;138637;3827;142794;"2025-09-25 11:23:31"
1047;"2020-11-01";212;125;90441;1068;91634;95;3326;509;3930;136;11750;382;12268;11;183;146;340;367;105700;2105;108172;"2025-09-25 11:23:31"
1048;"2020-11-01";213;92;22044;206;22342;63;931;179;1173;97;8849;265;9211;11;51;164;226;263;31875;814;32952;"2025-09-25 11:23:31"
1050;"2020-11-01";215;242;224983;2356;227581;172;7321;643;8136;213;40183;3777;44173;28;430;536;994;655;272917;7312;280884;"2025-09-25 11:23:31"
1051;"2020-11-01";216;90;12977;176;13243;58;600;126;784;120;6026;135;6281;7;37;28;72;275;19640;465;20380;"2025-09-25 11:23:31"
1052;"2020-11-01";217;118;40132;469;40719;98;1576;216;1890;103;13545;2697;16345;10;133;627;770;329;55386;4009;59724;"2025-09-25 11:23:31"
1053;"2020-11-01";218;96;43786;672;44554;73;1660;238;1971;133;10554;492;11179;11;107;121;239;313;56107;1523;57943;"2025-09-25 11:23:31"
1054;"2020-11-01";219;89;12352;130;12571;61;579;56;696;85;6910;468;7463;6;125;133;264;241;19966;787;20994;"2025-09-25 11:23:31"
1055;"2020-11-01";220;143;136352;990;137485;108;4773;855;5736;136;21784;6556;28476;11;377;1616;2004;398;163286;10017;173701;"2025-09-25 11:23:31"
1056;"2020-11-01";221;62;9390;68;9520;51;431;59;541;83;4422;489;4994;6;29;96;131;202;14272;712;15186;"2025-09-25 11:23:31"
1057;"2020-11-01";222;211;132786;2744;135741;170;3968;1077;5215;227;26693;2252;29172;16;279;392;687;624;163726;6465;170815;"2025-09-25 11:23:31"
1058;"2020-11-01";223;74;23938;346;24358;69;1165;108;1342;83;10005;364;10452;9;97;58;164;235;35205;876;36316;"2025-09-25 11:23:31"
1059;"2020-11-01";224;122;82343;1309;83774;60;2187;524;2771;134;10641;915;11690;9;63;141;213;325;95234;2889;98448;"2025-09-25 11:23:31"
1060;"2020-11-01";225;79;80852;2420;83351;34;2260;433;2727;57;11382;1577;13016;2;108;235;345;172;94602;4665;99439;"2025-09-25 11:23:31"
1061;"2020-11-01";226;46;105718;2409;108173;17;2140;585;2742;78;8724;679;9481;1;115;159;275;142;116697;3832;120671;"2025-09-25 11:23:31"
1062;"2020-11-01";227;384;118523;26373;145280;359;3167;582;4108;181;18533;1534;20248;18;200;336;554;942;140423;28825;170190;"2025-09-25 11:23:31"
1063;"2020-11-01";228;88;80369;772;81229;35;2301;184;2520;82;7549;676;8307;7;141;183;331;212;90360;1815;92387;"2025-09-25 11:23:31"
1064;"2020-11-01";229;109;41466;779;42354;84;2008;245;2337;126;8839;309;9274;7;89;71;167;326;52402;1404;54132;"2025-09-25 11:23:31"
1065;"2020-11-01";230;61;15659;108;15828;62;631;42;735;99;7666;174;7939;6;48;75;129;228;24004;399;24631;"2025-09-25 11:23:31"
1066;"2020-11-01";231;67;29052;17568;46687;54;1198;402;1654;64;9861;507;10432;7;182;216;405;192;40293;18693;59178;"2025-09-25 11:23:31"
1067;"2020-11-01";232;48;12415;182;12645;54;567;83;704;108;6267;137;6512;6;51;20;77;216;19300;422;19938;"2025-09-25 11:23:31"
1068;"2020-11-01";233;76;14541;112;14729;59;657;69;785;125;7796;394;8315;8;40;57;105;268;23034;632;23934;"2025-09-25 11:23:31"
1070;"2020-11-01";235;272;72212;1185;73669;154;3281;152;3587;348;27507;561;28416;42;187;122;351;816;103187;2020;106023;"2025-09-25 11:23:31"
1071;"2020-11-01";236;575;219694;231940;452209;338;7914;7205;15457;690;49236;3141;53067;40;504;523;1067;1643;277348;242809;521800;"2025-09-25 11:23:31"
1073;"2020-12-01";1;148;198555;15907;214610;54;4731;647;5432;176;13390;2186;15752;15;243;164;422;393;216919;18904;236216;"2025-09-25 11:23:38"
1074;"2020-12-01";2;91;123993;5670;129754;41;3841;586;4468;154;12720;2413;15287;5;124;228;357;291;140678;8897;149866;"2025-09-25 11:23:38"
1075;"2020-12-01";3;105;60792;2198;63095;63;2719;722;3504;135;7502;1268;8905;13;64;98;175;316;71077;4286;75679;"2025-09-25 11:23:38"
1076;"2020-12-01";4;104;60623;973;61700;77;1857;178;2112;121;14890;1946;16957;8;232;472;712;310;77602;3569;81481;"2025-09-25 11:23:38"
1077;"2020-12-01";5;95;99684;3059;102838;50;3889;323;4262;162;9808;2028;11998;12;113;170;295;319;113494;5580;119393;"2025-09-25 11:23:38"
1078;"2020-12-01";6;84;79661;3510;83255;42;2662;405;3109;161;10527;1548;12236;7;47;229;283;294;92897;5692;98883;"2025-09-25 11:23:38"
1079;"2020-12-01";7;97;112412;9339;121848;57;5015;659;5731;130;14485;2652;17267;9;222;190;421;293;132134;12840;145267;"2025-09-25 11:23:38"
1080;"2020-12-01";8;41;68114;3053;71208;19;3342;513;3874;70;10785;2271;13126;5;92;90;187;135;82333;5927;88395;"2025-09-25 11:23:38"
1081;"2020-12-01";9;93;128202;6048;134343;53;4145;896;5094;170;10633;2111;12914;9;113;256;378;325;143093;9311;152729;"2025-09-25 11:23:38"
1082;"2020-12-01";10;91;76473;4843;81407;51;2958;435;3444;122;8664;1928;10714;11;108;155;274;275;88203;7361;95839;"2025-09-25 11:23:38"
1083;"2020-12-01";11;103;79187;2553;81843;52;3237;148;3437;142;10266;2139;12547;10;97;96;203;307;92787;4936;98030;"2025-09-25 11:23:38"
1084;"2020-12-01";12;103;92416;1208;93727;53;2811;140;3004;145;7170;1182;8497;15;86;259;360;316;102483;2789;105588;"2025-09-25 11:23:38"
1085;"2020-12-01";13;100;99115;4172;103387;55;3099;604;3758;165;9679;2088;11932;20;156;136;312;340;112049;7000;119389;"2025-09-25 11:23:38"
1086;"2020-12-01";14;201;74359;3383;77943;109;2521;439;3069;137;6201;1853;8191;10;81;202;293;457;83162;5877;89496;"2025-09-25 11:23:38"
1087;"2020-12-01";15;213;152796;6754;159763;137;3658;770;4565;173;11195;4982;16350;12;207;156;375;535;167856;12662;181053;"2025-09-25 11:23:38"
1088;"2020-12-01";16;121;82602;9158;91881;45;2466;956;3467;157;8827;1607;10591;18;97;102;217;341;93992;11823;106156;"2025-09-25 11:23:38"
1089;"2020-12-01";17;89;101842;2569;104500;46;3571;1143;4760;147;8992;1675;10814;9;84;102;195;291;114489;5489;120269;"2025-09-25 11:23:38"
1090;"2020-12-01";18;127;201276;6508;207911;94;4910;1508;6512;157;25917;4826;30900;14;217;279;510;392;232320;13121;245833;"2025-09-25 11:23:38"
1091;"2020-12-01";19;116;126383;4639;131138;56;3903;781;4740;135;11995;2830;14960;8;187;416;611;315;142468;8666;151449;"2025-09-25 11:23:38"
1092;"2020-12-01";20;132;116304;4092;120528;53;4567;193;4813;175;15181;4254;19610;14;578;628;1220;374;136630;9167;146171;"2025-09-25 11:23:38"
1093;"2020-12-01";21;135;68904;845;69884;56;2162;62;2280;140;5481;1086;6707;9;77;38;124;340;76624;2031;78995;"2025-09-25 11:23:38"
1094;"2020-12-01";22;99;110148;4153;114400;46;3895;798;4739;138;10668;1930;12736;14;118;191;323;297;124829;7072;132198;"2025-09-25 11:23:38"
1095;"2020-12-01";23;1742;38953;502;41197;1662;1757;307;3726;364;3934;851;5149;88;53;54;195;3856;44697;1714;50267;"2025-09-25 11:23:38"
1096;"2020-12-01";63;122;87299;1242;88663;101;2192;241;2534;103;10556;764;11423;10;109;266;385;336;100156;2513;103005;"2025-09-25 11:23:38"
1097;"2020-12-01";25;79;88177;5834;94090;32;3796;596;4424;128;12144;2758;15030;16;133;327;476;255;104250;9515;114020;"2025-09-25 11:23:38"
1098;"2020-12-01";146;845;293193;219455;513493;487;11179;7178;18844;1035;76857;3696;81588;81;691;645;1417;2448;381920;230974;615342;"2025-09-25 11:23:38"
1100;"2020-12-01";28;101;67625;3185;70911;62;2557;542;3161;102;10297;3247;13646;13;99;691;803;278;80578;7665;88521;"2025-09-25 11:23:38"
1101;"2020-12-01";29;77;65127;892;66096;59;2379;506;2944;114;10581;930;11625;10;145;191;346;260;78232;2519;81011;"2025-09-25 11:23:38"
1102;"2020-12-01";77;283;133537;3224;137044;188;3112;486;3786;224;16460;3070;19754;18;244;580;842;713;153353;7360;161426;"2025-09-25 11:23:38"
1103;"2020-12-01";57;57;55578;640;56275;42;1438;139;1619;77;4495;246;4818;5;84;45;134;181;61595;1070;62846;"2025-09-25 11:23:38"
1104;"2020-12-01";32;77;79655;1685;81417;32;2343;670;3045;66;10384;1400;11850;1;112;232;345;176;92494;3987;96657;"2025-09-25 11:23:38"
1105;"2020-12-01";33;126;106086;16242;122454;64;3300;494;3858;168;13710;2174;16052;10;135;497;642;368;123231;19407;143006;"2025-09-25 11:23:38"
1106;"2020-12-01";79;86;101327;1861;103274;41;2461;290;2792;87;10308;1408;11803;9;116;348;473;223;114212;3907;118342;"2025-09-25 11:23:38"
1107;"2020-12-01";35;93;65855;2951;68899;70;2605;317;2992;115;14834;2345;17294;9;174;325;508;287;83468;5938;89693;"2025-09-25 11:23:38"
1108;"2020-12-01";36;97;90102;4222;94421;51;3216;346;3613;104;13378;1870;15352;9;135;274;418;261;106831;6712;113804;"2025-09-25 11:23:38"
1109;"2020-12-01";60;273;180863;4659;185795;293;5104;296;5693;206;19286;1997;21489;33;261;443;737;805;205514;7395;213714;"2025-09-25 11:23:38"
1110;"2020-12-01";38;49;59496;31130;90675;24;1682;836;2542;76;6043;1182;7301;10;96;377;483;159;67317;33525;101001;"2025-09-25 11:23:38"
1111;"2020-12-01";39;277;79748;7210;87235;445;1992;644;3081;183;8325;2050;10558;26;120;694;840;931;90185;10598;101714;"2025-09-25 11:23:38"
1112;"2020-12-01";40;80;25483;1305;26868;50;1117;289;1456;85;4135;329;4549;10;34;48;92;225;30769;1971;32965;"2025-09-25 11:23:38"
1114;"2020-12-01";42;124;147500;9556;157180;63;3804;311;4178;121;13437;2003;15561;9;153;520;682;317;164894;12390;177601;"2025-09-25 11:23:38"
1117;"2020-12-01";46;191;233893;7486;241570;111;5750;767;6628;182;30531;5233;35946;9;308;559;876;493;270482;14045;285020;"2025-09-25 11:23:38"
1118;"2020-12-01";47;112;110276;1774;112162;112;3240;534;3886;267;19265;2474;22006;54;210;266;530;545;132991;5048;138584;"2025-09-25 11:23:38"
1122;"2020-12-01";51;174;194070;3152;197396;183;3580;719;4482;209;16976;1253;18438;13;216;147;376;579;214842;5271;220692;"2025-09-25 11:23:38"
1125;"2020-12-01";54;117;24183;36086;60386;59;1247;2025;3331;149;9083;720;9952;8;77;82;167;333;34590;38913;73836;"2025-09-25 11:23:38"
1126;"2020-12-01";55;104;93420;194398;287922;62;3882;3788;7732;107;21678;2469;24254;14;380;277;671;287;119360;200932;320579;"2025-09-25 11:23:38"
1127;"2020-12-01";56;303;216595;46409;263307;334;6482;1674;8490;172;29659;3220;33051;20;283;543;846;829;253019;51846;305694;"2025-09-25 11:23:38"
1129;"2020-12-01";58;175;137391;4994;142560;98;5044;163;5305;134;17465;4318;21917;16;294;934;1244;423;160194;10409;171026;"2025-09-25 11:23:38"
1130;"2020-12-01";59;137;184539;17722;202398;83;5897;999;6979;107;24228;2702;27037;9;291;323;623;336;214955;21746;237037;"2025-09-25 11:23:38"
1132;"2020-12-01";61;161;176106;4375;180642;91;3626;814;4531;147;12096;2374;14617;9;193;416;618;408;192021;7979;200408;"2025-09-25 11:23:38"
1133;"2020-12-01";62;61;7873;87;8021;42;527;62;631;105;3568;48;3721;3;30;12;45;211;11998;209;12418;"2025-09-25 11:23:38"
1136;"2020-12-01";65;166;162524;3614;166304;134;4982;398;5514;183;26151;7516;33850;24;384;866;1274;507;194041;12394;206942;"2025-09-25 11:23:38"
1142;"2020-12-01";71;72;68892;1947;70911;41;2666;563;3270;110;14058;3888;18056;12;175;430;617;235;85791;6828;92854;"2025-09-25 11:23:38"
1145;"2020-12-01";74;130;159065;2019;161214;94;3847;319;4260;140;14558;2154;16852;13;288;298;599;377;177758;4790;182925;"2025-09-25 11:23:38"
1151;"2020-12-01";80;155;100357;1191;101703;80;2945;771;3796;148;19327;3940;23415;2;233;932;1167;385;122862;6834;130081;"2025-09-25 11:23:38"
1154;"2020-12-01";83;325;152377;628;153330;176;3740;428;4344;225;14741;1622;16588;46;269;165;480;772;171127;2843;174742;"2025-09-25 11:23:38"
1156;"2020-12-01";85;130;22891;189;23210;84;1304;168;1556;150;6315;169;6634;11;89;40;140;375;30599;566;31540;"2025-09-25 11:23:38"
1157;"2020-12-01";86;279;153688;1219;155186;173;4844;366;5383;195;19049;2199;21443;21;221;197;439;668;177802;3981;182451;"2025-09-25 11:23:38"
1158;"2020-12-01";87;100;107550;2770;110420;83;2972;841;3896;83;12732;1936;14751;12;176;191;379;278;123430;5738;129446;"2025-09-25 11:23:38"
1159;"2020-12-01";88;64;104041;2272;106377;29;2599;542;3170;31;9573;1311;10915;1;113;119;233;125;116326;4244;120695;"2025-09-25 11:23:38"
1160;"2020-12-01";89;467;20728;322;21517;119;563;21;703;111;1761;263;2135;18;24;12;54;715;23076;618;24409;"2025-09-25 11:23:38"
1161;"2020-12-01";90;116;85948;1684;87748;77;3047;506;3630;101;10823;1974;12898;10;113;138;261;304;99931;4302;104537;"2025-09-25 11:23:38"
1162;"2020-12-01";91;161;154964;900;156025;93;5747;2762;8602;123;29150;4348;33621;12;328;403;743;389;190189;8413;198991;"2025-09-25 11:23:38"
1163;"2020-12-01";92;76;59663;1069;60808;77;1980;305;2362;96;8837;1144;10077;13;114;129;256;262;70594;2647;73503;"2025-09-25 11:23:38"
1164;"2020-12-01";93;122;86010;835;86967;74;2608;162;2844;97;9409;3832;13338;8;122;304;434;301;98149;5133;103583;"2025-09-25 11:23:38"
1165;"2020-12-01";94;201;185405;1876;187482;110;6044;1619;7773;173;28773;3461;32407;7;370;761;1138;491;220592;7717;228800;"2025-09-25 11:23:38"
1166;"2020-12-01";95;326;242940;1898;245164;192;8832;1073;10097;210;41789;4898;46897;14;528;429;971;742;294089;8298;303129;"2025-09-25 11:23:38"
1167;"2020-12-01";96;79;30622;765;31466;43;1510;66;1619;80;5404;566;6050;13;73;42;128;215;37609;1439;39263;"2025-09-25 11:23:38"
1168;"2020-12-01";97;262;248610;5441;254313;202;9778;1179;11159;206;35340;5339;40885;25;353;527;905;695;294081;12486;307262;"2025-09-25 11:23:38"
1169;"2020-12-01";101;174;171989;3427;175590;70;3028;1318;4416;113;8179;1932;10224;14;168;193;375;371;183364;6870;190605;"2025-09-25 11:23:38"
1170;"2020-12-01";102;169;66350;1046;67565;76;2501;220;2797;89;8015;1101;9205;16;93;145;254;350;76959;2512;79821;"2025-09-25 11:23:38"
1171;"2020-12-01";103;193;58809;2079;61081;52;2708;247;3007;93;9447;1589;11129;3;105;151;259;341;71069;4066;75476;"2025-09-25 11:23:38"
1172;"2020-12-01";104;129;166809;3961;170899;186;6283;1421;7890;149;18979;2697;21825;23;289;551;863;487;192360;8630;201477;"2025-09-25 11:23:38"
1173;"2020-12-01";105;102;137100;1581;138783;62;2749;92;2903;61;7104;1425;8590;1;150;130;281;226;147103;3228;150557;"2025-09-25 11:23:38"
1174;"2020-12-01";106;187;89303;1126;90616;152;3312;713;4177;109;8640;1920;10669;14;109;107;230;462;101364;3866;105692;"2025-09-25 11:23:38"
1175;"2020-12-01";107;270;59145;1196;60611;95;2648;129;2872;118;6518;1492;8128;22;122;97;241;505;68433;2914;71852;"2025-09-25 11:23:38"
1176;"2020-12-01";108;177;199278;1723;201178;106;7210;447;7763;156;35770;5279;41205;18;366;336;720;457;242624;7785;250866;"2025-09-25 11:23:38"
1177;"2020-12-01";109;173;126125;2957;129255;158;5917;1268;7343;210;21715;3556;25481;14;230;305;549;555;153987;8086;162628;"2025-09-25 11:23:38"
1178;"2020-12-01";110;82;117931;1598;119611;39;4797;647;5483;49;18775;2367;21191;3;249;340;592;173;141752;4952;146877;"2025-09-25 11:23:38"
1179;"2020-12-01";111;149;80786;732;81667;97;3476;487;4060;138;18062;3443;21643;11;816;258;1085;395;103140;4920;108455;"2025-09-25 11:23:38"
1180;"2020-12-01";112;138;102947;2184;105269;123;2697;757;3577;127;9438;3250;12815;13;157;139;309;401;115239;6330;121970;"2025-09-25 11:23:38"
1181;"2020-12-01";113;91;70899;1262;72252;32;2795;899;3726;39;9495;1603;11137;0;83;129;212;162;83272;3893;87327;"2025-09-25 11:23:38"
1182;"2020-12-01";114;148;85249;604;86001;84;3944;486;4514;140;17195;1887;19222;12;264;168;444;384;106652;3145;110181;"2025-09-25 11:23:38"
1183;"2020-12-01";115;221;46237;281;46739;102;1898;726;2726;225;11490;730;12445;11;129;84;224;559;59754;1821;62134;"2025-09-25 11:23:38"
1184;"2020-12-01";116;169;46583;513;47265;76;2184;752;3012;191;13461;5815;19467;9;200;399;608;445;62428;7479;70352;"2025-09-25 11:23:38"
1185;"2020-12-01";117;79;16578;157;16814;76;850;124;1050;154;6160;4509;10823;7;103;506;616;316;23691;5296;29303;"2025-09-25 11:23:38"
1186;"2020-12-01";118;76;92129;1111;93316;54;3302;505;3861;71;10143;1700;11914;10;137;136;283;211;105711;3452;109374;"2025-09-25 11:23:38"
1187;"2020-12-01";119;43;171430;2089;173562;32;4260;727;5019;46;11763;3282;15091;8;258;178;444;129;187711;6276;194116;"2025-09-25 11:23:38"
1188;"2020-12-01";120;17;136767;943;137727;7;2244;208;2459;25;5004;1221;6250;1;89;32;122;50;144104;2404;146558;"2025-09-25 11:23:38"
1189;"2020-12-01";121;332;104966;1415;106713;179;4416;1222;5817;236;20136;4294;24666;16;408;433;857;763;129926;7364;138053;"2025-09-25 11:23:38"
1190;"2020-12-01";122;103;56602;446;57151;95;1611;174;1880;89;6061;2010;8160;10;80;323;413;297;64354;2953;67604;"2025-09-25 11:23:38"
1191;"2020-12-01";123;251;138194;1924;140369;246;5481;444;6171;197;17708;2467;20372;29;268;252;549;723;161651;5087;167461;"2025-09-25 11:23:38"
1192;"2020-12-01";124;188;90599;874;91661;79;3750;577;4406;124;17666;4040;21830;15;244;481;740;406;112259;5972;118637;"2025-09-25 11:23:38"
1193;"2020-12-01";125;241;177179;2440;179860;99;6109;2587;8795;177;28097;5040;33314;20;286;247;553;537;211671;10314;222522;"2025-09-25 11:23:38"
1194;"2020-12-01";126;309;236860;3293;240462;171;8425;1670;10266;229;33078;6375;39682;21;442;862;1325;730;278805;12200;291735;"2025-09-25 11:23:38"
1195;"2020-12-01";127;164;61676;6229;68069;78;3289;809;4176;142;19803;2646;22591;11;214;378;603;395;84982;10062;95439;"2025-09-25 11:23:38"
1196;"2020-12-01";128;173;102900;536;103609;78;2892;344;3314;134;15092;1844;17070;12;164;140;316;397;121048;2864;124309;"2025-09-25 11:23:38"
1197;"2020-12-01";129;375;373435;2501;376311;203;11414;2640;14257;298;56529;6335;63162;49;867;490;1406;925;442245;11966;455136;"2025-09-25 11:23:38"
1199;"2020-12-01";238;147;86540;2321;89008;135;3021;564;3720;231;17459;1369;19059;25;239;345;609;538;107259;4599;112396;"2025-09-25 11:23:38"
1200;"2020-12-01";214;66;18253;240;18559;60;862;83;1005;92;7009;213;7314;7;74;66;147;225;26198;602;27025;"2025-09-25 11:23:38"
1201;"2020-12-01";240;107;36720;686;37513;75;1463;139;1677;117;6835;411;7363;10;91;194;295;309;45109;1430;46848;"2025-09-25 11:23:38"
1202;"2020-12-01";241;116;24574;455;25145;100;944;109;1153;179;6560;174;6913;5;66;30;101;400;32144;768;33312;"2025-09-25 11:23:38"
1203;"2020-12-01";242;103;31148;865;32116;87;1313;147;1547;104;5495;261;5860;6;98;84;188;300;38054;1357;39711;"2025-09-25 11:23:38"
1204;"2020-12-01";243;49;8344;40;8433;45;360;31;436;93;3221;39;3353;5;29;11;45;192;11954;121;12267;"2025-09-25 11:23:38"
1205;"2020-12-01";244;43;11300;182;11525;33;454;28;515;106;3939;77;4122;7;47;19;73;189;15740;306;16235;"2025-09-25 11:23:38"
1206;"2020-12-01";245;129;14217;124;14470;81;772;59;912;117;6051;129;6297;8;58;44;110;335;21098;356;21789;"2025-09-25 11:23:38"
1207;"2020-12-01";246;206;142358;2759;145323;153;5062;603;5818;208;25215;2023;27446;17;331;316;664;584;172966;5701;179251;"2025-09-25 11:23:38"
1208;"2020-12-01";247;55;12981;154;13190;49;556;46;651;109;4801;80;4990;5;53;24;82;218;18391;304;18913;"2025-09-25 11:23:38"
1209;"2020-12-01";248;103;13798;218;14119;83;695;65;843;135;6105;172;6412;14;61;27;102;335;20659;482;21476;"2025-09-25 11:23:38"
1210;"2020-12-01";249;53;16364;135;16552;56;868;36;960;116;6823;123;7062;9;50;19;78;234;24105;313;24652;"2025-09-25 11:23:38"
1211;"2020-12-01";250;285;110347;2352;112984;267;3675;640;4582;258;17978;2685;20921;16;283;367;666;826;132283;6044;139153;"2025-09-25 11:23:38"
1212;"2020-12-01";251;64;15882;389;16335;55;725;162;942;105;3368;147;3620;7;72;39;118;231;20047;737;21015;"2025-09-25 11:23:38"
1213;"2020-12-01";252;93;16298;278;16669;79;841;70;990;110;8325;129;8564;11;53;33;97;293;25517;510;26320;"2025-09-25 11:23:38"
1214;"2020-12-01";253;129;26015;233;26377;104;1424;307;1835;182;11248;434;11864;18;86;80;184;433;38773;1054;40260;"2025-09-25 11:23:38"
1215;"2020-12-01";254;55;9387;68;9510;62;362;58;482;100;3186;46;3332;10;38;17;65;227;12973;189;13389;"2025-09-25 11:23:38"
1216;"2020-12-01";255;74;17483;370;17927;62;931;58;1051;107;8011;228;8346;9;60;48;117;252;26485;704;27441;"2025-09-25 11:23:38"
1218;"2020-12-01";131;67;14829;83;14979;53;809;49;911;81;7722;248;8051;8;41;29;78;209;23401;409;24019;"2025-09-25 11:23:38"
1219;"2020-12-01";132;66;10285;108;10459;46;530;67;643;107;4788;375;5270;4;37;222;263;223;15640;772;16635;"2025-09-25 11:23:38"
1220;"2020-12-01";133;72;11253;132;11457;53;659;91;803;94;5996;710;6800;12;49;70;131;231;17957;1003;19191;"2025-09-25 11:23:38"
1221;"2020-12-01";134;74;16197;134;16405;52;789;88;929;114;7889;144;8147;7;60;26;93;247;24935;392;25574;"2025-09-25 11:23:38"
1222;"2020-12-01";135;72;18351;364;18787;47;900;92;1039;79;7525;599;8203;5;57;75;137;203;26833;1130;28166;"2025-09-25 11:23:38"
1223;"2020-12-01";136;71;42643;263;42977;61;2250;208;2519;91;13165;1281;14537;8;131;141;280;231;58189;1893;60313;"2025-09-25 11:23:38"
1224;"2020-12-01";137;103;51351;762;52216;77;2002;176;2255;150;13424;1648;15222;6;177;835;1018;336;66954;3421;70711;"2025-09-25 11:23:38"
1225;"2020-12-01";138;32;15352;145;15529;22;630;35;687;30;3063;543;3636;4;51;42;97;88;19096;765;19949;"2025-09-25 11:23:38"
1226;"2020-12-01";139;72;38785;239;39096;60;1601;118;1779;78;8751;888;9717;6;91;105;202;216;49228;1350;50794;"2025-09-25 11:23:38"
1227;"2020-12-01";140;1;8;0;9;0;3;0;3;0;8;0;8;0;0;0;0;1;19;0;20;"2025-09-25 11:23:38"
1228;"2020-12-01";141;205;75417;1049;76671;119;2506;411;3036;175;11524;918;12617;18;148;220;386;517;89595;2598;92710;"2025-09-25 11:23:38"
1229;"2020-12-01";142;64;80958;1593;82615;109;2418;863;3390;62;10823;1645;12530;4;182;214;400;239;94381;4315;98935;"2025-09-25 11:23:38"
1230;"2020-12-01";143;134;85812;1604;87550;95;2902;408;3405;118;13467;1809;15394;4;184;178;366;351;102365;3999;106715;"2025-09-25 11:23:38"
1231;"2020-12-01";144;135;109355;4818;114308;86;3374;731;4191;130;15081;2017;17228;13;252;305;570;364;128062;7871;136297;"2025-09-25 11:23:38"
1232;"2020-12-01";145;194;85902;3756;89852;141;3303;429;3873;236;19452;1625;21313;21;257;275;553;592;108914;6085;115591;"2025-09-25 11:23:38"
1234;"2020-12-01";147;58;19362;62;19482;31;691;112;834;59;1881;333;2273;8;25;24;57;156;21959;531;22646;"2025-09-25 11:23:38"
1235;"2020-12-01";148;219;39171;1376;40766;121;1846;382;2349;207;12429;649;13285;23;122;103;248;570;53568;2510;56648;"2025-09-25 11:23:38"
1236;"2020-12-01";149;62;18909;1279;20250;35;1151;300;1486;82;8374;576;9032;7;59;57;123;186;28493;2212;30891;"2025-09-25 11:23:38"
1237;"2020-12-01";150;132;43087;846;44065;84;2304;417;2805;158;15252;1058;16468;25;97;74;196;399;60740;2395;63534;"2025-09-25 11:23:38"
1238;"2020-12-01";151;139;73780;612;74531;74;2664;307;3045;167;17656;2244;20067;13;252;796;1061;393;94352;3959;98704;"2025-09-25 11:23:38"
1239;"2020-12-01";152;119;38107;466;38692;76;1565;166;1807;182;12406;538;13126;28;100;152;280;405;52178;1322;53905;"2025-09-25 11:23:38"
1240;"2020-12-01";153;99;21813;461;22373;64;1232;310;1606;132;10999;367;11498;10;66;47;123;305;34110;1185;35600;"2025-09-25 11:23:38"
1241;"2020-12-01";154;150;73245;857;74252;80;2823;482;3385;157;17935;1708;19800;17;208;374;599;404;94211;3421;98036;"2025-09-25 11:23:38"
1242;"2020-12-01";155;83;18617;154;18854;39;802;113;954;109;7406;537;8052;8;59;76;143;239;26884;880;28003;"2025-09-25 11:23:38"
1243;"2020-12-01";156;174;138132;2573;140879;141;5326;591;6058;171;22166;3200;25537;41;312;333;686;527;165936;6697;173160;"2025-09-25 11:23:38"
1244;"2020-12-01";157;118;30128;307;30553;98;1477;314;1889;169;11093;660;11922;13;108;92;213;398;42806;1373;44577;"2025-09-25 11:23:38"
1245;"2020-12-01";158;97;107810;1554;109461;70;4384;580;5034;94;18320;2433;20847;9;251;351;611;270;130765;4918;135953;"2025-09-25 11:23:38"
1246;"2020-12-01";159;149;169256;2328;171733;133;5270;876;6279;234;19986;2011;22231;18;273;238;529;534;194785;5453;200772;"2025-09-25 11:23:38"
1247;"2020-12-01";160;71;10504;73;10648;52;532;67;651;116;5745;611;6472;11;54;70;135;250;16835;821;17906;"2025-09-25 11:23:38"
1248;"2020-12-01";161;78;23008;199;23285;42;1123;87;1252;167;9982;231;10380;16;90;35;141;303;34203;552;35058;"2025-09-25 11:23:38"
1249;"2020-12-01";162;162;38810;324;39296;87;1583;227;1897;143;12053;753;12949;23;131;156;310;415;52577;1460;54452;"2025-09-25 11:23:38"
1251;"2020-12-01";257;98;18663;176;18937;63;1322;96;1481;125;10239;266;10630;7;76;36;119;293;30300;574;31167;"2025-09-25 11:23:38"
1252;"2020-12-01";258;201;107361;2247;109809;122;3604;521;4247;209;18532;2961;21702;18;241;630;889;550;129738;6359;136647;"2025-09-25 11:23:38"
1253;"2020-12-01";259;111;30407;715;31233;67;1570;171;1808;108;12809;1023;13940;8;180;104;292;294;44966;2013;47273;"2025-09-25 11:23:38"
1254;"2020-12-01";260;131;26976;3777;30884;93;1347;287;1727;164;12173;426;12763;16;128;58;202;404;40624;4548;45576;"2025-09-25 11:23:38"
1255;"2020-12-01";261;65;8067;55;8187;41;488;57;586;85;4220;250;4555;4;27;36;67;195;12802;398;13395;"2025-09-25 11:23:38"
1256;"2020-12-01";262;78;17910;194;18182;63;902;128;1093;109;8394;255;8758;10;71;41;122;260;27277;618;28155;"2025-09-25 11:23:38"
1257;"2020-12-01";263;71;9184;62;9317;64;445;19;528;100;4865;61;5026;6;39;11;56;241;14533;153;14927;"2025-09-25 11:23:38"
1258;"2020-12-01";264;97;37814;356;38267;106;1688;500;2294;184;11522;2143;13849;22;112;164;298;409;51136;3163;54708;"2025-09-25 11:23:38"
1259;"2020-12-01";265;164;107094;2064;109322;129;4644;497;5270;206;23891;3011;27108;13;227;360;600;512;135856;5932;142300;"2025-09-25 11:23:38"
1260;"2020-12-01";266;64;8998;60;9122;48;470;69;587;101;4696;267;5064;3;40;26;69;216;14204;422;14842;"2025-09-25 11:23:38"
1261;"2020-12-01";267;69;7346;32;7447;50;391;20;461;123;4268;104;4495;9;33;16;58;251;12038;172;12461;"2025-09-25 11:23:38"
1262;"2020-12-01";268;137;147891;3620;151648;98;4165;926;5189;132;18626;2298;21056;10;315;363;688;377;170997;7207;178581;"2025-09-25 11:23:38"
1263;"2020-12-01";269;266;130690;2004;132960;238;3775;583;4596;191;16228;1382;17801;23;180;245;448;718;150873;4214;155805;"2025-09-25 11:23:38"
1264;"2020-12-01";270;109;37604;2484;40197;96;1770;202;2068;124;14414;847;15385;7;168;105;280;336;53956;3638;57930;"2025-09-25 11:23:38"
1265;"2020-12-01";271;88;8682;42;8812;46;450;89;585;95;4747;84;4926;5;42;10;57;234;13921;225;14380;"2025-09-25 11:23:38"
1267;"2020-12-01";164;65;11518;174;11757;56;614;122;792;89;6309;766;7164;9;64;42;115;219;18505;1104;19828;"2025-09-25 11:23:38"
1268;"2020-12-01";165;84;18779;195;19058;76;1159;119;1354;133;11814;266;12213;6;61;35;102;299;31813;615;32727;"2025-09-25 11:23:38"
1269;"2020-12-01";166;60;9416;190;9666;35;456;72;563;60;4743;404;5207;0;39;62;101;155;14654;728;15537;"2025-09-25 11:23:38"
1270;"2020-12-01";167;84;66491;601;67176;65;2375;276;2716;86;13326;3399;16811;14;331;1612;1957;249;82523;5888;88660;"2025-09-25 11:23:38"
1271;"2020-12-01";168;47;8670;408;9125;32;460;58;550;56;3916;215;4187;1;41;24;66;136;13087;705;13928;"2025-09-25 11:23:38"
1272;"2020-12-01";169;142;46690;1010;47842;118;2056;382;2556;196;15035;1586;16817;17;230;264;511;473;64011;3242;67726;"2025-09-25 11:23:38"
1273;"2020-12-01";170;88;17886;247;18221;45;853;273;1171;81;7649;924;8654;11;81;152;244;225;26469;1596;28290;"2025-09-25 11:23:38"
1274;"2020-12-01";171;146;78490;2367;81003;119;3223;432;3774;157;13483;2427;16067;10;208;362;580;432;95404;5588;101424;"2025-09-25 11:23:38"
1275;"2020-12-01";172;198;33177;142;33517;190;1544;62;1796;148;10840;735;11723;12;100;90;202;548;45661;1029;47238;"2025-09-25 11:23:38"
1276;"2020-12-01";173;65;13108;24524;37697;49;786;606;1441;84;7605;365;8054;4;58;46;108;202;21557;25541;47300;"2025-09-25 11:23:38"
1277;"2020-12-01";174;166;113284;1710;115160;132;3623;689;4444;178;22216;1904;24298;13;254;853;1120;489;139377;5156;145022;"2025-09-25 11:23:38"
1278;"2020-12-01";175;94;11713;43409;55216;61;658;1308;2027;154;8457;445;9056;1;133;30;164;310;20961;45192;66463;"2025-09-25 11:23:38"
1279;"2020-12-01";176;183;105733;2242;108158;153;3784;691;4628;177;21002;3375;24554;16;284;814;1114;529;130803;7122;138454;"2025-09-25 11:23:38"
1280;"2020-12-01";177;66;18817;168;19051;40;867;103;1010;94;7809;472;8375;6;62;38;106;206;27555;781;28542;"2025-09-25 11:23:38"
1281;"2020-12-01";178;92;21450;8519;30061;55;1256;209;1520;108;10392;696;11196;8;147;118;273;263;33245;9542;43050;"2025-09-25 11:23:38"
1282;"2020-12-01";179;101;15100;194;15395;50;797;114;961;89;9377;188;9654;4;75;18;97;244;25349;514;26107;"2025-09-25 11:23:38"
1283;"2020-12-01";180;76;17828;197;18101;39;830;80;949;77;7720;780;8577;3;94;86;183;195;26472;1143;27810;"2025-09-25 11:23:38"
1284;"2020-12-01";181;77;12479;82;12638;63;634;50;747;97;6814;289;7200;6;48;25;79;243;19975;446;20664;"2025-09-25 11:23:38"
1285;"2020-12-01";182;59;10411;97;10567;42;584;56;682;65;5993;126;6184;1;36;17;54;167;17024;296;17487;"2025-09-25 11:23:38"
1286;"2020-12-01";183;60;11198;27299;38557;50;577;688;1315;81;6184;166;6431;10;50;15;75;201;18009;28168;46378;"2025-09-25 11:23:38"
1287;"2020-12-01";184;118;22785;2480;25383;84;1702;173;1959;136;14684;229;15049;24;79;29;132;362;39250;2911;42523;"2025-09-25 11:23:38"
1288;"2020-12-01";185;88;23370;232;23690;44;1067;1196;2307;82;7923;501;8506;6;85;142;233;220;32445;2071;34736;"2025-09-25 11:23:38"
1290;"2020-12-01";187;114;110098;1025;111237;83;3463;394;3940;122;22704;2643;25469;7;230;391;628;326;136495;4453;141274;"2025-09-25 11:23:38"
1291;"2020-12-01";188;202;110397;1749;112348;151;4176;543;4870;221;25478;1903;27602;12;325;363;700;586;140376;4558;145520;"2025-09-25 11:23:38"
1292;"2020-12-01";189;60;13322;38;13420;36;710;37;783;70;6263;565;6898;8;57;36;101;174;20352;676;21202;"2025-09-25 11:23:38"
1293;"2020-12-01";190;193;180329;2473;182995;113;5975;825;6913;230;25892;3520;29642;13;308;446;767;549;212504;7264;220317;"2025-09-25 11:23:38"
1294;"2020-12-01";44;42;9188;36;9266;41;434;18;493;41;5155;195;5391;1;44;54;99;125;14821;303;15249;"2025-09-25 11:23:38"
1295;"2020-12-01";192;148;54389;597;55134;83;2228;254;2565;149;17007;924;18080;9;142;133;284;389;73766;1908;76063;"2025-09-25 11:23:38"
1296;"2020-12-01";193;83;25392;389;25864;59;1353;126;1538;123;9753;255;10131;9;75;67;151;274;36573;837;37684;"2025-09-25 11:23:38"
1297;"2020-12-01";194;93;10590;63;10746;44;485;37;566;70;6746;87;6903;2;54;11;67;209;17875;198;18282;"2025-09-25 11:23:38"
1298;"2020-12-01";195;117;34275;443;34835;92;1752;241;2085;163;16592;1001;17756;10;123;148;281;382;52742;1833;54957;"2025-09-25 11:23:38"
1299;"2020-12-01";196;65;18795;189;19049;46;866;46;958;86;10705;959;11750;4;96;146;246;201;30462;1340;32003;"2025-09-25 11:23:38"
1300;"2020-12-01";197;202;60505;883;61590;218;2339;289;2846;257;18980;1227;20464;40;165;219;424;717;81989;2618;85324;"2025-09-25 11:23:38"
1301;"2020-12-01";198;78;12193;125;12396;53;661;53;767;116;5914;105;6135;8;36;21;65;255;18804;304;19363;"2025-09-25 11:23:38"
1302;"2020-12-01";199;52;5646;32;5730;34;302;27;363;55;3678;48;3781;1;24;5;30;142;9650;112;9904;"2025-09-25 11:23:38"
1303;"2020-12-01";200;126;38865;522;39513;72;1780;155;2007;144;14523;723;15390;28;155;132;315;370;55323;1532;57225;"2025-09-25 11:23:38"
1304;"2020-12-01";201;111;41570;477;42158;72;1878;248;2198;114;15735;1508;17357;8;159;319;486;305;59342;2552;62199;"2025-09-25 11:23:38"
1305;"2020-12-01";202;95;20640;187;20922;57;797;77;931;89;8021;192;8302;19;74;34;127;260;29532;490;30282;"2025-09-25 11:23:38"
1306;"2020-12-01";203;69;3564;281;3914;18;239;180;437;58;1292;29;1379;6;14;3;23;151;5109;493;5753;"2025-09-25 11:23:38"
1307;"2020-12-01";204;118;18864;147;19129;65;689;87;841;119;6366;102;6587;7;90;27;124;309;26009;363;26681;"2025-09-25 11:23:38"
1308;"2020-12-01";205;74;17989;91;18154;87;922;78;1087;147;11583;721;12451;9;78;92;179;317;30572;982;31871;"2025-09-25 11:23:38"
1309;"2020-12-01";206;77;16416;131;16624;45;685;45;775;92;7630;520;8242;7;58;84;149;221;24789;780;25790;"2025-09-25 11:23:38"
1310;"2020-12-01";207;64;9319;45;9428;60;464;46;570;71;5723;104;5898;2;45;14;61;197;15551;209;15957;"2025-09-25 11:23:38"
1311;"2020-12-01";208;132;53312;301;53745;66;2096;417;2579;109;12348;1374;13831;9;133;232;374;316;67889;2324;70529;"2025-09-25 11:23:38"
1312;"2020-12-01";209;148;99197;1326;100671;92;3277;821;4190;204;17181;4545;21930;12;242;1779;2033;456;119897;8471;128824;"2025-09-25 11:23:38"
1313;"2020-12-01";210;138;117553;2287;119978;81;3387;313;3781;96;17832;933;18861;17;217;282;516;332;138989;3815;143136;"2025-09-25 11:23:38"
1315;"2020-12-01";212;116;90579;1059;91754;96;3314;504;3914;134;11770;380;12284;11;187;146;344;357;105850;2089;108296;"2025-09-25 11:23:38"
1316;"2020-12-01";213;92;22083;201;22376;63;930;178;1171;97;8837;264;9198;11;53;165;229;263;31903;808;32974;"2025-09-25 11:23:38"
1318;"2020-12-01";215;235;225658;2338;228231;172;7293;641;8106;215;40133;3802;44150;28;446;541;1015;650;273530;7322;281502;"2025-09-25 11:23:38"
1319;"2020-12-01";216;90;12971;173;13234;59;598;124;781;120;6040;136;6296;7;37;28;72;276;19646;461;20383;"2025-09-25 11:23:38"
1320;"2020-12-01";217;115;40184;468;40767;98;1592;213;1903;103;13560;2681;16344;10;123;626;759;326;55459;3988;59773;"2025-09-25 11:23:38"
1321;"2020-12-01";218;95;43818;670;44583;73;1653;244;1970;132;10577;497;11206;11;113;120;244;311;56161;1531;58003;"2025-09-25 11:23:38"
1322;"2020-12-01";219;89;12350;128;12567;63;579;56;698;84;6910;468;7462;6;124;132;262;242;19963;784;20989;"2025-09-25 11:23:38"
1323;"2020-12-01";220;156;136861;993;138010;108;4753;852;5713;146;21758;6616;28520;11;388;1617;2016;421;163760;10078;174259;"2025-09-25 11:23:38"
1324;"2020-12-01";221;62;9444;68;9574;51;431;58;540;83;4433;488;5004;6;32;94;132;202;14340;708;15250;"2025-09-25 11:23:38"
1325;"2020-12-01";222;209;133294;2716;136219;181;3951;1055;5187;228;26633;2258;29119;16;283;396;695;634;164161;6425;171220;"2025-09-25 11:23:38"
1326;"2020-12-01";223;73;23975;345;24393;72;1161;110;1343;83;9999;363;10445;9;102;59;170;237;35237;877;36351;"2025-09-25 11:23:38"
1327;"2020-12-01";224;121;82641;1295;84057;60;2190;524;2774;132;10670;916;11718;9;63;143;215;322;95564;2878;98764;"2025-09-25 11:23:38"
1328;"2020-12-01";225;82;81048;2377;83507;34;2263;445;2742;61;11326;1572;12959;2;114;232;348;179;94751;4626;99556;"2025-09-25 11:23:38"
1329;"2020-12-01";226;46;106119;1814;107979;16;2143;575;2734;79;8719;678;9476;1;121;155;277;142;117102;3222;120466;"2025-09-25 11:23:38"
1330;"2020-12-01";227;376;118912;43530;162818;356;3191;771;4318;180;18545;1538;20263;18;202;340;560;930;140850;46179;187959;"2025-09-25 11:23:38"
1331;"2020-12-01";228;86;80571;766;81423;35;2286;184;2505;82;7563;678;8323;7;151;182;340;210;90571;1810;92591;"2025-09-25 11:23:38"
1332;"2020-12-01";229;108;41427;772;42307;83;2009;247;2339;126;8827;309;9262;7;93;71;171;324;52356;1399;54079;"2025-09-25 11:23:38"
1333;"2020-12-01";230;58;15676;106;15840;65;634;42;741;99;7657;175;7931;6;46;76;128;228;24013;399;24640;"2025-09-25 11:23:38"
1334;"2020-12-01";231;66;29059;18281;47406;54;1203;378;1635;64;9875;511;10450;7;193;213;413;191;40330;19383;59904;"2025-09-25 11:23:38"
1335;"2020-12-01";232;48;12419;179;12646;55;564;85;704;108;6238;141;6487;6;55;20;81;217;19276;425;19918;"2025-09-25 11:23:38"
1336;"2020-12-01";233;75;14557;107;14739;58;657;74;789;126;7819;388;8333;8;40;56;104;267;23073;625;23965;"2025-09-25 11:23:38"
1338;"2020-12-01";235;271;72365;1183;73819;154;3267;152;3573;346;27511;556;28413;41;193;122;356;812;103336;2013;106161;"2025-09-25 11:23:38"
1339;"2020-12-01";236;574;220828;218272;439674;333;7912;7026;15271;689;49346;3140;53175;40;498;523;1061;1636;278584;228961;509181;"2025-09-25 11:23:38"
1341;"2021-01-01";1;151;198822;16316;215289;54;4707;636;5397;176;13425;2011;15612;15;244;164;423;396;217198;19127;236721;"2025-09-25 11:23:46"
1342;"2021-01-01";2;92;124484;5628;130204;41;3850;600;4491;154;12715;2432;15301;5;123;228;356;292;141172;8888;150352;"2025-09-25 11:23:46"
1343;"2021-01-01";3;106;60883;2181;63170;63;2716;722;3501;134;7513;1264;8911;13;66;101;180;316;71178;4268;75762;"2025-09-25 11:23:46"
1344;"2021-01-01";4;104;61138;968;62210;78;1842;181;2101;118;14948;1941;17007;8;238;469;715;308;78166;3559;82033;"2025-09-25 11:23:46"
1345;"2021-01-01";5;95;99622;3054;102771;50;3879;324;4253;162;9792;2031;11985;12;117;168;297;319;113410;5577;119306;"2025-09-25 11:23:46"
1346;"2021-01-01";6;83;79657;3401;83141;43;2648;399;3090;162;10539;1537;12238;7;49;231;287;295;92893;5568;98756;"2025-09-25 11:23:46"
1347;"2021-01-01";7;97;112436;9190;121723;57;4977;650;5684;131;14416;2654;17201;9;226;186;421;294;132055;12680;145029;"2025-09-25 11:23:46"
1348;"2021-01-01";8;41;68276;3049;71366;20;3338;557;3915;70;10815;2270;13155;5;94;91;190;136;82523;5967;88626;"2025-09-25 11:23:46"
1349;"2021-01-01";9;92;128391;5995;134478;52;4148;891;5091;169;10605;2106;12880;9;115;255;379;322;143259;9247;152828;"2025-09-25 11:23:46"
1350;"2021-01-01";10;92;76410;4824;81326;52;2943;462;3457;122;8648;1943;10713;11;107;153;271;277;88108;7382;95767;"2025-09-25 11:23:46"
1351;"2021-01-01";11;103;79257;2565;81925;52;3224;149;3425;142;10235;2143;12520;10;98;95;203;307;92814;4952;98073;"2025-09-25 11:23:46"
1352;"2021-01-01";12;107;92419;1211;93737;53;2782;141;2976;147;7144;1182;8473;15;87;259;361;322;102432;2793;105547;"2025-09-25 11:23:46"
1353;"2021-01-01";13;99;99250;4146;103495;55;3067;585;3707;164;9664;2093;11921;19;164;136;319;337;112145;6960;119442;"2025-09-25 11:23:46"
1354;"2021-01-01";14;201;74472;3367;78040;109;2503;440;3052;137;6191;1857;8185;10;81;201;292;457;83247;5865;89569;"2025-09-25 11:23:46"
1355;"2021-01-01";15;213;153028;4808;158049;135;3649;772;4556;173;11201;4994;16368;12;214;155;381;533;168092;10729;179354;"2025-09-25 11:23:46"
1356;"2021-01-01";16;125;82653;9146;91924;45;2440;970;3455;157;8847;1617;10621;18;100;100;218;345;94040;11833;106218;"2025-09-25 11:23:46"
1357;"2021-01-01";17;89;102347;2272;104708;46;3561;1142;4749;147;8991;1686;10824;9;89;104;202;291;114988;5204;120483;"2025-09-25 11:23:46"
1358;"2021-01-01";18;126;201404;6434;207964;93;4886;1515;6494;156;25900;4864;30920;14;217;280;511;389;232407;13093;245889;"2025-09-25 11:23:46"
1359;"2021-01-01";19;114;126352;4613;131079;56;3858;781;4695;135;11927;2829;14891;8;186;415;609;313;142323;8638;151274;"2025-09-25 11:23:46"
1360;"2021-01-01";20;132;116674;4086;120892;53;4525;192;4770;173;15161;4265;19599;14;575;628;1217;372;136935;9171;146478;"2025-09-25 11:23:46"
1361;"2021-01-01";21;135;68900;854;69889;56;2160;64;2280;138;5517;1083;6738;9;77;40;126;338;76654;2041;79033;"2025-09-25 11:23:46"
1362;"2021-01-01";22;99;110250;4141;114490;46;3866;797;4709;138;10679;1936;12753;14;119;189;322;297;124914;7063;132274;"2025-09-25 11:23:46"
1363;"2021-01-01";23;1738;38994;491;41223;1645;1753;304;3702;363;3922;852;5137;87;53;52;192;3833;44722;1699;50254;"2025-09-25 11:23:46"
1364;"2021-01-01";63;119;87426;1220;88765;98;2185;312;2595;103;10575;761;11439;10;113;266;389;330;100299;2559;103188;"2025-09-25 11:23:46"
1365;"2021-01-01";25;78;88460;5799;94337;33;3788;558;4379;128;12211;2765;15104;15;135;326;476;254;104594;9448;114296;"2025-09-25 11:23:46"
1366;"2021-01-01";146;845;294063;221154;516062;489;11151;7109;18749;1036;76975;3699;81710;82;694;643;1419;2452;382883;232605;617940;"2025-09-25 11:23:46"
1368;"2021-01-01";28;100;67589;3177;70866;62;2536;518;3116;102;10280;3244;13626;13;100;698;811;277;80505;7637;88419;"2025-09-25 11:23:46"
1369;"2021-01-01";29;78;65768;889;66735;59;2371;504;2934;114;10608;935;11657;10;146;192;348;261;78893;2520;81674;"2025-09-25 11:23:46"
1370;"2021-01-01";77;277;133927;3205;137409;187;3095;488;3770;224;16477;3069;19770;18;249;577;844;706;153748;7339;161793;"2025-09-25 11:23:46"
1371;"2021-01-01";57;60;55690;641;56391;42;1436;135;1613;77;4498;241;4816;5;87;45;137;184;61711;1062;62957;"2025-09-25 11:23:46"
1372;"2021-01-01";32;77;79936;1686;81699;32;2329;696;3057;67;10442;1407;11916;1;123;235;359;177;92830;4024;97031;"2025-09-25 11:23:46"
1373;"2021-01-01";33;125;106596;16911;123632;64;3283;488;3835;166;13697;2166;16029;10;139;495;644;365;123715;20060;144140;"2025-09-25 11:23:46"
1374;"2021-01-01";79;82;101855;1841;103778;41;2470;218;2729;87;10316;1419;11822;9;124;350;483;219;114765;3828;118812;"2025-09-25 11:23:46"
1375;"2021-01-01";35;93;65826;2948;68867;70;2593;311;2974;114;14861;2337;17312;9;177;331;517;286;83457;5927;89670;"2025-09-25 11:23:46"
1376;"2021-01-01";36;95;90198;4191;94484;51;3197;344;3592;104;13379;1864;15347;9;138;272;419;259;106912;6671;113842;"2025-09-25 11:23:46"
1377;"2021-01-01";60;273;181047;4744;186064;293;5102;291;5686;206;19231;1995;21432;32;268;442;742;804;205648;7472;213924;"2025-09-25 11:23:46"
1378;"2021-01-01";38;51;59386;31255;90692;25;1679;839;2543;78;6025;1187;7290;10;96;377;483;164;67186;33658;101008;"2025-09-25 11:23:46"
1379;"2021-01-01";39;279;79773;7301;87353;445;1987;641;3073;184;8270;2063;10517;26;121;691;838;934;90151;10696;101781;"2025-09-25 11:23:46"
1380;"2021-01-01";40;80;25501;1308;26889;50;1119;289;1458;85;4149;325;4559;10;34;48;92;225;30803;1970;32998;"2025-09-25 11:23:46"
1382;"2021-01-01";42;124;147804;9510;157438;63;3808;314;4185;121;13460;1988;15569;9;160;511;680;317;165232;12323;177872;"2025-09-25 11:23:46"
1385;"2021-01-01";46;226;234168;7489;241883;109;5715;762;6586;181;30598;5250;36029;9;313;559;881;525;270794;14060;285379;"2025-09-25 11:23:46"
1386;"2021-01-01";47;107;110747;1777;112631;110;3221;532;3863;268;19328;2489;22085;54;207;265;526;539;133503;5063;139105;"2025-09-25 11:23:46"
1390;"2021-01-01";51;166;194417;3148;197731;183;3571;715;4469;206;16984;1257;18447;13;224;142;379;568;215196;5262;221026;"2025-09-25 11:23:46"
1393;"2021-01-01";54;121;24307;35121;59549;62;1243;1942;3247;154;9167;732;10053;8;80;82;170;345;34797;37877;73019;"2025-09-25 11:23:46"
1394;"2021-01-01";55;104;93397;191263;284764;60;3861;3594;7515;104;21612;2474;24190;14;385;280;679;282;119255;197611;317148;"2025-09-25 11:23:46"
1395;"2021-01-01";56;304;218229;46181;264714;334;6441;1657;8432;172;29780;3226;33178;20;289;551;860;830;254739;51615;307184;"2025-09-25 11:23:46"
1397;"2021-01-01";58;175;138346;4910;143431;98;5032;162;5292;134;17471;4320;21925;16;298;940;1254;423;161147;10332;171902;"2025-09-25 11:23:46"
1398;"2021-01-01";59;136;185342;18321;203799;84;5854;972;6910;107;24222;2703;27032;9;299;322;630;336;215717;22318;238371;"2025-09-25 11:23:46"
1400;"2021-01-01";61;160;177228;4431;181819;91;3642;782;4515;147;12108;2411;14666;9;209;418;636;407;193187;8042;201636;"2025-09-25 11:23:46"
1401;"2021-01-01";62;60;7859;87;8006;42;532;63;637;105;3594;48;3747;3;32;12;47;210;12017;210;12437;"2025-09-25 11:23:46"
1404;"2021-01-01";65;166;162956;3621;166743;133;4967;396;5496;185;26252;7533;33970;24;400;859;1283;508;194575;12409;207492;"2025-09-25 11:23:46"
1410;"2021-01-01";71;73;69034;1950;71057;41;2692;562;3295;110;14017;3890;18017;12;175;428;615;236;85918;6830;92984;"2025-09-25 11:23:46"
1413;"2021-01-01";74;129;159378;2129;161636;95;3871;322;4288;140;14630;2162;16932;13;297;303;613;377;178176;4916;183469;"2025-09-25 11:23:46"
1419;"2021-01-01";80;149;100740;1152;102041;80;2947;770;3797;148;19364;3950;23462;2;238;934;1174;379;123289;6806;130474;"2025-09-25 11:23:46"
1422;"2021-01-01";83;325;153699;634;154658;177;3737;444;4358;225;14817;1625;16667;49;290;167;506;776;172543;2870;176189;"2025-09-25 11:23:46"
1424;"2021-01-01";85;129;22967;189;23285;84;1304;164;1552;149;6320;170;6639;11;86;40;137;373;30677;563;31613;"2025-09-25 11:23:46"
1425;"2021-01-01";86;279;154640;1147;156066;173;4839;364;5376;194;19132;2209;21535;21;230;197;448;667;178841;3917;183425;"2025-09-25 11:23:46"
1426;"2021-01-01";87;99;108174;2762;111035;83;2968;872;3923;82;12748;1947;14777;12;186;192;390;276;124076;5773;130125;"2025-09-25 11:23:46"
1427;"2021-01-01";88;64;104149;2282;106495;29;2583;509;3121;31;9593;1323;10947;1;116;117;234;125;116441;4231;120797;"2025-09-25 11:23:46"
1428;"2021-01-01";89;467;21233;321;22021;120;567;21;708;113;1776;262;2151;18;27;12;57;718;23603;616;24937;"2025-09-25 11:23:46"
1429;"2021-01-01";90;116;85811;1676;87603;77;3027;507;3611;101;10839;1973;12913;10;111;137;258;304;99788;4293;104385;"2025-09-25 11:23:46"
1430;"2021-01-01";91;159;155639;806;156604;93;5722;2779;8594;123;29317;4359;33799;12;341;406;759;387;191019;8350;199756;"2025-09-25 11:23:46"
1431;"2021-01-01";92;76;59700;1075;60851;77;1948;307;2332;96;8854;1151;10101;13;117;129;259;262;70619;2662;73543;"2025-09-25 11:23:46"
1432;"2021-01-01";93;119;86125;828;87072;72;2607;161;2840;97;9431;3837;13365;8;127;299;434;296;98290;5125;103711;"2025-09-25 11:23:46"
1433;"2021-01-01";94;211;186952;1858;189021;113;6050;1597;7760;178;28865;3470;32513;7;387;726;1120;509;222254;7651;230414;"2025-09-25 11:23:46"
1434;"2021-01-01";95;328;244260;1891;246479;190;8822;1070;10082;207;41954;4909;47070;14;539;435;988;739;295575;8305;304619;"2025-09-25 11:23:46"
1435;"2021-01-01";96;78;30783;753;31614;43;1510;66;1619;80;5421;578;6079;13;72;42;127;214;37786;1439;39439;"2025-09-25 11:23:46"
1436;"2021-01-01";97;258;248905;5400;254563;202;9765;1177;11144;206;35379;5365;40950;25;362;531;918;691;294411;12473;307575;"2025-09-25 11:23:46"
1437;"2021-01-01";101;172;172251;3360;175783;70;2993;1343;4406;113;8204;1948;10265;14;172;193;379;369;183620;6844;190833;"2025-09-25 11:23:46"
1438;"2021-01-01";102;167;66529;1047;67743;76;2501;217;2794;89;8003;1110;9202;16;97;145;258;348;77130;2519;79997;"2025-09-25 11:23:46"
1439;"2021-01-01";103;193;58968;2087;61248;52;2697;247;2996;93;9507;1601;11201;3;108;206;317;341;71280;4141;75762;"2025-09-25 11:23:46"
1440;"2021-01-01";104;129;166714;3998;170841;187;6346;1419;7952;149;19114;2718;21981;23;302;554;879;488;192476;8689;201653;"2025-09-25 11:23:46"
1441;"2021-01-01";105;101;137201;1503;138805;62;2729;86;2877;61;7089;1424;8574;1;152;130;283;225;147171;3143;150539;"2025-09-25 11:23:46"
1442;"2021-01-01";106;184;89291;1121;90596;152;3270;704;4126;109;8644;1920;10673;14;115;109;238;459;101320;3854;105633;"2025-09-25 11:23:46"
1443;"2021-01-01";107;269;59349;1225;60843;96;2651;126;2873;118;6513;1504;8135;22;124;97;243;505;68637;2952;72094;"2025-09-25 11:23:46"
1444;"2021-01-01";108;177;201692;1741;203610;106;7245;448;7799;157;36003;5334;41494;18;373;341;732;458;245313;7864;253635;"2025-09-25 11:23:46"
1445;"2021-01-01";109;173;126409;2983;129565;157;5910;1261;7328;210;21774;3556;25540;14;233;307;554;554;154326;8107;162987;"2025-09-25 11:23:46"
1446;"2021-01-01";110;82;118739;1642;120463;39;4790;651;5480;49;18889;2371;21309;3;259;345;607;173;142677;5009;147859;"2025-09-25 11:23:46"
1447;"2021-01-01";111;147;81181;732;82060;96;3489;472;4057;139;18219;3441;21799;10;824;258;1092;392;103713;4903;109008;"2025-09-25 11:23:46"
1448;"2021-01-01";112;137;103335;2160;105632;122;2686;722;3530;127;9475;3261;12863;13;159;137;309;399;115655;6280;122334;"2025-09-25 11:23:46"
1449;"2021-01-01";113;92;71060;1257;72409;32;2792;904;3728;41;9456;1595;11092;0;82;126;208;165;83390;3882;87437;"2025-09-25 11:23:46"
1450;"2021-01-01";114;145;85839;601;86585;83;3967;494;4544;138;17258;1902;19298;11;271;172;454;377;107335;3169;110881;"2025-09-25 11:23:46"
1451;"2021-01-01";115;223;46423;281;46927;102;1911;734;2747;228;11542;731;12501;11;130;86;227;564;60006;1832;62402;"2025-09-25 11:23:46"
1452;"2021-01-01";116;168;46803;512;47483;76;2196;752;3024;190;13492;5816;19498;9;203;398;610;443;62694;7478;70615;"2025-09-25 11:23:46"
1453;"2021-01-01";117;79;16645;154;16878;74;848;123;1045;147;6159;4503;10809;5;105;503;613;305;23757;5283;29345;"2025-09-25 11:23:46"
1454;"2021-01-01";118;74;92597;1124;93795;54;3298;508;3860;71;10208;1698;11977;10;143;129;282;209;106246;3459;109914;"2025-09-25 11:23:46"
1455;"2021-01-01";119;42;171794;2192;174028;32;4264;738;5034;46;11725;3296;15067;8;258;178;444;128;188041;6404;194573;"2025-09-25 11:23:46"
1456;"2021-01-01";120;17;137190;968;138175;7;2227;207;2441;24;5029;1234;6287;1;95;32;128;49;144541;2441;147031;"2025-09-25 11:23:46"
1457;"2021-01-01";121;330;105613;1417;107360;178;4400;1222;5800;233;20251;4335;24819;16;413;435;864;757;130677;7409;138843;"2025-09-25 11:23:46"
1458;"2021-01-01";122;104;56690;445;57239;94;1596;157;1847;89;6066;2003;8158;10;81;324;415;297;64433;2929;67659;"2025-09-25 11:23:46"
1459;"2021-01-01";123;246;139095;1900;141241;245;5463;454;6162;199;17776;2487;20462;29;283;255;567;719;162617;5096;168432;"2025-09-25 11:23:46"
1460;"2021-01-01";124;186;91075;866;92127;81;3778;575;4434;124;17705;4049;21878;15;260;480;755;406;112818;5970;119194;"2025-09-25 11:23:46"
1461;"2021-01-01";125;241;178291;2375;180907;99;6079;2581;8759;182;28240;5087;33509;20;298;250;568;542;212908;10293;223743;"2025-09-25 11:23:46"
1462;"2021-01-01";126;303;239243;3278;242824;170;8454;1682;10306;229;33186;6427;39842;21;455;866;1342;723;281338;12253;294314;"2025-09-25 11:23:46"
1463;"2021-01-01";127;158;61981;6070;68209;78;3284;785;4147;140;19910;2645;22695;12;213;378;603;388;85388;9878;95654;"2025-09-25 11:23:46"
1464;"2021-01-01";128;173;103640;532;104345;78;2903;345;3326;134;15138;1843;17115;11;172;146;329;396;121853;2866;125115;"2025-09-25 11:23:46"
1465;"2021-01-01";129;368;375606;2497;378471;203;11416;2638;14257;297;56703;6376;63376;49;901;496;1446;917;444626;12007;457550;"2025-09-25 11:23:46"
1467;"2021-01-01";238;144;86937;2300;89381;135;3012;563;3710;234;17455;1371;19060;25;242;351;618;538;107646;4585;112769;"2025-09-25 11:23:46"
1468;"2021-01-01";214;66;18316;239;18621;60;864;80;1004;93;7052;214;7359;7;74;68;149;226;26306;601;27133;"2025-09-25 11:23:46"
1469;"2021-01-01";240;105;36745;682;37532;75;1460;144;1679;116;6837;412;7365;10;92;194;296;306;45134;1432;46872;"2025-09-25 11:23:46"
1470;"2021-01-01";241;113;24601;455;25169;100;943;109;1152;180;6587;171;6938;5;69;32;106;398;32200;767;33365;"2025-09-25 11:23:46"
1471;"2021-01-01";242;105;31273;880;32258;87;1309;147;1543;104;5528;268;5900;6;103;84;193;302;38213;1379;39894;"2025-09-25 11:23:46"
1472;"2021-01-01";243;49;8360;40;8449;45;359;31;435;93;3229;39;3361;5;31;11;47;192;11979;121;12292;"2025-09-25 11:23:46"
1473;"2021-01-01";244;42;11312;176;11530;33;457;28;518;105;3952;76;4133;7;48;19;74;187;15769;299;16255;"2025-09-25 11:23:46"
1474;"2021-01-01";245;128;14255;123;14506;81;770;59;910;117;6060;128;6305;8;60;44;112;334;21145;354;21833;"2025-09-25 11:23:46"
1475;"2021-01-01";246;203;143039;2741;145983;151;5086;590;5827;211;25278;2032;27521;18;340;319;677;583;173743;5682;180008;"2025-09-25 11:23:46"
1476;"2021-01-01";247;53;13006;139;13198;49;555;46;650;108;4805;79;4992;5;55;24;84;215;18421;288;18924;"2025-09-25 11:23:46"
1477;"2021-01-01";248;103;13841;221;14165;83;691;66;840;135;6128;170;6433;14;61;27;102;335;20721;484;21540;"2025-09-25 11:23:46"
1478;"2021-01-01";249;53;16351;125;16529;56;868;36;960;116;6837;123;7076;9;50;20;79;234;24106;304;24644;"2025-09-25 11:23:46"
1479;"2021-01-01";250;281;110673;2358;113312;266;3671;630;4567;257;18044;2692;20993;16;298;369;683;820;132686;6049;139555;"2025-09-25 11:23:46"
1480;"2021-01-01";251;63;15861;378;16302;55;722;163;940;105;3377;130;3612;7;72;40;119;230;20032;711;20973;"2025-09-25 11:23:46"
1481;"2021-01-01";252;92;16325;277;16694;79;846;57;982;110;8322;130;8562;11;51;33;95;292;25544;497;26333;"2025-09-25 11:23:46"
1482;"2021-01-01";253;124;26080;212;26416;103;1430;307;1840;182;11289;436;11907;18;93;77;188;427;38892;1032;40351;"2025-09-25 11:23:46"
1483;"2021-01-01";254;54;9382;69;9505;62;358;55;475;100;3187;45;3332;10;38;18;66;226;12965;187;13378;"2025-09-25 11:23:46"
1484;"2021-01-01";255;73;17525;373;17971;62;933;64;1059;108;8031;227;8366;9;61;50;120;252;26550;714;27516;"2025-09-25 11:23:46"
1486;"2021-01-01";131;67;14493;81;14641;52;807;49;908;83;7712;248;8043;8;43;29;80;210;23055;407;23672;"2025-09-25 11:23:46"
1487;"2021-01-01";132;67;10287;106;10460;45;527;68;640;107;4801;376;5284;4;37;222;263;223;15652;772;16647;"2025-09-25 11:23:46"
1488;"2021-01-01";133;71;11288;132;11491;54;648;90;792;94;6021;706;6821;12;49;71;132;231;18006;999;19236;"2025-09-25 11:23:46"
1489;"2021-01-01";134;73;16218;134;16425;53;788;88;929;114;7904;143;8161;7;60;27;94;247;24970;392;25609;"2025-09-25 11:23:46"
1490;"2021-01-01";135;72;18448;363;18883;47;906;92;1045;79;7526;597;8202;5;56;76;137;203;26936;1128;28267;"2025-09-25 11:23:46"
1491;"2021-01-01";136;71;42691;263;43025;62;2236;220;2518;91;13194;1293;14578;8;132;143;283;232;58253;1919;60404;"2025-09-25 11:23:46"
1492;"2021-01-01";137;103;51342;762;52207;79;1991;176;2246;150;13389;1649;15188;6;185;834;1025;338;66907;3421;70666;"2025-09-25 11:23:46"
1493;"2021-01-01";138;32;15389;144;15565;22;625;35;682;30;3086;547;3663;4;53;42;99;88;19153;768;20009;"2025-09-25 11:23:46"
1494;"2021-01-01";139;70;39019;237;39326;59;1612;120;1791;78;8771;897;9746;6;92;107;205;213;49494;1361;51068;"2025-09-25 11:23:46"
1495;"2021-01-01";140;1;8;0;9;0;3;0;3;0;8;0;8;0;0;0;0;1;19;0;20;"2025-09-25 11:23:46"
1496;"2021-01-01";141;204;76264;1055;77523;121;2520;411;3052;173;11596;916;12685;18;156;219;393;516;90536;2601;93653;"2025-09-25 11:23:46"
1497;"2021-01-01";142;65;80936;1575;82576;108;2407;859;3374;62;10819;1654;12535;4;187;230;421;239;94349;4318;98906;"2025-09-25 11:23:46"
1498;"2021-01-01";143;134;85870;1610;87614;92;2875;406;3373;117;13442;1810;15369;4;193;182;379;347;102380;4008;106735;"2025-09-25 11:23:46"
1499;"2021-01-01";144;134;109828;4792;114754;86;3343;714;4143;129;15089;2024;17242;13;256;288;557;362;128516;7818;136696;"2025-09-25 11:23:46"
1500;"2021-01-01";145;194;86252;3935;90381;142;3283;429;3854;236;19486;1633;21355;21;268;280;569;593;109289;6277;116159;"2025-09-25 11:23:46"
1502;"2021-01-01";147;59;19425;62;19546;31;697;112;840;59;1918;335;2312;8;29;25;62;157;22069;534;22760;"2025-09-25 11:23:46"
1503;"2021-01-01";148;219;39404;1430;41053;119;1839;371;2329;207;12450;648;13305;22;129;99;250;567;53822;2548;56937;"2025-09-25 11:23:46"
1504;"2021-01-01";149;62;18937;1133;20132;35;1156;298;1489;82;8413;573;9068;7;60;56;123;186;28566;2060;30812;"2025-09-25 11:23:46"
1505;"2021-01-01";150;137;43205;836;44178;86;2313;417;2816;159;15282;1060;16501;25;100;73;198;407;60900;2386;63693;"2025-09-25 11:23:46"
1506;"2021-01-01";151;139;73979;598;74716;76;2677;309;3062;166;17713;2240;20119;13;264;797;1074;394;94633;3944;98971;"2025-09-25 11:23:46"
1507;"2021-01-01";152;118;38073;471;38662;76;1552;166;1794;182;12404;538;13124;28;101;151;280;404;52130;1326;53860;"2025-09-25 11:23:46"
1508;"2021-01-01";153;99;21882;470;22451;64;1231;312;1607;132;11034;369;11535;10;68;49;127;305;34215;1200;35720;"2025-09-25 11:23:46"
1509;"2021-01-01";154;149;73549;831;74529;80;2818;473;3371;158;17988;1717;19863;17;210;378;605;404;94565;3399;98368;"2025-09-25 11:23:46"
1510;"2021-01-01";155;83;18636;154;18873;39;800;116;955;110;7443;537;8090;8;60;77;145;240;26939;884;28063;"2025-09-25 11:23:46"
1511;"2021-01-01";156;174;139090;2548;141812;144;5284;589;6017;171;22192;3208;25571;42;324;337;703;531;166890;6682;174103;"2025-09-25 11:23:46"
1512;"2021-01-01";157;118;30241;307;30666;98;1486;313;1897;169;11129;652;11950;13;110;91;214;398;42966;1363;44727;"2025-09-25 11:23:46"
1513;"2021-01-01";158;97;107942;1544;109583;70;4388;577;5035;94;18427;2387;20908;9;256;353;618;270;131013;4861;136144;"2025-09-25 11:23:46"
1514;"2021-01-01";159;149;169666;2321;172136;133;5242;880;6255;232;20059;2071;22362;18;289;237;544;532;195256;5509;201297;"2025-09-25 11:23:46"
1515;"2021-01-01";160;71;10547;73;10691;52;536;67;655;116;5755;608;6479;11;53;69;133;250;16891;817;17958;"2025-09-25 11:23:46"
1516;"2021-01-01";161;78;23022;199;23299;42;1123;87;1252;167;9969;232;10368;16;88;36;140;303;34202;554;35059;"2025-09-25 11:23:46"
1517;"2021-01-01";162;162;38899;322;39383;87;1579;227;1893;143;12090;752;12985;23;133;177;333;415;52701;1478;54594;"2025-09-25 11:23:46"
1519;"2021-01-01";257;97;18715;176;18988;63;1336;95;1494;125;10278;267;10670;7;75;36;118;292;30404;574;31270;"2025-09-25 11:23:46"
1520;"2021-01-01";258;198;107714;2213;110125;121;3602;521;4244;207;18601;2951;21759;18;251;626;895;544;130168;6311;137023;"2025-09-25 11:23:46"
1521;"2021-01-01";259;107;30539;712;31358;68;1568;169;1805;106;12886;1023;14015;8;180;107;295;289;45173;2011;47473;"2025-09-25 11:23:46"
1522;"2021-01-01";260;129;27051;3706;30886;93;1347;278;1718;164;12217;424;12805;16;132;58;206;402;40747;4466;45615;"2025-09-25 11:23:46"
1523;"2021-01-01";261;64;8104;56;8224;41;489;58;588;85;4234;250;4569;4;26;36;66;194;12853;400;13447;"2025-09-25 11:23:46"
1524;"2021-01-01";262;76;17931;194;18201;62;906;132;1100;108;8425;250;8783;10;72;41;123;256;27334;617;28207;"2025-09-25 11:23:46"
1525;"2021-01-01";263;68;9200;62;9330;62;443;19;524;100;4878;61;5039;7;38;11;56;237;14559;153;14949;"2025-09-25 11:23:46"
1526;"2021-01-01";264;98;37825;354;38277;105;1693;502;2300;184;11562;2139;13885;23;119;166;308;410;51199;3161;54770;"2025-09-25 11:23:46"
1527;"2021-01-01";265;164;107262;2041;109467;128;4626;497;5251;207;23927;3015;27149;13;239;361;613;512;136054;5914;142480;"2025-09-25 11:23:46"
1528;"2021-01-01";266;64;9005;60;9129;49;472;69;590;101;4709;266;5076;3;40;25;68;217;14226;420;14863;"2025-09-25 11:23:46"
1529;"2021-01-01";267;69;7383;32;7484;50;390;18;458;122;4297;107;4526;9;33;17;59;250;12103;174;12527;"2025-09-25 11:23:46"
1530;"2021-01-01";268;137;148034;3560;151731;99;4167;924;5190;128;18686;2308;21122;10;332;362;704;374;171219;7154;178747;"2025-09-25 11:23:46"
1531;"2021-01-01";269;267;130993;2001;133261;237;3753;583;4573;195;16246;1383;17824;23;182;243;448;722;151174;4210;156106;"2025-09-25 11:23:46"
1532;"2021-01-01";270;109;37690;2535;40334;96;1773;202;2071;124;14474;847;15445;7;172;105;284;336;54109;3689;58134;"2025-09-25 11:23:46"
1533;"2021-01-01";271;87;8695;42;8824;46;449;89;584;96;4771;85;4952;5;42;10;57;234;13957;226;14417;"2025-09-25 11:23:46"
1535;"2021-01-01";164;64;11552;175;11791;56;610;122;788;89;6344;769;7202;9;61;44;114;218;18567;1110;19895;"2025-09-25 11:23:46"
1536;"2021-01-01";165;84;18881;195;19160;76;1163;121;1360;133;11884;266;12283;6;61;35;102;299;31989;617;32905;"2025-09-25 11:23:46"
1537;"2021-01-01";166;60;9447;189;9696;35;457;72;564;60;4761;405;5226;0;39;62;101;155;14704;728;15587;"2025-09-25 11:23:46"
1538;"2021-01-01";167;83;66474;597;67154;65;2375;278;2718;86;13327;3405;16818;14;337;1613;1964;248;82513;5893;88654;"2025-09-25 11:23:46"
1539;"2021-01-01";168;47;8640;416;9103;32;464;59;555;57;3922;214;4193;1;40;24;65;137;13066;713;13916;"2025-09-25 11:23:46"
1540;"2021-01-01";169;141;47005;1009;48155;116;2065;373;2554;195;15102;1593;16890;17;234;260;511;469;64406;3235;68110;"2025-09-25 11:23:46"
1541;"2021-01-01";170;88;18140;247;18475;45;858;255;1158;81;7681;916;8678;11;82;156;249;225;26761;1574;28560;"2025-09-25 11:23:46"
1542;"2021-01-01";171;145;78448;2381;80974;118;3194;431;3743;157;13469;2419;16045;10;209;365;584;430;95320;5596;101346;"2025-09-25 11:23:46"
1543;"2021-01-01";172;191;33801;143;34135;184;1563;62;1809;147;10907;741;11795;10;104;90;204;532;46375;1036;47943;"2025-09-25 11:23:46"
1544;"2021-01-01";173;65;13132;23396;36593;49;787;575;1411;83;7624;364;8071;4;58;48;110;201;21601;24383;46185;"2025-09-25 11:23:46"
1545;"2021-01-01";174;166;113931;1711;115808;130;3614;683;4427;178;22361;1893;24432;13;263;868;1144;487;140169;5155;145811;"2025-09-25 11:23:46"
1546;"2021-01-01";175;94;11694;45612;57400;60;659;1327;2046;154;8510;445;9109;1;135;30;166;309;20998;47414;68721;"2025-09-25 11:23:46"
1547;"2021-01-01";176;184;106218;2233;108635;154;3788;695;4637;177;21071;3391;24639;16;290;810;1116;531;131367;7129;139027;"2025-09-25 11:23:46"
1548;"2021-01-01";177;67;18861;167;19095;40;863;102;1005;94;7839;472;8405;6;63;39;108;207;27626;780;28613;"2025-09-25 11:23:46"
1549;"2021-01-01";178;92;21570;8273;29935;54;1261;205;1520;109;10434;696;11239;8;147;118;273;263;33412;9292;42967;"2025-09-25 11:23:46"
1550;"2021-01-01";179;106;15107;201;15414;59;798;115;972;102;9384;192;9678;12;82;18;112;279;25371;526;26176;"2025-09-25 11:23:46"
1551;"2021-01-01";180;76;17874;196;18146;39;825;80;944;77;7740;781;8598;3;91;87;181;195;26530;1144;27869;"2025-09-25 11:23:46"
1552;"2021-01-01";181;83;12516;82;12681;71;625;50;746;97;6844;290;7231;8;48;26;82;259;20033;448;20740;"2025-09-25 11:23:46"
1553;"2021-01-01";182;59;10305;97;10461;42;584;56;682;65;6008;126;6199;1;37;17;55;167;16934;296;17397;"2025-09-25 11:23:46"
1554;"2021-01-01";183;59;11254;27005;38318;50;575;669;1294;81;6213;167;6461;10;50;15;75;200;18092;27856;46148;"2025-09-25 11:23:46"
1555;"2021-01-01";184;113;22874;5756;28743;75;1705;274;2054;123;14741;230;15094;16;81;29;126;327;39401;6289;46017;"2025-09-25 11:23:46"
1556;"2021-01-01";185;88;23411;270;23769;44;1062;1194;2300;82;7949;500;8531;6;88;142;236;220;32510;2106;34836;"2025-09-25 11:23:46"
1558;"2021-01-01";187;113;110789;1016;111918;81;3463;397;3941;123;22747;2655;25525;9;234;392;635;326;137233;4460;142019;"2025-09-25 11:23:46"
1559;"2021-01-01";188;200;110809;1741;112750;149;4167;541;4857;219;25559;1897;27675;12;331;363;706;580;140866;4542;145988;"2025-09-25 11:23:46"
1560;"2021-01-01";189;59;13395;38;13492;35;711;46;792;69;6302;565;6936;8;58;36;102;171;20466;685;21322;"2025-09-25 11:23:46"
1561;"2021-01-01";190;190;180658;2459;183307;113;5946;823;6882;230;25830;3407;29467;13;313;435;761;546;212747;7124;220417;"2025-09-25 11:23:46"
1562;"2021-01-01";44;42;9206;36;9284;41;437;18;496;41;5180;195;5416;1;45;54;100;125;14868;303;15296;"2025-09-25 11:23:46"
1563;"2021-01-01";192;142;54607;600;55349;83;2234;255;2572;151;17033;931;18115;9;144;135;288;385;74018;1921;76324;"2025-09-25 11:23:46"
1564;"2021-01-01";193;82;25343;397;25822;58;1350;127;1535;122;9761;253;10136;8;77;68;153;270;36531;845;37646;"2025-09-25 11:23:46"
1565;"2021-01-01";194;89;10604;61;10754;44;482;37;563;70;6782;86;6938;2;58;11;71;205;17926;195;18326;"2025-09-25 11:23:46"
1566;"2021-01-01";195;115;34415;441;34971;92;1754;243;2089;160;16652;1004;17816;10;130;150;290;377;52951;1838;55166;"2025-09-25 11:23:46"
1567;"2021-01-01";196;64;18812;188;19064;46;856;41;943;86;10728;960;11774;4;98;147;249;200;30494;1336;32030;"2025-09-25 11:23:46"
1568;"2021-01-01";197;200;60636;886;61722;215;2324;291;2830;254;19038;1224;20516;40;166;221;427;709;82164;2622;85495;"2025-09-25 11:23:46"
1569;"2021-01-01";198;78;12222;125;12425;51;663;53;767;115;5924;104;6143;8;35;21;64;252;18844;303;19399;"2025-09-25 11:23:46"
1570;"2021-01-01";199;51;5639;34;5724;34;299;27;360;53;3688;49;3790;1;24;5;30;139;9650;115;9904;"2025-09-25 11:23:46"
1571;"2021-01-01";200;126;38975;520;39621;71;1777;153;2001;143;14517;721;15381;28;155;135;318;368;55424;1529;57321;"2025-09-25 11:23:46"
1572;"2021-01-01";201;110;41630;475;42215;74;1876;248;2198;119;15745;1513;17377;8;161;322;491;311;59412;2558;62281;"2025-09-25 11:23:46"
1573;"2021-01-01";202;93;20797;187;21077;59;791;77;927;91;8078;193;8362;19;75;34;128;262;29741;491;30494;"2025-09-25 11:23:46"
1574;"2021-01-01";203;68;3577;281;3926;18;239;180;437;58;1294;29;1381;6;15;3;24;150;5125;493;5768;"2025-09-25 11:23:46"
1575;"2021-01-01";204;117;18920;145;19182;64;694;87;845;120;6405;102;6627;7;94;27;128;308;26113;361;26782;"2025-09-25 11:23:46"
1576;"2021-01-01";205;72;18114;91;18277;87;917;76;1080;143;11628;843;12614;9;80;101;190;311;30739;1111;32161;"2025-09-25 11:23:46"
1577;"2021-01-01";206;78;16526;132;16736;45;686;44;775;91;7651;519;8261;7;60;86;153;221;24923;781;25925;"2025-09-25 11:23:46"
1578;"2021-01-01";207;61;9373;44;9478;60;466;46;572;71;5749;103;5923;2;46;14;62;194;15634;207;16035;"2025-09-25 11:23:46"
1579;"2021-01-01";208;121;53474;302;53897;66;2081;417;2564;109;12350;1383;13842;9;140;233;382;305;68045;2335;70685;"2025-09-25 11:23:46"
1580;"2021-01-01";209;148;99507;1318;100973;92;3262;822;4176;199;17234;4541;21974;12;250;1787;2049;451;120253;8468;129172;"2025-09-25 11:23:46"
1581;"2021-01-01";210;138;117934;2262;120334;80;3383;314;3777;96;17826;926;18848;17;225;282;524;331;139368;3784;143483;"2025-09-25 11:23:46"
1583;"2021-01-01";212;116;90788;1048;91952;97;3313;510;3920;136;11783;381;12300;11;196;145;352;360;106080;2084;108524;"2025-09-25 11:23:46"
1584;"2021-01-01";213;92;22195;200;22487;63;928;178;1169;97;8879;263;9239;11;55;167;233;263;32057;808;33128;"2025-09-25 11:23:46"
1586;"2021-01-01";215;236;226450;2325;229011;176;7275;628;8079;216;40182;3806;44204;28;461;540;1029;656;274368;7299;282323;"2025-09-25 11:23:46"
1587;"2021-01-01";216;90;13020;173;13283;59;597;125;781;121;6066;135;6322;6;37;28;71;276;19720;461;20457;"2025-09-25 11:23:46"
1588;"2021-01-01";217;117;40323;470;40910;97;1589;207;1893;105;13573;2685;16363;10;124;631;765;329;55609;3993;59931;"2025-09-25 11:23:46"
1589;"2021-01-01";218;94;43899;671;44664;73;1648;243;1964;132;10596;499;11227;11;114;122;247;310;56257;1535;58102;"2025-09-25 11:23:46"
1590;"2021-01-01";219;89;12378;126;12593;63;582;56;701;84;6955;467;7506;6;123;132;261;242;20038;781;21061;"2025-09-25 11:23:46"
1591;"2021-01-01";220;157;137468;998;138623;104;4757;852;5713;145;21865;6643;28653;11;401;1622;2034;417;164491;10115;175023;"2025-09-25 11:23:46"
1592;"2021-01-01";221;62;9515;67;9644;51;436;57;544;83;4450;489;5022;6;32;95;133;202;14433;708;15343;"2025-09-25 11:23:46"
1593;"2021-01-01";222;209;133762;2704;136675;178;3945;1047;5170;228;26656;2257;29141;16;295;400;711;631;164658;6408;171697;"2025-09-25 11:23:46"
1594;"2021-01-01";223;73;24037;354;24464;72;1157;110;1339;84;10026;366;10476;9;102;62;173;238;35322;892;36452;"2025-09-25 11:23:46"
1595;"2021-01-01";224;120;82852;1301;84273;59;2188;518;2765;132;10725;918;11775;9;66;144;219;320;95831;2881;99032;"2025-09-25 11:23:46"
1596;"2021-01-01";225;82;81162;2364;83608;34;2263;449;2746;61;11296;1570;12927;2;117;233;352;179;94838;4616;99633;"2025-09-25 11:23:46"
1597;"2021-01-01";226;46;106588;1436;108070;16;2127;579;2722;79;8708;679;9466;1;120;154;275;142;117543;2848;120533;"2025-09-25 11:23:46"
1598;"2021-01-01";227;377;119218;44374;163969;358;3198;782;4338;182;18569;1529;20280;18;210;341;569;935;141195;47026;189156;"2025-09-25 11:23:46"
1599;"2021-01-01";228;87;80958;754;81799;35;2274;182;2491;82;7612;686;8380;7;162;185;354;211;91006;1807;93024;"2025-09-25 11:23:46"
1600;"2021-01-01";229;108;41501;770;42379;83;2004;248;2335;126;8839;318;9283;7;96;75;178;324;52440;1411;54175;"2025-09-25 11:23:46"
1601;"2021-01-01";230;58;15695;107;15860;65;631;42;738;100;7693;176;7969;6;47;76;129;229;24066;401;24696;"2025-09-25 11:23:46"
1602;"2021-01-01";231;69;29089;18751;47909;53;1203;377;1633;64;9926;515;10505;7;196;212;415;193;40414;19855;60462;"2025-09-25 11:23:46"
1603;"2021-01-01";232;48;12450;181;12679;56;558;85;699;109;6250;141;6500;6;56;20;82;219;19314;427;19960;"2025-09-25 11:23:46"
1604;"2021-01-01";233;74;14559;107;14740;58;660;72;790;127;7828;387;8342;8;42;56;106;267;23089;622;23978;"2025-09-25 11:23:46"
1606;"2021-01-01";235;271;72523;1188;73982;157;3260;153;3570;345;27481;557;28383;41;194;121;356;814;103458;2019;106291;"2025-09-25 11:23:46"
1607;"2021-01-01";236;574;221540;219966;442080;332;7891;6956;15179;691;49494;3142;53327;41;500;522;1063;1638;279425;230586;511649;"2025-09-25 11:23:46"
1609;"2021-02-01";1;150;198850;16088;215088;54;4678;652;5384;176;13399;1570;15145;15;234;149;398;395;217161;18459;236015;"2025-09-25 11:23:53"
1610;"2021-02-01";2;93;125435;5620;131148;41;3827;616;4484;153;12728;2436;15317;5;128;230;363;292;142118;8902;151312;"2025-09-25 11:23:53"
1611;"2021-02-01";3;106;60725;2173;63004;63;2719;723;3505;135;7487;1259;8881;13;70;101;184;317;71001;4256;75574;"2025-09-25 11:23:53"
1612;"2021-02-01";4;103;61492;976;62571;79;1842;167;2088;118;14995;1951;17064;8;244;474;726;308;78573;3568;82449;"2025-09-25 11:23:53"
1613;"2021-02-01";5;95;99508;3031;102634;50;3832;322;4204;160;9735;2027;11922;12;117;169;298;317;113192;5549;119058;"2025-09-25 11:23:53"
1614;"2021-02-01";6;83;79602;3367;83052;43;2628;399;3070;163;10519;1543;12225;7;53;231;291;296;92802;5540;98638;"2025-09-25 11:23:53"
1615;"2021-02-01";7;97;112435;8567;121099;62;4942;632;5636;130;14386;2648;17164;9;232;187;428;298;131995;12034;144327;"2025-09-25 11:23:53"
1616;"2021-02-01";8;41;68198;3469;71708;20;3329;510;3859;70;10811;2266;13147;5;95;92;192;136;82433;6337;88906;"2025-09-25 11:23:53"
1617;"2021-02-01";9;91;128339;5990;134420;52;4111;892;5055;170;10565;2096;12831;9;117;257;383;322;143132;9235;152689;"2025-09-25 11:23:53"
1618;"2021-02-01";10;90;76343;4787;81220;52;2924;465;3441;121;8627;1947;10695;11;109;153;273;274;88003;7352;95629;"2025-09-25 11:23:53"
1619;"2021-02-01";11;103;79336;2563;82002;52;3209;154;3415;142;10203;2145;12490;10;100;97;207;307;92848;4959;98114;"2025-09-25 11:23:53"
1620;"2021-02-01";12;108;92401;1209;93718;53;2774;139;2966;147;7110;1180;8437;15;88;257;360;323;102373;2785;105481;"2025-09-25 11:23:53"
1621;"2021-02-01";13;99;99198;4149;103446;55;3048;579;3682;164;9640;2087;11891;19;168;137;324;337;112054;6952;119343;"2025-09-25 11:23:53"
1622;"2021-02-01";14;201;74439;3363;78003;108;2484;439;3031;137;6179;1860;8176;10;82;203;295;456;83184;5865;89505;"2025-09-25 11:23:53"
1623;"2021-02-01";15;213;152848;4856;157917;135;3625;775;4535;173;11184;4993;16350;12;218;156;386;533;167875;10780;179188;"2025-09-25 11:23:53"
1624;"2021-02-01";16;125;82644;9036;91805;45;2434;950;3429;156;8822;2059;11037;18;110;116;244;344;94010;12161;106515;"2025-09-25 11:23:53"
1625;"2021-02-01";17;89;102627;2262;104978;46;3543;1143;4732;148;8976;1683;10807;9;95;103;207;292;115241;5191;120724;"2025-09-25 11:23:53"
1626;"2021-02-01";18;127;201178;6419;207724;93;4886;1531;6510;156;25789;4868;30813;14;219;287;520;390;232072;13105;245567;"2025-09-25 11:23:53"
1627;"2021-02-01";19;115;126800;4616;131531;57;3845;783;4685;135;11882;2831;14848;8;187;418;613;315;142714;8648;151677;"2025-09-25 11:23:53"
1628;"2021-02-01";20;133;116824;4049;121006;53;4503;191;4747;173;15155;4267;19595;14;585;625;1224;373;137067;9132;146572;"2025-09-25 11:23:53"
1629;"2021-02-01";21;135;68903;859;69897;56;2165;64;2285;138;5518;1084;6740;9;76;40;125;338;76662;2047;79047;"2025-09-25 11:23:53"
1630;"2021-02-01";22;99;110152;4138;114389;46;3859;797;4702;138;10655;1933;12726;14;119;195;328;297;124785;7063;132145;"2025-09-25 11:23:53"
1631;"2021-02-01";23;1739;39004;500;41243;1643;1741;303;3687;363;3930;842;5135;86;54;55;195;3831;44729;1700;50260;"2025-09-25 11:23:53"
1632;"2021-02-01";63;119;87497;1221;88837;98;2188;310;2596;103;10573;761;11437;10;116;269;395;330;100374;2561;103265;"2025-09-25 11:23:53"
1633;"2021-02-01";25;78;88465;5806;94349;33;3758;563;4354;127;12187;2764;15078;15;135;326;476;253;104545;9459;114257;"2025-09-25 11:23:53"
1634;"2021-02-01";146;848;294719;223776;519343;489;11152;7082;18723;1042;77197;3704;81943;81;703;645;1429;2460;383771;235207;621438;"2025-09-25 11:23:53"
1636;"2021-02-01";28;97;67590;3158;70845;62;2526;519;3107;104;10294;3218;13616;13;103;690;806;276;80513;7585;88374;"2025-09-25 11:23:53"
1637;"2021-02-01";29;75;66174;884;67133;59;2372;504;2935;114;10656;967;11737;10;149;193;352;258;79351;2548;82157;"2025-09-25 11:23:53"
1638;"2021-02-01";77;277;134082;3242;137601;187;3082;490;3759;223;16506;3047;19776;18;255;579;852;705;153925;7358;161988;"2025-09-25 11:23:53"
1639;"2021-02-01";57;60;55697;645;56402;42;1436;135;1613;77;4504;242;4823;5;89;45;139;184;61726;1067;62977;"2025-09-25 11:23:53"
1640;"2021-02-01";32;74;80217;1684;81975;31;2319;684;3034;67;10423;1398;11888;1;125;233;359;173;93084;3999;97256;"2025-09-25 11:23:53"
1641;"2021-02-01";33;119;106890;17077;124086;63;3269;487;3819;167;13671;2166;16004;10;140;498;648;359;123970;20228;144557;"2025-09-25 11:23:53"
1642;"2021-02-01";79;81;101870;1809;103760;41;2464;218;2723;88;10312;1415;11815;9;124;347;480;219;114770;3789;118778;"2025-09-25 11:23:53"
1643;"2021-02-01";35;88;65752;2949;68789;70;2581;310;2961;114;14896;2341;17351;10;178;335;523;282;83407;5935;89624;"2025-09-25 11:23:53"
1644;"2021-02-01";36;93;90203;4190;94486;51;3180;344;3575;108;13319;1851;15278;9;140;274;423;261;106842;6659;113762;"2025-09-25 11:23:53"
1645;"2021-02-01";60;274;181158;4748;186180;294;5075;290;5659;205;19189;1978;21372;32;273;438;743;805;205695;7454;213954;"2025-09-25 11:23:53"
1646;"2021-02-01";38;51;59336;31291;90678;25;1670;829;2524;78;6044;1190;7312;10;96;377;483;164;67146;33687;100997;"2025-09-25 11:23:53"
1647;"2021-02-01";39;273;79854;7496;87623;448;1972;638;3058;183;8279;2061;10523;26;125;689;840;930;90230;10884;102044;"2025-09-25 11:23:53"
1648;"2021-02-01";40;79;25563;1306;26948;50;1120;290;1460;83;4158;323;4564;10;36;48;94;222;30877;1967;33066;"2025-09-25 11:23:53"
1650;"2021-02-01";42;121;148005;9412;157538;63;3796;307;4166;122;13430;1991;15543;9;165;514;688;315;165396;12224;177935;"2025-09-25 11:23:53"
1653;"2021-02-01";46;189;234254;7488;241931;109;5706;758;6573;180;30530;5250;35960;9;316;561;886;487;270806;14057;285350;"2025-09-25 11:23:53"
1654;"2021-02-01";47;107;111079;1764;112950;111;3226;529;3866;266;19396;2509;22171;54;218;263;535;538;133919;5065;139522;"2025-09-25 11:23:53"
1658;"2021-02-01";51;170;194789;3159;198118;183;3578;712;4473;206;17033;1248;18487;13;225;152;390;572;215625;5271;221468;"2025-09-25 11:23:53"
1661;"2021-02-01";54;119;24423;33853;58395;62;1239;1847;3148;153;9198;731;10082;8;80;83;171;342;34940;36514;71796;"2025-09-25 11:23:53"
1662;"2021-02-01";55;107;93764;188683;282554;62;3853;3467;7382;108;21593;2483;24184;14;391;285;690;291;119601;194918;314810;"2025-09-25 11:23:53"
1663;"2021-02-01";56;302;218954;46027;265283;334;6397;1637;8368;170;29730;3226;33126;20;297;551;868;826;255378;51441;307645;"2025-09-25 11:23:53"
1665;"2021-02-01";58;175;138861;4815;143851;98;5037;161;5296;135;17432;4290;21857;16;302;936;1254;424;161632;10202;172258;"2025-09-25 11:23:53"
1666;"2021-02-01";59;131;185497;18839;204467;81;5794;965;6840;103;24100;2707;26910;9;301;320;630;324;215692;22831;238847;"2025-09-25 11:23:53"
1668;"2021-02-01";61;161;178282;4511;182954;91;3643;778;4512;149;12132;2434;14715;9;217;415;641;410;194274;8138;202822;"2025-09-25 11:23:53"
1669;"2021-02-01";62;60;7863;89;8012;41;535;63;639;104;3618;48;3770;3;33;12;48;208;12049;212;12469;"2025-09-25 11:23:53"
1672;"2021-02-01";65;170;163488;3606;167264;134;4938;395;5467;188;26232;7538;33958;24;411;863;1298;516;195069;12402;207987;"2025-09-25 11:23:53"
1678;"2021-02-01";71;73;69053;1932;71058;42;2691;563;3296;110;14012;3905;18027;12;189;425;626;237;85945;6825;93007;"2025-09-25 11:23:53"
1681;"2021-02-01";74;130;158991;2162;161283;96;3836;322;4254;139;14606;2167;16912;13;314;310;637;378;177747;4961;183086;"2025-09-25 11:23:53"
1687;"2021-02-01";80;149;100914;1148;102211;80;2937;772;3789;149;19427;3968;23544;2;244;934;1180;380;123522;6822;130724;"2025-09-25 11:23:53"
1690;"2021-02-01";83;324;154680;632;155636;178;3722;445;4345;229;14854;1628;16711;50;308;169;527;781;173564;2874;177219;"2025-09-25 11:23:53"
1692;"2021-02-01";85;128;23009;189;23326;84;1306;165;1555;152;6334;170;6656;11;86;40;137;375;30735;564;31674;"2025-09-25 11:23:53"
1693;"2021-02-01";86;275;155357;1146;156778;173;4843;348;5364;194;19163;2204;21561;21;238;199;458;663;179601;3897;184161;"2025-09-25 11:23:53"
1694;"2021-02-01";87;96;108389;2704;111189;83;2992;872;3947;82;12724;1946;14752;12;192;193;397;273;124297;5715;130285;"2025-09-25 11:23:53"
1695;"2021-02-01";88;62;104136;2325;106523;29;2595;508;3132;31;9581;1326;10938;1;115;116;232;123;116427;4275;120825;"2025-09-25 11:23:53"
1696;"2021-02-01";89;467;22240;318;23025;120;573;21;714;114;1790;261;2165;18;28;12;58;719;24631;612;25962;"2025-09-25 11:23:53"
1697;"2021-02-01";90;116;85675;1679;87470;76;3000;501;3577;101;10793;1967;12861;9;115;136;260;302;99583;4283;104168;"2025-09-25 11:23:53"
1698;"2021-02-01";91;158;155972;793;156923;93;5681;2781;8555;123;29315;4362;33800;12;355;405;772;386;191323;8341;200050;"2025-09-25 11:23:53"
1699;"2021-02-01";92;77;59640;1077;60794;77;1950;306;2333;96;8837;1148;10081;13;118;128;259;263;70545;2659;73467;"2025-09-25 11:23:53"
1700;"2021-02-01";93;120;85897;823;86840;72;2594;159;2825;97;9444;3841;13382;8;126;302;436;297;98061;5125;103483;"2025-09-25 11:23:53"
1701;"2021-02-01";94;211;187933;1860;190004;113;6072;1593;7778;179;28945;3522;32646;7;404;727;1138;510;223354;7702;231566;"2025-09-25 11:23:53"
1702;"2021-02-01";95;341;245810;1912;248063;190;8796;1069;10055;211;42034;4920;47165;14;559;437;1010;756;297199;8338;306293;"2025-09-25 11:23:53"
1703;"2021-02-01";96;79;30911;754;31744;43;1498;65;1606;81;5411;585;6077;13;75;41;129;216;37895;1445;39556;"2025-09-25 11:23:53"
1704;"2021-02-01";97;258;248479;5362;254099;201;9702;1174;11077;206;35363;5341;40910;25;366;529;920;690;293910;12406;307006;"2025-09-25 11:23:53"
1705;"2021-02-01";101;170;172365;3341;175876;70;2974;1348;4392;113;8199;1944;10256;14;176;192;382;367;183714;6825;190906;"2025-09-25 11:23:53"
1706;"2021-02-01";102;176;66480;1053;67709;77;2498;216;2791;89;7987;1102;9178;16;118;145;279;358;77083;2516;79957;"2025-09-25 11:23:53"
1707;"2021-02-01";103;193;59059;2081;61333;52;2698;247;2997;93;9515;1609;11217;3;109;206;318;341;71381;4143;75865;"2025-09-25 11:23:53"
1708;"2021-02-01";104;128;165375;4026;169529;187;6343;1412;7942;149;19064;2716;21929;23;304;549;876;487;191086;8703;200276;"2025-09-25 11:23:53"
1709;"2021-02-01";105;101;137136;1502;138739;62;2706;87;2855;61;7083;1422;8566;1;156;129;286;225;147081;3140;150446;"2025-09-25 11:23:53"
1710;"2021-02-01";106;184;89293;1124;90601;152;3260;717;4129;109;8605;1917;10631;14;115;106;235;459;101273;3864;105596;"2025-09-25 11:23:53"
1711;"2021-02-01";107;269;60264;1230;61763;96;2648;130;2874;117;6566;1515;8198;22;125;99;246;504;69603;2974;73081;"2025-09-25 11:23:53"
1712;"2021-02-01";108;177;202919;1737;204833;106;7247;449;7802;157;36124;5335;41616;18;378;336;732;458;246668;7857;254983;"2025-09-25 11:23:53"
1713;"2021-02-01";109;173;126605;2926;129704;157;5889;1249;7295;211;21750;3600;25561;14;240;311;565;555;154484;8086;163125;"2025-09-25 11:23:53"
1714;"2021-02-01";110;82;119115;1630;120827;39;4766;647;5452;49;18923;2379;21351;3;267;340;610;173;143071;4996;148240;"2025-09-25 11:23:53"
1715;"2021-02-01";111;148;81289;738;82175;96;3428;474;3998;141;18274;3435;21850;10;822;260;1092;395;103813;4907;109115;"2025-09-25 11:23:53"
1716;"2021-02-01";112;141;104335;2172;106648;120;2693;722;3535;128;9452;3270;12850;13;164;138;315;402;116644;6302;123348;"2025-09-25 11:23:53"
1717;"2021-02-01";113;85;70594;1249;71928;30;2749;902;3681;38;9429;1588;11055;0;85;126;211;153;82857;3865;86875;"2025-09-25 11:23:53"
1718;"2021-02-01";114;146;86560;599;87305;83;3981;496;4560;137;17348;1916;19401;11;272;175;458;377;108161;3186;111724;"2025-09-25 11:23:53"
1719;"2021-02-01";115;227;46666;298;47191;102;1905;732;2739;228;11579;728;12535;11;135;85;231;568;60285;1843;62696;"2025-09-25 11:23:53"
1720;"2021-02-01";116;168;47007;520;47695;76;2189;749;3014;190;13584;5829;19603;9;207;392;608;443;62987;7490;70920;"2025-09-25 11:23:53"
1721;"2021-02-01";117;79;16698;149;16926;75;836;122;1033;146;6158;4506;10810;5;106;506;617;305;23798;5283;29386;"2025-09-25 11:23:53"
1722;"2021-02-01";118;74;93168;1111;94353;54;3282;508;3844;71;10225;1700;11996;10;152;130;292;209;106827;3449;110485;"2025-09-25 11:23:53"
1723;"2021-02-01";119;42;171904;2139;174085;32;4270;740;5042;41;11708;3302;15051;7;280;180;467;122;188162;6361;194645;"2025-09-25 11:23:53"
1724;"2021-02-01";120;18;137708;1002;138728;7;2222;206;2435;24;5038;1233;6295;1;98;32;131;50;145066;2473;147589;"2025-09-25 11:23:53"
1725;"2021-02-01";121;330;105985;1401;107716;178;4407;1222;5807;232;20319;4335;24886;16;419;441;876;756;131130;7399;139285;"2025-09-25 11:23:53"
1726;"2021-02-01";122;104;56677;446;57227;94;1583;157;1834;88;6076;1973;8137;10;82;324;416;296;64418;2900;67614;"2025-09-25 11:23:53"
1727;"2021-02-01";123;244;139331;1934;141509;245;5472;453;6170;202;17795;2486;20483;29;292;256;577;720;162890;5129;168739;"2025-09-25 11:23:53"
1728;"2021-02-01";124;189;91229;858;92276;81;3756;576;4413;123;17640;4038;21801;14;267;487;768;407;112892;5959;119258;"2025-09-25 11:23:53"
1729;"2021-02-01";125;231;179193;2331;181755;99;6060;2587;8746;181;28275;5078;33534;20;311;251;582;531;213839;10247;224617;"2025-09-25 11:23:53"
1730;"2021-02-01";126;306;240915;3257;244478;169;8456;1674;10299;231;33305;6455;39991;21;469;873;1363;727;283145;12259;296131;"2025-09-25 11:23:53"
1731;"2021-02-01";127;158;62139;5928;68225;76;3268;783;4127;140;19957;2632;22729;12;217;379;608;386;85581;9722;95689;"2025-09-25 11:23:53"
1732;"2021-02-01";128;173;104897;532;105602;79;2917;345;3341;134;15203;1845;17182;11;178;143;332;397;123195;2865;126457;"2025-09-25 11:23:53"
1733;"2021-02-01";129;370;377084;2516;379970;203;11390;2632;14225;298;56856;6401;63555;49;915;501;1465;920;446245;12050;459215;"2025-09-25 11:23:53"
1735;"2021-02-01";238;144;87117;2270;89531;135;3007;555;3697;233;17488;1363;19084;25;244;352;621;537;107856;4540;112933;"2025-09-25 11:23:53"
1736;"2021-02-01";214;66;18347;237;18650;60;858;81;999;91;7081;210;7382;7;77;68;152;224;26363;596;27183;"2025-09-25 11:23:53"
1737;"2021-02-01";240;105;36818;675;37598;75;1458;146;1679;115;6842;414;7371;10;97;194;301;305;45215;1429;46949;"2025-09-25 11:23:53"
1738;"2021-02-01";241;111;24634;454;25199;100;939;114;1153;176;6590;171;6937;5;68;32;105;392;32231;771;33394;"2025-09-25 11:23:53"
1739;"2021-02-01";242;104;31324;896;32324;88;1308;148;1544;104;5526;267;5897;6;102;84;192;302;38260;1395;39957;"2025-09-25 11:23:53"
1740;"2021-02-01";243;49;8364;59;8472;45;361;31;437;92;3246;38;3376;5;31;11;47;191;12002;139;12332;"2025-09-25 11:23:53"
1741;"2021-02-01";244;43;11362;175;11580;33;457;29;519;104;3979;76;4159;7;49;19;75;187;15847;299;16333;"2025-09-25 11:23:53"
1742;"2021-02-01";245;127;14248;121;14496;80;780;59;919;115;6079;129;6323;7;62;45;114;329;21169;354;21852;"2025-09-25 11:23:53"
1743;"2021-02-01";246;204;143630;2723;146557;151;5096;584;5831;208;25799;2033;28040;19;345;319;683;582;174870;5659;181111;"2025-09-25 11:23:53"
1744;"2021-02-01";247;53;12995;127;13175;49;551;52;652;107;4847;79;5033;5;57;25;87;214;18450;283;18947;"2025-09-25 11:23:53"
1745;"2021-02-01";248;104;13866;220;14190;83;685;69;837;135;6161;170;6466;14;61;27;102;336;20773;486;21595;"2025-09-25 11:23:53"
1746;"2021-02-01";249;57;16366;125;16548;56;865;36;957;117;6849;125;7091;9;51;20;80;239;24131;306;24676;"2025-09-25 11:23:53"
1747;"2021-02-01";250;282;111130;2362;113774;267;3659;636;4562;257;18111;2681;21049;16;299;371;686;822;133199;6050;140071;"2025-09-25 11:23:53"
1748;"2021-02-01";251;63;15835;392;16290;54;719;164;937;105;3378;130;3613;7;72;40;119;229;20004;726;20959;"2025-09-25 11:23:53"
1749;"2021-02-01";252;92;16335;279;16706;78;846;60;984;110;8335;130;8575;11;51;33;95;291;25567;502;26360;"2025-09-25 11:23:53"
1750;"2021-02-01";253;124;26163;211;26498;103;1431;300;1834;179;11314;435;11928;19;91;77;187;425;38999;1023;40447;"2025-09-25 11:23:53"
1751;"2021-02-01";254;54;9372;69;9495;62;361;55;478;100;3192;45;3337;10;40;17;67;226;12965;186;13377;"2025-09-25 11:23:53"
1752;"2021-02-01";255;73;17582;373;18028;62;941;64;1067;108;8060;230;8398;9;61;52;122;252;26644;719;27615;"2025-09-25 11:23:53"
1754;"2021-02-01";131;68;14420;81;14569;52;806;49;907;81;7731;248;8060;8;46;29;83;209;23003;407;23619;"2025-09-25 11:23:53"
1755;"2021-02-01";132;66;10275;106;10447;45;525;67;637;108;4846;386;5340;4;39;230;273;223;15685;789;16697;"2025-09-25 11:23:53"
1756;"2021-02-01";133;68;11348;131;11547;54;651;89;794;96;6053;707;6856;12;52;71;135;230;18104;998;19332;"2025-09-25 11:23:53"
1757;"2021-02-01";134;73;16225;135;16433;53;784;90;927;114;7924;141;8179;7;60;27;94;247;24993;393;25633;"2025-09-25 11:23:53"
1758;"2021-02-01";135;72;18525;364;18961;47;905;90;1042;79;7521;598;8198;6;57;78;141;204;27008;1130;28342;"2025-09-25 11:23:53"
1759;"2021-02-01";136;70;42771;263;43104;61;2245;221;2527;91;13187;1300;14578;8;135;143;286;230;58338;1927;60495;"2025-09-25 11:23:53"
1760;"2021-02-01";137;101;51375;756;52232;79;1968;176;2223;150;13417;1649;15216;6;188;836;1030;336;66948;3417;70701;"2025-09-25 11:23:53"
1761;"2021-02-01";138;32;15404;144;15580;22;624;33;679;30;3121;549;3700;4;53;42;99;88;19202;768;20058;"2025-09-25 11:23:53"
1762;"2021-02-01";139;68;39217;237;39522;60;1617;116;1793;79;8816;889;9784;6;98;107;211;213;49748;1349;51310;"2025-09-25 11:23:53"
1763;"2021-02-01";140;1;8;0;9;0;3;0;3;0;8;0;8;0;0;0;0;1;19;0;20;"2025-09-25 11:23:53"
1764;"2021-02-01";141;206;77225;1062;78493;119;2527;395;3041;174;11674;953;12801;16;167;242;425;515;91593;2652;94760;"2025-09-25 11:23:53"
1765;"2021-02-01";142;66;80735;1573;82374;104;2409;870;3383;62;10803;1624;12489;4;187;212;403;236;94134;4279;98649;"2025-09-25 11:23:53"
1766;"2021-02-01";143;126;85917;1605;87648;92;2867;409;3368;117;13464;1805;15386;4;198;179;381;339;102446;3998;106783;"2025-09-25 11:23:53"
1767;"2021-02-01";144;127;110207;4739;115073;86;3354;714;4154;128;15149;2018;17295;13;265;290;568;354;128975;7761;137090;"2025-09-25 11:23:53"
1768;"2021-02-01";145;192;86449;4189;90830;142;3283;426;3851;235;19631;1637;21503;21;274;281;576;590;109637;6533;116760;"2025-09-25 11:23:53"
1770;"2021-02-01";147;59;19677;62;19798;31;700;110;841;59;1918;336;2313;8;31;24;63;157;22326;532;23015;"2025-09-25 11:23:53"
1771;"2021-02-01";148;222;39475;1409;41106;119;1833;370;2322;208;12470;649;13327;22;128;98;248;571;53906;2526;57003;"2025-09-25 11:23:53"
1772;"2021-02-01";149;63;19065;1148;20276;35;1154;289;1478;82;8464;571;9117;7;59;55;121;187;28742;2063;30992;"2025-09-25 11:23:53"
1773;"2021-02-01";150;137;43267;849;44253;87;2302;399;2788;160;15247;1061;16468;25;104;74;203;409;60920;2383;63712;"2025-09-25 11:23:53"
1774;"2021-02-01";151;139;74210;599;74948;76;2683;345;3104;167;17743;2239;20149;13;275;800;1088;395;94911;3983;99289;"2025-09-25 11:23:53"
1775;"2021-02-01";152;119;38093;470;38682;76;1548;166;1790;183;12411;539;13133;28;106;151;285;406;52158;1326;53890;"2025-09-25 11:23:53"
1776;"2021-02-01";153;100;21909;466;22475;64;1235;315;1614;132;11053;371;11556;10;66;50;126;306;34263;1202;35771;"2025-09-25 11:23:53"
1777;"2021-02-01";154;149;73835;810;74794;85;2809;469;3363;160;18041;1714;19915;18;211;379;608;412;94896;3372;98680;"2025-09-25 11:23:53"
1778;"2021-02-01";155;82;18685;154;18921;39;805;116;960;110;7460;535;8105;8;62;78;148;239;27012;883;28134;"2025-09-25 11:23:53"
1779;"2021-02-01";156;175;139930;2545;142650;135;5287;593;6015;169;22283;3196;25648;40;337;337;714;519;167837;6671;175027;"2025-09-25 11:23:53"
1780;"2021-02-01";157;119;30294;308;30721;98;1478;318;1894;169;11151;651;11971;13;112;95;220;399;43035;1372;44806;"2025-09-25 11:23:53"
1781;"2021-02-01";158;99;108002;1596;109697;70;4377;579;5026;93;18403;2395;20891;10;262;358;630;272;131044;4928;136244;"2025-09-25 11:23:53"
1782;"2021-02-01";159;150;169999;2297;172446;132;5242;882;6256;230;20067;2071;22368;18;298;235;551;530;195606;5485;201621;"2025-09-25 11:23:53"
1783;"2021-02-01";160;71;10551;73;10695;51;536;66;653;116;5786;615;6517;11;53;70;134;249;16926;824;17999;"2025-09-25 11:23:53"
1784;"2021-02-01";161;78;22964;198;23240;43;1122;90;1255;167;9996;231;10394;17;92;36;145;305;34174;555;35034;"2025-09-25 11:23:53"
1785;"2021-02-01";162;162;38971;322;39455;87;1571;225;1883;143;12085;756;12984;23;138;174;335;415;52765;1477;54657;"2025-09-25 11:23:53"
1787;"2021-02-01";257;98;18803;177;19078;63;1340;94;1497;127;10296;265;10688;7;77;37;121;295;30516;573;31384;"2025-09-25 11:23:53"
1788;"2021-02-01";258;199;107897;2183;110279;119;3591;517;4227;206;18619;2966;21791;19;253;629;901;543;130360;6295;137198;"2025-09-25 11:23:53"
1789;"2021-02-01";259;106;30640;701;31447;68;1575;168;1811;106;12921;1029;14056;8;185;111;304;288;45321;2009;47618;"2025-09-25 11:23:53"
1790;"2021-02-01";260;129;27057;3640;30826;93;1350;266;1709;164;12252;424;12840;16;132;58;206;402;40791;4388;45581;"2025-09-25 11:23:53"
1791;"2021-02-01";261;64;8130;56;8250;41;488;58;587;87;4234;251;4572;4;27;36;67;196;12879;401;13476;"2025-09-25 11:23:53"
1792;"2021-02-01";262;77;18019;194;18290;66;911;135;1112;108;8446;245;8799;10;72;41;123;261;27448;615;28324;"2025-09-25 11:23:53"
1793;"2021-02-01";263;68;9224;60;9352;62;436;19;517;104;4882;60;5046;7;40;11;58;241;14582;150;14973;"2025-09-25 11:23:53"
1794;"2021-02-01";264;98;37922;345;38365;104;1695;498;2297;183;11590;2150;13923;23;119;165;307;408;51326;3158;54892;"2025-09-25 11:23:53"
1795;"2021-02-01";265;164;107211;2027;109402;128;4615;497;5240;207;23911;3016;27134;13;234;368;615;512;135971;5908;142391;"2025-09-25 11:23:53"
1796;"2021-02-01";266;64;8977;61;9102;48;468;72;588;101;4699;269;5069;3;39;26;68;216;14183;428;14827;"2025-09-25 11:23:53"
1797;"2021-02-01";267;66;7410;32;7508;44;389;18;451;116;4313;108;4537;7;33;17;57;233;12145;175;12553;"2025-09-25 11:23:53"
1798;"2021-02-01";268;137;148749;3489;152375;98;4129;921;5148;123;18706;2304;21133;9;337;362;708;367;171921;7076;179364;"2025-09-25 11:23:53"
1799;"2021-02-01";269;265;131219;2041;133525;239;3772;583;4594;201;16307;1376;17884;24;183;239;446;729;151481;4239;156449;"2025-09-25 11:23:53"
1800;"2021-02-01";270;109;37813;2494;40416;96;1774;201;2071;125;14503;834;15462;7;173;104;284;337;54263;3633;58233;"2025-09-25 11:23:53"
1801;"2021-02-01";271;92;8724;42;8858;51;450;89;590;105;4783;86;4974;7;42;10;59;255;13999;227;14481;"2025-09-25 11:23:53"
1803;"2021-02-01";164;64;11544;174;11782;56;610;122;788;89;6367;768;7224;9;61;45;115;218;18582;1109;19909;"2025-09-25 11:23:53"
1804;"2021-02-01";165;85;18954;195;19234;77;1163;116;1356;133;11913;271;12317;6;63;35;104;301;32093;617;33011;"2025-09-25 11:23:53"
1805;"2021-02-01";166;61;9524;185;9770;35;458;72;565;61;4785;404;5250;0;39;63;102;157;14806;724;15687;"2025-09-25 11:23:53"
1806;"2021-02-01";167;84;66795;598;67477;65;2381;278;2724;85;13367;3411;16863;14;344;1615;1973;248;82887;5902;89037;"2025-09-25 11:23:53"
1807;"2021-02-01";168;49;8648;421;9118;32;465;61;558;57;3924;214;4195;1;41;23;65;139;13078;719;13936;"2025-09-25 11:23:53"
1808;"2021-02-01";169;141;47324;948;48413;119;2051;369;2539;195;15083;1629;16907;17;236;263;516;472;64694;3209;68375;"2025-09-25 11:23:53"
1809;"2021-02-01";170;88;18236;249;18573;45;856;255;1156;80;7708;916;8704;11;84;159;254;224;26884;1579;28687;"2025-09-25 11:23:53"
1810;"2021-02-01";171;144;78352;2384;80880;118;3163;430;3711;157;13440;2407;16004;9;211;368;588;428;95166;5589;101183;"2025-09-25 11:23:53"
1811;"2021-02-01";172;189;34153;143;34485;184;1582;62;1828;143;10958;747;11848;10;109;90;209;526;46802;1042;48370;"2025-09-25 11:23:53"
1812;"2021-02-01";173;65;13167;22501;35733;48;793;549;1390;85;7650;364;8099;4;59;47;110;202;21669;23461;45332;"2025-09-25 11:23:53"
1813;"2021-02-01";174;166;114063;1710;115939;130;3610;691;4431;178;22392;1899;24469;13;271;871;1155;487;140336;5171;145994;"2025-09-25 11:23:53"
1814;"2021-02-01";175;93;11910;48125;60128;57;672;1327;2056;152;8541;447;9140;1;138;30;169;303;21261;49929;71493;"2025-09-25 11:23:53"
1815;"2021-02-01";176;184;106454;2252;108890;151;3780;699;4630;178;21221;3382;24781;16;301;811;1128;529;131756;7144;139429;"2025-09-25 11:23:53"
1816;"2021-02-01";177;67;18924;168;19159;39;866;99;1004;94;7851;473;8418;6;64;39;109;206;27705;779;28690;"2025-09-25 11:23:54"
1817;"2021-02-01";178;92;21584;7944;29620;53;1254;195;1502;109;10469;704;11282;8;149;120;277;262;33456;8963;42681;"2025-09-25 11:23:54"
1818;"2021-02-01";179;106;15152;215;15473;59;797;110;966;102;9399;191;9692;12;73;18;103;279;25421;534;26234;"2025-09-25 11:23:54"
1819;"2021-02-01";180;75;17968;199;18242;39;827;77;943;78;7791;784;8653;3;96;86;185;195;26682;1146;28023;"2025-09-25 11:23:54"
1820;"2021-02-01";181;82;12489;81;12652;70;625;51;746;96;6850;290;7236;8;50;26;84;256;20014;448;20718;"2025-09-25 11:23:54"
1821;"2021-02-01";182;59;10312;98;10469;42;588;56;686;65;6049;126;6240;1;38;17;56;167;16987;297;17451;"2025-09-25 11:23:54"
1822;"2021-02-01";183;60;11265;26863;38188;50;577;665;1292;80;6238;168;6486;10;51;16;77;200;18131;27712;46043;"2025-09-25 11:23:54"
1823;"2021-02-01";184;110;22922;8530;31562;75;1723;322;2120;123;14778;234;15135;16;80;30;126;324;39503;9116;48943;"2025-09-25 11:23:54"
1824;"2021-02-01";185;87;23443;288;23818;46;1058;1202;2306;83;7966;494;8543;6;90;140;236;222;32557;2124;34903;"2025-09-25 11:23:54"
1826;"2021-02-01";187;113;110976;998;112087;80;3446;392;3918;124;22332;2645;25101;9;232;394;635;326;136986;4429;141741;"2025-09-25 11:23:54"
1827;"2021-02-01";188;200;111241;1753;113194;149;4174;543;4866;220;25602;1897;27719;12;340;362;714;581;141357;4555;146493;"2025-09-25 11:23:54"
1828;"2021-02-01";189;59;13411;38;13508;35;710;48;793;69;6330;561;6960;8;60;37;105;171;20511;684;21366;"2025-09-25 11:23:54"
1829;"2021-02-01";190;190;180829;2452;183471;112;5913;829;6854;230;25736;3415;29381;13;316;437;766;545;212794;7133;220472;"2025-09-25 11:23:54"
1830;"2021-02-01";44;42;9221;36;9299;41;441;18;500;41;5188;191;5420;1;45;56;102;125;14895;301;15321;"2025-09-25 11:23:54"
1831;"2021-02-01";192;142;54792;599;55533;83;2231;257;2571;153;17091;933;18177;9;144;133;286;387;74258;1922;76567;"2025-09-25 11:23:54"
1832;"2021-02-01";193;82;25498;397;25977;58;1350;127;1535;121;9819;251;10191;8;78;69;155;269;36745;844;37858;"2025-09-25 11:23:54"
1833;"2021-02-01";194;89;10599;61;10749;44;480;37;561;70;6785;86;6941;2;58;11;71;205;17922;195;18322;"2025-09-25 11:23:54"
1834;"2021-02-01";195;117;34500;443;35060;93;1759;240;2092;160;16748;1004;17912;10;129;150;289;380;53136;1837;55353;"2025-09-25 11:23:54"
1835;"2021-02-01";196;64;18804;182;19050;46;860;39;945;85;10766;960;11811;4;101;149;254;199;30531;1330;32060;"2025-09-25 11:23:54"
1836;"2021-02-01";197;202;60785;890;61877;215;2326;289;2830;256;19066;1236;20558;40;170;220;430;713;82347;2635;85695;"2025-09-25 11:23:54"
1837;"2021-02-01";198;78;12280;128;12486;51;663;55;769;115;5968;104;6187;8;35;21;64;252;18946;308;19506;"2025-09-25 11:23:54"
1838;"2021-02-01";199;52;5674;34;5760;34;297;27;358;53;3708;47;3808;1;24;5;30;140;9703;113;9956;"2025-09-25 11:23:54"
1839;"2021-02-01";200;125;39104;516;39745;71;1779;153;2003;142;14563;723;15428;28;162;135;325;366;55608;1527;57501;"2025-09-25 11:23:54"
1840;"2021-02-01";201;112;41838;474;42424;75;1880;247;2202;120;15768;1515;17403;8;170;320;498;315;59656;2556;62527;"2025-09-25 11:23:54"
1841;"2021-02-01";202;93;20892;189;21174;59;795;77;931;93;8103;194;8390;20;78;34;132;265;29868;494;30627;"2025-09-25 11:23:54"
1842;"2021-02-01";203;68;3629;287;3984;18;241;180;439;59;1304;29;1392;6;15;3;24;151;5189;499;5839;"2025-09-25 11:23:54"
1843;"2021-02-01";204;117;18896;144;19157;64;695;84;843;120;6441;102;6663;7;94;27;128;308;26126;357;26791;"2025-09-25 11:23:54"
1844;"2021-02-01";205;72;18116;91;18279;87;920;76;1083;144;11666;837;12647;9;80;102;191;312;30782;1106;32200;"2025-09-25 11:23:54"
1845;"2021-02-01";206;78;16576;135;16789;43;683;44;770;91;7658;518;8267;8;59;87;154;220;24976;784;25980;"2025-09-25 11:23:54"
1846;"2021-02-01";207;61;9403;44;9508;60;467;45;572;71;5781;103;5955;2;47;14;63;194;15698;206;16098;"2025-09-25 11:23:54"
1847;"2021-02-01";208;121;53690;300;54111;66;2075;418;2559;109;12398;1383;13890;9;136;232;377;305;68299;2333;70937;"2025-09-25 11:23:54"
1848;"2021-02-01";209;149;99794;1312;101255;93;3261;823;4177;198;17272;4572;22042;12;251;1785;2048;452;120578;8492;129522;"2025-09-25 11:23:54"
1849;"2021-02-01";210;139;118212;2243;120594;80;3388;315;3783;97;17852;921;18870;17;231;281;529;333;139683;3760;143776;"2025-09-25 11:23:54"
1851;"2021-02-01";212;121;90955;1044;92120;98;3302;507;3907;136;11830;381;12347;11;199;145;355;366;106286;2077;108729;"2025-09-25 11:23:54"
1852;"2021-02-01";213;91;22341;199;22631;63;941;180;1184;99;8897;262;9258;11;56;169;236;264;32235;810;33309;"2025-09-25 11:23:54"
1854;"2021-02-01";215;231;227051;2352;229634;176;7267;630;8073;216;40274;3816;44306;27;469;542;1038;650;275061;7340;283051;"2025-09-25 11:23:54"
1855;"2021-02-01";216;90;13074;167;13331;57;600;125;782;120;6087;136;6343;6;39;29;74;273;19800;457;20530;"2025-09-25 11:23:54"
1856;"2021-02-01";217;117;40435;469;41021;97;1588;206;1891;105;13587;2671;16363;10;128;629;767;329;55738;3975;60042;"2025-09-25 11:23:54"
1857;"2021-02-01";218;95;44053;673;44821;74;1660;246;1980;133;10600;498;11231;11;115;124;250;313;56428;1541;58282;"2025-09-25 11:23:54"
1858;"2021-02-01";219;89;12435;126;12650;63;586;57;706;84;6984;471;7539;6;124;132;262;242;20129;786;21157;"2025-09-25 11:23:54"
1859;"2021-02-01";220;157;138021;993;139171;103;4748;843;5694;145;21861;6642;28648;11;403;1610;2024;416;165033;10088;175537;"2025-09-25 11:23:54"
1860;"2021-02-01";221;61;9542;68;9671;52;438;54;544;83;4473;489;5045;6;33;95;134;202;14486;706;15394;"2025-09-25 11:23:54"
1861;"2021-02-01";222;209;133993;2679;136881;177;3927;1045;5149;229;26687;2261;29177;16;308;400;724;631;164915;6385;171931;"2025-09-25 11:23:54"
1862;"2021-02-01";223;73;24116;353;24542;72;1161;108;1341;88;10044;365;10497;8;107;62;177;241;35428;888;36557;"2025-09-25 11:23:54"
1863;"2021-02-01";224;119;83381;1311;84811;59;2194;517;2770;133;10769;921;11823;9;67;144;220;320;96411;2893;99624;"2025-09-25 11:23:54"
1864;"2021-02-01";225;81;81244;2337;83662;34;2247;464;2745;61;11260;1566;12887;2;123;234;359;178;94874;4601;99653;"2025-09-25 11:23:54"
1865;"2021-02-01";226;48;107024;1459;108531;16;2124;581;2721;79;8712;677;9468;1;120;154;275;144;117980;2871;120995;"2025-09-25 11:23:54"
1866;"2021-02-01";227;372;119661;45080;165113;360;3185;782;4327;181;18591;1529;20301;19;213;342;574;932;141650;47733;190315;"2025-09-25 11:23:54"
1867;"2021-02-01";228;87;81124;756;81967;35;2285;182;2502;83;7615;697;8395;7;167;186;360;212;91191;1821;93224;"2025-09-25 11:23:54"
1868;"2021-02-01";229;106;41470;770;42346;83;1997;246;2326;125;8856;317;9298;7;96;74;177;321;52419;1407;54147;"2025-09-25 11:23:54"
1869;"2021-02-01";230;58;15683;107;15848;65;633;40;738;99;7695;176;7970;5;44;78;127;227;24055;401;24683;"2025-09-25 11:23:54"
1870;"2021-02-01";231;69;29096;19310;48475;53;1210;368;1631;65;9986;516;10567;6;197;213;416;193;40489;20407;61089;"2025-09-25 11:23:54"
1871;"2021-02-01";232;47;12474;180;12701;53;562;92;707;108;6271;141;6520;6;57;20;83;214;19364;433;20011;"2025-09-25 11:23:54"
1872;"2021-02-01";233;76;14612;107;14795;58;663;69;790;127;7851;386;8364;8;47;54;109;269;23173;616;24058;"2025-09-25 11:23:54"
1874;"2021-02-01";235;271;72706;1187;74164;157;3257;153;3567;347;27521;554;28422;41;196;121;358;816;103680;2015;106511;"2025-09-25 11:23:54"
1875;"2021-02-01";236;577;222013;222589;445179;332;7895;6929;15156;695;49676;3150;53521;40;507;524;1071;1644;280091;233192;514927;"2025-09-25 11:23:54"
1877;"2021-03-01";1;150;198891;15961;215002;54;4616;630;5300;176;13366;1566;15108;15;226;145;386;395;217099;18302;235796;"2025-09-25 11:24:01"
1878;"2021-03-01";2;94;126210;5543;131847;43;3809;617;4469;152;12709;2451;15312;5;135;235;375;294;142863;8846;152003;"2025-09-25 11:24:01"
1879;"2021-03-01";3;105;60738;2168;63011;63;2696;723;3482;136;7487;1267;8890;13;70;104;187;317;70991;4262;75570;"2025-09-25 11:24:01"
1880;"2021-03-01";4;103;61839;1022;62964;79;1845;169;2093;118;15057;1950;17125;8;258;474;740;308;78999;3615;82922;"2025-09-25 11:24:01"
1881;"2021-03-01";5;95;99433;3008;102536;50;3805;323;4178;161;9722;2046;11929;12;119;169;300;318;113079;5546;118943;"2025-09-25 11:24:01"
1882;"2021-03-01";6;84;79620;3386;83090;42;2612;398;3052;164;10515;1546;12225;7;53;231;291;297;92800;5561;98658;"2025-09-25 11:24:01"
1883;"2021-03-01";7;97;112571;8747;121415;62;4924;629;5615;131;14427;2648;17206;9;235;187;431;299;132157;12211;144667;"2025-09-25 11:24:01"
1884;"2021-03-01";8;41;68266;3476;71783;20;3289;506;3815;70;10838;2249;13157;5;96;89;190;136;82489;6320;88945;"2025-09-25 11:24:01"
1885;"2021-03-01";9;91;128408;5965;134464;52;4084;886;5022;169;10562;2097;12828;9;121;257;387;321;143175;9205;152701;"2025-09-25 11:24:01"
1886;"2021-03-01";10;82;76245;4744;81071;49;2901;464;3414;121;8623;1957;10701;11;111;154;276;263;87880;7319;95462;"2025-09-25 11:24:01"
1887;"2021-03-01";11;103;79451;2564;82118;52;3183;150;3385;138;10178;2140;12456;10;105;96;211;303;92917;4950;98170;"2025-09-25 11:24:01"
1888;"2021-03-01";12;108;92634;1210;93952;53;2762;140;2955;146;7120;1186;8452;15;90;258;363;322;102606;2794;105722;"2025-09-25 11:24:01"
1889;"2021-03-01";13;100;99273;4127;103500;55;3031;574;3660;166;9629;2094;11889;19;175;137;331;340;112108;6932;119380;"2025-09-25 11:24:01"
1890;"2021-03-01";14;202;74536;3331;78069;108;2480;437;3025;137;6184;1858;8179;10;89;206;305;457;83289;5832;89578;"2025-09-25 11:24:01"
1891;"2021-03-01";15;218;152535;4862;157615;135;3596;771;4502;172;11153;4954;16279;12;216;154;382;537;167500;10741;178778;"2025-09-25 11:24:01"
1892;"2021-03-01";16;124;82402;9265;91791;44;2415;914;3373;161;8794;2065;11020;18;116;117;251;347;93727;12361;106435;"2025-09-25 11:24:01"
1893;"2021-03-01";17;89;102792;2263;105144;46;3516;1136;4698;149;9016;1687;10852;9;103;103;215;293;115427;5189;120909;"2025-09-25 11:24:01"
1894;"2021-03-01";18;125;201203;6426;207754;93;4856;1544;6493;156;25734;4888;30778;14;216;310;540;388;232009;13168;245565;"2025-09-25 11:24:01"
1895;"2021-03-01";19;116;126812;4603;131531;57;3827;780;4664;135;11872;2814;14821;8;187;415;610;316;142698;8612;151626;"2025-09-25 11:24:01"
1896;"2021-03-01";20;132;116862;4045;121039;53;4455;189;4697;173;15213;4269;19655;14;589;631;1234;372;137119;9134;146625;"2025-09-25 11:24:01"
1897;"2021-03-01";21;136;69365;874;70375;56;2154;63;2273;138;5488;1085;6711;9;77;41;127;339;77084;2063;79486;"2025-09-25 11:24:01"
1898;"2021-03-01";22;98;110116;4114;114328;46;3841;796;4683;140;10648;1925;12713;14;118;196;328;298;124723;7031;132052;"2025-09-25 11:24:01"
1899;"2021-03-01";23;1652;38886;492;41030;1659;1728;301;3688;358;3930;845;5133;86;56;56;198;3755;44600;1694;50049;"2025-09-25 11:24:01"
1900;"2021-03-01";63;118;87606;1216;88940;98;2178;308;2584;103;10571;762;11436;10;116;270;396;329;100471;2556;103356;"2025-09-25 11:24:01"
1901;"2021-03-01";25;77;88518;5770;94365;33;3721;561;4315;126;12196;2759;15081;15;135;326;476;251;104570;9416;114237;"2025-09-25 11:24:01"
1902;"2021-03-01";146;830;295871;227095;523796;487;11159;7028;18674;1027;77689;3700;82416;80;719;646;1445;2424;385438;238469;626331;"2025-09-25 11:24:01"
1904;"2021-03-01";28;96;67647;3072;70815;62;2515;519;3096;103;10250;3241;13594;12;107;690;809;273;80519;7522;88314;"2025-09-25 11:24:01"
1905;"2021-03-01";29;75;66539;878;67492;59;2346;503;2908;115;10671;996;11782;10;148;195;353;259;79704;2572;82535;"2025-09-25 11:24:01"
1906;"2021-03-01";77;276;134258;3220;137754;186;3064;489;3739;226;16553;3042;19821;18;257;581;856;706;154132;7332;162170;"2025-09-25 11:24:01"
1907;"2021-03-01";57;60;55848;643;56551;42;1433;134;1609;77;4524;247;4848;5;97;44;146;184;61902;1068;63154;"2025-09-25 11:24:01"
1908;"2021-03-01";32;73;80271;1681;82025;31;2286;681;2998;67;10382;1396;11845;1;123;230;354;172;93062;3988;97222;"2025-09-25 11:24:01"
1909;"2021-03-01";33;125;107184;17529;124838;63;3258;477;3798;173;13643;2166;15982;10;144;497;651;371;124229;20669;145269;"2025-09-25 11:24:01"
1910;"2021-03-01";79;81;102047;1781;103909;41;2440;222;2703;90;10372;1415;11877;9;128;349;486;221;114987;3767;118975;"2025-09-25 11:24:01"
1911;"2021-03-01";35;88;65587;2929;68604;70;2583;310;2963;113;14839;2343;17295;10;177;334;521;281;83186;5916;89383;"2025-09-25 11:24:01"
1912;"2021-03-01";36;94;90260;4184;94538;51;3141;344;3536;109;13348;1868;15325;9;142;272;423;263;106891;6668;113822;"2025-09-25 11:24:01"
1913;"2021-03-01";60;273;181399;4728;186400;294;5064;297;5655;204;19227;1989;21420;33;277;441;751;804;205967;7455;214226;"2025-09-25 11:24:01"
1914;"2021-03-01";38;49;59270;31257;90576;25;1650;821;2496;78;6032;1183;7293;10;97;375;482;162;67049;33636;100847;"2025-09-25 11:24:01"
1915;"2021-03-01";39;274;79873;7693;87840;456;1945;630;3031;184;8270;2065;10519;26;127;692;845;940;90215;11080;102235;"2025-09-25 11:24:01"
1916;"2021-03-01";40;79;25559;1301;26939;50;1127;291;1468;83;4140;317;4540;10;36;47;93;222;30862;1956;33040;"2025-09-25 11:24:01"
1918;"2021-03-01";42;121;148063;9382;157566;63;3791;302;4156;124;13421;2003;15548;9;173;512;694;317;165448;12199;177964;"2025-09-25 11:24:01"
1921;"2021-03-01";46;193;234726;7535;242454;108;5672;756;6536;180;30452;5266;35898;9;317;570;896;490;271167;14127;285784;"2025-09-25 11:24:01"
1922;"2021-03-01";47;105;111571;1768;113444;111;3235;524;3870;264;19392;2518;22174;54;228;265;547;534;134426;5075;140035;"2025-09-25 11:24:01"
1926;"2021-03-01";51;169;194900;3142;198211;183;3565;708;4456;206;17017;1260;18483;12;238;155;405;570;215720;5265;221555;"2025-09-25 11:24:01"
1929;"2021-03-01";54;119;24451;32709;57279;61;1237;1812;3110;152;9213;735;10100;8;83;84;175;340;34984;35340;70664;"2025-09-25 11:24:01"
1930;"2021-03-01";55;106;94199;186997;281302;61;3826;3394;7281;109;21623;2496;24228;13;390;289;692;289;120038;193176;313503;"2025-09-25 11:24:01"
1931;"2021-03-01";56;306;219440;45951;265697;337;6366;1613;8316;170;29721;3260;33151;20;318;552;890;833;255845;51376;308054;"2025-09-25 11:24:01"
1933;"2021-03-01";58;175;139566;4623;144364;98;4976;156;5230;132;17441;4305;21878;16;305;939;1260;421;162288;10023;172732;"2025-09-25 11:24:01"
1934;"2021-03-01";59;133;186102;19563;205798;82;5750;963;6795;105;24072;2724;26901;9;293;316;618;329;216217;23566;240112;"2025-09-25 11:24:01"
1936;"2021-03-01";61;162;179211;4538;183911;92;3629;781;4502;149;12100;2471;14720;9;220;419;648;412;195160;8209;203781;"2025-09-25 11:24:01"
1937;"2021-03-01";62;60;7891;89;8040;41;533;62;636;108;3606;49;3763;3;33;12;48;212;12063;212;12487;"2025-09-25 11:24:01"
1940;"2021-03-01";65;170;164110;3566;167846;134;4945;390;5469;189;26318;7500;34007;24;416;856;1296;517;195789;12312;208618;"2025-09-25 11:24:01"
1946;"2021-03-01";71;73;69112;1927;71112;42;2663;562;3267;109;13834;3878;17821;11;190;436;637;235;85799;6803;92837;"2025-09-25 11:24:01"
1949;"2021-03-01";74;128;158738;2104;160970;94;3804;321;4219;139;14698;2196;17033;13;323;308;644;374;177563;4929;182866;"2025-09-25 11:24:01"
1955;"2021-03-01";80;150;101119;1146;102415;80;2958;771;3809;149;19533;3971;23653;3;243;938;1184;382;123853;6826;131061;"2025-09-25 11:24:01"
1958;"2021-03-01";83;324;155593;633;156550;181;3732;456;4369;236;14951;1635;16822;50;331;168;549;791;174607;2892;178290;"2025-09-25 11:24:01"
1960;"2021-03-01";85;129;23126;191;23446;84;1290;164;1538;154;6344;173;6671;11;89;40;140;378;30849;568;31795;"2025-09-25 11:24:01"
1961;"2021-03-01";86;278;155999;1135;157412;172;4808;344;5324;193;19193;2212;21598;21;241;200;462;664;180241;3891;184796;"2025-09-25 11:24:01"
1962;"2021-03-01";87;97;108585;2667;111349;78;2966;858;3902;82;12711;1940;14733;12;207;194;413;269;124469;5659;130397;"2025-09-25 11:24:01"
1963;"2021-03-01";88;62;104016;2351;106429;29;2570;506;3105;31;9583;1320;10934;1;112;115;228;123;116281;4292;120696;"2025-09-25 11:24:01"
1964;"2021-03-01";89;467;22691;318;23476;119;575;21;715;113;1793;263;2169;18;29;12;59;717;25088;614;26419;"2025-09-25 11:24:01"
1965;"2021-03-01";90;116;85701;1687;87504;76;2951;499;3526;101;10696;2092;12889;9;123;137;269;302;99471;4415;104188;"2025-09-25 11:24:01"
1966;"2021-03-01";91;158;156402;805;157365;93;5641;2783;8517;115;29311;4373;33799;12;366;395;773;378;191720;8356;200454;"2025-09-25 11:24:01"
1967;"2021-03-01";92;77;59608;1077;60762;77;1947;307;2331;96;8832;1150;10078;13;118;130;261;263;70505;2664;73432;"2025-09-25 11:24:01"
1968;"2021-03-01";93;120;85800;822;86742;72;2570;156;2798;97;9428;3841;13366;9;134;296;439;298;97932;5115;103345;"2025-09-25 11:24:01"
1969;"2021-03-01";94;211;188893;1860;190964;113;6024;1584;7721;179;28961;3557;32697;7;410;741;1158;510;224288;7742;232540;"2025-09-25 11:24:01"
1970;"2021-03-01";95;334;247101;1894;249329;186;8755;1075;10016;213;41995;4939;47147;15;574;443;1032;748;298425;8351;307524;"2025-09-25 11:24:01"
1971;"2021-03-01";96;77;30883;747;31707;43;1478;65;1586;80;5378;587;6045;13;74;40;127;213;37813;1439;39465;"2025-09-25 11:24:01"
1972;"2021-03-01";97;263;248167;5417;253847;201;9592;1171;10964;209;35294;5370;40873;25;380;531;936;698;293433;12489;306620;"2025-09-25 11:24:01"
1973;"2021-03-01";101;169;172301;3312;175782;70;2958;1342;4370;113;8130;1956;10199;14;178;191;383;366;183567;6801;190734;"2025-09-25 11:24:01"
1974;"2021-03-01";102;175;66317;1039;67531;77;2466;215;2758;88;7943;1105;9136;16;121;143;280;356;76847;2502;79705;"2025-09-25 11:24:01"
1975;"2021-03-01";103;198;59262;2079;61539;52;2696;255;3003;93;9495;1604;11192;3;115;205;323;346;71568;4143;76057;"2025-09-25 11:24:01"
1976;"2021-03-01";104;128;164077;4056;168261;188;6118;1423;7729;148;18875;2720;21743;23;296;551;870;487;189366;8750;198603;"2025-09-25 11:24:01"
1977;"2021-03-01";105;102;136988;1498;138588;62;2666;86;2814;61;7036;1420;8517;1;161;129;291;226;146851;3133;150210;"2025-09-25 11:24:01"
1978;"2021-03-01";106;185;89054;1093;90332;153;3235;702;4090;111;8533;1912;10556;14;118;104;236;463;100940;3811;105214;"2025-09-25 11:24:01"
1979;"2021-03-01";107;270;61960;1242;63472;97;2655;132;2884;117;6660;1540;8317;22;118;102;242;506;71393;3016;74915;"2025-09-25 11:24:01"
1980;"2021-03-01";108;176;203755;1731;205662;106;7190;450;7746;157;36159;5398;41714;18;383;340;741;457;247487;7919;255863;"2025-09-25 11:24:01"
1981;"2021-03-01";109;173;126619;2890;129682;157;5786;1223;7166;211;21790;3625;25626;14;237;312;563;555;154432;8050;163037;"2025-09-25 11:24:01"
1982;"2021-03-01";110;82;119370;1633;121085;39;4712;639;5390;49;18969;2395;21413;3;279;341;623;173;143330;5008;148511;"2025-09-25 11:24:01"
1983;"2021-03-01";111;148;81703;735;82586;94;3413;476;3983;141;18173;3430;21744;10;827;260;1097;393;104116;4901;109410;"2025-09-25 11:24:01"
1984;"2021-03-01";112;143;104925;2163;107231;119;2694;721;3534;128;9463;3305;12896;13;170;137;320;403;117252;6326;123981;"2025-09-25 11:24:01"
1985;"2021-03-01";113;87;70870;1251;72208;30;2732;899;3661;41;9383;1587;11011;0;89;127;216;158;83074;3864;87096;"2025-09-25 11:24:01"
1986;"2021-03-01";114;144;87257;595;87996;82;3981;490;4553;136;17382;1933;19451;11;272;172;455;373;108892;3190;112455;"2025-09-25 11:24:01"
1987;"2021-03-01";115;221;46721;297;47239;100;1878;724;2702;222;11478;727;12427;12;143;85;240;555;60220;1833;62608;"2025-09-25 11:24:01"
1988;"2021-03-01";116;169;47104;525;47798;75;2180;757;3012;192;13528;5724;19444;9;209;394;612;445;63021;7400;70866;"2025-09-25 11:24:01"
1989;"2021-03-01";117;79;16752;147;16978;74;827;121;1022;146;6154;4493;10793;5;108;511;624;304;23841;5272;29417;"2025-09-25 11:24:01"
1990;"2021-03-01";118;73;93554;1114;94741;54;3300;507;3861;71;10276;1708;12055;9;161;130;300;207;107291;3459;110957;"2025-09-25 11:24:01"
1991;"2021-03-01";119;42;171698;2131;173871;32;4227;731;4990;40;11707;3309;15056;7;291;184;482;121;187923;6355;194399;"2025-09-25 11:24:01"
1992;"2021-03-01";120;19;138036;1010;139065;7;2211;204;2422;23;5039;1239;6301;1;112;32;145;50;145398;2485;147933;"2025-09-25 11:24:01"
1993;"2021-03-01";121;330;106376;1443;108149;178;4386;1229;5793;236;20347;4366;24949;16;407;438;861;760;131516;7476;139752;"2025-09-25 11:24:01"
1994;"2021-03-01";122;104;56614;442;57160;94;1567;139;1800;88;6072;1967;8127;10;85;326;421;296;64338;2874;67508;"2025-09-25 11:24:01"
1995;"2021-03-01";123;236;139222;1948;141406;252;5380;457;6089;207;17703;2485;20395;29;298;256;583;724;162603;5146;168473;"2025-09-25 11:24:01"
1996;"2021-03-01";124;189;91403;850;92442;81;3737;588;4406;124;17600;4030;21754;14;271;484;769;408;113011;5952;119371;"2025-09-25 11:24:01"
1997;"2021-03-01";125;230;180217;2255;182702;99;6043;2575;8717;179;28353;5092;33624;20;319;257;596;528;214932;10179;225639;"2025-09-25 11:24:01"
1998;"2021-03-01";126;310;242625;3221;246156;169;8424;1688;10281;231;33347;6512;40090;21;480;883;1384;731;284876;12304;297911;"2025-09-25 11:24:01"
1999;"2021-03-01";127;158;62190;5727;68075;76;3249;774;4099;139;19939;2623;22701;12;222;379;613;385;85600;9503;95488;"2025-09-25 11:24:01"
2000;"2021-03-01";128;172;106109;537;106818;79;2916;345;3340;136;15214;1874;17224;11;184;144;339;398;124423;2900;127721;"2025-09-25 11:24:01"
2001;"2021-03-01";129;372;378324;2514;381210;205;11255;2661;14121;298;56793;6446;63537;50;939;498;1487;925;447311;12119;460355;"2025-09-25 11:24:01"
2003;"2021-03-01";238;144;87414;2235;89793;135;3004;556;3695;235;17565;1359;19159;25;251;356;632;539;108234;4506;113279;"2025-09-25 11:24:01"
2004;"2021-03-01";214;66;18364;234;18664;60;848;77;985;90;7066;209;7365;7;76;67;150;223;26354;587;27164;"2025-09-25 11:24:01"
2005;"2021-03-01";240;106;36931;673;37710;75;1460;154;1689;115;6858;415;7388;10;98;195;303;306;45347;1437;47090;"2025-09-25 11:24:01"
2006;"2021-03-01";241;113;24748;454;25315;102;939;116;1157;176;6623;170;6969;5;70;32;107;396;32380;772;33548;"2025-09-25 11:24:01"
2007;"2021-03-01";242;103;31315;890;32308;87;1283;142;1512;105;5487;269;5861;6;105;84;195;301;38190;1385;39876;"2025-09-25 11:24:01"
2008;"2021-03-01";243;51;8391;59;8501;47;365;30;442;92;3270;39;3401;5;31;11;47;195;12057;139;12391;"2025-09-25 11:24:01"
2009;"2021-03-01";244;43;11424;180;11647;34;454;29;517;104;3978;75;4157;6;50;20;76;187;15906;304;16397;"2025-09-25 11:24:01"
2010;"2021-03-01";245;124;14229;124;14477;79;767;59;905;117;6052;125;6294;7;67;45;119;327;21115;353;21795;"2025-09-25 11:24:01"
2011;"2021-03-01";246;203;144346;2699;147248;151;5086;571;5808;208;25901;2028;28137;19;349;322;690;581;175682;5620;181883;"2025-09-25 11:24:01"
2012;"2021-03-01";247;52;13016;122;13190;49;546;53;648;110;4828;77;5015;5;59;25;89;216;18449;277;18942;"2025-09-25 11:24:01"
2013;"2021-03-01";248;104;13828;218;14150;84;680;69;833;135;6171;168;6474;14;62;27;103;337;20741;482;21560;"2025-09-25 11:24:01"
2014;"2021-03-01";249;54;16406;125;16585;56;862;35;953;117;6879;126;7122;9;52;19;80;236;24199;305;24740;"2025-09-25 11:24:01"
2015;"2021-03-01";250;278;111463;2374;114115;267;3638;633;4538;260;18111;2684;21055;16;301;376;693;821;133513;6067;140401;"2025-09-25 11:24:01"
2016;"2021-03-01";251;61;15831;388;16280;54;720;163;937;101;3333;130;3564;7;77;40;124;223;19961;721;20905;"2025-09-25 11:24:01"
2017;"2021-03-01";252;90;16350;281;16721;79;835;60;974;110;8333;130;8573;11;53;33;97;290;25571;504;26365;"2025-09-25 11:24:01"
2018;"2021-03-01";253;119;26235;210;26564;105;1425;303;1833;179;11387;438;12004;19;94;78;191;422;39141;1029;40592;"2025-09-25 11:24:01"
2019;"2021-03-01";254;53;9401;68;9522;62;363;54;479;100;3196;43;3339;10;39;19;68;225;12999;184;13408;"2025-09-25 11:24:01"
2020;"2021-03-01";255;73;17691;381;18145;62;936;64;1062;108;8075;232;8415;9;64;52;125;252;26766;729;27747;"2025-09-25 11:24:01"
2022;"2021-03-01";131;68;14436;80;14584;52;811;49;912;81;7750;253;8084;8;47;30;85;209;23044;412;23665;"2025-09-25 11:24:01"
2023;"2021-03-01";132;65;10292;106;10463;45;512;67;624;107;4800;384;5291;4;41;227;272;221;15645;784;16650;"2025-09-25 11:24:01"
2024;"2021-03-01";133;67;11343;153;11563;54;646;88;788;96;6018;713;6827;12;49;70;131;229;18056;1024;19309;"2025-09-25 11:24:01"
2025;"2021-03-01";134;73;16244;134;16451;53;782;92;927;115;7955;139;8209;7;60;28;95;248;25041;393;25682;"2025-09-25 11:24:01"
2026;"2021-03-01";135;72;18643;365;19080;51;911;90;1052;79;7596;602;8277;6;56;78;140;208;27206;1135;28549;"2025-09-25 11:24:01"
2027;"2021-03-01";136;71;42877;264;43212;61;2255;222;2538;93;13225;1291;14609;8;142;144;294;233;58499;1921;60653;"2025-09-25 11:24:01"
2028;"2021-03-01";137;104;51381;756;52241;77;1961;176;2214;150;13299;1659;15108;6;192;840;1038;337;66833;3431;70601;"2025-09-25 11:24:01"
2029;"2021-03-01";138;32;15429;142;15603;22;616;33;671;30;3105;547;3682;4;52;41;97;88;19202;763;20053;"2025-09-25 11:24:01"
2030;"2021-03-01";139;68;39426;235;39729;60;1618;115;1793;79;8890;892;9861;6;99;107;212;213;50033;1349;51595;"2025-09-25 11:24:01"
2031;"2021-03-01";140;1;8;0;9;0;3;0;3;0;8;0;8;0;0;0;0;1;19;0;20;"2025-09-25 11:24:01"
2032;"2021-03-01";141;207;77875;1066;79148;119;2518;390;3027;174;11749;927;12850;15;169;240;424;515;92311;2623;95449;"2025-09-25 11:24:01"
2033;"2021-03-01";142;65;80841;1562;82468;104;2400;868;3372;61;10996;1660;12717;4;199;213;416;234;94436;4303;98973;"2025-09-25 11:24:01"
2034;"2021-03-01";143;126;86049;1606;87781;91;2861;412;3364;118;13482;1820;15420;4;210;179;393;339;102602;4017;106958;"2025-09-25 11:24:01"
2035;"2021-03-01";144;128;110526;4683;115337;86;3364;710;4160;127;15133;2012;17272;13;273;294;580;354;129296;7699;137349;"2025-09-25 11:24:01"
2036;"2021-03-01";145;191;86721;4328;91240;142;3281;426;3849;237;19667;1635;21539;22;282;280;584;592;109951;6669;117212;"2025-09-25 11:24:01"
2038;"2021-03-01";147;58;19727;64;19849;30;695;109;834;59;1899;337;2295;8;37;26;71;155;22358;536;23049;"2025-09-25 11:24:01"
2039;"2021-03-01";148;221;39567;1419;41207;119;1805;356;2280;212;12411;649;13272;22;134;101;257;574;53917;2525;57016;"2025-09-25 11:24:01"
2040;"2021-03-01";149;63;19049;1163;20275;35;1137;286;1458;82;8505;579;9166;7;63;56;126;187;28754;2084;31025;"2025-09-25 11:24:01"
2041;"2021-03-01";150;137;43365;848;44350;89;2302;403;2794;161;15333;1061;16555;25;112;73;210;412;61112;2385;63909;"2025-09-25 11:24:01"
2042;"2021-03-01";151;139;74577;605;75321;77;2693;339;3109;167;17779;2244;20190;13;282;804;1099;396;95331;3992;99719;"2025-09-25 11:24:01"
2043;"2021-03-01";152;121;38167;472;38760;76;1559;171;1806;182;12454;548;13184;28;109;153;290;407;52289;1344;54040;"2025-09-25 11:24:01"
2044;"2021-03-01";153;99;22019;460;22578;62;1225;317;1604;131;11084;376;11591;10;67;50;127;302;34395;1203;35900;"2025-09-25 11:24:01"
2045;"2021-03-01";154;148;74286;826;75260;85;2805;507;3397;159;18107;1713;19979;17;218;384;619;409;95416;3430;99255;"2025-09-25 11:24:01"
2046;"2021-03-01";155;81;18741;154;18976;38;800;116;954;109;7495;545;8149;8;63;77;148;236;27099;892;28227;"2025-09-25 11:24:01"
2047;"2021-03-01";156;174;140958;2498;143630;133;5292;601;6026;169;22406;3202;25777;40;370;340;750;516;169026;6641;176183;"2025-09-25 11:24:01"
2048;"2021-03-01";157;119;30406;307;30832;99;1482;322;1903;170;11186;650;12006;13;114;102;229;401;43188;1381;44970;"2025-09-25 11:24:01"
2049;"2021-03-01";158;98;108084;1596;109778;70;4356;591;5017;99;18435;2407;20941;10;272;358;640;277;131147;4952;136376;"2025-09-25 11:24:01"
2050;"2021-03-01";159;151;170580;2305;173036;132;5243;860;6235;224;20099;2070;22393;18;309;240;567;525;196231;5475;202231;"2025-09-25 11:24:01"
2051;"2021-03-01";160;71;10538;73;10682;51;532;66;649;116;5757;613;6486;11;55;73;139;249;16882;825;17956;"2025-09-25 11:24:01"
2052;"2021-03-01";161;78;22974;198;23250;43;1121;89;1253;177;10063;234;10474;16;93;38;147;314;34251;559;35124;"2025-09-25 11:24:01"
2053;"2021-03-01";162;162;39190;321;39673;88;1572;227;1887;144;12122;752;13018;23;143;135;301;417;53027;1435;54879;"2025-09-25 11:24:01"
2055;"2021-03-01";257;102;18852;176;19130;66;1340;93;1499;128;10323;265;10716;7;75;40;122;303;30590;574;31467;"2025-09-25 11:24:01"
2056;"2021-03-01";258;199;108314;2161;110674;120;3609;516;4245;206;18709;2982;21897;19;264;635;918;544;130896;6294;137734;"2025-09-25 11:24:01"
2057;"2021-03-01";259;106;30745;679;31530;68;1573;166;1807;105;12994;1030;14129;8;184;109;301;287;45496;1984;47767;"2025-09-25 11:24:01"
2058;"2021-03-01";260;131;27162;3563;30856;93;1354;265;1712;164;12312;424;12900;16;132;60;208;404;40960;4312;45676;"2025-09-25 11:24:01"
2059;"2021-03-01";261;66;8184;56;8306;43;483;58;584;88;4268;251;4607;4;28;35;67;201;12963;400;13564;"2025-09-25 11:24:01"
2060;"2021-03-01";262;79;18090;194;18363;62;912;136;1110;108;8516;246;8870;10;73;41;124;259;27591;617;28467;"2025-09-25 11:24:01"
2061;"2021-03-01";263;64;9263;60;9387;61;434;19;514;103;4919;60;5082;6;41;11;58;234;14657;150;15041;"2025-09-25 11:24:01"
2062;"2021-03-01";264;99;38057;339;38495;104;1716;497;2317;183;11626;2218;14027;23;127;164;314;409;51526;3218;55153;"2025-09-25 11:24:01"
2063;"2021-03-01";265;166;107388;1998;109552;127;4601;494;5222;208;23961;3027;27196;13;238;370;621;514;136188;5889;142591;"2025-09-25 11:24:01"
2064;"2021-03-01";266;66;9016;61;9143;48;461;69;578;101;4686;270;5057;3;40;26;69;218;14203;426;14847;"2025-09-25 11:24:01"
2065;"2021-03-01";267;66;7420;32;7518;44;382;18;444;115;4284;108;4507;7;33;17;57;232;12119;175;12526;"2025-09-25 11:24:01"
2066;"2021-03-01";268;141;149020;3419;152580;98;4123;922;5143;123;18812;2304;21239;9;344;360;713;371;172299;7005;179675;"2025-09-25 11:24:01"
2067;"2021-03-01";269;277;131538;2042;133857;238;3772;583;4593;201;16320;1294;17815;24;185;241;450;740;151815;4160;156715;"2025-09-25 11:24:01"
2068;"2021-03-01";270;114;37953;2505;40572;95;1768;199;2062;134;14556;831;15521;7;180;105;292;350;54457;3640;58447;"2025-09-25 11:24:01"
2069;"2021-03-01";271;93;8763;42;8898;52;453;88;593;105;4838;84;5027;7;50;10;67;257;14104;224;14585;"2025-09-25 11:24:01"
2071;"2021-03-01";164;66;11569;170;11805;56;600;122;778;89;6369;770;7228;9;63;45;117;220;18601;1107;19928;"2025-09-25 11:24:01"
2072;"2021-03-01";165;84;19055;195;19334;77;1160;134;1371;133;11968;273;12374;6;63;34;103;300;32246;636;33182;"2025-09-25 11:24:01"
2073;"2021-03-01";166;61;9537;176;9774;35;449;72;556;63;4752;404;5219;0;39;63;102;159;14777;715;15651;"2025-09-25 11:24:01"
2074;"2021-03-01";167;83;67100;598;67781;64;2386;277;2727;85;13400;3413;16898;14;345;1624;1983;246;83231;5912;89389;"2025-09-25 11:24:01"
2075;"2021-03-01";168;49;8698;424;9171;31;462;61;554;58;3954;214;4226;1;39;23;63;139;13153;722;14014;"2025-09-25 11:24:01"
2076;"2021-03-01";169;139;47597;931;48667;119;2047;367;2533;195;15044;1605;16844;17;238;261;516;470;64926;3164;68560;"2025-09-25 11:24:01"
2077;"2021-03-01";170;88;18340;247;18675;45;856;257;1158;80;7708;921;8709;11;91;158;260;224;26995;1583;28802;"2025-09-25 11:24:01"
2078;"2021-03-01";171;141;78397;2369;80907;117;3157;425;3699;145;13386;2359;15890;9;216;366;591;412;95156;5519;101087;"2025-09-25 11:24:01"
2079;"2021-03-01";172;187;34565;144;34896;188;1602;50;1840;143;11042;779;11964;10;111;92;213;528;47320;1065;48913;"2025-09-25 11:24:01"
2080;"2021-03-01";173;65;13150;21792;35007;47;792;523;1362;85;7625;362;8072;4;57;46;107;201;21624;22723;44548;"2025-09-25 11:24:01"
2081;"2021-03-01";174;164;114363;1718;116245;131;3589;675;4395;178;22514;1907;24599;13;278;874;1165;486;140744;5174;146404;"2025-09-25 11:24:01"
2082;"2021-03-01";175;94;11957;50636;62687;54;671;1335;2060;164;8568;447;9179;1;137;30;168;313;21333;52448;74094;"2025-09-25 11:24:01"
2083;"2021-03-01";176;185;106726;2271;109182;144;3758;701;4603;179;21282;3384;24845;16;297;811;1124;524;132063;7167;139754;"2025-09-25 11:24:01"
2084;"2021-03-01";177;66;18992;153;19211;39;842;100;981;95;7792;472;8359;6;69;39;114;206;27695;764;28665;"2025-09-25 11:24:01"
2085;"2021-03-01";178;91;21531;7457;29079;54;1216;195;1465;109;10223;709;11041;8;151;120;279;262;33121;8481;41864;"2025-09-25 11:24:01"
2086;"2021-03-01";179;108;15198;216;15522;58;797;109;964;103;9433;192;9728;12;92;18;122;281;25520;535;26336;"2025-09-25 11:24:01"
2087;"2021-03-01";180;75;18003;204;18282;38;826;77;941;78;7786;787;8651;3;94;86;183;194;26709;1154;28057;"2025-09-25 11:24:01"
2088;"2021-03-01";181;82;12511;81;12674;70;619;51;740;95;6839;289;7223;8;54;27;89;255;20023;448;20726;"2025-09-25 11:24:01"
2089;"2021-03-01";182;59;10269;98;10426;42;579;56;677;65;5989;126;6180;1;38;17;56;167;16875;297;17339;"2025-09-25 11:24:01"
2090;"2021-03-01";183;61;11273;26551;37885;49;578;661;1288;80;6285;167;6532;10;54;17;81;200;18190;27396;45786;"2025-09-25 11:24:01"
2091;"2021-03-01";184;110;23027;11635;34772;75;1728;325;2128;123;14863;234;15220;16;85;30;131;324;39703;12224;52251;"2025-09-25 11:24:01"
2092;"2021-03-01";185;87;23552;297;23936;48;1059;1192;2299;83;7985;496;8564;6;93;141;240;224;32689;2126;35039;"2025-09-25 11:24:01"
2094;"2021-03-01";187;111;111415;1005;112531;79;3439;392;3910;123;22353;2659;25135;9;240;393;642;322;137447;4449;142218;"2025-09-25 11:24:01"
2095;"2021-03-01";188;201;111747;1726;113674;152;4173;549;4874;223;25674;1897;27794;12;345;361;718;588;141939;4533;147060;"2025-09-25 11:24:01"
2096;"2021-03-01";189;59;13460;38;13557;34;715;48;797;69;6357;562;6988;8;60;37;105;170;20592;685;21447;"2025-09-25 11:24:01"
2097;"2021-03-01";190;190;181293;2501;183984;112;5885;826;6823;230;25741;3419;29390;13;335;440;788;545;213254;7186;220985;"2025-09-25 11:24:01"
2098;"2021-03-01";44;42;9253;36;9331;41;447;18;506;41;5219;190;5450;1;43;56;100;125;14962;300;15387;"2025-09-25 11:24:01"
2099;"2021-03-01";192;143;54963;597;55703;84;2245;256;2585;152;17209;929;18290;9;146;133;288;388;74563;1915;76866;"2025-09-25 11:24:01"
2100;"2021-03-01";193;86;25860;396;26342;59;1352;126;1537;122;9919;251;10292;8;83;70;161;275;37214;843;38332;"2025-09-25 11:24:01"
2101;"2021-03-01";194;88;10622;61;10771;42;481;37;560;69;6831;85;6985;2;58;11;71;201;17992;194;18387;"2025-09-25 11:24:01"
2102;"2021-03-01";195;117;34638;442;35197;97;1753;243;2093;161;16885;1010;18056;10;131;150;291;385;53407;1845;55637;"2025-09-25 11:24:01"
2103;"2021-03-01";196;63;18881;180;19124;46;864;37;947;83;10841;962;11886;4;102;147;253;196;30688;1326;32210;"2025-09-25 11:24:01"
2104;"2021-03-01";197;209;61004;892;62105;218;2335;290;2843;254;19124;1234;20612;40;181;223;444;721;82644;2639;86004;"2025-09-25 11:24:01"
2105;"2021-03-01";198;80;12308;127;12515;52;664;56;772;115;5990;103;6208;8;38;21;67;255;19000;307;19562;"2025-09-25 11:24:01"
2106;"2021-03-01";199;53;5697;34;5784;33;299;27;359;53;3686;46;3785;1;23;5;29;140;9705;112;9957;"2025-09-25 11:24:01"
2107;"2021-03-01";200;125;39196;515;39836;73;1791;152;2016;144;14617;721;15482;28;165;132;325;370;55769;1520;57659;"2025-09-25 11:24:01"
2108;"2021-03-01";201;113;42188;469;42770;75;1879;244;2198;120;15880;1533;17533;8;172;324;504;316;60119;2570;63005;"2025-09-25 11:24:01"
2109;"2021-03-01";202;94;21002;189;21285;59;792;77;928;94;8137;193;8424;19;78;35;132;266;30009;494;30769;"2025-09-25 11:24:01"
2110;"2021-03-01";203;69;3608;296;3973;19;242;180;441;60;1312;30;1402;6;15;3;24;154;5177;509;5840;"2025-09-25 11:24:01"
2111;"2021-03-01";204;117;18897;144;19158;64;689;83;836;119;6414;99;6632;7;95;27;129;307;26095;353;26755;"2025-09-25 11:24:01"
2112;"2021-03-01";205;72;18162;90;18324;88;909;75;1072;144;11677;856;12677;9;78;103;190;313;30826;1124;32263;"2025-09-25 11:24:01"
2113;"2021-03-01";206;82;16574;140;16796;42;686;45;773;91;7690;514;8295;8;57;86;151;223;25007;785;26015;"2025-09-25 11:24:01"
2114;"2021-03-01";207;61;9404;44;9509;60;462;45;567;71;5796;103;5970;2;49;14;65;194;15711;206;16111;"2025-09-25 11:24:01"
2115;"2021-03-01";208;114;53800;301;54215;68;2080;417;2565;111;12430;1389;13930;9;144;236;389;302;68454;2343;71099;"2025-09-25 11:24:01"
2116;"2021-03-01";209;146;100235;1298;101679;94;3269;775;4138;201;17337;4567;22105;12;266;1780;2058;453;121107;8420;129980;"2025-09-25 11:24:01"
2117;"2021-03-01";210;138;118649;2242;121029;82;3396;354;3832;96;17993;932;19021;17;233;283;533;333;140271;3811;144415;"2025-09-25 11:24:01"
2119;"2021-03-01";212;121;91074;1042;92237;105;3300;509;3914;136;11861;385;12382;11;200;144;355;373;106435;2080;108888;"2025-09-25 11:24:01"
2120;"2021-03-01";213;93;22476;198;22767;63;937;178;1178;99;8968;260;9327;11;60;169;240;266;32441;805;33512;"2025-09-25 11:24:01"
2122;"2021-03-01";215;231;227101;2342;229674;176;7172;628;7976;215;40097;3811;44123;27;462;544;1033;649;274832;7325;282806;"2025-09-25 11:24:01"
2123;"2021-03-01";216;91;13134;166;13391;56;602;120;778;120;6092;135;6347;6;42;29;77;273;19870;450;20593;"2025-09-25 11:24:01"
2124;"2021-03-01";217;117;40595;466;41178;97;1579;196;1872;106;13599;2673;16378;10;125;627;762;330;55898;3962;60190;"2025-09-25 11:24:01"
2125;"2021-03-01";218;96;44014;675;44785;75;1645;246;1966;133;10509;501;11143;11;119;123;253;315;56287;1545;58147;"2025-09-25 11:24:01"
2126;"2021-03-01";219;89;12471;125;12685;63;579;56;698;87;6962;467;7516;6;120;135;261;245;20132;783;21160;"2025-09-25 11:24:01"
2127;"2021-03-01";220;158;138691;993;139842;102;4729;838;5669;139;21887;6663;28689;12;417;1615;2044;411;165724;10109;176244;"2025-09-25 11:24:01"
2128;"2021-03-01";221;61;9594;67;9722;53;435;55;543;83;4462;486;5031;6;32;96;134;203;14523;704;15430;"2025-09-25 11:24:01"
2129;"2021-03-01";222;208;134320;2658;137186;178;3874;1051;5103;231;26572;2255;29058;16;312;400;728;633;165078;6364;172075;"2025-09-25 11:24:01"
2130;"2021-03-01";223;71;24127;349;24547;68;1166;108;1342;87;10030;364;10481;8;104;63;175;234;35427;884;36545;"2025-09-25 11:24:01"
2131;"2021-03-01";224;119;83391;1297;84807;60;2199;517;2776;134;10806;926;11866;9;72;143;224;322;96468;2883;99673;"2025-09-25 11:24:01"
2132;"2021-03-01";225;80;81530;2334;83944;34;2237;455;2726;61;11253;1567;12881;2;122;231;355;177;95142;4587;99906;"2025-09-25 11:24:01"
2133;"2021-03-01";226;48;107628;1495;109171;16;2122;573;2711;78;8745;669;9492;1;118;155;274;143;118613;2892;121648;"2025-09-25 11:24:01"
2134;"2021-03-01";227;372;120084;46019;166475;361;3185;779;4325;182;18608;1525;20315;18;219;352;589;933;142096;48675;191704;"2025-09-25 11:24:01"
2135;"2021-03-01";228;87;81368;728;82183;35;2265;177;2477;84;7664;702;8450;7;175;188;370;213;91472;1795;93480;"2025-09-25 11:24:01"
2136;"2021-03-01";229;105;41449;766;42320;84;1954;244;2282;126;8804;318;9248;7;97;75;179;322;52304;1403;54029;"2025-09-25 11:24:01"
2137;"2021-03-01";230;58;15672;107;15837;60;627;39;726;99;7628;174;7901;5;44;79;128;222;23971;399;24592;"2025-09-25 11:24:01"
2138;"2021-03-01";231;71;29121;19953;49145;53;1205;368;1626;65;10011;518;10594;6;195;217;418;195;40532;21056;61783;"2025-09-25 11:24:01"
2139;"2021-03-01";232;47;12561;181;12789;53;561;92;706;108;6322;140;6570;6;60;21;87;214;19504;434;20152;"2025-09-25 11:24:01"
2140;"2021-03-01";233;77;14694;107;14878;58;665;69;792;125;7920;387;8432;8;50;55;113;268;23329;618;24215;"2025-09-25 11:24:01"
2142;"2021-03-01";235;265;72998;1178;74441;150;3266;153;3569;343;27664;551;28558;41;202;122;365;799;104130;2004;106933;"2025-09-25 11:24:01"
2143;"2021-03-01";236;565;222873;225917;449355;337;7893;6875;15105;684;50025;3149;53858;39;517;524;1080;1625;281308;236465;519398;"2025-09-25 11:24:01"
2145;"2021-04-01";1;151;198891;15871;214913;54;4602;654;5310;175;13402;1576;15153;15;234;144;393;395;217129;18245;235769;"2025-09-25 11:24:07"
2146;"2021-04-01";2;93;126525;5488;132106;43;3797;622;4462;152;12659;2443;15254;5;136;233;374;293;143117;8786;152196;"2025-09-25 11:24:07"
2147;"2021-04-01";3;104;60823;2162;63089;63;2687;723;3473;137;7454;1259;8850;13;72;103;188;317;71036;4247;75600;"2025-09-25 11:24:07"
2148;"2021-04-01";4;103;62233;1026;63362;79;1843;166;2088;119;15047;1951;17117;8;252;473;733;309;79375;3616;83300;"2025-09-25 11:24:07"
2149;"2021-04-01";5;95;99500;3004;102599;50;3781;321;4152;159;9688;2046;11893;11;125;167;303;315;113094;5538;118947;"2025-09-25 11:24:07"
2150;"2021-04-01";6;84;79690;3257;83031;42;2605;399;3046;164;10500;1560;12224;7;54;232;293;297;92849;5448;98594;"2025-09-25 11:24:07"
2151;"2021-04-01";7;96;112584;8842;121522;62;4881;623;5566;130;14392;2656;17178;10;248;187;445;298;132105;12308;144711;"2025-09-25 11:24:07"
2152;"2021-04-01";8;42;68440;3454;71936;21;3280;503;3804;71;10835;2242;13148;5;100;90;195;139;82655;6289;89083;"2025-09-25 11:24:07"
2153;"2021-04-01";9;91;128499;5935;134525;52;4073;878;5003;170;10557;2092;12819;9;130;260;399;322;143259;9165;152746;"2025-09-25 11:24:07"
2154;"2021-04-01";10;82;76427;4698;81207;49;2881;484;3414;121;8581;1971;10673;11;112;156;279;263;88001;7309;95573;"2025-09-25 11:24:07"
2155;"2021-04-01";11;103;79496;2570;82169;52;3153;169;3374;134;10176;2157;12467;10;105;99;214;299;92930;4995;98224;"2025-09-25 11:24:07"
2156;"2021-04-01";12;108;92795;1211;94114;53;2740;139;2932;146;7130;1188;8464;15;91;256;362;322;102756;2794;105872;"2025-09-25 11:24:07"
2157;"2021-04-01";13;99;99784;4208;104091;55;3015;575;3645;166;9669;2089;11924;19;168;137;324;339;112636;7009;119984;"2025-09-25 11:24:07"
2158;"2021-04-01";14;203;74556;3304;78063;107;2461;433;3001;136;6167;1859;8162;10;90;206;306;456;83274;5802;89532;"2025-09-25 11:24:07"
2159;"2021-04-01";15;207;152262;4793;157262;123;3564;770;4457;172;11111;4880;16163;12;219;158;389;514;167156;10601;178271;"2025-09-25 11:24:07"
2160;"2021-04-01";16;123;82431;9389;91943;44;2386;911;3341;160;8788;2066;11014;18;119;116;253;345;93724;12482;106551;"2025-09-25 11:24:07"
2161;"2021-04-01";17;89;102904;2270;105263;46;3490;1134;4670;149;8990;1690;10829;9;110;104;223;293;115494;5198;120985;"2025-09-25 11:24:07"
2162;"2021-04-01";18;126;201180;6348;207654;94;4827;1524;6445;156;25715;4893;30764;13;221;314;548;389;231943;13079;245411;"2025-09-25 11:24:07"
2163;"2021-04-01";19;115;126772;4591;131478;57;3793;778;4628;135;11829;2821;14785;8;190;415;613;315;142584;8605;151504;"2025-09-25 11:24:07"
2164;"2021-04-01";20;131;116988;4036;121155;52;4426;186;4664;173;15144;4265;19582;14;594;628;1236;370;137152;9115;146637;"2025-09-25 11:24:07"
2165;"2021-04-01";21;132;69369;896;70397;56;2130;62;2248;138;5453;1083;6674;9;76;43;128;335;77028;2084;79447;"2025-09-25 11:24:07"
2166;"2021-04-01";22;98;110096;4112;114306;46;3808;797;4651;140;10595;1922;12657;14;121;193;328;298;124620;7024;131942;"2025-09-25 11:24:07"
2167;"2021-04-01";23;1610;38890;492;40992;1646;1710;292;3648;356;3885;846;5087;85;56;58;199;3697;44541;1688;49926;"2025-09-25 11:24:07"
2168;"2021-04-01";63;120;87499;1212;88831;98;2159;309;2566;102;10506;763;11371;10;123;268;401;330;100287;2552;103169;"2025-09-25 11:24:07"
2169;"2021-04-01";25;77;88582;5823;94482;33;3700;559;4292;125;12147;2746;15018;15;139;325;479;250;104568;9453;114271;"2025-09-25 11:24:07"
2170;"2021-04-01";146;831;296352;231037;528220;482;11027;6960;18469;1032;76994;3689;81715;81;772;639;1492;2426;385145;242325;629896;"2025-09-25 11:24:07"
2172;"2021-04-01";28;96;67634;3070;70800;62;2489;544;3095;103;10251;3263;13617;12;111;694;817;273;80485;7571;88329;"2025-09-25 11:24:07"
2173;"2021-04-01";29;75;66777;876;67728;59;2337;502;2898;115;10640;996;11751;9;151;197;357;258;79905;2571;82734;"2025-09-25 11:24:07"
2174;"2021-04-01";77;284;134312;3245;137841;186;3026;479;3691;226;16486;3053;19765;18;260;578;856;714;154084;7355;162153;"2025-09-25 11:24:07"
2175;"2021-04-01";57;62;55844;644;56550;42;1430;134;1606;76;4504;249;4829;5;99;45;149;185;61877;1072;63134;"2025-09-25 11:24:07"
2176;"2021-04-01";32;73;80173;1672;81918;30;2280;674;2984;66;10345;1397;11808;1;128;234;363;170;92926;3977;97073;"2025-09-25 11:24:07"
2177;"2021-04-01";33;125;107283;17538;124946;63;3224;472;3759;169;13579;2154;15902;10;147;500;657;367;124233;20664;145264;"2025-09-25 11:24:07"
2178;"2021-04-01";79;81;102234;1721;104036;41;2439;221;2701;89;10331;1429;11849;9;141;347;497;220;115145;3718;119083;"2025-09-25 11:24:07"
2179;"2021-04-01";35;88;65639;2912;68639;70;2561;309;2940;113;14793;2332;17238;10;173;333;516;281;83166;5886;89333;"2025-09-25 11:24:07"
2180;"2021-04-01";36;93;90335;4154;94582;51;3107;343;3501;109;13263;1860;15232;9;142;275;426;262;106847;6632;113741;"2025-09-25 11:24:07"
2181;"2021-04-01";60;273;181884;5020;187177;295;5056;299;5650;204;19297;1985;21486;32;291;443;766;804;206528;7747;215079;"2025-09-25 11:24:07"
2182;"2021-04-01";38;49;59235;31559;90843;25;1652;805;2482;79;6020;1159;7258;9;100;372;481;162;67007;33895;101064;"2025-09-25 11:24:07"
2183;"2021-04-01";39;276;79944;7995;88215;457;1938;570;2965;183;8265;2058;10506;26;130;693;849;942;90277;11316;102535;"2025-09-25 11:24:07"
2184;"2021-04-01";40;79;25582;1299;26960;50;1127;291;1468;84;4144;323;4551;10;36;49;95;223;30889;1962;33074;"2025-09-25 11:24:07"
2186;"2021-04-01";42;121;148177;9947;158245;63;3767;296;4126;124;13391;1990;15505;9;178;513;700;317;165513;12746;178576;"2025-09-25 11:24:07"
2189;"2021-04-01";46;191;235120;7526;242837;108;5647;755;6510;183;30355;5282;35820;9;320;569;898;491;271442;14132;286065;"2025-09-25 11:24:07"
2190;"2021-04-01";47;105;111933;1762;113800;110;3222;523;3855;264;19406;2531;22201;54;233;268;555;533;134794;5084;140411;"2025-09-25 11:24:07"
2194;"2021-04-01";51;171;194755;3128;198054;182;3543;704;4429;206;16966;1243;18415;12;250;157;419;571;215514;5232;221317;"2025-09-25 11:24:07"
2197;"2021-04-01";54;119;24580;25844;50543;61;1233;1788;3082;155;9255;735;10145;8;85;85;178;343;35153;28452;63948;"2025-09-25 11:24:07"
2198;"2021-04-01";55;103;94592;186376;281071;61;3809;3334;7204;109;21733;2517;24359;13;397;286;696;286;120531;192513;313330;"2025-09-25 11:24:07"
2199;"2021-04-01";56;306;219745;45637;265688;336;6337;1621;8294;170;29859;3259;33288;20;315;547;882;832;256256;51064;308152;"2025-09-25 11:24:07"
2201;"2021-04-01";58;176;140416;4476;145068;98;4964;156;5218;132;17332;4327;21791;16;306;953;1275;422;163018;9912;173352;"2025-09-25 11:24:07"
2202;"2021-04-01";59;132;186860;20314;207306;82;5719;992;6793;106;24098;2733;26937;9;299;306;614;329;216976;24345;241650;"2025-09-25 11:24:07"
2204;"2021-04-01";61;165;180106;4574;184845;92;3607;781;4480;153;12153;2518;14824;9;228;420;657;419;196094;8293;204806;"2025-09-25 11:24:07"
2205;"2021-04-01";62;60;7915;80;8055;41;529;60;630;108;3608;52;3768;3;30;13;46;212;12082;205;12499;"2025-09-25 11:24:07"
2208;"2021-04-01";65;170;164198;3583;167951;132;4926;389;5447;186;26216;7556;33958;24;420;853;1297;512;195760;12381;208653;"2025-09-25 11:24:07"
2214;"2021-04-01";71;74;69230;1906;71210;41;2649;559;3249;109;13865;3870;17844;11;196;441;648;235;85940;6776;92951;"2025-09-25 11:24:07"
2217;"2021-04-01";74;126;159009;2086;161221;96;3798;322;4216;139;14722;2205;17066;14;326;300;640;375;177855;4913;183143;"2025-09-25 11:24:07"
2223;"2021-04-01";80;151;101274;1141;102566;80;2924;773;3777;150;19505;3969;23624;3;251;939;1193;384;123954;6822;131160;"2025-09-25 11:24:07"
2226;"2021-04-01";83;321;156121;654;157096;183;3713;459;4355;241;14869;1642;16752;50;339;170;559;795;175042;2925;178762;"2025-09-25 11:24:07"
2228;"2021-04-01";85;129;23204;197;23530;81;1294;163;1538;154;6344;177;6675;11;90;41;142;375;30932;578;31885;"2025-09-25 11:24:07"
2229;"2021-04-01";86;278;156617;1128;158023;170;4804;344;5318;192;19223;2218;21633;21;249;198;468;661;180893;3888;185442;"2025-09-25 11:24:07"
2230;"2021-04-01";87;96;108816;2622;111534;77;2960;872;3909;81;12733;1945;14759;10;223;188;421;264;124732;5627;130623;"2025-09-25 11:24:07"
2231;"2021-04-01";88;62;103896;2417;106375;29;2539;516;3084;31;9568;1310;10909;1;123;115;239;123;116126;4358;120607;"2025-09-25 11:24:07"
2232;"2021-04-01";89;467;22913;317;23697;118;570;21;709;112;1805;262;2179;18;30;12;60;715;25318;612;26645;"2025-09-25 11:24:07"
2233;"2021-04-01";90;117;85807;1678;87602;76;2941;484;3501;101;10666;2098;12865;9;122;141;272;303;99536;4401;104240;"2025-09-25 11:24:07"
2234;"2021-04-01";91;157;156919;795;157871;93;5617;2804;8514;114;29330;4392;33836;12;375;393;780;376;192241;8384;201001;"2025-09-25 11:24:07"
2235;"2021-04-01";92;77;59525;1130;60732;77;1923;296;2296;96;8775;1158;10029;13;121;132;266;263;70344;2716;73323;"2025-09-25 11:24:07"
2236;"2021-04-01";93;120;85835;817;86772;72;2567;156;2795;97;9406;3869;13372;9;136;293;438;298;97944;5135;103377;"2025-09-25 11:24:07"
2237;"2021-04-01";94;211;189775;1880;191866;114;5999;1578;7691;178;29071;3590;32839;8;417;741;1166;511;225262;7789;233562;"2025-09-25 11:24:07"
2238;"2021-04-01";95;332;248172;1914;250418;184;8715;1093;9992;215;42096;4974;47285;15;595;449;1059;746;299578;8430;308754;"2025-09-25 11:24:07"
2239;"2021-04-01";96;76;30955;747;31778;39;1467;65;1571;80;5388;583;6051;13;74;41;128;208;37884;1436;39528;"2025-09-25 11:24:07"
2240;"2021-04-01";97;268;248200;5397;253865;201;9481;1171;10853;207;35213;5385;40805;27;383;536;946;703;293277;12489;306469;"2025-09-25 11:24:07"
2241;"2021-04-01";101;172;172311;3267;175750;69;2940;1348;4357;113;8080;1955;10148;14;190;191;395;368;183521;6761;190650;"2025-09-25 11:24:07"
2242;"2021-04-01";102;177;66386;1036;67599;77;2447;218;2742;88;7904;1096;9088;16;123;140;279;358;76860;2490;79708;"2025-09-25 11:24:07"
2243;"2021-04-01";103;194;59489;2096;61779;52;2694;245;2991;93;9495;1608;11196;3;121;205;329;342;71799;4154;76295;"2025-09-25 11:24:07"
2244;"2021-04-01";104;128;164100;4050;168278;188;6043;1415;7646;148;18901;2737;21786;23;308;543;874;487;189352;8745;198584;"2025-09-25 11:24:07"
2245;"2021-04-01";105;100;137028;1476;138604;62;2658;84;2804;61;7022;1419;8502;1;172;128;301;224;146880;3107;150211;"2025-09-25 11:24:07"
2246;"2021-04-01";106;186;88940;1145;90271;152;3205;705;4062;111;8455;1904;10470;14;118;104;236;463;100718;3858;105039;"2025-09-25 11:24:07"
2247;"2021-04-01";107;270;62808;1192;64270;95;2674;127;2896;117;6685;1539;8341;22;120;101;243;504;72287;2959;75750;"2025-09-25 11:24:07"
2248;"2021-04-01";108;177;205038;1737;206952;106;7178;454;7738;154;36273;5406;41833;19;401;349;769;456;248890;7946;257292;"2025-09-25 11:24:07"
2249;"2021-04-01";109;174;126925;2872;129971;156;5763;1220;7139;211;21795;3617;25623;14;240;315;569;555;154723;8024;163302;"2025-09-25 11:24:07"
2250;"2021-04-01";110;82;119651;1630;121363;39;4693;635;5367;48;18989;2396;21433;3;285;345;633;172;143618;5006;148796;"2025-09-25 11:24:07"
2251;"2021-04-01";111;147;82240;737;83124;92;3423;477;3992;140;18169;3392;21701;10;830;262;1102;389;104662;4868;109919;"2025-09-25 11:24:07"
2252;"2021-04-01";112;142;105143;2112;107397;119;2657;722;3498;126;9428;3329;12883;13;171;136;320;400;117399;6299;124098;"2025-09-25 11:24:07"
2253;"2021-04-01";113;85;71176;1275;72536;29;2716;899;3644;39;9357;1589;10985;0;97;127;224;153;83346;3890;87389;"2025-09-25 11:24:07"
2254;"2021-04-01";114;143;87798;592;88533;82;3964;483;4529;136;17415;1939;19490;11;275;176;462;372;109452;3190;113014;"2025-09-25 11:24:07"
2255;"2021-04-01";115;221;46907;298;47426;101;1880;715;2696;222;11495;729;12446;12;152;85;249;556;60434;1827;62817;"2025-09-25 11:24:07"
2256;"2021-04-01";116;168;47229;526;47923;76;2160;744;2980;193;13532;5736;19461;9;210;390;609;446;63131;7396;70973;"2025-09-25 11:24:07"
2257;"2021-04-01";117;79;16727;147;16953;74;822;122;1018;146;6140;4482;10768;5;109;508;622;304;23798;5259;29361;"2025-09-25 11:24:07"
2258;"2021-04-01";118;72;93648;1123;94843;54;3245;511;3810;71;10187;1722;11980;8;164;131;303;205;107244;3487;110936;"2025-09-25 11:24:07"
2259;"2021-04-01";119;42;171814;2090;173946;32;4219;726;4977;40;11705;3236;14981;7;296;185;488;121;188034;6237;194392;"2025-09-25 11:24:07"
2260;"2021-04-01";120;18;138296;1012;139326;7;2184;201;2392;23;5011;1245;6279;1;123;32;156;49;145614;2490;148153;"2025-09-25 11:24:07"
2261;"2021-04-01";121;335;106767;1485;108587;178;4364;1227;5769;239;20394;4453;25086;16;419;445;880;768;131944;7610;140322;"2025-09-25 11:24:07"
2262;"2021-04-01";122;103;56665;445;57213;93;1552;144;1789;88;6061;1969;8118;10;86;321;417;294;64364;2879;67537;"2025-09-25 11:24:07"
2263;"2021-04-01";123;240;139475;1991;141706;242;5354;458;6054;207;17696;2516;20419;29;293;254;576;718;162818;5219;168755;"2025-09-25 11:24:07"
2264;"2021-04-01";124;192;91827;836;92855;81;3719;586;4386;124;17627;4013;21764;14;280;490;784;411;113453;5925;119789;"2025-09-25 11:24:07"
2265;"2021-04-01";125;230;181287;2218;183735;99;6036;2555;8690;179;28482;5123;33784;20;329;261;610;528;216134;10157;226819;"2025-09-25 11:24:07"
2266;"2021-04-01";126;313;244140;3196;247649;169;8391;1691;10251;229;33436;6520;40185;23;499;893;1415;734;286466;12300;299500;"2025-09-25 11:24:07"
2267;"2021-04-01";127;162;62523;5554;68239;75;3241;770;4086;139;19969;2637;22745;12;227;381;620;388;85960;9342;95690;"2025-09-25 11:24:07"
2268;"2021-04-01";128;172;106923;539;107634;78;2923;345;3346;136;15242;1896;17274;11;194;147;352;397;125282;2927;128606;"2025-09-25 11:24:07"
2269;"2021-04-01";129;371;380745;2530;383646;203;11227;2642;14072;299;57091;6509;63899;50;960;508;1518;923;450023;12189;463135;"2025-09-25 11:24:07"
2271;"2021-04-01";238;144;87641;2312;90097;134;2977;543;3654;239;17548;1350;19137;25;260;353;638;542;108426;4558;113526;"2025-09-25 11:24:07"
2272;"2021-04-01";214;66;18403;234;18703;60;837;76;973;92;7070;209;7371;7;73;66;146;225;26383;585;27193;"2025-09-25 11:24:07"
2273;"2021-04-01";240;106;36978;674;37758;75;1432;159;1666;116;6812;424;7352;10;102;195;307;307;45324;1452;47083;"2025-09-25 11:24:07"
2274;"2021-04-01";241;113;24662;457;25232;103;924;116;1143;178;6563;171;6912;5;73;33;111;399;32222;777;33398;"2025-09-25 11:24:07"
2275;"2021-04-01";242;105;31411;915;32431;87;1276;138;1501;103;5462;270;5835;6;102;87;195;301;38251;1410;39962;"2025-09-25 11:24:07"
2276;"2021-04-01";243;52;8381;59;8492;49;360;30;439;92;3247;40;3379;5;30;11;46;198;12018;140;12356;"2025-09-25 11:24:07"
2277;"2021-04-01";244;43;11429;170;11642;34;451;29;514;107;3986;74;4167;5;50;20;75;189;15916;293;16398;"2025-09-25 11:24:07"
2278;"2021-04-01";245;124;14257;124;14505;79;753;59;891;121;6048;131;6300;6;69;45;120;330;21127;359;21816;"2025-09-25 11:24:07"
2279;"2021-04-01";246;205;144309;2691;147205;151;4992;563;5706;208;25641;2031;27880;19;356;318;693;583;175298;5603;181484;"2025-09-25 11:24:07"
2280;"2021-04-01";247;51;13028;116;13195;49;546;53;648;111;4822;78;5011;5;58;25;88;216;18454;272;18942;"2025-09-25 11:24:07"
2281;"2021-04-01";248;104;13788;213;14105;85;667;69;821;136;6140;164;6440;14;59;28;101;339;20654;474;21467;"2025-09-25 11:24:07"
2282;"2021-04-01";249;54;16396;113;16563;57;835;36;928;120;6823;126;7069;9;55;19;83;240;24109;294;24643;"2025-09-25 11:24:07"
2283;"2021-04-01";250;276;111460;2390;114126;267;3596;632;4495;263;17848;2690;20801;16;313;381;710;822;133217;6093;140132;"2025-09-25 11:24:07"
2284;"2021-04-01";251;59;15872;449;16380;54;721;161;936;101;3332;130;3563;7;78;40;125;221;20003;780;21004;"2025-09-25 11:24:07"
2285;"2021-04-01";252;90;16354;270;16714;79;829;61;969;110;8313;126;8549;11;51;33;95;290;25547;490;26327;"2025-09-25 11:24:07"
2286;"2021-04-01";253;118;26171;209;26498;106;1417;301;1824;178;11277;435;11890;19;94;77;190;421;38959;1022;40402;"2025-09-25 11:24:07"
2287;"2021-04-01";254;55;9403;69;9527;63;360;54;477;101;3190;43;3334;10;40;19;69;229;12993;185;13407;"2025-09-25 11:24:07"
2288;"2021-04-01";255;74;17715;381;18170;62;944;64;1070;110;8063;233;8406;9;65;53;127;255;26787;731;27773;"2025-09-25 11:24:07"
2290;"2021-04-01";131;68;14369;80;14517;52;800;48;900;81;7652;254;7987;8;47;30;85;209;22868;412;23489;"2025-09-25 11:24:07"
2291;"2021-04-01";132;65;10284;106;10455;45;504;67;616;108;4778;382;5268;4;42;226;272;222;15608;781;16611;"2025-09-25 11:24:07"
2292;"2021-04-01";133;67;11330;152;11549;55;644;90;789;96;6015;714;6825;12;49;71;132;230;18038;1027;19295;"2025-09-25 11:24:07"
2293;"2021-04-01";134;74;16192;134;16400;52;770;93;915;115;7864;142;8121;8;61;28;97;249;24887;397;25533;"2025-09-25 11:24:07"
2294;"2021-04-01";135;72;18701;364;19137;50;900;92;1042;79;7574;602;8255;6;57;78;141;207;27232;1136;28575;"2025-09-25 11:24:07"
2295;"2021-04-01";136;72;42852;264;43188;61;2237;221;2519;93;13081;1295;14469;8;143;143;294;234;58313;1923;60470;"2025-09-25 11:24:07"
2296;"2021-04-01";137;104;51498;751;52353;76;1942;174;2192;150;13223;1657;15030;6;194;839;1039;336;66857;3421;70614;"2025-09-25 11:24:07"
2297;"2021-04-01";138;33;15447;139;15619;22;615;32;669;30;3104;539;3673;4;53;42;99;89;19219;752;20060;"2025-09-25 11:24:07"
2298;"2021-04-01";139;68;39578;234;39880;60;1600;81;1741;79;8819;906;9804;6;104;107;217;213;50101;1328;51642;"2025-09-25 11:24:07"
2299;"2021-04-01";140;1;8;0;9;0;3;0;3;0;8;0;8;0;0;0;0;1;19;0;20;"2025-09-25 11:24:07"
2300;"2021-04-01";141;208;77987;1073;79268;119;2510;384;3013;175;11674;928;12777;15;177;240;432;517;92348;2625;95490;"2025-09-25 11:24:07"
2301;"2021-04-01";142;66;84131;1551;85748;105;2373;868;3346;61;10895;1671;12627;4;213;216;433;236;97612;4306;102154;"2025-09-25 11:24:07"
2302;"2021-04-01";143;126;86066;1596;87788;91;2818;448;3357;118;13383;1807;15308;4;216;180;400;339;102483;4031;106853;"2025-09-25 11:24:07"
2303;"2021-04-01";144;129;110720;4641;115490;87;3350;710;4147;127;15081;2004;17212;13;285;295;593;356;129436;7650;137442;"2025-09-25 11:24:07"
2304;"2021-04-01";145;192;86639;4271;91102;142;3216;425;3783;242;19370;1634;21246;21;290;282;593;597;109515;6612;116724;"2025-09-25 11:24:07"
2306;"2021-04-01";147;59;19804;64;19927;30;685;108;823;59;1884;335;2278;8;41;26;75;156;22414;533;23103;"2025-09-25 11:24:07"
2307;"2021-04-01";148;216;39607;1457;41280;120;1783;356;2259;212;12297;652;13161;23;134;106;263;571;53821;2571;56963;"2025-09-25 11:24:07"
2308;"2021-04-01";149;64;19179;1174;20417;35;1125;285;1445;82;8463;578;9123;7;63;55;125;188;28830;2092;31110;"2025-09-25 11:24:07"
2309;"2021-04-01";150;136;43335;841;44312;89;2282;403;2774;160;15104;1069;16333;25;117;73;215;410;60838;2386;63634;"2025-09-25 11:24:07"
2310;"2021-04-01";151;141;74979;610;75730;77;2687;336;3100;167;17868;2251;20286;13;276;802;1091;398;95810;3999;100207;"2025-09-25 11:24:07"
2311;"2021-04-01";152;123;38152;476;38751;76;1543;171;1790;182;12320;547;13049;28;112;155;295;409;52127;1349;53885;"2025-09-25 11:24:07"
2312;"2021-04-01";153;99;22132;456;22687;62;1224;315;1601;132;11122;376;11630;10;70;51;131;303;34548;1198;36049;"2025-09-25 11:24:07"
2313;"2021-04-01";154;153;74264;858;75275;85;2757;507;3349;159;17899;1710;19768;17;223;383;623;414;95143;3458;99015;"2025-09-25 11:24:07"
2314;"2021-04-01";155;81;18745;154;18980;38;804;116;958;110;7479;536;8125;8;67;77;152;237;27095;883;28215;"2025-09-25 11:24:07"
2315;"2021-04-01";156;174;141430;2498;144102;134;5235;594;5963;170;22300;3223;25693;40;373;341;754;518;169338;6656;176512;"2025-09-25 11:24:07"
2316;"2021-04-01";157;118;30411;307;30836;99;1472;319;1890;170;11083;650;11903;13;117;102;232;400;43083;1378;44861;"2025-09-25 11:24:07"
2317;"2021-04-01";158;99;108214;1587;109900;70;4292;586;4948;99;18312;2418;20829;10;271;359;640;278;131089;4950;136317;"2025-09-25 11:24:07"
2318;"2021-04-01";159;151;170769;2338;173258;132;5178;868;6178;221;20000;2083;22304;19;323;241;583;523;196270;5530;202323;"2025-09-25 11:24:07"
2319;"2021-04-01";160;71;10525;73;10669;51;533;66;650;117;5732;621;6470;11;57;76;144;250;16847;836;17933;"2025-09-25 11:24:07"
2320;"2021-04-01";161;78;23019;197;23294;43;1106;89;1238;176;9978;239;10393;17;96;38;151;314;34199;563;35076;"2025-09-25 11:24:07"
2321;"2021-04-01";162;161;39191;316;39668;88;1560;228;1876;142;11996;749;12887;23;154;133;310;414;52901;1426;54741;"2025-09-25 11:24:07"
2323;"2021-04-01";257;102;18800;176;19078;68;1333;89;1490;130;10187;265;10582;7;74;39;120;307;30394;569;31270;"2025-09-25 11:24:07"
2324;"2021-04-01";258;199;108339;2139;110677;119;3575;525;4219;206;18548;2984;21738;19;272;641;932;543;130734;6289;137566;"2025-09-25 11:24:07"
2325;"2021-04-01";259;107;30666;667;31440;66;1555;165;1786;106;12897;1027;14030;8;183;107;298;287;45301;1966;47554;"2025-09-25 11:24:07"
2326;"2021-04-01";260;131;27296;3499;30926;93;1339;263;1695;164;12338;427;12929;16;129;58;203;404;41102;4247;45753;"2025-09-25 11:24:07"
2327;"2021-04-01";261;65;8171;56;8292;44;471;58;573;86;4202;248;4536;4;29;36;69;199;12873;398;13470;"2025-09-25 11:24:07"
2328;"2021-04-01";262;78;18016;186;18280;62;903;133;1098;108;8394;248;8750;10;71;42;123;258;27384;609;28251;"2025-09-25 11:24:07"
2329;"2021-04-01";263;64;9255;58;9377;60;434;19;513;103;4895;58;5056;6;37;13;56;233;14621;148;15002;"2025-09-25 11:24:07"
2330;"2021-04-01";264;98;37991;321;38410;105;1683;491;2279;183;11587;2205;13975;23;125;167;315;409;51386;3184;54979;"2025-09-25 11:24:07"
2331;"2021-04-01";265;167;107436;1973;109576;129;4566;496;5191;209;23814;3028;27051;13;242;375;630;518;136058;5872;142448;"2025-09-25 11:24:07"
2332;"2021-04-01";266;65;9048;62;9175;47;454;69;570;102;4671;269;5042;3;40;27;70;217;14213;427;14857;"2025-09-25 11:24:07"
2333;"2021-04-01";267;67;7439;32;7538;44;380;18;442;115;4278;109;4502;7;34;17;58;233;12131;176;12540;"2025-09-25 11:24:07"
2334;"2021-04-01";268;142;149228;3388;152758;99;4095;924;5118;123;18674;2313;21110;9;356;361;726;373;172353;6986;179712;"2025-09-25 11:24:07"
2335;"2021-04-01";269;276;131489;2022;133787;235;3752;581;4568;204;16212;1308;17724;24;194;246;464;739;151647;4157;156543;"2025-09-25 11:24:07"
2336;"2021-04-01";270;113;37988;2458;40559;96;1749;199;2044;134;14511;837;15482;7;174;108;289;350;54422;3602;58374;"2025-09-25 11:24:07"
2337;"2021-04-01";271;93;8784;42;8919;52;447;88;587;106;4818;86;5010;8;47;9;64;259;14096;225;14580;"2025-09-25 11:24:07"
2339;"2021-04-01";164;65;11582;169;11816;56;592;118;766;90;6321;762;7173;9;63;45;117;220;18558;1094;19872;"2025-09-25 11:24:07"
2340;"2021-04-01";165;84;19019;191;19294;76;1138;134;1348;133;11911;273;12317;6;64;34;104;299;32132;632;33063;"2025-09-25 11:24:07"
2341;"2021-04-01";166;61;9564;174;9799;35;452;72;559;65;4752;404;5221;0;39;61;100;161;14807;711;15679;"2025-09-25 11:24:07"
2342;"2021-04-01";167;83;67142;594;67819;64;2372;276;2712;85;13302;3425;16812;14;351;1630;1995;246;83167;5925;89338;"2025-09-25 11:24:07"
2343;"2021-04-01";168;50;8700;428;9178;31;464;61;556;58;3936;214;4208;1;40;22;63;140;13140;725;14005;"2025-09-25 11:24:07"
2344;"2021-04-01";169;139;47794;923;48856;118;2032;371;2521;194;14954;1612;16760;17;237;262;516;468;65017;3168;68653;"2025-09-25 11:24:07"
2345;"2021-04-01";170;90;18398;249;18737;46;861;254;1161;79;7719;922;8720;11;94;159;264;226;27072;1584;28882;"2025-09-25 11:24:07"
2346;"2021-04-01";171;140;78405;2336;80881;117;3119;427;3663;145;13243;2359;15747;8;221;367;596;410;94988;5489;100887;"2025-09-25 11:24:07"
2347;"2021-04-01";172;187;34750;145;35082;191;1592;50;1833;148;10996;777;11921;12;123;91;226;538;47461;1063;49062;"2025-09-25 11:24:07"
2348;"2021-04-01";173;64;13161;23211;36436;47;790;491;1328;86;7611;362;8059;4;59;46;109;201;21621;24110;45932;"2025-09-25 11:24:07"
2349;"2021-04-01";174;163;114485;1701;116349;135;3554;672;4361;179;22277;1911;24367;14;281;875;1170;491;140597;5159;146247;"2025-09-25 11:24:07"
2350;"2021-04-01";175;94;11990;59615;71699;54;667;1326;2047;164;8567;444;9175;1;139;30;170;313;21363;61415;83091;"2025-09-25 11:24:07"
2351;"2021-04-01";176;186;106712;2253;109151;142;3698;694;4534;180;21063;3383;24626;16;295;809;1120;524;131768;7139;139431;"2025-09-25 11:24:07"
2352;"2021-04-01";177;66;19024;149;19239;40;844;99;983;93;7795;469;8357;6;72;39;117;205;27735;756;28696;"2025-09-25 11:24:07"
2353;"2021-04-01";178;91;21583;5887;27561;54;1220;180;1454;108;10233;704;11045;8;152;120;280;261;33188;6891;40340;"2025-09-25 11:24:07"
2354;"2021-04-01";179;108;15198;219;15525;56;790;108;954;104;9375;192;9671;12;83;18;113;280;25446;537;26263;"2025-09-25 11:24:07"
2355;"2021-04-01";180;75;17999;203;18277;38;821;77;936;79;7754;791;8624;3;92;86;181;195;26666;1157;28018;"2025-09-25 11:24:07"
2356;"2021-04-01";181;82;12521;79;12682;70;616;49;735;95;6819;289;7203;8;51;26;85;255;20007;443;20705;"2025-09-25 11:24:07"
2357;"2021-04-01";182;59;10334;97;10490;42;586;56;684;64;6012;124;6200;1;38;17;56;166;16970;294;17430;"2025-09-25 11:24:07"
2358;"2021-04-01";183;61;11319;24916;36296;49;572;653;1274;81;6274;168;6523;10;52;18;80;201;18217;25755;44173;"2025-09-25 11:24:07"
2359;"2021-04-01";184;110;22965;14350;37425;74;1704;337;2115;124;14715;234;15073;16;85;30;131;324;39469;14951;54744;"2025-09-25 11:24:07"
2360;"2021-04-01";185;87;23540;301;23928;48;1029;1177;2254;83;7890;494;8467;6;95;141;242;224;32554;2113;34891;"2025-09-25 11:24:07"
2362;"2021-04-01";187;112;111669;976;112757;80;3437;388;3905;123;22145;2669;24937;8;247;398;653;323;137498;4431;142252;"2025-09-25 11:24:07"
2363;"2021-04-01";188;201;112184;1706;114091;150;4177;550;4877;220;25746;1907;27873;12;353;364;729;583;142460;4527;147570;"2025-09-25 11:24:07"
2364;"2021-04-01";189;59;13419;38;13516;34;696;49;779;69;6257;552;6878;8;64;37;109;170;20436;676;21282;"2025-09-25 11:24:07"
2365;"2021-04-01";190;191;181709;2484;184384;112;5855;821;6788;230;25734;3408;29372;13;338;440;791;546;213636;7153;221335;"2025-09-25 11:24:07"
2366;"2021-04-01";44;42;9223;36;9301;42;445;18;505;41;5171;189;5401;1;43;56;100;126;14882;299;15307;"2025-09-25 11:24:07"
2367;"2021-04-01";192;143;55010;602;55755;84;2235;256;2575;155;17153;928;18236;9;143;134;286;391;74541;1920;76852;"2025-09-25 11:24:07"
2368;"2021-04-01";193;87;25764;395;26246;59;1317;126;1502;122;9768;249;10139;8;86;72;166;276;36935;842;38053;"2025-09-25 11:24:07"
2369;"2021-04-01";194;88;10657;61;10806;42;475;37;554;69;6819;86;6974;2;59;14;75;201;18010;198;18409;"2025-09-25 11:24:07"
2370;"2021-04-01";195;117;34594;439;35150;97;1735;241;2073;161;16653;1013;17827;10;132;151;293;385;53114;1844;55343;"2025-09-25 11:24:07"
2371;"2021-04-01";196;63;18830;176;19069;46;852;36;934;82;10784;961;11827;4;102;146;252;195;30568;1319;32082;"2025-09-25 11:24:07"
2372;"2021-04-01";197;207;61079;883;62169;218;2317;293;2828;254;19004;1237;20495;40;184;225;449;719;82584;2638;85941;"2025-09-25 11:24:07"
2373;"2021-04-01";198;79;12294;127;12500;52;661;56;769;115;5943;104;6162;8;38;21;67;254;18936;308;19498;"2025-09-25 11:24:07"
2374;"2021-04-01";199;53;5718;34;5805;33;297;27;357;54;3679;48;3781;1;23;5;29;141;9717;114;9972;"2025-09-25 11:24:07"
2375;"2021-04-01";200;125;39209;514;39848;73;1770;156;1999;139;14558;722;15419;28;168;132;328;365;55705;1524;57594;"2025-09-25 11:24:07"
2376;"2021-04-01";201;113;42303;473;42889;75;1863;251;2189;124;15791;1532;17447;8;177;325;510;320;60134;2581;63035;"2025-09-25 11:24:07"
2377;"2021-04-01";202;94;21043;187;21324;60;791;77;928;97;8083;193;8373;19;82;35;136;270;29999;492;30761;"2025-09-25 11:24:07"
2378;"2021-04-01";203;69;3616;306;3991;18;240;180;438;60;1298;31;1389;6;16;3;25;153;5170;520;5843;"2025-09-25 11:24:07"
2379;"2021-04-01";204;118;18918;142;19178;65;685;83;833;120;6431;101;6652;7;94;27;128;310;26128;353;26791;"2025-09-25 11:24:07"
2380;"2021-04-01";205;72;18185;90;18347;88;908;75;1071;143;11659;857;12659;9;74;103;186;312;30826;1125;32263;"2025-09-25 11:24:07"
2381;"2021-04-01";206;84;16589;138;16811;40;676;45;761;85;7613;510;8208;8;57;86;151;217;24935;779;25931;"2025-09-25 11:24:07"
2382;"2021-04-01";207;61;9386;44;9491;61;456;45;562;73;5731;104;5908;3;50;14;67;198;15623;207;16028;"2025-09-25 11:24:07"
2383;"2021-04-01";208;114;53801;296;54211;65;2060;413;2538;111;12358;1410;13879;9;145;240;394;299;68364;2359;71022;"2025-09-25 11:24:07"
2384;"2021-04-01";209;146;100283;1291;101720;95;3230;771;4096;202;17139;4540;21881;12;280;1783;2075;455;120932;8385;129772;"2025-09-25 11:24:07"
2385;"2021-04-01";210;137;118756;2221;121114;82;3346;351;3779;95;17751;931;18777;17;240;282;539;331;140093;3785;144209;"2025-09-25 11:24:07"
2387;"2021-04-01";212;119;90931;1054;92104;103;3260;508;3871;134;11792;388;12314;10;205;144;359;366;106188;2094;108648;"2025-09-25 11:24:07"
2388;"2021-04-01";213;91;22514;196;22801;63;929;178;1170;101;8958;261;9320;11;61;169;241;266;32462;804;33532;"2025-09-25 11:24:07"
2390;"2021-04-01";215;230;227403;2335;229968;176;7119;621;7916;220;40043;3824;44087;27;475;547;1049;653;275040;7327;283020;"2025-09-25 11:24:07"
2391;"2021-04-01";216;92;13139;166;13397;57;594;121;772;121;6047;136;6304;6;45;29;80;276;19825;452;20553;"2025-09-25 11:24:07"
2392;"2021-04-01";217;117;40702;469;41288;96;1576;196;1868;107;13544;2674;16325;10;126;625;761;330;55948;3964;60242;"2025-09-25 11:24:07"
2393;"2021-04-01";218;96;44032;676;44804;76;1624;242;1942;133;10478;501;11112;11;121;122;254;316;56255;1541;58112;"2025-09-25 11:24:07"
2394;"2021-04-01";219;89;12521;125;12735;62;574;53;689;87;6965;470;7522;6;120;136;262;244;20180;784;21208;"2025-09-25 11:24:07"
2395;"2021-04-01";220;158;139244;993;140395;102;4647;842;5591;138;21775;6659;28572;12;418;1614;2044;410;166084;10108;176602;"2025-09-25 11:24:07"
2396;"2021-04-01";221;60;9607;69;9736;51;429;52;532;83;4467;485;5035;6;32;96;134;200;14535;702;15437;"2025-09-25 11:24:07"
2397;"2021-04-01";222;208;134573;2551;137332;175;3837;1053;5065;236;26454;2258;28948;16;316;397;729;635;165180;6259;172074;"2025-09-25 11:24:07"
2398;"2021-04-01";223;71;24135;348;24554;68;1166;106;1340;87;10032;367;10486;8;103;63;174;234;35436;884;36554;"2025-09-25 11:24:07"
2399;"2021-04-01";224;118;83445;1306;84869;60;2192;514;2766;133;10712;920;11765;9;75;143;227;320;96424;2883;99627;"2025-09-25 11:24:07"
2400;"2021-04-01";225;80;81757;2368;84205;34;2207;454;2695;61;11140;1572;12773;2;125;230;357;177;95229;4624;100030;"2025-09-25 11:24:07"
2401;"2021-04-01";226;43;108049;1669;109761;16;2096;579;2691;78;8639;665;9382;1;117;154;272;138;118901;3067;122106;"2025-09-25 11:24:07"
2402;"2021-04-01";227;371;120464;46968;167803;359;3163;786;4308;181;18457;1520;20158;18;222;353;593;929;142306;49627;192862;"2025-09-25 11:24:07"
2403;"2021-04-01";228;87;81587;733;82407;35;2235;177;2447;84;7596;702;8382;7;175;188;370;213;91593;1800;93606;"2025-09-25 11:24:07"
2404;"2021-04-01";229;105;41460;777;42342;84;1949;244;2277;125;8777;317;9219;7;95;74;176;321;52281;1412;54014;"2025-09-25 11:24:07"
2405;"2021-04-01";230;58;15734;107;15899;60;613;38;711;97;7610;173;7880;5;46;78;129;220;24003;396;24619;"2025-09-25 11:24:07"
2406;"2021-04-01";231;71;29095;19914;49080;53;1191;370;1614;65;9929;519;10513;6;196;216;418;195;40411;21019;61625;"2025-09-25 11:24:08"
2407;"2021-04-01";232;45;12556;181;12782;53;555;92;700;107;6275;140;6522;7;58;21;86;212;19444;434;20090;"2025-09-25 11:24:08"
2408;"2021-04-01";233;77;14693;107;14877;57;652;67;776;125;7882;386;8393;8;51;55;114;267;23278;615;24160;"2025-09-25 11:24:08"
2410;"2021-04-01";235;265;73100;1176;74541;147;3232;153;3532;345;27317;550;28212;41;209;120;370;798;103858;1999;106655;"2025-09-25 11:24:08"
2411;"2021-04-01";236;566;223252;229861;453679;335;7795;6807;14937;687;49677;3139;53503;40;563;519;1122;1628;281287;240326;523241;"2025-09-25 11:24:08"
2413;"2021-05-01";1;150;198568;16046;214764;53;4571;648;5272;174;13406;1581;15161;15;239;144;398;392;216784;18419;235595;"2025-09-25 11:24:15"
2414;"2021-05-01";2;98;126789;5372;132259;43;3812;642;4497;152;12642;2456;15250;5;139;231;375;298;143382;8701;152381;"2025-09-25 11:24:15"
2415;"2021-05-01";3;104;60869;2167;63140;62;2655;722;3439;135;7414;1268;8817;13;75;103;191;314;71013;4260;75587;"2025-09-25 11:24:15"
2416;"2021-05-01";4;103;62524;1149;63776;80;1832;169;2081;119;15108;1962;17189;8;261;472;741;310;79725;3752;83787;"2025-09-25 11:24:15"
2417;"2021-05-01";5;95;99493;3013;102601;49;3752;320;4121;157;9651;2062;11870;11;127;165;303;312;113023;5560;118895;"2025-09-25 11:24:15"
2418;"2021-05-01";6;84;79747;3245;83076;42;2607;403;3052;164;10454;1560;12178;7;55;232;294;297;92863;5440;98600;"2025-09-25 11:24:15"
2419;"2021-05-01";7;96;112747;8694;121537;62;4872;648;5582;129;14343;2679;17151;13;254;158;425;300;132216;12179;144695;"2025-09-25 11:24:15"
2420;"2021-05-01";8;42;68664;3400;72106;21;3268;491;3780;71;10857;2268;13196;5;103;122;230;139;82892;6281;89312;"2025-09-25 11:24:15"
2421;"2021-05-01";9;91;128581;5898;134570;52;4071;873;4996;171;10536;2105;12812;9;133;257;399;323;143321;9133;152777;"2025-09-25 11:24:15"
2422;"2021-05-01";10;81;76507;4646;81234;49;2873;507;3429;123;8531;1970;10624;11;118;156;285;264;88029;7279;95572;"2025-09-25 11:24:15"
2423;"2021-05-01";11;103;79462;2572;82137;52;3144;152;3348;134;10131;2171;12436;10;109;98;217;299;92846;4993;98138;"2025-09-25 11:24:15"
2424;"2021-05-01";12;107;92989;1205;94301;53;2724;138;2915;146;7082;1197;8425;15;90;253;358;321;102885;2793;105999;"2025-09-25 11:24:15"
2425;"2021-05-01";13;99;100184;4232;104515;54;3003;574;3631;166;9646;2088;11900;19;171;143;333;338;113004;7037;120379;"2025-09-25 11:24:15"
2426;"2021-05-01";14;203;74509;3298;78010;115;2458;433;3006;136;6138;1855;8129;10;95;206;311;464;83200;5792;89456;"2025-09-25 11:24:15"
2427;"2021-05-01";15;207;152493;4716;157416;122;3534;766;4422;172;11097;4878;16147;12;225;158;395;513;167349;10518;178380;"2025-09-25 11:24:15"
2428;"2021-05-01";16;122;82488;9604;92214;44;2351;881;3276;160;8718;2071;10949;18;120;116;254;344;93677;12672;106693;"2025-09-25 11:24:15"
2429;"2021-05-01";17;89;103022;2273;105384;46;3461;1134;4641;148;9002;1693;10843;9;117;106;232;292;115602;5206;121100;"2025-09-25 11:24:15"
2430;"2021-05-01";18;126;201275;6397;207798;94;4784;1571;6449;156;25606;4905;30667;13;241;323;577;389;231906;13196;245491;"2025-09-25 11:24:15"
2431;"2021-05-01";19;115;126789;4587;131491;57;3776;776;4609;135;11803;2823;14761;8;190;419;617;315;142558;8605;151478;"2025-09-25 11:24:15"
2432;"2021-05-01";20;131;117102;4020;121253;51;4422;183;4656;173;15125;4263;19561;14;596;623;1233;369;137245;9089;146703;"2025-09-25 11:24:15"
2433;"2021-05-01";21;131;69602;920;70653;55;2129;61;2245;138;5426;1086;6650;9;78;41;128;333;77235;2108;79676;"2025-09-25 11:24:15"
2434;"2021-05-01";22;97;110357;4121;114575;46;3784;756;4586;140;10599;1929;12668;15;116;192;323;298;124856;6998;132152;"2025-09-25 11:24:15"
2435;"2021-05-01";23;1596;38932;795;41323;1667;1713;294;3674;356;3888;910;5154;87;57;56;200;3706;44590;2055;50351;"2025-09-25 11:24:15"
2436;"2021-05-01";63;120;87447;1217;88784;104;2129;309;2542;103;10431;767;11301;10;125;273;408;337;100132;2566;103035;"2025-09-25 11:24:15"
2437;"2021-05-01";25;77;88711;5797;94585;33;3675;558;4266;124;12107;2744;14975;15;143;328;486;249;104636;9427;114312;"2025-09-25 11:24:15"
2438;"2021-05-01";146;828;297339;233954;532121;488;10994;6942;18424;1032;76635;3689;81356;80;781;640;1501;2428;385749;245225;633402;"2025-09-25 11:24:15"
2440;"2021-05-01";28;96;67656;2944;70696;63;2479;558;3100;103;10202;3267;13572;12;115;691;818;274;80452;7460;88186;"2025-09-25 11:24:15"
2441;"2021-05-01";29;75;67004;931;68010;59;2335;502;2896;117;10638;1004;11759;9;155;196;360;260;80132;2633;83025;"2025-09-25 11:24:15"
2442;"2021-05-01";77;284;134365;3261;137910;190;2995;481;3666;223;16371;3056;19650;18;261;574;853;715;153992;7372;162079;"2025-09-25 11:24:15"
2443;"2021-05-01";57;64;55788;645;56497;42;1415;136;1593;76;4486;246;4808;5;101;45;151;187;61790;1072;63049;"2025-09-25 11:24:15"
2444;"2021-05-01";32;73;80123;1663;81859;30;2260;650;2940;66;10298;1393;11757;1;131;235;367;170;92812;3941;96923;"2025-09-25 11:24:15"
2445;"2021-05-01";33;124;107290;17764;125178;67;3205;467;3739;169;13478;2157;15804;10;146;496;652;370;124119;20884;145373;"2025-09-25 11:24:15"
2446;"2021-05-01";79;81;102091;1685;103857;43;2424;225;2692;90;10255;1422;11767;8;149;339;496;222;114919;3671;118812;"2025-09-25 11:24:15"
2447;"2021-05-01";35;88;65701;2914;68703;71;2533;308;2912;113;14733;2343;17189;10;177;330;517;282;83144;5895;89321;"2025-09-25 11:24:15"
2448;"2021-05-01";36;93;90330;4067;94490;51;3090;339;3480;109;13248;1869;15226;9;146;275;430;262;106814;6550;113626;"2025-09-25 11:24:15"
2449;"2021-05-01";60;274;181519;4968;186761;299;4965;295;5559;204;18987;2019;21210;32;291;452;775;809;205762;7734;214305;"2025-09-25 11:24:15"
2450;"2021-05-01";38;48;59623;32206;91877;25;1650;805;2480;81;5968;1164;7213;9;102;371;482;163;67343;34546;102052;"2025-09-25 11:24:15"
2451;"2021-05-01";39;280;80076;8183;88539;463;1925;570;2958;183;8224;2057;10464;26;133;692;851;952;90358;11502;102812;"2025-09-25 11:24:15"
2452;"2021-05-01";40;79;25710;1306;27095;51;1121;293;1465;84;4162;322;4568;10;41;50;101;224;31034;1971;33229;"2025-09-25 11:24:15"
2454;"2021-05-01";42;121;148378;10431;158930;64;3753;290;4107;125;13373;2004;15502;9;185;512;706;319;165689;13237;179245;"2025-09-25 11:24:15"
2457;"2021-05-01";46;191;234988;7456;242635;112;5572;753;6437;185;29986;5281;35452;9;331;570;910;497;270877;14060;285434;"2025-09-25 11:24:15"
2458;"2021-05-01";47;105;111958;1757;113820;111;3196;519;3826;264;19276;2545;22085;54;240;273;567;534;134670;5094;140298;"2025-09-25 11:24:15"
2462;"2021-05-01";51;170;194394;3125;197689;192;3490;699;4381;209;16807;1249;18265;12;258;162;432;583;214949;5235;220767;"2025-09-25 11:24:15"
2465;"2021-05-01";54;119;24722;24891;49732;61;1232;1757;3050;158;9282;735;10175;9;84;84;177;347;35320;27467;63134;"2025-09-25 11:24:15"
2466;"2021-05-01";55;103;94724;184480;279307;62;3799;3219;7080;108;21679;2540;24327;13;402;289;704;286;120604;190528;311418;"2025-09-25 11:24:15"
2467;"2021-05-01";56;306;219665;45287;265258;346;6307;1595;8248;173;29781;3236;33190;20;326;546;892;845;256079;50664;307588;"2025-09-25 11:24:15"
2469;"2021-05-01";58;174;141095;4292;145561;97;4933;147;5177;134;17328;4372;21834;16;307;956;1279;421;163663;9767;173851;"2025-09-25 11:24:15"
2470;"2021-05-01";59;132;187987;20894;209013;85;5697;1002;6784;106;24019;2754;26879;9;297;300;606;332;218000;24950;243282;"2025-09-25 11:24:15"
2472;"2021-05-01";61;164;181014;4639;185817;94;3597;773;4464;153;12131;2558;14842;9;236;410;655;420;196978;8380;205778;"2025-09-25 11:24:15"
2473;"2021-05-01";62;60;7924;85;8069;41;526;60;627;109;3625;52;3786;3;31;15;49;213;12106;212;12531;"2025-09-25 11:24:15"
2476;"2021-05-01";65;169;164326;3687;168182;135;4897;390;5422;186;26068;7560;33814;24;421;864;1309;514;195712;12501;208727;"2025-09-25 11:24:15"
2482;"2021-05-01";71;74;69048;1924;71046;43;2591;559;3193;109;13652;3860;17621;11;197;441;649;237;85488;6784;92509;"2025-09-25 11:24:15"
2485;"2021-05-01";74;125;158678;2126;160929;97;3658;321;4076;137;14404;2209;16750;14;334;294;642;373;177074;4950;182397;"2025-09-25 11:24:15"
2491;"2021-05-01";80;154;101382;1140;102676;81;2898;768;3747;150;19372;3995;23517;3;258;951;1212;388;123910;6854;131152;"2025-09-25 11:24:15"
2494;"2021-05-01";83;319;156636;714;157669;183;3683;462;4328;247;14780;1652;16679;48;349;168;565;797;175448;2996;179241;"2025-09-25 11:24:15"
2496;"2021-05-01";85;124;23292;194;23610;81;1300;177;1558;153;6352;177;6682;11;94;41;146;369;31038;589;31996;"2025-09-25 11:24:15"
2497;"2021-05-01";86;275;157097;1162;158534;171;4802;345;5318;192;19220;2194;21606;21;254;196;471;659;181373;3897;185929;"2025-09-25 11:24:15"
2498;"2021-05-01";87;97;109223;2582;111902;78;2958;869;3905;81;12717;1949;14747;10;227;192;429;266;125125;5592;130983;"2025-09-25 11:24:15"
2499;"2021-05-01";88;61;104053;2440;106554;28;2538;516;3082;31;9534;1316;10881;1;123;118;242;121;116248;4390;120759;"2025-09-25 11:24:15"
2500;"2021-05-01";89;465;23073;312;23850;118;571;21;710;114;1803;262;2179;18;30;12;60;715;25477;607;26799;"2025-09-25 11:24:15"
2501;"2021-05-01";90;117;86190;1693;88000;78;2948;481;3507;101;10676;2109;12886;9;119;143;271;305;99933;4426;104664;"2025-09-25 11:24:15"
2502;"2021-05-01";91;158;157401;768;158327;93;5620;2791;8504;115;29469;4442;34026;12;387;386;785;378;192877;8387;201642;"2025-09-25 11:24:15"
2503;"2021-05-01";92;76;59586;1116;60778;78;1913;298;2289;93;8770;1169;10032;12;121;132;265;259;70390;2715;73364;"2025-09-25 11:24:15"
2504;"2021-05-01";93;120;85944;838;86902;73;2566;155;2794;96;9415;3869;13380;9;140;294;443;298;98065;5156;103519;"2025-09-25 11:24:15"
2505;"2021-05-01";94;212;190234;1919;192365;113;5977;1578;7668;179;29097;3610;32886;8;435;735;1178;512;225743;7842;234097;"2025-09-25 11:24:15"
2506;"2021-05-01";95;332;249307;1914;251553;185;8707;1081;9973;215;42092;5033;47340;15;619;451;1085;747;300725;8479;309951;"2025-09-25 11:24:15"
2507;"2021-05-01";96;75;31062;743;31880;41;1466;65;1572;80;5369;583;6032;13;76;41;130;209;37973;1432;39614;"2025-09-25 11:24:15"
2508;"2021-05-01";97;269;248261;5391;253921;203;9379;1169;10751;206;35177;5391;40774;27;391;539;957;705;293208;12490;306403;"2025-09-25 11:24:15"
2509;"2021-05-01";101;172;172531;3371;176074;70;2945;1343;4358;113;8096;1941;10150;13;200;190;403;368;183772;6845;190985;"2025-09-25 11:24:15"
2510;"2021-05-01";102;176;66456;1037;67669;77;2442;222;2741;87;7874;1094;9055;16;125;141;282;356;76897;2494;79747;"2025-09-25 11:24:15"
2511;"2021-05-01";103;194;59624;2088;61906;53;2686;246;2985;93;9470;1602;11165;3;116;203;322;343;71896;4139;76378;"2025-09-25 11:24:15"
2512;"2021-05-01";104;129;163703;4100;167932;190;5966;1423;7579;148;18745;2740;21633;23;312;541;876;490;188726;8804;198020;"2025-09-25 11:24:15"
2513;"2021-05-01";105;100;137304;1475;138879;63;2642;85;2790;61;7031;1438;8530;1;180;123;304;225;147157;3121;150503;"2025-09-25 11:24:15"
2514;"2021-05-01";106;187;89045;1138;90370;162;3191;709;4062;110;8453;1905;10468;14;122;107;243;473;100811;3859;105143;"2025-09-25 11:24:15"
2515;"2021-05-01";107;269;63103;1185;64557;95;2683;125;2903;117;6694;1541;8352;22;122;99;243;503;72602;2950;76055;"2025-09-25 11:24:15"
2516;"2021-05-01";108;177;205560;1749;207486;107;7154;466;7727;155;36190;5434;41779;19;404;347;770;458;249308;7996;257762;"2025-09-25 11:24:15"
2517;"2021-05-01";109;174;127302;2893;130369;157;5756;1228;7141;211;21733;3670;25614;14;241;320;575;556;155032;8111;163699;"2025-09-25 11:24:15"
2518;"2021-05-01";110;82;119906;1636;121624;42;4657;636;5335;48;18965;2373;21386;3;290;350;643;175;143818;4995;148988;"2025-09-25 11:24:15"
2519;"2021-05-01";111;148;82516;743;83407;92;3429;476;3997;139;18193;3428;21760;10;834;263;1107;389;104972;4910;110271;"2025-09-25 11:24:15"
2520;"2021-05-01";112;142;105296;2149;107587;119;2637;709;3465;126;9382;3356;12864;13;176;134;323;400;117491;6348;124239;"2025-09-25 11:24:15"
2521;"2021-05-01";113;84;71394;1276;72754;29;2690;899;3618;39;9394;1585;11018;0;98;127;225;152;83576;3887;87615;"2025-09-25 11:24:15"
2522;"2021-05-01";114;142;88096;587;88825;83;3951;482;4516;138;17415;1958;19511;11;289;176;476;374;109751;3203;113328;"2025-09-25 11:24:15"
2523;"2021-05-01";115;220;47186;291;47697;101;1866;710;2677;224;11515;732;12471;12;156;85;253;557;60723;1818;63098;"2025-09-25 11:24:15"
2524;"2021-05-01";116;169;47339;525;48033;76;2162;744;2982;198;13550;5667;19415;9;213;388;610;452;63264;7324;71040;"2025-09-25 11:24:15"
2525;"2021-05-01";117;77;16750;145;16972;74;822;119;1015;146;6139;4479;10764;5;109;512;626;302;23820;5255;29377;"2025-09-25 11:24:15"
2526;"2021-05-01";118;72;93939;1144;95155;54;3232;513;3799;71;10191;1724;11986;8;173;132;313;205;107535;3513;111253;"2025-09-25 11:24:15"
2527;"2021-05-01";119;44;171959;2124;174127;34;4166;722;4922;40;11682;3259;14981;7;306;185;498;125;188113;6290;194528;"2025-09-25 11:24:15"
2528;"2021-05-01";120;18;138632;1085;139735;7;2172;204;2383;23;5014;1250;6287;1;123;32;156;49;145941;2571;148561;"2025-09-25 11:24:15"
2529;"2021-05-01";121;335;107227;1487;109049;177;4342;1237;5756;239;20420;4465;25124;16;426;450;892;767;132415;7639;140821;"2025-09-25 11:24:15"
2530;"2021-05-01";122;103;56825;452;57380;93;1564;141;1798;88;6033;1976;8097;10;89;326;425;294;64511;2895;67700;"2025-09-25 11:24:15"
2531;"2021-05-01";123;240;139896;1994;142130;252;5338;454;6044;208;17704;2548;20460;29;300;256;585;729;163238;5252;169219;"2025-09-25 11:24:15"
2532;"2021-05-01";124;192;92239;868;93299;82;3684;578;4344;124;17617;4005;21746;14;290;486;790;412;113830;5937;120179;"2025-09-25 11:24:15"
2533;"2021-05-01";125;230;182203;2165;184598;98;6039;2541;8678;180;28574;5203;33957;21;348;262;631;529;217164;10171;227864;"2025-09-25 11:24:15"
2534;"2021-05-01";126;311;245380;3238;248929;170;8410;1712;10292;231;33455;6540;40226;23;508;901;1432;735;287753;12391;300879;"2025-09-25 11:24:15"
2535;"2021-05-01";127;163;62726;5394;68283;75;3246;769;4090;139;19992;2637;22768;13;230;381;624;390;86194;9181;95765;"2025-09-25 11:24:15"
2536;"2021-05-01";128;173;107512;561;108246;80;2918;344;3342;129;15272;1911;17312;10;192;147;349;392;125894;2963;129249;"2025-09-25 11:24:15"
2537;"2021-05-01";129;371;382689;2622;385682;205;11201;2639;14045;300;57371;6551;64222;50;984;509;1543;926;452245;12321;465492;"2025-09-25 11:24:15"
2539;"2021-05-01";238;145;87806;2305;90256;130;2949;541;3620;237;17488;1372;19097;25;262;357;644;537;108505;4575;113617;"2025-09-25 11:24:15"
2540;"2021-05-01";214;66;18459;231;18756;60;835;76;971;95;7062;209;7366;7;71;73;151;228;26427;589;27244;"2025-09-25 11:24:15"
2541;"2021-05-01";240;106;37088;676;37870;74;1418;158;1650;117;6799;427;7343;10;106;195;311;307;45411;1456;47174;"2025-09-25 11:24:15"
2542;"2021-05-01";241;111;24628;457;25196;101;925;115;1141;176;6546;173;6895;5;76;33;114;393;32175;778;33346;"2025-09-25 11:24:15"
2543;"2021-05-01";242;105;31483;898;32486;87;1271;138;1496;103;5461;267;5831;6;98;88;192;301;38313;1391;40005;"2025-09-25 11:24:15"
2544;"2021-05-01";243;51;8392;59;8502;49;352;30;431;91;3246;39;3376;5;29;11;45;196;12019;139;12354;"2025-09-25 11:24:15"
2545;"2021-05-01";244;44;11478;158;11680;34;453;29;516;105;3994;74;4173;6;53;21;80;189;15978;282;16449;"2025-09-25 11:24:15"
2546;"2021-05-01";245;124;14285;123;14532;79;749;59;887;120;6052;131;6303;6;70;45;121;329;21156;358;21843;"2025-09-25 11:24:15"
2547;"2021-05-01";246;205;144707;2691;147603;152;4961;562;5675;208;25574;2050;27832;19;368;321;708;584;175610;5624;181818;"2025-09-25 11:24:15"
2548;"2021-05-01";247;51;13096;116;13263;48;546;53;647;112;4814;78;5004;5;59;25;89;216;18515;272;19003;"2025-09-25 11:24:15"
2549;"2021-05-01";248;104;13814;211;14129;83;662;70;815;137;6133;163;6433;14;60;28;102;338;20669;472;21479;"2025-09-25 11:24:15"
2550;"2021-05-01";249;52;16422;132;16606;57;830;37;924;122;6805;128;7055;9;56;19;84;240;24113;316;24669;"2025-09-25 11:24:15"
2551;"2021-05-01";250;278;111721;2391;114390;267;3564;631;4462;262;17781;2692;20735;16;317;380;713;823;133383;6094;140300;"2025-09-25 11:24:15"
2552;"2021-05-01";251;59;15839;425;16323;55;718;160;933;102;3330;133;3565;7;80;41;128;223;19967;759;20949;"2025-09-25 11:24:15"
2553;"2021-05-01";252;90;16407;266;16763;78;821;60;959;111;8320;130;8561;11;52;33;96;290;25600;489;26379;"2025-09-25 11:24:15"
2554;"2021-05-01";253;119;26235;214;26568;104;1410;298;1812;178;11239;438;11855;19;96;77;192;420;38980;1027;40427;"2025-09-25 11:24:15"
2555;"2021-05-01";254;55;9426;69;9550;63;356;53;472;102;3173;43;3318;10;39;19;68;230;12994;184;13408;"2025-09-25 11:24:15"
2556;"2021-05-01";255;74;17755;373;18202;61;937;63;1061;110;8029;232;8371;9;64;53;126;254;26785;721;27760;"2025-09-25 11:24:15"
2558;"2021-05-01";131;68;14347;79;14494;52;804;46;902;81;7602;255;7938;8;48;31;87;209;22801;411;23421;"2025-09-25 11:24:15"
2559;"2021-05-01";132;65;10298;110;10473;47;506;68;621;107;4753;385;5245;4;41;229;274;223;15598;792;16613;"2025-09-25 11:24:15"
2560;"2021-05-01";133;67;11362;151;11580;56;652;90;798;96;6039;716;6851;12;51;71;134;231;18104;1028;19363;"2025-09-25 11:24:15"
2561;"2021-05-01";134;73;16213;134;16420;52;765;95;912;114;7842;145;8101;8;62;27;97;247;24882;401;25530;"2025-09-25 11:24:15"
2562;"2021-05-01";135;72;18756;375;19203;51;897;91;1039;79;7554;607;8240;6;61;76;143;208;27268;1149;28625;"2025-09-25 11:24:15"
2563;"2021-05-01";136;72;42896;268;43236;62;2242;221;2525;93;13033;1305;14431;8;144;144;296;235;58315;1938;60488;"2025-09-25 11:24:15"
2564;"2021-05-01";137;105;51654;750;52509;77;1943;175;2195;150;13199;1663;15012;6;198;835;1039;338;66994;3423;70755;"2025-09-25 11:24:15"
2565;"2021-05-01";138;34;15443;133;15610;22;613;32;667;31;3091;537;3659;4;54;43;101;91;19201;745;20037;"2025-09-25 11:24:15"
2566;"2021-05-01";139;68;39729;238;40035;60;1601;84;1745;79;8784;903;9766;6;102;101;209;213;50216;1326;51755;"2025-09-25 11:24:15"
2567;"2021-05-01";140;1;8;0;9;0;3;0;3;0;8;0;8;0;0;0;0;1;19;0;20;"2025-09-25 11:24:15"
2568;"2021-05-01";141;212;78154;1074;79440;118;2477;383;2978;176;11598;948;12722;15;184;237;436;521;92413;2642;95576;"2025-09-25 11:24:15"
2569;"2021-05-01";142;66;84302;1545;85913;105;2348;866;3319;61;10861;1703;12625;4;215;215;434;236;97726;4329;102291;"2025-09-25 11:24:15"
2570;"2021-05-01";143;131;86271;1594;87996;97;2783;451;3331;117;13266;1818;15201;4;230;185;419;349;102550;4048;106947;"2025-09-25 11:24:15"
2571;"2021-05-01";144;128;110972;4734;115834;88;3335;714;4137;127;14940;2006;17073;13;285;292;590;356;129532;7746;137634;"2025-09-25 11:24:15"
2572;"2021-05-01";145;193;86836;4524;91553;145;3188;422;3755;242;19306;1645;21193;21;300;281;602;601;109630;6872;117103;"2025-09-25 11:24:15"
2574;"2021-05-01";147;59;19852;63;19974;29;672;108;809;58;1871;337;2266;8;44;25;77;154;22439;533;23126;"2025-09-25 11:24:15"
2575;"2021-05-01";148;216;39637;1433;41286;120;1772;378;2270;212;12256;647;13115;23;134;108;265;571;53799;2566;56936;"2025-09-25 11:24:15"
2576;"2021-05-01";149;64;19090;1196;20350;37;1103;284;1424;86;8310;565;8961;7;65;54;126;194;28568;2099;30861;"2025-09-25 11:24:15"
2577;"2021-05-01";150;136;43340;867;44343;86;2263;374;2723;161;15019;1071;16251;25;122;76;223;408;60744;2388;63540;"2025-09-25 11:24:15"
2578;"2021-05-01";151;142;75119;608;75869;77;2678;336;3091;169;17700;2250;20119;13;283;805;1101;401;95780;3999;100180;"2025-09-25 11:24:15"
2579;"2021-05-01";152;122;38219;474;38815;76;1546;172;1794;184;12282;550;13016;28;110;157;295;410;52157;1353;53920;"2025-09-25 11:24:15"
2580;"2021-05-01";153;99;21995;460;22554;61;1208;344;1613;132;10933;374;11439;10;72;53;135;302;34208;1231;35741;"2025-09-25 11:24:15"
2581;"2021-05-01";154;152;74532;857;75541;84;2760;485;3329;159;17889;1716;19764;17;235;383;635;412;95416;3441;99269;"2025-09-25 11:24:15"
2582;"2021-05-01";155;81;18748;154;18983;39;804;116;959;110;7460;516;8086;9;69;76;154;239;27081;862;28182;"2025-09-25 11:24:15"
2583;"2021-05-01";156;175;141837;2487;144499;135;5209;597;5941;170;22238;3246;25654;40;385;349;774;520;169669;6679;176868;"2025-09-25 11:24:15"
2584;"2021-05-01";157;119;30422;307;30848;103;1463;320;1886;171;11084;651;11906;13;122;104;239;406;43091;1382;44879;"2025-09-25 11:24:15"
2585;"2021-05-01";158;99;108252;1584;109935;72;4265;586;4923;103;18229;2423;20755;10;286;360;656;284;131032;4953;136269;"2025-09-25 11:24:15"
2586;"2021-05-01";159;151;171230;2306;173687;132;5135;875;6142;221;19952;2091;22264;19;339;236;594;523;196656;5508;202687;"2025-09-25 11:24:15"
2587;"2021-05-01";160;71;10536;73;10680;51;527;66;644;119;5681;614;6414;11;57;78;146;252;16801;831;17884;"2025-09-25 11:24:15"
2588;"2021-05-01";161;81;23005;197;23283;43;1103;89;1235;174;9963;241;10378;17;96;38;151;315;34167;565;35047;"2025-09-25 11:24:15"
2589;"2021-05-01";162;162;39250;316;39728;89;1560;226;1875;143;11949;753;12845;23;147;132;302;417;52906;1427;54750;"2025-09-25 11:24:15"
2591;"2021-05-01";257;102;18776;177;19055;65;1336;89;1490;131;10173;266;10570;7;77;39;123;305;30362;571;31238;"2025-09-25 11:24:15"
2592;"2021-05-01";258;199;108396;2152;110747;120;3531;534;4185;205;18420;2990;21615;20;271;641;932;544;130618;6317;137479;"2025-09-25 11:24:15"
2593;"2021-05-01";259;106;30621;647;31374;65;1542;165;1772;104;12918;1029;14051;7;186;105;298;282;45267;1946;47495;"2025-09-25 11:24:15"
2594;"2021-05-01";260;131;27275;3459;30865;93;1319;264;1676;164;12285;431;12880;17;126;57;200;405;41005;4211;45621;"2025-09-25 11:24:15"
2595;"2021-05-01";261;63;8202;56;8321;44;469;58;571;86;4176;248;4510;4;29;35;68;197;12876;397;13470;"2025-09-25 11:24:15"
2596;"2021-05-01";262;79;18041;191;18311;61;901;133;1095;108;8386;251;8745;11;71;39;121;259;27399;614;28272;"2025-09-25 11:24:15"
2597;"2021-05-01";263;64;9222;58;9344;60;428;19;507;101;4884;57;5042;6;37;13;56;231;14571;147;14949;"2025-09-25 11:24:15"
2598;"2021-05-01";264;98;38026;314;38438;105;1667;486;2258;183;11559;2205;13947;23;125;168;316;409;51377;3173;54959;"2025-09-25 11:24:15"
2599;"2021-05-01";265;165;107432;2006;109603;127;4531;496;5154;209;23661;3031;26901;13;252;380;645;514;135876;5913;142303;"2025-09-25 11:24:15"
2600;"2021-05-01";266;64;9054;63;9181;47;453;69;569;101;4671;267;5039;3;40;27;70;215;14218;426;14859;"2025-09-25 11:24:15"
2601;"2021-05-01";267;67;7442;32;7541;44;376;18;438;117;4273;109;4499;7;38;17;62;235;12129;176;12540;"2025-09-25 11:24:15"
2602;"2021-05-01";268;143;149186;3368;152697;101;4042;921;5064;123;18568;2317;21008;9;362;361;732;376;172158;6967;179501;"2025-09-25 11:24:15"
2603;"2021-05-01";269;272;131637;2023;133932;242;3736;577;4555;199;16136;1328;17663;24;189;245;458;737;151698;4173;156608;"2025-09-25 11:24:15"
2604;"2021-05-01";270;114;38097;2382;40593;98;1752;195;2045;134;14503;836;15473;7;176;110;293;353;54528;3523;58404;"2025-09-25 11:24:15"
2605;"2021-05-01";271;93;8792;42;8927;52;448;88;588;106;4805;85;4996;8;49;9;66;259;14094;224;14577;"2025-09-25 11:24:15"
2607;"2021-05-01";164;66;11597;168;11831;56;595;118;769;91;6316;763;7170;9;63;45;117;222;18571;1094;19887;"2025-09-25 11:24:15"
2608;"2021-05-01";165;84;19029;185;19298;75;1135;132;1342;133;11896;272;12301;6;65;32;103;298;32125;621;33044;"2025-09-25 11:24:15"
2609;"2021-05-01";166;61;9585;173;9819;36;447;70;553;68;4770;409;5247;0;39;62;101;165;14841;714;15720;"2025-09-25 11:24:15"
2610;"2021-05-01";167;83;67246;593;67922;66;2351;272;2689;85;13250;3437;16772;14;368;1630;2012;248;83215;5932;89395;"2025-09-25 11:24:15"
2611;"2021-05-01";168;51;8732;430;9213;32;462;61;555;58;3946;217;4221;1;41;20;62;142;13181;728;14051;"2025-09-25 11:24:15"
2612;"2021-05-01";169;139;47993;923;49055;118;2031;371;2520;194;14876;1613;16683;16;235;267;518;467;65135;3174;68776;"2025-09-25 11:24:15"
2613;"2021-05-01";170;89;18507;241;18837;45;855;253;1153;79;7729;921;8729;11;96;158;265;224;27187;1573;28984;"2025-09-25 11:24:15"
2614;"2021-05-01";171;141;78363;2351;80855;115;3106;427;3648;149;13091;2331;15571;8;222;364;594;413;94782;5473;100668;"2025-09-25 11:24:15"
2615;"2021-05-01";172;189;34913;147;35249;199;1589;50;1838;147;11001;781;11929;12;126;91;229;547;47629;1069;49245;"2025-09-25 11:24:15"
2616;"2021-05-01";173;68;13210;21541;34819;48;795;465;1308;95;7604;361;8060;4;60;46;110;215;21669;22413;44297;"2025-09-25 11:24:15"
2617;"2021-05-01";174;164;114638;1730;116532;136;3535;672;4343;179;22087;1935;24201;14;280;873;1167;493;140540;5210;146243;"2025-09-25 11:24:15"
2618;"2021-05-01";175;93;11999;61891;73983;54;662;1350;2066;166;8567;444;9177;1;140;32;173;314;21368;63717;85399;"2025-09-25 11:24:15"
2619;"2021-05-01";176;188;106780;2305;109273;141;3671;696;4508;181;20956;3403;24540;16;300;806;1122;526;131707;7210;139443;"2025-09-25 11:24:15"
2620;"2021-05-01";177;67;19077;148;19292;40;847;100;987;94;7771;479;8344;6;71;39;116;207;27766;766;28739;"2025-09-25 11:24:15"
2621;"2021-05-01";178;89;21693;3287;25069;54;1224;165;1443;109;10301;708;11118;8;155;120;283;260;33373;4280;37913;"2025-09-25 11:24:15"
2622;"2021-05-01";179;108;15217;218;15543;56;785;109;950;105;9350;192;9647;12;82;20;114;281;25434;539;26254;"2025-09-25 11:24:15"
2623;"2021-05-01";180;75;18012;211;18298;38;813;106;957;79;7696;788;8563;3;94;91;188;195;26615;1196;28006;"2025-09-25 11:24:15"
2624;"2021-05-01";181;82;12537;80;12699;70;610;49;729;95;6822;286;7203;8;50;25;83;255;20019;440;20714;"2025-09-25 11:24:15"
2625;"2021-05-01";182;59;10403;97;10559;42;584;55;681;64;6024;123;6211;1;41;18;60;166;17052;293;17511;"2025-09-25 11:24:15"
2626;"2021-05-01";183;61;11323;27122;38506;49;567;646;1262;81;6217;171;6469;10;56;18;84;201;18163;27957;46321;"2025-09-25 11:24:15"
2627;"2021-05-01";184;111;22969;17211;40291;74;1696;395;2165;124;14689;239;15052;16;87;30;133;325;39441;17875;57641;"2025-09-25 11:24:15"
2628;"2021-05-01";185;87;23539;312;23938;46;1022;1158;2226;83;7849;495;8427;6;100;142;248;222;32510;2107;34839;"2025-09-25 11:24:15"
2630;"2021-05-01";187;112;112260;997;113369;80;3417;389;3886;123;22024;2671;24818;8;255;399;662;323;137956;4456;142735;"2025-09-25 11:24:15"
2631;"2021-05-01";188;202;111911;1784;113897;148;4082;550;4780;219;25166;1916;27301;12;358;361;731;581;141517;4611;146709;"2025-09-25 11:24:15"
2632;"2021-05-01";189;59;13424;38;13521;34;695;49;778;71;6265;554;6890;10;65;36;111;174;20449;677;21300;"2025-09-25 11:24:15"
2633;"2021-05-01";190;190;181945;2486;184621;111;5814;810;6735;230;25502;3413;29145;13;350;439;802;544;213611;7148;221303;"2025-09-25 11:24:15"
2634;"2021-05-01";44;42;9213;35;9290;42;443;18;503;41;5136;188;5365;1;45;59;105;126;14837;300;15263;"2025-09-25 11:24:15"
2635;"2021-05-01";192;143;55010;620;55773;84;2217;255;2556;152;17121;931;18204;9;142;133;284;388;74490;1939;76817;"2025-09-25 11:24:15"
2636;"2021-05-01";193;87;25733;395;26215;59;1303;126;1488;125;9716;250;10091;8;88;72;168;279;36840;843;37962;"2025-09-25 11:24:15"
2637;"2021-05-01";194;89;10680;61;10830;41;470;37;548;68;6813;86;6967;2;57;15;74;200;18020;199;18419;"2025-09-25 11:24:15"
2638;"2021-05-01";195;116;34596;436;35148;96;1721;241;2058;164;16533;1006;17703;11;134;150;295;387;52984;1833;55204;"2025-09-25 11:24:15"
2639;"2021-05-01";196;63;18834;172;19069;46;850;36;932;82;10801;953;11836;5;101;145;251;196;30586;1306;32088;"2025-09-25 11:24:15"
2640;"2021-05-01";197;206;61193;943;62342;223;2320;289;2832;255;18880;1238;20373;40;194;226;460;724;82587;2696;86007;"2025-09-25 11:24:15"
2641;"2021-05-01";198;79;12304;127;12510;51;663;56;770;115;5935;103;6153;8;36;22;66;253;18938;308;19499;"2025-09-25 11:24:15"
2642;"2021-05-01";199;53;5701;34;5788;31;293;27;351;55;3669;48;3772;1;24;5;30;140;9687;114;9941;"2025-09-25 11:24:15"
2643;"2021-05-01";200;125;39240;512;39877;73;1759;157;1989;139;14489;722;15350;28;172;129;329;365;55660;1520;57545;"2025-09-25 11:24:15"
2644;"2021-05-01";201;114;42264;473;42851;76;1841;251;2168;125;15672;1538;17335;8;173;329;510;323;59950;2591;62864;"2025-09-25 11:24:15"
2645;"2021-05-01";202;94;21128;187;21409;60;788;77;925;98;8084;194;8376;19;82;35;136;271;30082;493;30846;"2025-09-25 11:24:15"
2646;"2021-05-01";203;69;3615;332;4016;18;241;184;443;62;1290;32;1384;6;16;3;25;155;5162;551;5868;"2025-09-25 11:24:15"
2647;"2021-05-01";204;119;19010;142;19271;65;688;82;835;120;6443;102;6665;7;94;28;129;311;26235;354;26900;"2025-09-25 11:24:15"
2648;"2021-05-01";205;73;18205;89;18367;87;904;75;1066;142;11651;850;12643;9;74;103;186;311;30834;1117;32262;"2025-09-25 11:24:15"
2649;"2021-05-01";206;84;16624;141;16849;40;679;45;764;86;7600;506;8192;8;60;81;149;218;24963;773;25954;"2025-09-25 11:24:15"
2650;"2021-05-01";207;61;9393;44;9498;61;455;45;561;72;5731;103;5906;3;51;14;68;197;15630;206;16033;"2025-09-25 11:24:15"
2651;"2021-05-01";208;114;53809;296;54219;66;2019;413;2498;111;12271;1413;13795;9;143;238;390;300;68242;2360;70902;"2025-09-25 11:24:15"
2652;"2021-05-01";209;145;100524;1289;101958;96;3224;773;4093;203;17098;4554;21855;12;276;1779;2067;456;121122;8395;129973;"2025-09-25 11:24:15"
2653;"2021-05-01";210;137;118816;2227;121180;82;3337;358;3777;97;17609;935;18641;17;241;279;537;333;140003;3799;144135;"2025-09-25 11:24:15"
2655;"2021-05-01";212;120;90970;1046;92136;102;3245;502;3849;133;11775;400;12308;10;205;144;359;365;106195;2092;108652;"2025-09-25 11:24:15"
2656;"2021-05-01";213;91;22471;196;22758;64;924;178;1166;100;8929;245;9274;11;60;167;238;266;32384;786;33436;"2025-09-25 11:24:15"
2658;"2021-05-01";215;232;227720;2330;230282;176;7133;620;7929;221;40036;3843;44100;27;480;540;1047;656;275369;7333;283358;"2025-09-25 11:24:15"
2659;"2021-05-01";216;92;13171;167;13430;56;594;124;774;123;6021;137;6281;6;45;29;80;277;19831;457;20565;"2025-09-25 11:24:15"
2660;"2021-05-01";217;117;40780;465;41362;96;1560;197;1853;107;13507;2675;16289;10;129;626;765;330;55976;3963;60269;"2025-09-25 11:24:15"
2661;"2021-05-01";218;97;44164;675;44936;76;1614;252;1942;134;10445;502;11081;11;120;121;252;318;56343;1550;58211;"2025-09-25 11:24:15"
2662;"2021-05-01";219;89;12532;124;12745;61;570;53;684;87;6979;469;7535;6;121;133;260;243;20202;779;21224;"2025-09-25 11:24:15"
2663;"2021-05-01";220;158;139452;997;140607;103;4634;843;5580;138;21742;6684;28564;13;426;1604;2043;412;166254;10128;176794;"2025-09-25 11:24:15"
2664;"2021-05-01";221;60;9647;69;9776;51;429;52;532;84;4474;492;5050;6;32;96;134;201;14582;709;15492;"2025-09-25 11:24:15"
2665;"2021-05-01";222;208;134843;2559;137610;175;3830;1048;5053;236;26398;2270;28904;16;314;401;731;635;165385;6278;172298;"2025-09-25 11:24:15"
2666;"2021-05-01";223;71;24184;190;24445;67;1157;100;1324;87;10058;370;10515;8;105;62;175;233;35504;722;36459;"2025-09-25 11:24:15"
2667;"2021-05-01";224;118;83380;1317;84815;62;2192;512;2766;133;10676;920;11729;9;79;142;230;322;96327;2891;99540;"2025-09-25 11:24:15"
2668;"2021-05-01";225;79;82054;2374;84507;34;2181;455;2670;61;11077;1565;12703;2;127;228;357;176;95439;4622;100237;"2025-09-25 11:24:15"
2669;"2021-05-01";226;42;108468;1812;110322;16;2081;582;2679;78;8571;670;9319;1;117;154;272;137;119237;3218;122592;"2025-09-25 11:24:15"
2670;"2021-05-01";227;370;120778;47123;168271;375;3167;779;4321;182;18393;1516;20091;18;221;352;591;945;142559;49770;193274;"2025-09-25 11:24:15"
2671;"2021-05-01";228;87;81734;729;82550;35;2217;175;2427;84;7592;705;8381;7;182;194;383;213;91725;1803;93741;"2025-09-25 11:24:15"
2672;"2021-05-01";229;104;41504;775;42383;84;1939;243;2266;125;8778;313;9216;7;96;74;177;320;52317;1405;54042;"2025-09-25 11:24:15"
2673;"2021-05-01";230;58;15745;107;15910;59;608;39;706;97;7643;175;7915;5;45;77;127;219;24041;398;24658;"2025-09-25 11:24:15"
2674;"2021-05-01";231;69;29066;20053;49188;53;1181;356;1590;65;9890;524;10479;6;198;216;420;193;40335;21149;61677;"2025-09-25 11:24:15"
2675;"2021-05-01";232;45;12583;181;12809;53;550;92;695;108;6272;142;6522;6;58;21;85;212;19463;436;20111;"2025-09-25 11:24:15"
2676;"2021-05-01";233;80;14730;106;14916;57;644;67;768;126;7905;388;8419;8;51;55;114;271;23330;616;24217;"2025-09-25 11:24:15"
2678;"2021-05-01";235;265;73190;1172;74627;151;3219;152;3522;345;27158;544;28047;40;206;123;369;801;103773;1991;106565;"2025-09-25 11:24:15"
2679;"2021-05-01";236;563;224149;232782;457494;337;7775;6790;14902;687;49477;3145;53309;40;575;517;1132;1627;281976;243234;526837;"2025-09-25 11:24:15"
2681;"2021-06-01";1;151;198734;16170;215055;52;4518;661;5231;175;13372;1574;15121;15;242;146;403;393;216866;18551;235810;"2025-09-25 11:24:22"
2682;"2021-06-01";2;99;127044;5354;132497;43;3799;649;4491;153;12632;2452;15237;5;144;228;377;300;143619;8683;152602;"2025-09-25 11:24:22"
2683;"2021-06-01";3;104;60947;2170;63221;62;2643;721;3426;136;7396;1267;8799;13;80;105;198;315;71066;4263;75644;"2025-09-25 11:24:22"
2684;"2021-06-01";4;105;62906;1248;64259;80;1832;172;2084;119;15160;1966;17245;8;269;471;748;312;80167;3857;84336;"2025-09-25 11:24:22"
2685;"2021-06-01";5;97;99543;3064;102704;49;3736;320;4105;155;9610;2069;11834;11;133;166;310;312;113022;5619;118953;"2025-09-25 11:24:22"
2686;"2021-06-01";6;85;79754;3251;83090;42;2585;405;3032;164;10480;1571;12215;7;61;232;300;298;92880;5459;98637;"2025-09-25 11:24:22"
2687;"2021-06-01";7;99;112778;8602;121479;62;4848;638;5548;131;14265;2675;17071;13;257;158;428;305;132148;12073;144526;"2025-09-25 11:24:22"
2688;"2021-06-01";8;45;68797;3433;72275;21;3246;492;3759;71;10888;2273;13232;5;104;121;230;142;83035;6319;89496;"2025-09-25 11:24:22"
2689;"2021-06-01";9;91;128691;5798;134580;52;4025;873;4950;169;10509;2107;12785;9;140;256;405;321;143365;9034;152720;"2025-09-25 11:24:22"
2690;"2021-06-01";10;84;76584;4627;81295;49;2846;517;3412;130;8519;1981;10630;11;124;160;295;274;88073;7285;95632;"2025-09-25 11:24:22"
2691;"2021-06-01";11;103;79612;2533;82248;52;3149;143;3344;134;10105;2166;12405;10;110;94;214;299;92976;4936;98211;"2025-09-25 11:24:22"
2692;"2021-06-01";12;110;93174;1206;94490;52;2714;138;2904;145;7074;1208;8427;15;90;255;360;322;103052;2807;106181;"2025-09-25 11:24:22"
2693;"2021-06-01";13;99;100401;4377;104877;54;3000;577;3631;160;9630;2103;11893;19;177;147;343;332;113208;7204;120744;"2025-09-25 11:24:22"
2694;"2021-06-01";14;204;74574;3286;78064;115;2439;433;2987;136;6125;1859;8120;10;103;205;318;465;83241;5783;89489;"2025-09-25 11:24:22"
2695;"2021-06-01";15;206;152361;4716;157283;123;3515;766;4404;172;11112;4895;16179;12;224;159;395;513;167212;10536;178261;"2025-09-25 11:24:22"
2696;"2021-06-01";16;120;82545;9868;92533;44;2332;883;3259;161;8715;2076;10952;18;125;117;260;343;93717;12944;107004;"2025-09-25 11:24:22"
2697;"2021-06-01";17;89;103198;2277;105564;46;3440;1135;4621;149;8965;1693;10807;9;123;109;241;293;115726;5214;121233;"2025-09-25 11:24:22"
2698;"2021-06-01";18;127;201374;6397;207898;94;4745;1583;6422;156;25531;4919;30606;13;248;326;587;390;231898;13225;245513;"2025-09-25 11:24:22"
2699;"2021-06-01";19;114;126832;4555;131501;57;3734;775;4566;135;11733;2827;14695;8;194;422;624;314;142493;8579;151386;"2025-09-25 11:24:22"
2700;"2021-06-01";20;132;117113;4026;121271;53;4401;183;4637;174;15129;4269;19572;14;601;624;1239;373;137244;9102;146719;"2025-09-25 11:24:22"
2701;"2021-06-01";21;133;69689;940;70762;55;2119;60;2234;138;5413;1083;6634;9;81;39;129;335;77302;2122;79759;"2025-09-25 11:24:22"
2702;"2021-06-01";22;97;110745;3995;114837;46;3774;753;4573;140;10596;1939;12675;14;118;195;327;297;125233;6882;132412;"2025-09-25 11:24:22"
2703;"2021-06-01";23;1647;38900;798;41345;1670;1719;279;3668;363;3893;934;5190;87;61;59;207;3767;44573;2070;50410;"2025-09-25 11:24:22"
2704;"2021-06-01";63;119;87636;1208;88963;104;2128;298;2530;103;10394;770;11267;10;133;268;411;336;100291;2544;103171;"2025-09-25 11:24:22"
2705;"2021-06-01";25;77;88795;5765;94637;33;3658;553;4244;129;12086;2742;14957;15;142;328;485;254;104681;9388;114323;"2025-09-25 11:24:22"
2706;"2021-06-01";146;830;298929;237028;536787;487;10981;6938;18406;1023;76662;3708;81393;80;832;648;1560;2420;387404;248322;638146;"2025-09-25 11:24:22"
2708;"2021-06-01";28;96;67572;2917;70585;63;2462;562;3087;102;10198;3270;13570;12;116;685;813;273;80348;7434;88055;"2025-09-25 11:24:22"
2709;"2021-06-01";29;75;67143;928;68146;59;2320;502;2881;118;10614;999;11731;9;159;199;367;261;80236;2628;83125;"2025-09-25 11:24:22"
2710;"2021-06-01";77;287;134308;3274;137869;191;2989;484;3664;223;16288;3063;19574;18;259;575;852;719;153844;7396;161959;"2025-09-25 11:24:22"
2711;"2021-06-01";57;66;55770;643;56479;42;1412;138;1592;76;4440;244;4760;5;96;44;145;189;61718;1069;62976;"2025-09-25 11:24:22"
2712;"2021-06-01";32;75;80131;1643;81849;30;2262;643;2935;66;10303;1392;11761;1;134;235;370;172;92830;3913;96915;"2025-09-25 11:24:22"
2713;"2021-06-01";33;126;107366;17613;125105;66;3200;470;3736;168;13401;2160;15729;10;144;495;649;370;124111;20738;145219;"2025-09-25 11:24:22"
2714;"2021-06-01";79;82;102357;1683;104122;41;2401;236;2678;90;10245;1425;11760;8;149;339;496;221;115152;3683;119056;"2025-09-25 11:24:22"
2715;"2021-06-01";35;91;65730;2882;68703;71;2510;306;2887;113;14737;2346;17196;10;179;330;519;285;83156;5864;89305;"2025-09-25 11:24:22"
2716;"2021-06-01";36;95;90348;4022;94465;51;3071;339;3461;109;13210;1866;15185;9;147;275;431;264;106776;6502;113542;"2025-09-25 11:24:22"
2717;"2021-06-01";60;271;181639;5072;186982;292;4901;292;5485;205;18861;2037;21103;32;304;446;782;800;205705;7847;214352;"2025-09-25 11:24:22"
2718;"2021-06-01";38;48;59536;33288;92872;25;1633;807;2465;79;5953;1163;7195;9;102;372;483;161;67224;35630;103015;"2025-09-25 11:24:22"
2719;"2021-06-01";39;281;80266;8583;89130;465;1912;571;2948;185;8189;2054;10428;27;134;693;854;958;90501;11901;103360;"2025-09-25 11:24:22"
2720;"2021-06-01";40;81;25787;1308;27176;51;1109;293;1453;84;4176;327;4587;10;42;51;103;226;31114;1979;33319;"2025-09-25 11:24:22"
2722;"2021-06-01";42;124;148745;10950;159819;63;3719;292;4074;125;13344;2011;15480;9;190;513;712;321;165998;13766;180085;"2025-09-25 11:24:22"
2725;"2021-06-01";46;194;235457;7400;243051;111;5523;776;6410;183;30000;5297;35480;9;338;571;918;497;271318;14044;285859;"2025-09-25 11:24:22"
2726;"2021-06-01";47;107;112098;1747;113952;113;3178;519;3810;274;19224;2539;22037;53;249;272;574;547;134749;5077;140373;"2025-09-25 11:24:22"
2730;"2021-06-01";51;177;194878;3104;198159;199;3472;672;4343;217;16762;1252;18231;12;258;166;436;605;215370;5194;221169;"2025-09-25 11:24:22"
2733;"2021-06-01";54;122;24827;23972;48921;60;1222;1737;3019;164;9312;728;10204;9;84;86;179;355;35445;26523;62323;"2025-09-25 11:24:22"
2734;"2021-06-01";55;108;94826;183729;278663;62;3792;3189;7043;113;21772;2544;24429;13;413;288;714;296;120803;189750;310849;"2025-09-25 11:24:22"
2735;"2021-06-01";56;319;219954;44738;265011;348;6278;1577;8203;172;29811;3237;33220;20;343;541;904;859;256386;50093;307338;"2025-09-25 11:24:22"
2737;"2021-06-01";58;183;142172;4104;146459;97;4914;147;5158;133;17230;4424;21787;16;319;957;1292;429;164635;9632;174696;"2025-09-25 11:24:22"
2738;"2021-06-01";59;136;188788;21776;210700;85;5643;1007;6735;107;23880;2752;26739;9;303;301;613;337;218614;25836;244787;"2025-09-25 11:24:22"
2740;"2021-06-01";61;163;181791;4683;186637;93;3584;785;4462;153;12168;2591;14912;10;239;412;661;419;197782;8471;206672;"2025-09-25 11:24:22"
2741;"2021-06-01";62;60;7945;86;8091;41;536;60;637;108;3633;54;3795;3;31;15;49;212;12145;215;12572;"2025-09-25 11:24:22"
2744;"2021-06-01";65;170;164624;3704;168498;136;4871;389;5396;186;26026;7594;33806;24;427;866;1317;516;195948;12553;209017;"2025-09-25 11:24:22"
2750;"2021-06-01";71;74;69081;1917;71072;43;2561;558;3162;106;13647;3845;17598;11;197;437;645;234;85486;6757;92477;"2025-09-25 11:24:22"
2753;"2021-06-01";74;123;158784;2163;161070;95;3615;317;4027;136;14418;2251;16805;14;364;298;676;368;177181;5029;182578;"2025-09-25 11:24:22"
2759;"2021-06-01";80;152;101423;1143;102718;80;2871;767;3718;147;19296;4006;23449;3;251;955;1209;382;123841;6871;131094;"2025-09-25 11:24:22"
2762;"2021-06-01";83;321;157244;734;158299;182;3679;459;4320;247;14746;1653;16646;48;367;169;584;798;176036;3015;179849;"2025-09-25 11:24:22"
2764;"2021-06-01";85;125;23421;193;23739;81;1287;178;1546;154;6386;184;6724;11;99;40;150;371;31193;595;32159;"2025-09-25 11:24:22"
2765;"2021-06-01";86;288;157650;1165;159103;171;4795;346;5312;196;19243;2212;21651;21;258;202;481;676;181946;3925;186547;"2025-09-25 11:24:22"
2766;"2021-06-01";87;104;109455;2609;112168;78;2916;863;3857;84;12675;1953;14712;10;225;187;422;276;125271;5612;131159;"2025-09-25 11:24:22"
2767;"2021-06-01";88;65;104160;2510;106735;28;2537;516;3081;32;9516;1329;10877;1;134;121;256;126;116347;4476;120949;"2025-09-25 11:24:22"
2768;"2021-06-01";89;464;23227;312;24003;118;579;21;718;114;1780;260;2154;19;29;12;60;715;25615;605;26935;"2025-09-25 11:24:22"
2769;"2021-06-01";90;121;86543;1691;88355;77;2928;482;3487;102;10660;2110;12872;9;129;143;281;309;100260;4426;104995;"2025-09-25 11:24:22"
2770;"2021-06-01";91;159;157892;773;158824;92;5607;2790;8489;115;29522;4425;34062;12;401;390;803;378;193422;8378;202178;"2025-09-25 11:24:22"
2771;"2021-06-01";92;79;59589;1121;60789;77;1901;299;2277;92;8743;1169;10004;12;125;135;272;260;70358;2724;73342;"2025-09-25 11:24:22"
2772;"2021-06-01";93;125;86051;785;86961;73;2550;159;2782;96;9423;3889;13408;9;145;295;449;303;98169;5128;103600;"2025-09-25 11:24:22"
2773;"2021-06-01";94;225;191085;1938;193248;118;5953;1594;7665;180;29162;3685;33027;8;446;723;1177;531;226646;7940;235117;"2025-09-25 11:24:22"
2774;"2021-06-01";95;323;250233;1933;252489;184;8661;1083;9928;214;42156;5061;47431;15;643;453;1111;736;301693;8530;310959;"2025-09-25 11:24:22"
2775;"2021-06-01";96;75;31093;744;31912;42;1473;65;1580;79;5364;588;6031;13;78;40;131;209;38008;1437;39654;"2025-09-25 11:24:22"
2776;"2021-06-01";97;269;249088;5345;254702;203;9350;1167;10720;206;35160;5407;40773;27;396;543;966;705;293994;12462;307161;"2025-09-25 11:24:22"
2777;"2021-06-01";101;174;173356;3508;177038;70;2941;1327;4338;113;8094;1944;10151;13;202;189;404;370;184593;6968;191931;"2025-09-25 11:24:22"
2778;"2021-06-01";102;177;66427;1028;67632;76;2430;221;2727;87;7831;1113;9031;16;127;139;282;356;76815;2501;79672;"2025-09-25 11:24:22"
2779;"2021-06-01";103;197;59748;2091;62036;52;2667;258;2977;93;9464;1615;11172;3;116;198;317;345;71995;4162;76502;"2025-09-25 11:24:22"
2780;"2021-06-01";104;129;164496;4210;168835;191;5787;1432;7410;149;18946;2746;21841;23;326;540;889;492;189555;8928;198975;"2025-09-25 11:24:22"
2781;"2021-06-01";105;100;137527;1488;139115;64;2621;85;2770;61;7044;1463;8568;1;184;126;311;226;147376;3162;150764;"2025-09-25 11:24:22"
2782;"2021-06-01";106;188;89143;1059;90390;164;3173;706;4043;110;8481;1917;10508;14;125;109;248;476;100922;3791;105189;"2025-09-25 11:24:22"
2783;"2021-06-01";107;268;63446;1172;64886;93;2670;125;2888;117;6688;1537;8342;22;119;103;244;500;72923;2937;76360;"2025-09-25 11:24:22"
2784;"2021-06-01";108;177;206397;1762;208336;108;7176;460;7744;158;36281;5480;41919;20;413;356;789;463;250267;8058;258788;"2025-09-25 11:24:22"
2785;"2021-06-01";109;172;127680;2924;130776;157;5731;1274;7162;212;21837;3651;25700;14;238;323;575;555;155486;8172;164213;"2025-09-25 11:24:22"
2786;"2021-06-01";110;82;120125;1637;121844;42;4634;639;5315;48;18987;2385;21420;3;286;351;640;175;144032;5012;149219;"2025-09-25 11:24:22"
2787;"2021-06-01";111;149;82944;735;83828;92;3421;475;3988;139;18239;3418;21796;10;798;262;1070;390;105402;4890;110682;"2025-09-25 11:24:22"
2788;"2021-06-01";112;141;105292;2295;107728;119;2614;703;3436;126;9388;3379;12893;13;180;140;333;399;117474;6517;124390;"2025-09-25 11:24:22"
2789;"2021-06-01";113;86;71639;1266;72991;29;2688;900;3617;40;9418;1594;11052;0;104;126;230;155;83849;3886;87890;"2025-09-25 11:24:22"
2790;"2021-06-01";114;144;88465;605;89214;83;3926;487;4496;140;17426;1998;19564;11;296;178;485;378;110113;3268;113759;"2025-09-25 11:24:22"
2791;"2021-06-01";115;225;47322;292;47839;101;1861;707;2669;233;11525;741;12499;12;163;87;262;571;60871;1827;63269;"2025-09-25 11:24:22"
2792;"2021-06-01";116;172;47589;516;48277;76;2179;742;2997;202;13555;5640;19397;9;217;392;618;459;63540;7290;71289;"2025-09-25 11:24:22"
2793;"2021-06-01";117;77;16771;136;16984;74;824;119;1017;149;6175;4456;10780;5;109;513;627;305;23879;5224;29408;"2025-09-25 11:24:22"
2794;"2021-06-01";118;72;94056;1157;95285;57;3193;510;3760;71;10216;1731;12018;8;182;132;322;208;107647;3530;111385;"2025-09-25 11:24:22"
2795;"2021-06-01";119;44;172239;2411;174694;34;4168;705;4907;41;11688;3267;14996;7;293;187;487;126;188388;6570;195084;"2025-09-25 11:24:22"
2796;"2021-06-01";120;18;138757;1087;139862;7;2155;204;2366;23;5018;1262;6303;1;129;32;162;49;146059;2585;148693;"2025-09-25 11:24:22"
2797;"2021-06-01";121;333;107635;1489;109457;177;4325;1238;5740;236;20479;4485;25200;16;438;450;904;762;132877;7662;141301;"2025-09-25 11:24:22"
2798;"2021-06-01";122;104;56974;452;57530;93;1554;143;1790;89;6039;1985;8113;10;89;325;424;296;64656;2905;67857;"2025-09-25 11:24:22"
2799;"2021-06-01";123;240;140554;2012;142806;256;5290;453;5999;208;17746;2574;20528;28;308;257;593;732;163898;5296;169926;"2025-09-25 11:24:22"
2800;"2021-06-01";124;192;92544;878;93614;82;3658;584;4324;124;17676;3995;21795;14;290;482;786;412;114168;5939;120519;"2025-09-25 11:24:22"
2801;"2021-06-01";125;231;183141;2150;185522;98;6049;2534;8681;180;28602;5211;33993;21;369;264;654;530;218161;10159;228850;"2025-09-25 11:24:22"
2802;"2021-06-01";126;314;246506;3300;250120;170;8398;1702;10270;235;33526;6568;40329;22;523;899;1444;741;288953;12469;302163;"2025-09-25 11:24:22"
2803;"2021-06-01";127;164;63098;5183;68445;74;3251;762;4087;141;20020;2647;22808;13;233;387;633;392;86602;8979;95973;"2025-09-25 11:24:22"
2804;"2021-06-01";128;177;108755;589;109521;80;2909;344;3333;130;15300;1928;17358;10;206;146;362;397;127170;3007;130574;"2025-09-25 11:24:22"
2805;"2021-06-01";129;371;384713;2706;387790;205;11190;2659;14054;300;57740;6566;64606;50;1009;510;1569;926;454652;12441;468019;"2025-09-25 11:24:22"
2807;"2021-06-01";238;145;87995;2355;90495;131;2954;535;3620;237;17484;1370;19091;25;266;356;647;538;108699;4616;113853;"2025-09-25 11:24:22"
2808;"2021-06-01";214;66;18482;227;18775;60;833;76;969;95;7072;210;7377;7;72;73;152;228;26459;586;27273;"2025-09-25 11:24:22"
2809;"2021-06-01";240;105;37194;671;37970;73;1421;159;1653;118;6806;430;7354;10;112;197;319;306;45533;1457;47296;"2025-09-25 11:24:22"
2810;"2021-06-01";241;111;24671;444;25226;99;923;112;1134;178;6558;172;6908;5;77;33;115;393;32229;761;33383;"2025-09-25 11:24:22"
2811;"2021-06-01";242;105;31577;896;32578;86;1262;138;1486;102;5473;269;5844;6;103;87;196;299;38415;1390;40104;"2025-09-25 11:24:22"
2812;"2021-06-01";243;51;8379;59;8489;49;352;30;431;92;3256;39;3387;5;36;11;52;197;12023;139;12359;"2025-09-25 11:24:22"
2813;"2021-06-01";244;44;11521;167;11732;34;450;29;513;107;4015;74;4196;6;53;21;80;191;16039;291;16521;"2025-09-25 11:24:22"
2814;"2021-06-01";245;124;14279;125;14528;79;739;58;876;119;6080;131;6330;6;70;46;122;328;21168;360;21856;"2025-09-25 11:24:22"
2815;"2021-06-01";246;206;145203;2672;148081;151;4952;556;5659;213;25579;2061;27853;19;370;322;711;589;176104;5611;182304;"2025-09-25 11:24:22"
2816;"2021-06-01";247;52;13235;116;13403;48;549;58;655;113;4809;79;5001;5;64;25;94;218;18657;278;19153;"2025-09-25 11:24:22"
2817;"2021-06-01";248;103;13848;212;14163;83;653;71;807;135;6106;164;6405;14;62;28;104;335;20669;475;21479;"2025-09-25 11:24:22"
2818;"2021-06-01";249;51;16464;134;16649;57;825;37;919;124;6815;129;7068;9;57;18;84;241;24161;318;24720;"2025-09-25 11:24:22"
2819;"2021-06-01";250;279;111933;2458;114670;266;3537;630;4433;263;17797;2699;20759;16;328;382;726;824;133595;6169;140588;"2025-09-25 11:24:22"
2820;"2021-06-01";251;59;15814;420;16293;55;709;160;924;103;3323;133;3559;7;80;41;128;224;19926;754;20904;"2025-09-25 11:24:22"
2821;"2021-06-01";252;92;16452;265;16809;78;825;60;963;109;8333;129;8571;11;53;33;97;290;25663;487;26440;"2025-09-25 11:24:22"
2822;"2021-06-01";253;122;26309;211;26642;105;1420;297;1822;178;11258;437;11873;20;98;79;197;425;39085;1024;40534;"2025-09-25 11:24:22"
2823;"2021-06-01";254;55;9477;69;9601;63;354;53;470;102;3187;44;3333;10;40;19;69;230;13058;185;13473;"2025-09-25 11:24:22"
2824;"2021-06-01";255;74;17829;380;18283;62;944;61;1067;113;8072;234;8419;9;64;53;126;258;26909;728;27895;"2025-09-25 11:24:22"
2826;"2021-06-01";131;68;14395;80;14543;53;805;46;904;80;7597;256;7933;8;50;30;88;209;22847;412;23468;"2025-09-25 11:24:22"
2827;"2021-06-01";132;65;10296;108;10469;46;503;67;616;108;4771;378;5257;4;42;229;275;223;15612;782;16617;"2025-09-25 11:24:22"
2828;"2021-06-01";133;67;11347;151;11565;55;647;89;791;97;6061;715;6873;12;54;71;137;231;18109;1026;19366;"2025-09-25 11:24:22"
2829;"2021-06-01";134;73;16224;133;16430;51;764;95;910;114;7851;145;8110;8;62;28;98;246;24901;401;25548;"2025-09-25 11:24:22"
2830;"2021-06-01";135;71;18778;372;19221;51;894;93;1038;79;7525;607;8211;6;61;77;144;207;27258;1149;28614;"2025-09-25 11:24:22"
2831;"2021-06-01";136;72;42930;267;43269;62;2253;217;2532;92;13073;1305;14470;9;140;148;297;235;58396;1937;60568;"2025-09-25 11:24:22"
2832;"2021-06-01";137;105;51810;745;52660;77;1954;174;2205;154;13212;1670;15036;6;205;844;1055;342;67181;3433;70956;"2025-09-25 11:24:22"
2833;"2021-06-01";138;34;15498;131;15663;22;615;32;669;30;3098;535;3663;4;57;44;105;90;19268;742;20100;"2025-09-25 11:24:22"
2834;"2021-06-01";139;68;39875;237;40180;61;1611;86;1758;79;8810;897;9786;6;106;87;199;214;50402;1307;51923;"2025-09-25 11:24:22"
2835;"2021-06-01";140;1;8;0;9;0;3;0;3;0;8;0;8;0;0;0;0;1;19;0;20;"2025-09-25 11:24:22"
2836;"2021-06-01";141;211;78286;1070;79567;117;2463;385;2965;175;11575;949;12699;15;187;239;441;518;92511;2643;95672;"2025-09-25 11:24:22"
2837;"2021-06-01";142;66;84236;1540;85842;105;2332;864;3301;63;10853;1712;12628;4;224;214;442;238;97645;4330;102213;"2025-09-25 11:24:22"
2838;"2021-06-01";143;128;86500;1588;88216;95;2766;452;3313;116;13316;1820;15252;4;242;190;436;343;102824;4050;107217;"2025-09-25 11:24:22"
2839;"2021-06-01";144;130;111774;4736;116640;85;3321;711;4117;129;14954;2019;17102;13;300;298;611;357;130349;7764;138470;"2025-09-25 11:24:22"
2840;"2021-06-01";145;190;87178;4780;92148;144;3198;422;3764;243;19334;1657;21234;21;308;283;612;598;110018;7142;117758;"2025-09-25 11:24:22"
2842;"2021-06-01";147;58;19826;62;19946;29;675;107;811;58;1854;338;2250;8;45;25;78;153;22400;532;23085;"2025-09-25 11:24:22"
2843;"2021-06-01";148;222;39753;1427;41402;120;1780;353;2253;211;12290;638;13139;23;137;107;267;576;53960;2525;57061;"2025-09-25 11:24:22"
2844;"2021-06-01";149;63;19049;1208;20320;38;1090;284;1412;86;8254;567;8907;7;66;55;128;194;28459;2114;30767;"2025-09-25 11:24:22"
2845;"2021-06-01";150;133;43364;881;44378;85;2253;381;2719;161;14999;1074;16234;26;125;80;231;405;60741;2416;63562;"2025-09-25 11:24:22"
2846;"2021-06-01";151;141;75305;612;76058;76;2642;334;3052;164;17641;2255;20060;13;290;799;1102;394;95878;4000;100272;"2025-09-25 11:24:22"
2847;"2021-06-01";152;120;38343;469;38932;75;1547;170;1792;181;12326;548;13055;28;114;157;299;404;52330;1344;54078;"2025-09-25 11:24:22"
2848;"2021-06-01";153;97;22002;454;22553;59;1197;339;1595;131;10907;375;11413;10;75;52;137;297;34181;1220;35698;"2025-09-25 11:24:22"
2849;"2021-06-01";154;153;74754;864;75771;83;2763;503;3349;157;17872;1720;19749;18;235;390;643;411;95624;3477;99512;"2025-09-25 11:24:22"
2850;"2021-06-01";155;79;18757;154;18990;38;800;115;953;109;7423;512;8044;9;67;78;154;235;27047;859;28141;"2025-09-25 11:24:22"
2851;"2021-06-01";156;176;142789;2515;145480;137;5195;583;5915;174;22225;3251;25650;40;401;349;790;527;170610;6698;177835;"2025-09-25 11:24:22"
2852;"2021-06-01";157;120;30429;309;30858;104;1463;316;1883;172;11126;651;11949;13;121;106;240;409;43139;1382;44930;"2025-09-25 11:24:22"
2853;"2021-06-01";158;98;108424;1586;110108;70;4250;603;4923;102;18233;2465;20800;10;297;359;666;280;131204;5013;136497;"2025-09-25 11:24:22"
2854;"2021-06-01";159;156;171655;2286;174097;132;5125;874;6131;219;19909;2118;22246;20;366;236;622;527;197055;5514;203096;"2025-09-25 11:24:22"
2855;"2021-06-01";160;72;10539;72;10683;51;525;66;642;120;5686;614;6420;11;58;79;148;254;16808;831;17893;"2025-09-25 11:24:22"
2856;"2021-06-01";161;81;23051;199;23331;43;1097;90;1230;171;9958;245;10374;18;97;40;155;313;34203;574;35090;"2025-09-25 11:24:22"
2857;"2021-06-01";162;163;39392;313;39868;90;1553;225;1868;143;11957;755;12855;23;150;133;306;419;53052;1426;54897;"2025-09-25 11:24:22"
2859;"2021-06-01";257;102;18774;182;19058;60;1338;92;1490;132;10195;268;10595;7;75;40;122;301;30382;582;31265;"2025-09-25 11:24:22"
2860;"2021-06-01";258;201;108659;2173;111033;120;3529;533;4182;204;18442;3023;21669;19;270;652;941;544;130900;6381;137825;"2025-09-25 11:24:22"
2861;"2021-06-01";259;106;30660;638;31404;65;1544;164;1773;104;12927;1027;14058;7;192;107;306;282;45323;1936;47541;"2025-09-25 11:24:22"
2862;"2021-06-01";260;132;27297;3422;30851;92;1307;262;1661;166;12281;434;12881;17;127;57;201;407;41012;4175;45594;"2025-09-25 11:24:22"
2863;"2021-06-01";261;64;8178;56;8298;38;464;58;560;86;4157;246;4489;4;32;35;71;192;12831;395;13418;"2025-09-25 11:24:22"
2864;"2021-06-01";262;80;18045;192;18317;61;912;135;1108;110;8367;250;8727;11;73;40;124;262;27397;617;28276;"2025-09-25 11:24:22"
2865;"2021-06-01";263;63;9248;58;9369;60;429;19;508;100;4890;57;5047;7;37;13;57;230;14604;147;14981;"2025-09-25 11:24:22"
2866;"2021-06-01";264;99;38128;311;38538;107;1668;495;2270;182;11594;2199;13975;23;126;168;317;411;51516;3173;55100;"2025-09-25 11:24:22"
2867;"2021-06-01";265;164;107797;2018;109979;127;4504;495;5126;207;23655;3051;26913;13;261;381;655;511;136217;5945;142673;"2025-09-25 11:24:22"
2868;"2021-06-01";266;63;9063;62;9188;47;450;69;566;102;4677;268;5047;3;41;27;71;215;14231;426;14872;"2025-09-25 11:24:22"
2869;"2021-06-01";267;66;7463;32;7561;44;375;18;437;118;4286;112;4516;7;38;17;62;235;12162;179;12576;"2025-09-25 11:24:22"
2870;"2021-06-01";268;149;149285;3355;152789;101;4009;919;5029;120;18581;2322;21023;9;369;362;740;379;172244;6958;179581;"2025-09-25 11:24:22"
2871;"2021-06-01";269;275;131914;2001;134190;231;3686;576;4493;199;16076;1350;17625;23;195;239;457;728;151871;4166;156765;"2025-09-25 11:24:22"
2872;"2021-06-01";270;115;38168;2516;40799;98;1760;199;2057;134;14511;833;15478;7;184;111;302;354;54623;3659;58636;"2025-09-25 11:24:22"
2873;"2021-06-01";271;94;8805;42;8941;52;447;88;587;104;4807;89;5000;9;48;9;66;259;14107;228;14594;"2025-09-25 11:24:22"
2875;"2021-06-01";164;65;11604;167;11836;56;596;123;775;93;6334;760;7187;9;63;44;116;223;18597;1094;19914;"2025-09-25 11:24:22"
2876;"2021-06-01";165;87;19109;184;19380;75;1133;133;1341;135;11921;272;12328;6;66;31;103;303;32229;620;33152;"2025-09-25 11:24:22"
2877;"2021-06-01";166;61;9564;166;9791;35;447;69;551;64;4788;407;5259;0;40;63;103;160;14839;705;15704;"2025-09-25 11:24:22"
2878;"2021-06-01";167;82;67363;594;68039;65;2350;272;2687;86;13260;3451;16797;14;376;1625;2015;247;83349;5942;89538;"2025-09-25 11:24:22"
2879;"2021-06-01";168;48;8730;431;9209;32;461;61;554;58;3951;214;4223;1;42;20;63;139;13184;726;14049;"2025-09-25 11:24:22"
2880;"2021-06-01";169;140;48064;927;49131;117;2034;366;2517;189;14895;1616;16700;16;236;272;524;462;65229;3181;68872;"2025-09-25 11:24:22"
2881;"2021-06-01";170;88;18575;240;18903;45;854;253;1152;80;7725;927;8732;11;101;158;270;224;27255;1578;29057;"2025-09-25 11:24:22"
2882;"2021-06-01";171;142;78443;2361;80946;119;3085;429;3633;152;13063;2337;15552;8;229;364;601;421;94820;5491;100732;"2025-09-25 11:24:22"
2883;"2021-06-01";172;197;35254;147;35598;200;1586;50;1836;154;11029;784;11967;13;127;92;232;564;47996;1073;49633;"2025-09-25 11:24:22"
2884;"2021-06-01";173;69;13200;15686;28955;48;792;441;1281;96;7617;357;8070;4;59;46;109;217;21668;16530;38415;"2025-09-25 11:24:22"
2885;"2021-06-01";174;165;114989;1749;116903;134;3508;668;4310;179;22007;1912;24098;13;292;879;1184;491;140796;5208;146495;"2025-09-25 11:24:22"
2886;"2021-06-01";175;93;12010;64499;76602;55;665;1531;2251;169;8600;449;9218;1;145;32;178;318;21420;66511;88249;"2025-09-25 11:24:22"
2887;"2021-06-01";176;186;106896;2306;109388;141;3672;696;4509;184;20973;3415;24572;16;300;805;1121;527;131841;7222;139590;"2025-09-25 11:24:22"
2888;"2021-06-01";177;70;19074;146;19290;40;846;91;977;94;7788;479;8361;6;75;40;121;210;27783;756;28749;"2025-09-25 11:24:22"
2889;"2021-06-01";178;88;21679;2693;24460;56;1237;157;1450;110;10344;708;11162;8;155;121;284;262;33415;3679;37356;"2025-09-25 11:24:22"
2890;"2021-06-01";179;108;15254;217;15579;56;779;110;945;104;9335;193;9632;12;85;20;117;280;25453;540;26273;"2025-09-25 11:24:22"
2891;"2021-06-01";180;77;17989;269;18335;38;804;77;919;79;7710;786;8575;3;94;90;187;197;26597;1222;28016;"2025-09-25 11:24:22"
2892;"2021-06-01";181;82;12539;79;12700;70;607;49;726;97;6830;290;7217;7;50;25;82;256;20026;443;20725;"2025-09-25 11:24:22"
2893;"2021-06-01";182;59;10417;97;10573;42;585;56;683;64;6034;122;6220;1;42;17;60;166;17078;292;17536;"2025-09-25 11:24:22"
2894;"2021-06-01";183;61;11322;31874;43257;49;563;640;1252;82;6187;169;6438;10;58;18;86;202;18130;32701;51033;"2025-09-25 11:24:22"
2895;"2021-06-01";184;111;22979;20411;43501;74;1697;398;2169;127;14680;236;15043;17;87;29;133;329;39443;21074;60846;"2025-09-25 11:24:22"
2896;"2021-06-01";185;87;23597;332;24016;48;1018;1160;2226;86;7877;495;8458;6;97;140;243;227;32589;2127;34943;"2025-09-25 11:24:22"
2898;"2021-06-01";187;114;112799;1004;113917;81;3391;395;3867;125;21888;2683;24696;8;261;399;668;328;138339;4481;143148;"2025-09-25 11:24:22"
2899;"2021-06-01";188;202;111999;1760;113961;147;4061;557;4765;224;25046;1917;27187;12;367;360;739;585;141473;4594;146652;"2025-09-25 11:24:22"
2900;"2021-06-01";189;58;13417;38;13513;34;695;50;779;64;6259;552;6875;11;65;35;111;167;20436;675;21278;"2025-09-25 11:24:22"
2901;"2021-06-01";190;199;182088;2518;184805;112;5801;807;6720;235;25338;3433;29006;13;365;438;816;559;213592;7196;221347;"2025-09-25 11:24:22"
2902;"2021-06-01";44;42;9234;35;9311;40;444;18;502;41;5141;188;5370;1;44;59;104;124;14863;300;15287;"2025-09-25 11:24:22"
2903;"2021-06-01";192;143;55046;616;55805;84;2198;256;2538;153;17122;939;18214;9;145;136;290;389;74511;1947;76847;"2025-09-25 11:24:22"
2904;"2021-06-01";193;87;25768;397;26252;58;1295;126;1479;125;9743;251;10119;8;91;73;172;278;36897;847;38022;"2025-09-25 11:24:22"
2905;"2021-06-01";194;89;10687;61;10837;41;468;37;546;68;6802;87;6957;2;57;15;74;200;18014;200;18414;"2025-09-25 11:24:22"
2906;"2021-06-01";195;116;34656;438;35210;97;1722;240;2059;165;16476;1014;17655;11;137;149;297;389;52991;1841;55221;"2025-09-25 11:24:22"
2907;"2021-06-01";196;63;18904;170;19137;46;852;36;934;82;10814;948;11844;5;101;148;254;196;30671;1302;32169;"2025-09-25 11:24:22"
2908;"2021-06-01";197;208;61218;957;62383;229;2310;289;2828;261;18812;1238;20311;40;193;226;459;738;82533;2710;85981;"2025-09-25 11:24:22"
2909;"2021-06-01";198;79;12316;126;12521;51;662;55;768;115;5948;106;6169;8;40;22;70;253;18966;309;19528;"2025-09-25 11:24:22"
2910;"2021-06-01";199;53;5724;34;5811;32;291;27;350;53;3701;48;3802;1;24;5;30;139;9740;114;9993;"2025-09-25 11:24:22"
2911;"2021-06-01";200;125;39336;505;39966;74;1760;158;1992;140;14463;726;15329;29;174;130;333;368;55733;1519;57620;"2025-09-25 11:24:22"
2912;"2021-06-01";201;117;42177;478;42772;77;1832;253;2162;130;15660;1528;17318;8;171;327;506;332;59840;2586;62758;"2025-09-25 11:24:22"
2913;"2021-06-01";202;93;21139;187;21419;60;783;77;920;98;8096;191;8385;19;84;36;139;270;30102;491;30863;"2025-09-25 11:24:22"
2914;"2021-06-01";203;69;3634;336;4039;18;236;183;437;66;1292;31;1389;6;16;3;25;159;5178;553;5890;"2025-09-25 11:24:22"
2915;"2021-06-01";204;119;19072;141;19332;65;687;81;833;119;6443;103;6665;7;95;29;131;310;26297;354;26961;"2025-09-25 11:24:22"
2916;"2021-06-01";205;73;18246;89;18408;88;906;75;1069;142;11636;845;12623;10;75;105;190;313;30863;1114;32290;"2025-09-25 11:24:22"
2917;"2021-06-01";206;84;16601;142;16827;40;671;46;757;89;7581;507;8177;8;61;82;151;221;24914;777;25912;"2025-09-25 11:24:22"
2918;"2021-06-01";207;61;9414;41;9516;63;456;45;564;72;5759;102;5933;3;51;14;68;199;15680;202;16081;"2025-09-25 11:24:22"
2919;"2021-06-01";208;114;53856;300;54270;67;1994;412;2473;111;12256;1418;13785;9;147;238;394;301;68253;2368;70922;"2025-09-25 11:24:22"
2920;"2021-06-01";209;145;100734;1283;102162;97;3217;765;4079;205;17118;4553;21876;12;283;1782;2077;459;121352;8383;130194;"2025-09-25 11:24:22"
2921;"2021-06-01";210;137;119109;2208;121454;83;3342;358;3783;95;17525;922;18542;17;251;280;548;332;140227;3768;144327;"2025-09-25 11:24:22"
2923;"2021-06-01";212;120;91029;1055;92204;97;3217;500;3814;133;11771;406;12310;11;207;144;362;361;106224;2105;108690;"2025-09-25 11:24:22"
2924;"2021-06-01";213;94;22497;199;22790;64;927;176;1167;102;8927;246;9275;11;59;167;237;271;32410;788;33469;"2025-09-25 11:24:22"
2926;"2021-06-01";215;234;228142;2319;230695;175;7098;615;7888;221;40063;3862;44146;27;489;551;1067;657;275792;7347;283796;"2025-09-25 11:24:22"
2927;"2021-06-01";216;93;13232;168;13493;56;594;124;774;123;6034;137;6294;6;47;29;82;278;19907;458;20643;"2025-09-25 11:24:22"
2928;"2021-06-01";217;117;40884;468;41469;96;1549;195;1840;107;13499;2666;16272;10;127;631;768;330;56059;3960;60349;"2025-09-25 11:24:22"
2929;"2021-06-01";218;99;44262;662;45023;74;1619;253;1946;134;10464;501;11099;11;124;118;253;318;56469;1534;58321;"2025-09-25 11:24:22"
2930;"2021-06-01";219;88;12541;128;12757;61;567;53;681;87;6994;466;7547;6;124;135;265;242;20226;782;21250;"2025-09-25 11:24:22"
2931;"2021-06-01";220;161;139807;1061;141029;102;4636;837;5575;138;21800;6692;28630;14;433;1595;2042;415;166676;10185;177276;"2025-09-25 11:24:22"
2932;"2021-06-01";221;60;9629;67;9756;51;428;51;530;86;4482;492;5060;6;33;95;134;203;14572;705;15480;"2025-09-25 11:24:22"
2933;"2021-06-01";222;209;135211;2559;137979;175;3818;1042;5035;239;26482;2281;29002;19;322;404;745;642;165833;6286;172761;"2025-09-25 11:24:22"
2934;"2021-06-01";223;72;24223;189;24484;71;1148;101;1320;88;10072;371;10531;8;107;63;178;239;35550;724;36513;"2025-09-25 11:24:22"
2935;"2021-06-01";224;122;83495;1304;84921;62;2176;513;2751;136;10713;927;11776;9;85;143;237;329;96469;2887;99685;"2025-09-25 11:24:22"
2936;"2021-06-01";225;81;82382;2482;84945;34;2178;451;2663;61;11039;1580;12680;2;128;229;359;178;95727;4742;100647;"2025-09-25 11:24:22"
2937;"2021-06-01";226;41;109055;1878;110974;16;2061;580;2657;78;8608;668;9354;1;120;155;276;136;119844;3281;123261;"2025-09-25 11:24:22"
2938;"2021-06-01";227;372;121134;47158;168664;368;3141;778;4287;181;18448;1521;20150;18;225;353;596;939;142948;49810;193697;"2025-09-25 11:24:22"
2939;"2021-06-01";228;87;82131;730;82948;36;2219;174;2429;84;7620;716;8420;7;191;195;393;214;92161;1815;94190;"2025-09-25 11:24:22"
2940;"2021-06-01";229;103;41561;770;42434;84;1926;245;2255;124;8782;311;9217;7;102;74;183;318;52371;1400;54089;"2025-09-25 11:24:22"
2941;"2021-06-01";230;59;15758;105;15922;59;602;39;700;97;7631;168;7896;5;43;77;125;220;24034;389;24643;"2025-09-25 11:24:22"
2942;"2021-06-01";231;70;29086;20166;49322;56;1177;356;1589;66;9900;523;10489;6;200;215;421;198;40363;21260;61821;"2025-09-25 11:24:22"
2943;"2021-06-01";232;45;12636;180;12861;53;544;92;689;109;6261;147;6517;6;62;21;89;213;19503;440;20156;"2025-09-25 11:24:22"
2944;"2021-06-01";233;81;14776;107;14964;57;644;68;769;129;7903;386;8418;8;52;54;114;275;23375;615;24265;"2025-09-25 11:24:22"
2946;"2021-06-01";235;265;73381;1167;74813;151;3193;151;3495;341;27088;546;27975;39;211;123;373;796;103873;1987;106656;"2025-09-25 11:24:22"
2947;"2021-06-01";236;565;225548;235861;461974;336;7788;6787;14911;682;49574;3162;53418;41;621;525;1187;1624;283531;246335;531490;"2025-09-25 11:24:22"
2949;"2021-07-01";1;152;198537;16355;215044;52;4476;646;5174;175;13398;1583;15156;15;250;146;411;394;216661;18730;235785;"2025-09-25 11:24:29"
2950;"2021-07-01";2;99;127139;5319;132557;42;3801;670;4513;153;12674;2470;15297;5;143;229;377;299;143757;8688;152744;"2025-09-25 11:24:29"
2951;"2021-07-01";3;107;60944;2159;63210;63;2608;721;3392;136;7374;1268;8778;13;84;104;201;319;71010;4252;75581;"2025-09-25 11:24:29"
2952;"2021-07-01";4;109;63271;1223;64603;80;1842;171;2093;119;15190;1969;17278;8;272;470;750;316;80575;3833;84724;"2025-09-25 11:24:29"
2953;"2021-07-01";5;97;99649;3011;102757;49;3720;318;4087;154;9612;2075;11841;11;131;170;312;311;113112;5574;118997;"2025-09-25 11:24:29"
2954;"2021-07-01";6;87;79767;3255;83109;42;2571;402;3015;164;10432;1565;12161;7;65;230;302;300;92835;5452;98587;"2025-09-25 11:24:29"
2955;"2021-07-01";7;100;112798;8444;121342;62;4834;638;5534;130;14239;2684;17053;13;262;157;432;305;132133;11923;144361;"2025-09-25 11:24:29"
2956;"2021-07-01";8;45;69172;3383;72600;21;3232;493;3746;71;10865;2294;13230;5;111;119;235;142;83380;6289;89811;"2025-09-25 11:24:29"
2957;"2021-07-01";9;91;128785;5730;134606;52;4004;871;4927;168;10496;2117;12781;9;143;260;412;320;143428;8978;152726;"2025-09-25 11:24:29"
2958;"2021-07-01";10;86;76668;4571;81325;50;2855;537;3442;131;8510;1975;10616;11;122;160;293;278;88155;7243;95676;"2025-09-25 11:24:29"
2959;"2021-07-01";11;103;79789;2518;82410;52;3142;144;3338;135;10086;2176;12397;10;108;96;214;300;93125;4934;98359;"2025-09-25 11:24:29"
2960;"2021-07-01";12;111;93293;1209;94613;52;2700;139;2891;144;7053;1213;8410;15;94;254;363;322;103140;2815;106277;"2025-09-25 11:24:29"
2961;"2021-07-01";13;101;100520;4416;105037;54;2987;587;3628;161;9632;2093;11886;19;178;152;349;335;113317;7248;120900;"2025-09-25 11:24:29"
2962;"2021-07-01";14;206;74637;3285;78128;115;2432;428;2975;136;6102;1871;8109;10;109;207;326;467;83280;5791;89538;"2025-09-25 11:24:29"
2963;"2021-07-01";15;208;152466;4748;157422;123;3485;768;4376;174;11093;4894;16161;12;222;159;393;517;167266;10569;178352;"2025-09-25 11:24:29"
2964;"2021-07-01";16;123;82638;9890;92651;44;2295;879;3218;160;8771;2080;11011;18;129;117;264;345;93833;12966;107144;"2025-09-25 11:24:29"
2965;"2021-07-01";17;95;103305;2256;105656;46;3425;1133;4604;149;8949;1691;10789;9;127;110;246;299;115806;5190;121295;"2025-09-25 11:24:29"
2966;"2021-07-01";18;128;201456;6397;207981;94;4705;1606;6405;156;25535;4949;30640;13;259;328;600;391;231955;13280;245626;"2025-09-25 11:24:29"
2967;"2021-07-01";19;114;127009;4545;131668;57;3705;775;4537;136;11739;2817;14692;8;197;425;630;315;142650;8562;151527;"2025-09-25 11:24:29"
2968;"2021-07-01";20;132;116898;3953;120983;54;4370;181;4605;174;15108;4277;19559;14;612;627;1253;374;136988;9038;146400;"2025-09-25 11:24:29"
2969;"2021-07-01";21;135;69728;960;70823;55;2105;61;2221;137;5394;1103;6634;9;83;39;131;336;77310;2163;79809;"2025-09-25 11:24:29"
2970;"2021-07-01";22;97;111003;3987;115087;45;3747;752;4544;141;10567;1937;12645;14;121;200;335;297;125438;6876;132611;"2025-09-25 11:24:29"
2971;"2021-07-01";23;1649;38929;798;41376;1676;1692;275;3643;362;3934;852;5148;87;61;63;211;3774;44616;1988;50378;"2025-09-25 11:24:29"
2972;"2021-07-01";63;114;87748;1175;89037;98;2132;290;2520;94;10385;770;11249;5;137;266;408;311;100402;2501;103214;"2025-09-25 11:24:29"
2973;"2021-07-01";25;77;88819;5785;94681;33;3638;552;4223;127;12054;2746;14927;15;149;322;486;252;104660;9405;114317;"2025-09-25 11:24:29"
2974;"2021-07-01";146;833;300557;239895;541285;487;10982;6990;18459;1021;77103;3744;81868;79;838;647;1564;2420;389480;251276;643176;"2025-09-25 11:24:29"
2976;"2021-07-01";28;99;67741;2874;70714;62;2447;759;3268;100;10162;3263;13525;12;121;689;822;273;80471;7585;88329;"2025-09-25 11:24:29"
2977;"2021-07-01";29;75;67251;910;68236;59;2313;502;2874;118;10601;1011;11730;9;164;197;370;261;80329;2620;83210;"2025-09-25 11:24:29"
2978;"2021-07-01";77;285;134270;3285;137840;196;2988;485;3669;222;16286;3067;19575;18;270;572;860;721;153814;7409;161944;"2025-09-25 11:24:29"
2979;"2021-07-01";57;66;55832;643;56541;42;1403;138;1583;76;4433;249;4758;5;100;44;149;189;61768;1074;63031;"2025-09-25 11:24:29"
2980;"2021-07-01";32;75;80066;1644;81785;30;2230;426;2686;66;10284;1400;11750;1;136;236;373;172;92716;3706;96594;"2025-09-25 11:24:29"
2981;"2021-07-01";33;126;107455;17722;125303;64;3176;495;3735;168;13335;2155;15658;10;150;496;656;368;124116;20868;145352;"2025-09-25 11:24:29"
2982;"2021-07-01";79;82;102494;1375;103951;41;2379;237;2657;89;10337;1421;11847;8;158;336;502;220;115368;3369;118957;"2025-09-25 11:24:29"
2983;"2021-07-01";35;92;65848;2881;68821;70;2478;308;2856;113;14788;2351;17252;10;179;329;518;285;83293;5869;89447;"2025-09-25 11:24:29"
2984;"2021-07-01";36;96;90278;3968;94342;51;3059;340;3450;111;13202;1870;15183;9;147;275;431;267;106686;6453;113406;"2025-09-25 11:24:29"
2985;"2021-07-01";60;268;181865;5071;187204;293;4890;292;5475;205;18881;2063;21149;31;312;454;797;797;205948;7880;214625;"2025-09-25 11:24:29"
2986;"2021-07-01";38;50;59410;34057;93517;25;1626;816;2467;79;5929;1163;7171;9;105;369;483;163;67070;36405;103638;"2025-09-25 11:24:29"
2987;"2021-07-01";39;288;80558;8838;89684;457;1888;567;2912;183;8252;2056;10491;27;140;685;852;955;90838;12146;103939;"2025-09-25 11:24:29"
2988;"2021-07-01";40;81;25839;1300;27220;50;1108;304;1462;85;4173;330;4588;10;43;51;104;226;31163;1985;33374;"2025-09-25 11:24:29"
2990;"2021-07-01";42;124;148903;11342;160369;64;3685;294;4043;128;13382;2025;15535;9;200;514;723;325;166170;14175;180670;"2025-09-25 11:24:29"
2993;"2021-07-01";46;194;236014;7469;243677;109;5481;772;6362;183;30121;5287;35591;9;362;570;941;495;271978;14098;286571;"2025-09-25 11:24:29"
2994;"2021-07-01";47;106;112486;1738;114330;113;3179;518;3810;276;19310;2558;22144;53;261;272;586;548;135236;5086;140870;"2025-09-25 11:24:29"
2998;"2021-07-01";51;174;187593;2902;190669;197;3463;667;4327;217;16783;1258;18258;12;265;165;442;600;208104;4992;213696;"2025-09-25 11:24:29"
3001;"2021-07-01";54;122;24902;23021;48045;60;1226;1696;2982;164;9347;731;10242;9;89;87;185;355;35564;25535;61454;"2025-09-25 11:24:29"
3002;"2021-07-01";55;104;94957;183706;278767;62;3791;3206;7059;113;21776;2547;24436;13;420;289;722;292;120944;189748;310984;"2025-09-25 11:24:29"
3003;"2021-07-01";56;307;215855;44182;260344;388;6202;1551;8141;171;29620;3258;33049;20;353;540;913;886;252030;49531;302447;"2025-09-25 11:24:29"
3005;"2021-07-01";58;179;143042;3878;147099;98;4884;147;5129;132;17243;4439;21814;16;321;951;1288;425;165490;9415;175330;"2025-09-25 11:24:29"
3006;"2021-07-01";59;133;189669;22658;212460;85;5604;1010;6699;107;23854;2773;26734;9;306;303;618;334;219433;26744;246511;"2025-09-25 11:24:29"
3008;"2021-07-01";61;164;182488;4670;187322;94;3572;783;4449;152;12164;2620;14936;10;248;416;674;420;198472;8489;207381;"2025-09-25 11:24:29"
3009;"2021-07-01";62;62;7992;96;8150;41;532;62;635;107;3647;56;3810;3;30;16;49;213;12201;230;12644;"2025-09-25 11:24:29"
3012;"2021-07-01";65;167;164861;3767;168795;134;4834;389;5357;186;26044;7547;33777;24;439;867;1330;511;196178;12570;209259;"2025-09-25 11:24:29"
3018;"2021-07-01";71;76;69241;1953;71270;43;2569;559;3171;104;13724;3854;17682;10;202;436;648;233;85736;6802;92771;"2025-09-25 11:24:29"
3021;"2021-07-01";74;125;159183;2207;161515;93;3612;317;4022;135;14659;2265;17059;13;380;295;688;366;177834;5084;183284;"2025-09-25 11:24:29"
3027;"2021-07-01";80;159;101684;1481;103324;84;2882;772;3738;156;19332;4021;23509;8;257;951;1216;407;124155;7225;131787;"2025-09-25 11:24:29"
3030;"2021-07-01";83;323;158035;749;159107;186;3638;470;4294;246;14777;1657;16680;48;393;170;611;803;176843;3046;180692;"2025-09-25 11:24:29"
3032;"2021-07-01";85;125;23467;191;23783;81;1278;178;1537;153;6387;185;6725;11;98;42;151;370;31230;596;32196;"2025-09-25 11:24:29"
3033;"2021-07-01";86;290;158272;1157;159719;170;4767;341;5278;195;19235;2222;21652;23;262;207;492;678;182536;3927;187141;"2025-09-25 11:24:29"
3034;"2021-07-01";87;104;109684;2505;112293;78;2905;865;3848;84;12671;1957;14712;10;231;180;421;276;125491;5507;131274;"2025-09-25 11:24:29"
3035;"2021-07-01";88;65;104364;2570;106999;29;2537;518;3084;32;9540;1339;10911;1;141;120;262;127;116582;4547;121256;"2025-09-25 11:24:29"
3036;"2021-07-01";89;467;23373;311;24151;118;573;21;712;113;1772;260;2145;19;31;12;62;717;25749;604;27070;"2025-09-25 11:24:29"
3037;"2021-07-01";90;120;86776;1671;88567;78;2908;477;3463;102;10707;2150;12959;9;130;147;286;309;100521;4445;105275;"2025-09-25 11:24:29"
3038;"2021-07-01";91;160;158319;829;159308;90;5583;2780;8453;118;29555;4462;34135;13;407;390;810;381;193864;8461;202706;"2025-09-25 11:24:29"
3039;"2021-07-01";92;77;59586;1115;60778;77;1889;298;2264;92;8724;1185;10001;12;126;138;276;258;70325;2736;73319;"2025-09-25 11:24:29"
3040;"2021-07-01";93;124;86144;786;87054;72;2536;158;2766;95;9415;3908;13418;9;149;294;452;300;98244;5146;103690;"2025-09-25 11:24:29"
3041;"2021-07-01";94;223;191814;1951;193988;118;5943;1603;7664;180;29264;3723;33167;8;465;731;1204;529;227486;8008;236023;"2025-09-25 11:24:29"
3042;"2021-07-01";95;325;251260;1936;253521;184;8635;1083;9902;214;42232;5072;47518;15;668;458;1141;738;302795;8549;312082;"2025-09-25 11:24:29"
3043;"2021-07-01";96;74;31201;746;32021;42;1468;64;1574;80;5395;593;6068;13;80;42;135;209;38144;1445;39798;"2025-09-25 11:24:29"
3044;"2021-07-01";97;269;250006;5343;255618;201;9320;1167;10688;204;35251;5431;40886;27;402;543;972;701;294979;12484;308164;"2025-09-25 11:24:29"
3045;"2021-07-01";101;174;174236;3518;177928;71;2939;1333;4343;113;8120;1961;10194;13;208;194;415;371;185503;7006;192880;"2025-09-25 11:24:29"
3046;"2021-07-01";102;176;66397;1039;67612;75;2425;225;2725;87;7832;1135;9054;16;129;137;282;354;76783;2536;79673;"2025-09-25 11:24:29"
3047;"2021-07-01";103;194;59706;2031;61931;52;2657;258;2967;95;9430;1613;11138;3;111;206;320;344;71904;4108;76356;"2025-09-25 11:24:29"
3048;"2021-07-01";104;127;165399;4234;169760;186;5723;1428;7337;149;19343;2766;22258;23;339;540;902;485;190804;8968;200257;"2025-09-25 11:24:29"
3049;"2021-07-01";105;98;137640;1494;139232;65;2624;85;2774;61;7063;1471;8595;1;190;127;318;225;147517;3177;150919;"2025-09-25 11:24:29"
3050;"2021-07-01";106;189;89293;1059;90541;162;3154;705;4021;110;8448;1934;10492;14;127;112;253;475;101022;3810;105307;"2025-09-25 11:24:29"
3051;"2021-07-01";107;274;63645;1168;65087;100;2647;125;2872;118;6636;1544;8298;22;124;104;250;514;73052;2941;76507;"2025-09-25 11:24:29"
3052;"2021-07-01";108;176;207420;1781;209377;108;7176;465;7749;156;36342;5513;42011;20;433;366;819;460;251371;8125;259956;"2025-09-25 11:24:29"
3053;"2021-07-01";109;169;127922;2994;131085;164;5702;1217;7083;211;21901;3660;25772;14;243;322;579;558;155768;8193;164519;"2025-09-25 11:24:29"
3054;"2021-07-01";110;82;120453;1646;122181;42;4636;634;5312;49;18983;2397;21429;3;294;353;650;176;144366;5030;149572;"2025-09-25 11:24:29"
3055;"2021-07-01";111;153;83090;712;83955;92;3429;478;3999;140;18269;3173;21582;10;778;263;1051;395;105566;4626;110587;"2025-09-25 11:24:29"
3056;"2021-07-01";112;141;105072;2344;107557;119;2595;690;3404;127;9336;3368;12831;13;182;140;335;400;117185;6542;124127;"2025-09-25 11:24:29"
3057;"2021-07-01";113;85;71945;1255;73285;29;2671;898;3598;41;9414;1608;11063;0;111;130;241;155;84141;3891;88187;"2025-09-25 11:24:29"
3058;"2021-07-01";114;154;88636;602;89392;87;3903;490;4480;143;17471;2012;19626;11;306;184;501;395;110316;3288;113999;"2025-09-25 11:24:29"
3059;"2021-07-01";115;227;47507;292;48026;102;1863;698;2663;233;11558;738;12529;10;170;87;267;572;61098;1815;63485;"2025-09-25 11:24:29"
3060;"2021-07-01";116;172;47708;506;48386;76;2183;759;3018;202;13537;5604;19343;9;224;389;622;459;63652;7258;71369;"2025-09-25 11:24:29"
3061;"2021-07-01";117;78;16814;132;17024;75;822;119;1016;150;6176;4455;10781;5;112;513;630;308;23924;5219;29451;"2025-09-25 11:24:29"
3062;"2021-07-01";118;74;94431;1154;95659;57;3207;508;3772;72;10272;1984;12328;8;184;146;338;211;108094;3792;112097;"2025-09-25 11:24:29"
3063;"2021-07-01";119;44;172911;2448;175403;34;4149;684;4867;42;11708;3159;14909;7;306;180;493;127;189074;6471;195672;"2025-09-25 11:24:29"
3064;"2021-07-01";120;18;138848;1098;139964;7;2127;203;2337;23;5028;1271;6322;1;133;31;165;49;146136;2603;148788;"2025-09-25 11:24:29"
3065;"2021-07-01";121;331;107878;1484;109693;177;4305;1251;5733;240;20506;4510;25256;16;453;450;919;764;133142;7695;141601;"2025-09-25 11:24:29"
3066;"2021-07-01";122;106;57499;452;58057;93;1555;129;1777;89;6027;1993;8109;10;90;321;421;298;65171;2895;68364;"2025-09-25 11:24:29"
3067;"2021-07-01";123;251;141369;2019;143639;256;5270;453;5979;211;17790;2593;20594;28;318;257;603;746;164747;5322;170815;"2025-09-25 11:24:29"
3068;"2021-07-01";124;190;92937;898;94025;81;3670;586;4337;125;17712;4266;22103;14;294;485;793;410;114613;6235;121258;"2025-09-25 11:24:29"
3069;"2021-07-01";125;233;184034;2099;186366;96;6041;2509;8646;179;28647;5231;34057;21;379;266;666;529;219101;10105;229735;"2025-09-25 11:24:29"
3070;"2021-07-01";126;319;247690;3354;251363;174;8401;1719;10294;238;33595;6496;40329;22;534;898;1454;753;290220;12467;303440;"2025-09-25 11:24:29"
3071;"2021-07-01";127;163;63365;4992;68520;72;3235;762;4069;142;20104;2666;22912;13;245;386;644;390;86949;8806;96145;"2025-09-25 11:24:29"
3072;"2021-07-01";128;176;109816;620;110612;80;2923;344;3347;131;15358;1955;17444;10;212;147;369;397;128309;3066;131772;"2025-09-25 11:24:29"
3073;"2021-07-01";129;369;386490;2795;389654;204;11195;2679;14078;298;57973;6595;64866;50;1048;511;1609;921;456706;12580;470207;"2025-09-25 11:24:29"
3075;"2021-07-01";238;145;88332;2369;90846;131;2947;534;3612;236;17512;1395;19143;25;270;357;652;537;109061;4655;114253;"2025-09-25 11:24:29"
3076;"2021-07-01";214;65;18507;222;18794;60;828;76;964;92;7097;207;7396;7;73;73;153;224;26505;578;27307;"2025-09-25 11:24:29"
3077;"2021-07-01";240;106;37329;673;38108;74;1403;160;1637;119;6828;429;7376;10;116;196;322;309;45676;1458;47443;"2025-09-25 11:24:29"
3078;"2021-07-01";241;111;24709;445;25265;99;916;112;1127;179;6559;171;6909;5;78;34;117;394;32262;762;33418;"2025-09-25 11:24:29"
3079;"2021-07-01";242;105;31722;897;32724;88;1263;137;1488;103;5474;271;5848;6;107;88;201;302;38566;1393;40261;"2025-09-25 11:24:29"
3080;"2021-07-01";243;50;8399;59;8508;50;351;30;431;94;3282;40;3416;5;36;11;52;199;12068;140;12407;"2025-09-25 11:24:29"
3081;"2021-07-01";244;43;11579;166;11788;34;453;29;516;107;4016;76;4199;6;54;22;82;190;16102;293;16585;"2025-09-25 11:24:29"
3082;"2021-07-01";245;124;14311;126;14561;79;736;58;873;120;6085;131;6336;6;72;46;124;329;21204;361;21894;"2025-09-25 11:24:29"
3083;"2021-07-01";246;205;145627;2648;148480;148;4923;555;5626;211;25622;2054;27887;20;378;320;718;584;176550;5577;182711;"2025-09-25 11:24:29"
3084;"2021-07-01";247;52;13328;116;13496;48;549;58;655;113;4832;81;5026;5;63;25;93;218;18772;280;19270;"2025-09-25 11:24:29"
3085;"2021-07-01";248;103;13856;212;14171;83;652;71;806;136;6117;164;6417;13;64;28;105;335;20689;475;21499;"2025-09-25 11:24:29"
3086;"2021-07-01";249;52;16494;136;16682;57;821;37;915;124;6816;128;7068;9;59;18;86;242;24190;319;24751;"2025-09-25 11:24:29"
3087;"2021-07-01";250;282;112204;2487;114973;268;3527;627;4422;265;17839;2701;20805;16;333;382;731;831;133903;6197;140931;"2025-09-25 11:24:29"
3088;"2021-07-01";251;58;15823;421;16302;55;697;160;912;102;3332;134;3568;7;84;40;131;222;19936;755;20913;"2025-09-25 11:24:29"
3089;"2021-07-01";252;92;16431;273;16796;78;825;60;963;110;8314;126;8550;12;55;33;100;292;25625;492;26409;"2025-09-25 11:24:29"
3090;"2021-07-01";253;120;26377;212;26709;106;1415;300;1821;179;11265;436;11880;20;101;78;199;425;39158;1026;40609;"2025-09-25 11:24:29"
3091;"2021-07-01";254;55;9492;69;9616;62;350;53;465;101;3190;45;3336;10;41;20;71;228;13073;187;13488;"2025-09-25 11:24:29"
3092;"2021-07-01";255;76;17910;377;18363;62;946;60;1068;112;8099;233;8444;9;66;53;128;259;27021;723;28003;"2025-09-25 11:24:29"
3094;"2021-07-01";131;69;14389;79;14537;54;806;47;907;80;7614;255;7949;8;53;30;91;211;22862;411;23484;"2025-09-25 11:24:29"
3095;"2021-07-01";132;65;10334;107;10506;46;506;67;619;109;4794;377;5280;4;41;229;274;224;15675;780;16679;"2025-09-25 11:24:29"
3096;"2021-07-01";133;68;11362;149;11579;56;648;89;793;97;6071;715;6883;12;53;71;136;233;18134;1024;19391;"2025-09-25 11:24:29"
3097;"2021-07-01";134;75;16260;132;16467;53;763;95;911;114;7874;144;8132;8;66;29;103;250;24963;400;25613;"2025-09-25 11:24:29"
3098;"2021-07-01";135;76;18874;367;19317;51;887;93;1031;80;7557;610;8247;7;64;79;150;214;27382;1149;28745;"2025-09-25 11:24:29"
3099;"2021-07-01";136;72;43071;265;43408;63;2256;215;2534;94;13101;1306;14501;9;145;148;302;238;58573;1934;60745;"2025-09-25 11:24:29"
3100;"2021-07-01";137;104;51926;745;52775;76;1943;174;2193;155;13266;1667;15088;6;204;839;1049;341;67339;3425;71105;"2025-09-25 11:24:29"
3101;"2021-07-01";138;34;15509;131;15674;22;615;31;668;30;3091;533;3654;4;56;45;105;90;19271;740;20101;"2025-09-25 11:24:29"
3102;"2021-07-01";139;68;40034;237;40339;61;1609;85;1755;79;8769;896;9744;6;107;76;189;214;50519;1294;52027;"2025-09-25 11:24:29"
3103;"2021-07-01";140;1;8;0;9;0;3;0;3;0;8;0;8;0;0;0;0;1;19;0;20;"2025-09-25 11:24:29"
3104;"2021-07-01";141;211;78535;1057;79803;119;2453;398;2970;174;11587;950;12711;15;198;241;454;519;92773;2646;95938;"2025-09-25 11:24:29"
3105;"2021-07-01";142;66;88432;1532;90030;104;2314;851;3269;63;10895;1730;12688;4;224;214;442;237;101865;4327;106429;"2025-09-25 11:24:29"
3106;"2021-07-01";143;131;86867;1904;88902;95;2766;460;3321;115;13427;1831;15373;4;253;205;462;345;103313;4400;108058;"2025-09-25 11:24:29"
3107;"2021-07-01";144;130;112425;4432;116987;84;3326;704;4114;128;15007;2029;17164;13;321;296;630;355;131079;7461;138895;"2025-09-25 11:24:29"
3108;"2021-07-01";145;189;87340;4777;92306;145;3207;420;3772;245;19370;1648;21263;22;315;283;620;601;110232;7128;117961;"2025-09-25 11:24:29"
3110;"2021-07-01";147;58;19886;63;20007;29;664;107;800;58;1850;339;2247;8;48;25;81;153;22448;534;23135;"2025-09-25 11:24:29"
3111;"2021-07-01";148;222;39840;1459;41521;124;1765;350;2239;211;12304;637;13152;23;139;109;271;580;54048;2555;57183;"2025-09-25 11:24:29"
3112;"2021-07-01";149;64;19115;1221;20400;38;1088;283;1409;85;8271;570;8926;7;67;55;129;194;28541;2129;30864;"2025-09-25 11:24:29"
3113;"2021-07-01";150;140;43445;889;44474;87;2252;381;2720;162;15001;1073;16236;27;128;82;237;416;60826;2425;63667;"2025-09-25 11:24:29"
3114;"2021-07-01";151;141;75586;612;76339;77;2656;332;3065;163;17698;2257;20118;13;289;797;1099;394;96229;3998;100621;"2025-09-25 11:24:29"
3115;"2021-07-01";152;121;38375;473;38969;75;1541;171;1787;180;12349;549;13078;29;116;155;300;405;52381;1348;54134;"2025-09-25 11:24:29"
3116;"2021-07-01";153;97;22081;448;22626;60;1203;337;1600;131;10970;372;11473;10;75;55;140;298;34329;1212;35839;"2025-09-25 11:24:29"
3117;"2021-07-01";154;153;74984;916;76053;83;2757;506;3346;158;17880;1732;19770;18;242;391;651;412;95863;3545;99820;"2025-09-25 11:24:29"
3118;"2021-07-01";155;79;18763;151;18993;39;791;116;946;109;7425;518;8052;9;68;78;155;236;27047;863;28146;"2025-09-25 11:24:29"
3119;"2021-07-01";156;176;143651;2513;146340;135;5214;579;5928;174;22312;3286;25772;39;410;352;801;524;171587;6730;178841;"2025-09-25 11:24:29"
3120;"2021-07-01";157;119;30449;308;30876;106;1466;316;1888;174;11188;652;12014;13;125;106;244;412;43228;1382;45022;"2025-09-25 11:24:29"
3121;"2021-07-01";158;98;108662;1589;110349;71;4243;603;4917;106;18295;2476;20877;10;301;362;673;285;131501;5030;136816;"2025-09-25 11:24:29"
3122;"2021-07-01";159;155;172137;2263;174555;132;5108;877;6117;218;20033;2147;22398;20;399;255;674;525;197677;5542;203744;"2025-09-25 11:24:29"
3123;"2021-07-01";160;73;10580;72;10725;52;521;66;639;120;5705;612;6437;11;59;79;149;256;16865;829;17950;"2025-09-25 11:24:29"
3124;"2021-07-01";161;80;23093;196;23369;43;1094;89;1226;172;9990;245;10407;17;97;40;154;312;34274;570;35156;"2025-09-25 11:24:29"
3125;"2021-07-01";162;164;39442;313;39919;90;1548;225;1863;143;11964;763;12870;23;149;125;297;420;53103;1426;54949;"2025-09-25 11:24:29"
3127;"2021-07-01";257;102;18818;183;19103;60;1352;91;1503;132;10237;265;10634;7;76;38;121;301;30483;577;31361;"2025-09-25 11:24:29"
3128;"2021-07-01";258;198;108906;2174;111278;120;3507;538;4165;204;18462;3036;21702;19;277;652;948;541;131152;6400;138093;"2025-09-25 11:24:29"
3129;"2021-07-01";259;109;30725;633;31467;64;1552;164;1780;104;12942;1027;14073;7;191;107;305;284;45410;1931;47625;"2025-09-25 11:24:29"
3130;"2021-07-01";260;133;27370;3303;30806;94;1312;256;1662;166;12258;436;12860;17;126;57;200;410;41066;4052;45528;"2025-09-25 11:24:29"
3131;"2021-07-01";261;65;8199;56;8320;38;462;59;559;86;4163;247;4496;4;34;35;73;193;12858;397;13448;"2025-09-25 11:24:29"
3132;"2021-07-01";262;78;18086;192;18356;61;920;134;1115;110;8392;249;8751;11;76;42;129;260;27474;617;28351;"2025-09-25 11:24:29"
3133;"2021-07-01";263;63;9247;58;9368;60;427;19;506;100;4904;58;5062;7;35;13;55;230;14613;148;14991;"2025-09-25 11:24:29"
3134;"2021-07-01";264;99;38326;312;38737;107;1668;492;2267;181;11644;2232;14057;23;131;177;331;410;51769;3213;55392;"2025-09-25 11:24:29"
3135;"2021-07-01";265;164;108002;2009;110175;128;4484;494;5106;206;23689;3050;26945;13;267;379;659;511;136442;5932;142885;"2025-09-25 11:24:29"
3136;"2021-07-01";266;66;9065;63;9194;47;448;69;564;102;4701;268;5071;3;40;27;70;218;14254;427;14899;"2025-09-25 11:24:29"
3137;"2021-07-01";267;66;7481;32;7579;44;372;18;434;119;4294;112;4525;7;38;17;62;236;12185;179;12600;"2025-09-25 11:24:29"
3138;"2021-07-01";268;144;149477;3331;152952;103;4018;918;5039;90;18769;2341;21200;9;372;364;745;346;172636;6954;179936;"2025-09-25 11:24:29"
3139;"2021-07-01";269;275;132216;1977;134468;231;3689;577;4497;229;16099;1351;17679;23;199;237;459;758;152203;4142;157103;"2025-09-25 11:24:29"
3140;"2021-07-01";270;114;38279;2461;40854;98;1756;197;2051;134;14544;837;15515;7;188;112;307;353;54767;3607;58727;"2025-09-25 11:24:29"
3141;"2021-07-01";271;95;8796;42;8933;52;450;88;590;104;4796;94;4994;9;48;9;66;260;14090;233;14583;"2025-09-25 11:24:29"
3143;"2021-07-01";164;65;11651;176;11892;56;592;121;769;92;6344;759;7195;10;66;44;120;223;18653;1100;19976;"2025-09-25 11:24:29"
3144;"2021-07-01";165;87;19105;184;19376;76;1125;133;1334;136;11921;277;12334;6;67;32;105;305;32218;626;33149;"2025-09-25 11:24:29"
3145;"2021-07-01";166;61;9615;166;9842;35;446;68;549;64;4796;406;5266;0;40;63;103;160;14897;703;15760;"2025-09-25 11:24:29"
3146;"2021-07-01";167;82;67617;600;68299;64;2328;275;2667;86;13294;3467;16847;14;375;1624;2013;246;83614;5966;89826;"2025-09-25 11:24:29"
3147;"2021-07-01";168;48;8708;438;9194;32;465;62;559;58;3950;215;4223;1;43;20;64;139;13166;735;14040;"2025-09-25 11:24:29"
3148;"2021-07-01";169;140;48256;891;49287;120;2025;366;2511;194;14912;1629;16735;16;244;263;523;470;65437;3149;69056;"2025-09-25 11:24:29"
3149;"2021-07-01";170;88;18562;242;18892;45;848;272;1165;85;7716;923;8724;11;105;157;273;229;27231;1594;29054;"2025-09-25 11:24:29"
3150;"2021-07-01";171;139;78454;2349;80942;119;3063;428;3610;150;13036;2319;15505;8;231;366;605;416;94784;5462;100662;"2025-09-25 11:24:29"
3151;"2021-07-01";172;198;35668;146;36012;200;1587;50;1837;155;11070;786;12011;13;132;92;237;566;48457;1074;50097;"2025-09-25 11:24:29"
3152;"2021-07-01";173;68;13208;14869;28145;49;792;408;1249;96;7619;357;8072;5;59;46;110;218;21678;15680;37576;"2025-09-25 11:24:29"
3153;"2021-07-01";174;165;115452;1755;117372;132;3492;666;4290;185;22089;1904;24178;12;308;890;1210;494;141341;5215;147050;"2025-09-25 11:24:29"
3154;"2021-07-01";175;93;12021;65977;78091;55;668;1596;2319;169;8628;450;9247;1;144;32;177;318;21461;68055;89834;"2025-09-25 11:24:29"
3155;"2021-07-01";176;188;106985;2301;109474;142;3662;695;4499;182;20898;3390;24470;16;306;814;1136;528;131851;7200;139579;"2025-09-25 11:24:29"
3156;"2021-07-01";177;69;19129;146;19344;39;839;91;969;94;7820;482;8396;6;75;40;121;208;27863;759;28830;"2025-09-25 11:24:29"
3157;"2021-07-01";178;88;21765;2162;24015;56;1251;142;1449;110;10381;712;11203;8;156;124;288;262;33553;3140;36955;"2025-09-25 11:24:29"
3158;"2021-07-01";179;110;15275;221;15606;56;780;111;947;105;9330;195;9630;12;94;20;126;283;25479;547;26309;"2025-09-25 11:24:29"
3159;"2021-07-01";180;78;18009;272;18359;38;799;77;914;79;7711;808;8598;3;94;88;185;198;26613;1245;28056;"2025-09-25 11:24:29"
3160;"2021-07-01";181;81;12529;79;12689;70;610;49;729;99;6852;287;7238;7;51;25;83;257;20042;440;20739;"2025-09-25 11:24:30"
3161;"2021-07-01";182;59;10368;97;10524;42;586;56;684;64;6018;124;6206;1;43;17;61;166;17015;294;17475;"2025-09-25 11:24:30"
3162;"2021-07-01";183;62;11295;31763;43120;49;566;639;1254;82;6181;173;6436;10;61;18;89;203;18103;32593;50899;"2025-09-25 11:24:30"
3163;"2021-07-01";184;113;23035;23350;46498;74;1694;390;2158;127;14712;238;15077;17;91;29;137;331;39532;24007;63870;"2025-09-25 11:24:30"
3164;"2021-07-01";185;87;23674;390;24151;47;1032;1134;2213;88;7907;493;8488;6;96;138;240;228;32709;2155;35092;"2025-09-25 11:24:30"
3166;"2021-07-01";187;114;113397;1033;114544;80;3373;394;3847;124;21980;2691;24795;8;258;402;668;326;139008;4520;143854;"2025-09-25 11:24:30"
3167;"2021-07-01";188;204;112245;1745;114194;148;4067;554;4769;227;25049;1926;27202;12;372;359;743;591;141733;4584;146908;"2025-09-25 11:24:30"
3168;"2021-07-01";189;58;13423;38;13519;34;693;49;776;64;6260;553;6877;11;64;36;111;167;20440;676;21283;"2025-09-25 11:24:30"
3169;"2021-07-01";190;198;182366;2507;185071;112;5749;806;6667;231;25372;3532;29135;13;386;442;841;554;213873;7287;221714;"2025-09-25 11:24:30"
3170;"2021-07-01";44;43;9214;35;9292;42;438;18;498;42;5139;187;5368;1;42;59;102;128;14833;299;15260;"2025-09-25 11:24:30"
3171;"2021-07-01";192;143;55064;612;55819;84;2204;255;2543;154;17152;939;18245;9;148;136;293;390;74568;1942;76900;"2025-09-25 11:24:30"
3172;"2021-07-01";193;87;25774;395;26256;59;1285;126;1470;123;9774;251;10148;8;94;73;175;277;36927;845;38049;"2025-09-25 11:24:30"
3173;"2021-07-01";194;89;10686;61;10836;41;467;37;545;68;6819;88;6975;2;54;15;71;200;18026;201;18427;"2025-09-25 11:24:30"
3174;"2021-07-01";195;118;34718;438;35274;96;1732;244;2072;166;16528;1014;17708;11;138;150;299;391;53116;1846;55353;"2025-09-25 11:24:30"
3175;"2021-07-01";196;63;18941;166;19170;47;849;35;931;86;10835;946;11867;5;101;149;255;201;30726;1296;32223;"2025-09-25 11:24:30"
3176;"2021-07-01";197;208;61266;957;62431;229;2304;285;2818;261;18897;1236;20394;41;203;223;467;739;82670;2701;86110;"2025-09-25 11:24:30"
3177;"2021-07-01";198;79;12334;126;12539;51;663;56;770;113;5939;109;6161;8;40;22;70;251;18976;313;19540;"2025-09-25 11:24:30"
3178;"2021-07-01";199;53;5719;34;5806;33;299;27;359;53;3707;48;3808;1;24;5;30;140;9749;114;10003;"2025-09-25 11:24:30"
3179;"2021-07-01";200;125;39267;507;39899;76;1746;159;1981;141;14376;725;15242;30;177;131;338;372;55566;1522;57460;"2025-09-25 11:24:30"
3180;"2021-07-01";201;117;42260;479;42856;77;1826;248;2151;130;15693;1538;17361;8;182;329;519;332;59961;2594;62887;"2025-09-25 11:24:30"
3181;"2021-07-01";202;93;21258;186;21537;58;776;77;911;98;8129;192;8419;19;85;36;140;268;30248;491;31007;"2025-09-25 11:24:30"
3182;"2021-07-01";203;69;3652;363;4084;18;235;192;445;66;1302;31;1399;6;17;3;26;159;5206;589;5954;"2025-09-25 11:24:30"
3183;"2021-07-01";204;122;19117;142;19381;65;681;81;827;121;6462;109;6692;7;97;30;134;315;26357;362;27034;"2025-09-25 11:24:30"
3184;"2021-07-01";205;73;18255;89;18417;87;907;75;1069;143;11670;841;12654;10;77;103;190;313;30909;1108;32330;"2025-09-25 11:24:30"
3185;"2021-07-01";206;84;16611;142;16837;42;671;46;759;89;7580;503;8172;8;65;83;156;223;24927;774;25924;"2025-09-25 11:24:30"
3186;"2021-07-01";207;61;9423;41;9525;62;452;45;559;72;5782;101;5955;3;54;14;71;198;15711;201;16110;"2025-09-25 11:24:30"
3187;"2021-07-01";208;121;53986;302;54409;65;1991;412;2468;111;12337;1422;13870;10;152;240;402;307;68466;2376;71149;"2025-09-25 11:24:30"
3188;"2021-07-01";209;145;101094;1274;102513;96;3211;756;4063;207;17185;4541;21933;12;286;1782;2080;460;121776;8353;130589;"2025-09-25 11:24:30"
3189;"2021-07-01";210;138;119275;2185;121598;83;3340;353;3776;93;17614;929;18636;17;262;280;559;331;140491;3747;144569;"2025-09-25 11:24:30"
3191;"2021-07-01";212;123;91116;1058;92297;97;3200;502;3799;135;11781;407;12323;11;212;147;370;366;106309;2114;108789;"2025-09-25 11:24:30"
3192;"2021-07-01";213;94;22602;199;22895;66;928;176;1170;102;8941;247;9290;12;61;167;240;274;32532;789;33595;"2025-09-25 11:24:30"
3194;"2021-07-01";215;236;228451;2313;231000;175;7088;603;7866;222;40089;3877;44188;27;495;542;1064;660;276123;7335;284118;"2025-09-25 11:24:30"
3195;"2021-07-01";216;93;13257;164;13514;56;595;121;772;122;6030;138;6290;6;47;27;80;277;19929;450;20656;"2025-09-25 11:24:30"
3196;"2021-07-01";217;118;40999;468;41585;96;1556;193;1845;107;13519;2607;16233;10;134;633;777;331;56208;3901;60440;"2025-09-25 11:24:30"
3197;"2021-07-01";218;99;44357;660;45116;73;1609;250;1932;135;10461;504;11100;11;123;117;251;318;56550;1531;58399;"2025-09-25 11:24:30"
3198;"2021-07-01";219;88;12550;126;12764;61;569;54;684;87;7002;464;7553;6;125;137;268;242;20246;781;21269;"2025-09-25 11:24:30"
3199;"2021-07-01";220;161;140210;1101;141472;102;4635;824;5561;139;21801;6709;28649;14;445;1599;2058;416;167091;10233;177740;"2025-09-25 11:24:30"
3200;"2021-07-01";221;61;9673;69;9803;50;424;52;526;86;4489;550;5125;6;33;96;135;203;14619;767;15589;"2025-09-25 11:24:30"
3201;"2021-07-01";222;210;135498;2562;138270;177;3789;1040;5006;237;26347;2292;28876;19;336;407;762;643;165970;6301;172914;"2025-09-25 11:24:30"
3202;"2021-07-01";223;72;24278;186;24536;72;1127;101;1300;88;10080;372;10540;8;110;64;182;240;35595;723;36558;"2025-09-25 11:24:30"
3203;"2021-07-01";224;121;83339;1300;84760;63;2167;512;2742;138;10671;929;11738;9;85;144;238;331;96262;2885;99478;"2025-09-25 11:24:30"
3204;"2021-07-01";225;79;82623;2572;85274;36;2170;451;2657;61;11031;1586;12678;2;130;228;360;178;95954;4837;100969;"2025-09-25 11:24:30"
3205;"2021-07-01";226;245;134114;47803;182162;228;2468;1114;3810;162;10394;912;11468;12;149;183;344;647;147125;50012;197784;"2025-09-25 11:24:30"
3206;"2021-07-01";227;166;96886;1665;98717;153;2686;255;3094;99;16721;1279;18099;7;199;325;531;425;116492;3524;120441;"2025-09-25 11:24:30"
3207;"2021-07-01";228;87;82415;721;83223;36;2216;173;2425;84;7599;721;8404;7;188;198;393;214;92418;1813;94445;"2025-09-25 11:24:30"
3208;"2021-07-01";229;103;41627;773;42503;84;1921;245;2250;124;8815;310;9249;7;99;75;181;318;52462;1403;54183;"2025-09-25 11:24:30"
3209;"2021-07-01";230;59;15744;103;15906;59;597;40;696;97;7642;167;7906;5;43;81;129;220;24026;391;24637;"2025-09-25 11:24:30"
3210;"2021-07-01";231;70;31705;20251;52026;56;1204;357;1617;67;10099;521;10687;6;197;217;420;199;43205;21346;64750;"2025-09-25 11:24:30"
3211;"2021-07-01";232;45;12673;180;12898;54;540;92;686;110;6286;148;6544;6;63;20;89;215;19562;440;20217;"2025-09-25 11:24:30"
3212;"2021-07-01";233;81;14798;107;14986;57;642;73;772;129;7917;385;8431;8;52;55;115;275;23409;620;24304;"2025-09-25 11:24:30"
3214;"2021-07-01";235;266;73596;1164;75026;151;3185;150;3486;341;27174;541;28056;39;216;127;382;797;104171;1982;106950;"2025-09-25 11:24:30"
3215;"2021-07-01";236;567;226961;238731;466259;336;7797;6840;14973;680;49929;3203;53812;40;622;520;1182;1623;285309;249294;536226;"2025-09-25 11:24:30"
3217;"2021-08-01";1;155;199246;16550;215951;52;4465;622;5139;175;13450;1584;15209;15;247;145;407;397;217408;18901;236706;"2025-09-25 11:24:36"
3218;"2021-08-01";2;99;127072;5263;132434;42;3801;678;4521;153;12608;2472;15233;5;151;231;387;299;143632;8644;152575;"2025-09-25 11:24:36"
3219;"2021-08-01";3;107;60979;2156;63242;64;2595;720;3379;133;7353;1264;8750;13;86;102;201;317;71013;4242;75572;"2025-09-25 11:24:36"
3220;"2021-08-01";4;109;63485;1211;64805;79;1838;171;2088;119;15272;1966;17357;8;289;468;765;315;80884;3816;85015;"2025-09-25 11:24:36"
3221;"2021-08-01";5;96;99536;3006;102638;49;3712;318;4079;150;9574;2091;11815;11;132;172;315;306;112954;5587;118847;"2025-09-25 11:24:36"
3222;"2021-08-01";6;86;79785;3197;83068;42;2561;403;3006;161;10448;1572;12181;7;65;231;303;296;92859;5403;98558;"2025-09-25 11:24:36"
3223;"2021-08-01";7;103;112716;8408;121227;62;4791;639;5492;132;14181;2697;17010;13;261;159;433;310;131949;11903;144162;"2025-09-25 11:24:36"
3224;"2021-08-01";8;46;69271;3382;72699;21;3207;481;3709;70;10840;2274;13184;5;113;118;236;142;83431;6255;89828;"2025-09-25 11:24:36"
3225;"2021-08-01";9;91;128647;5654;134392;52;3959;861;4872;168;10448;2119;12735;9;147;262;418;320;143201;8896;152417;"2025-09-25 11:24:36"
3226;"2021-08-01";10;88;76642;4552;81282;50;2858;547;3455;132;8521;1984;10637;11;124;161;296;281;88145;7244;95670;"2025-09-25 11:24:36"
3227;"2021-08-01";11;105;79847;2515;82467;53;3123;145;3321;135;10074;2177;12386;10;110;96;216;303;93154;4933;98390;"2025-09-25 11:24:36"
3228;"2021-08-01";12;110;93306;1200;94616;52;2688;140;2880;144;7021;1219;8384;15;97;250;362;321;103112;2809;106242;"2025-09-25 11:24:36"
3229;"2021-08-01";13;102;100680;4475;105257;54;2976;603;3633;164;9628;2106;11898;19;179;151;349;339;113463;7335;121137;"2025-09-25 11:24:36"
3230;"2021-08-01";14;213;74591;3276;78080;115;2401;427;2943;136;6107;1879;8122;10;109;207;326;474;83208;5789;89471;"2025-09-25 11:24:36"
3231;"2021-08-01";15;208;152378;4917;157503;123;3467;762;4352;176;11094;4946;16216;12;224;159;395;519;167163;10784;178466;"2025-09-25 11:24:36"
3232;"2021-08-01";16;123;82565;9895;92583;44;2285;874;3203;160;8710;2093;10963;18;130;117;265;345;93690;12979;107014;"2025-09-25 11:24:36"
3233;"2021-08-01";17;95;103336;2246;105677;46;3383;1128;4557;151;8958;1698;10807;9;129;110;248;301;115806;5182;121289;"2025-09-25 11:24:36"
3234;"2021-08-01";18;128;201888;6428;208444;94;4684;1614;6392;155;25502;4967;30624;13;271;330;614;390;232345;13339;246074;"2025-09-25 11:24:36"
3235;"2021-08-01";19;115;127047;4543;131705;57;3672;774;4503;137;11720;2819;14676;8;199;420;627;317;142638;8556;151511;"2025-09-25 11:24:36"
3236;"2021-08-01";20;131;116965;3906;121002;54;4357;177;4588;174;15054;4263;19491;14;615;635;1264;373;136991;8981;146345;"2025-09-25 11:24:36"
3237;"2021-08-01";21;137;69550;979;70666;55;2096;60;2211;136;5357;1090;6583;9;85;39;133;337;77088;2168;79593;"2025-09-25 11:24:36"
3238;"2021-08-01";22;99;111043;3989;115131;45;3728;752;4525;140;10545;1936;12621;14;124;200;338;298;125440;6877;132615;"2025-09-25 11:24:36"
3239;"2021-08-01";23;1646;38907;800;41353;1671;1674;257;3602;356;3897;858;5111;85;62;64;211;3758;44540;1979;50277;"2025-09-25 11:24:36"
3240;"2021-08-01";63;114;87692;1167;88973;98;2119;292;2509;95;10370;775;11240;5;138;266;409;312;100319;2500;103131;"2025-09-25 11:24:36"
3241;"2021-08-01";25;77;88818;5770;94665;33;3630;548;4211;127;12034;2771;14932;15;151;322;488;252;104633;9411;114296;"2025-09-25 11:24:36"
3242;"2021-08-01";146;832;301493;241477;543802;488;10982;6964;18434;1020;77318;3750;82088;77;922;644;1643;2417;390715;252835;645967;"2025-09-25 11:24:36"
3244;"2021-08-01";28;99;67914;2838;70851;63;2424;759;3246;100;10146;3267;13513;12;125;690;827;274;80609;7554;88437;"2025-09-25 11:24:36"
3245;"2021-08-01";29;74;67317;903;68294;59;2306;502;2867;115;10602;1016;11733;9;168;196;373;257;80393;2617;83267;"2025-09-25 11:24:36"
3246;"2021-08-01";77;284;134197;3262;137743;199;2978;486;3663;223;16238;3075;19536;18;270;580;868;724;153683;7403;161810;"2025-09-25 11:24:36"
3247;"2021-08-01";57;66;55833;646;56545;42;1398;138;1578;77;4462;250;4789;5;104;44;153;190;61797;1078;63065;"2025-09-25 11:24:36"
3248;"2021-08-01";32;75;80049;1645;81769;30;2232;421;2683;65;10244;1400;11709;1;134;236;371;171;92659;3702;96532;"2025-09-25 11:24:36"
3249;"2021-08-01";33;124;107523;17730;125377;64;3174;495;3733;168;13332;2153;15653;10;159;502;671;366;124188;20880;145434;"2025-09-25 11:24:36"
3250;"2021-08-01";79;82;102517;1370;103969;41;2355;278;2674;88;10360;1419;11867;8;160;330;498;219;115392;3397;119008;"2025-09-25 11:24:36"
3251;"2021-08-01";35;92;65729;2873;68694;70;2454;308;2832;113;14805;2279;17197;10;180;327;517;285;83168;5787;89240;"2025-09-25 11:24:37"
3252;"2021-08-01";36;97;90508;3906;94511;53;3072;339;3464;110;13201;1873;15184;9;152;270;431;269;106933;6388;113590;"2025-09-25 11:24:37"
3253;"2021-08-01";60;270;182040;5271;187581;294;4874;290;5458;205;18897;2070;21172;31;323;460;814;800;206134;8091;215025;"2025-09-25 11:24:37"
3254;"2021-08-01";38;48;59408;34646;94102;25;1609;827;2461;79;5924;1167;7170;9;108;371;488;161;67049;37011;104221;"2025-09-25 11:24:37"
3255;"2021-08-01";39;291;80786;7861;88938;457;1864;565;2886;183;8280;2059;10522;27;141;687;855;958;91071;11172;103201;"2025-09-25 11:24:37"
3256;"2021-08-01";40;81;25883;1292;27256;50;1110;300;1460;84;4174;332;4590;9;44;51;104;224;31211;1975;33410;"2025-09-25 11:24:37"
3258;"2021-08-01";42;125;149000;11741;160866;64;3660;291;4015;128;13412;2018;15558;9;210;504;723;326;166282;14554;181162;"2025-09-25 11:24:37"
3261;"2021-08-01";46;194;236134;7629;243957;108;5447;768;6323;183;30132;5285;35600;9;370;570;949;494;272083;14252;286829;"2025-09-25 11:24:37"
3262;"2021-08-01";47;106;112943;1734;114783;113;3177;517;3807;276;19356;2583;22215;53;275;273;601;548;135751;5107;141406;"2025-09-25 11:24:37"
3266;"2021-08-01";51;172;187941;2893;191006;198;3473;664;4335;215;16796;1237;18248;11;275;169;455;596;208485;4963;214044;"2025-09-25 11:24:37"
3269;"2021-08-01";54;122;24993;22303;47418;60;1220;1657;2937;166;9371;731;10268;9;91;88;188;357;35675;24779;60811;"2025-09-25 11:24:37"
3270;"2021-08-01";55;104;94799;181421;276324;62;3774;3167;7003;110;21735;2539;24384;13;425;286;724;289;120733;187413;308435;"2025-09-25 11:24:37"
3271;"2021-08-01";56;305;223280;43822;267407;386;6154;1530;8070;168;29655;3274;33097;20;366;544;930;879;259455;49170;309504;"2025-09-25 11:24:37"
3273;"2021-08-01";58;177;136363;3617;140157;98;4850;143;5091;133;17206;4438;21777;16;318;961;1295;424;158737;9159;168320;"2025-09-25 11:24:37"
3274;"2021-08-01";59;133;190298;23329;213760;80;5563;1014;6657;108;23785;2793;26686;9;313;307;629;330;219959;27443;247732;"2025-09-25 11:24:37"
3276;"2021-08-01";61;164;182713;4715;187592;95;3563;782;4440;151;12145;2620;14916;10;260;417;687;420;198681;8534;207635;"2025-09-25 11:24:37"
3277;"2021-08-01";62;62;7996;96;8154;42;531;62;635;105;3653;57;3815;2;30;16;48;211;12210;231;12652;"2025-09-25 11:24:37"
3280;"2021-08-01";65;168;165330;3775;169273;135;4792;390;5317;187;26019;7545;33751;24;452;871;1347;514;196593;12581;209688;"2025-09-25 11:24:37"
3286;"2021-08-01";71;77;69395;1957;71429;43;2568;558;3169;104;13729;3861;17694;10;209;439;658;234;85901;6815;92950;"2025-09-25 11:24:37"
3289;"2021-08-01";74;125;159286;2200;161611;93;3603;317;4013;135;14730;2235;17100;13;385;295;693;366;178004;5047;183417;"2025-09-25 11:24:37"
3295;"2021-08-01";80;159;101921;1482;103562;83;2878;727;3688;156;19355;4024;23535;8;259;957;1224;406;124413;7190;132009;"2025-09-25 11:24:37"
3298;"2021-08-01";83;323;158469;788;159580;186;3640;468;4294;245;14754;1661;16660;50;414;169;633;804;177277;3086;181167;"2025-09-25 11:24:37"
3300;"2021-08-01";85;126;23529;191;23846;81;1277;178;1536;153;6392;184;6729;11;101;41;153;371;31299;594;32264;"2025-09-25 11:24:37"
3301;"2021-08-01";86;291;158663;1157;160111;164;4747;341;5252;195;19204;2228;21627;24;264;210;498;674;182878;3936;187488;"2025-09-25 11:24:37"
3302;"2021-08-01";87;104;109873;2540;112517;77;2887;863;3827;84;12750;1949;14783;10;237;177;424;275;125747;5529;131551;"2025-09-25 11:24:37"
3303;"2021-08-01";88;66;104295;2592;106953;29;2521;519;3069;32;9576;1347;10955;1;142;124;267;128;116534;4582;121244;"2025-09-25 11:24:37"
3304;"2021-08-01";89;468;23448;309;24225;119;568;21;708;123;1779;273;2175;19;32;12;63;729;25827;615;27171;"2025-09-25 11:24:37"
3305;"2021-08-01";90;120;86811;1673;88604;78;2884;477;3439;101;10679;2125;12905;9;130;148;287;308;100504;4423;105235;"2025-09-25 11:24:37"
3306;"2021-08-01";91;161;158789;819;159769;90;5560;2772;8422;118;29566;4480;34164;13;416;381;810;382;194331;8452;203165;"2025-09-25 11:24:37"
3307;"2021-08-01";92;78;59602;1117;60797;76;1867;299;2242;92;8721;1206;10019;12;126;136;274;258;70316;2758;73332;"2025-09-25 11:24:37"
3308;"2021-08-01";93;122;86143;793;87058;72;2524;159;2755;95;9400;3908;13403;8;146;288;442;297;98213;5148;103658;"2025-09-25 11:24:37"
3309;"2021-08-01";94;223;192245;1973;194441;118;5916;1596;7630;180;29289;3730;33199;8;472;727;1207;529;227922;8026;236477;"2025-09-25 11:24:37"
3310;"2021-08-01";95;324;252283;1938;254545;189;8633;1082;9904;214;42342;5115;47671;16;690;458;1164;743;303948;8593;313284;"2025-09-25 11:24:37"
3311;"2021-08-01";96;74;31299;745;32118;42;1465;64;1571;79;5424;600;6103;13;78;42;133;208;38266;1451;39925;"2025-09-25 11:24:37"
3312;"2021-08-01";97;268;250130;5323;255721;205;9289;1143;10637;206;35310;5463;40979;27;408;543;978;706;295137;12472;308315;"2025-09-25 11:24:37"
3313;"2021-08-01";101;174;174956;3492;178622;69;2911;1329;4309;113;8161;1979;10253;14;210;200;424;370;186238;7000;193608;"2025-09-25 11:24:37"
3314;"2021-08-01";102;176;66386;1031;67593;73;2418;225;2716;88;7814;1170;9072;16;132;137;285;353;76750;2563;79666;"2025-09-25 11:24:37"
3315;"2021-08-01";103;199;59649;2034;61882;52;2650;257;2959;95;9363;1605;11063;3;111;205;319;349;71773;4101;76223;"2025-09-25 11:24:37"
3316;"2021-08-01";104;129;165675;4237;170041;183;5659;1428;7270;150;19546;2766;22462;24;351;542;917;486;191231;8973;200690;"2025-09-25 11:24:37"
3317;"2021-08-01";105;98;137815;1440;139353;66;2616;85;2767;61;7046;1468;8575;1;195;127;323;226;147672;3120;151018;"2025-09-25 11:24:37"
3318;"2021-08-01";106;187;89310;1077;90574;160;3140;700;4000;104;8417;1953;10474;14;128;112;254;465;100995;3842;105302;"2025-09-25 11:24:37"
3319;"2021-08-01";107;277;63817;1213;65307;98;2644;116;2858;109;6630;1563;8302;22;127;103;252;506;73218;2995;76719;"2025-09-25 11:24:37"
3320;"2021-08-01";108;176;207707;1774;209657;108;7159;462;7729;157;36338;5530;42025;20;442;371;833;461;251646;8137;260244;"2025-09-25 11:24:37"
3321;"2021-08-01";109;169;128510;2998;131677;156;5691;1211;7058;211;22025;3669;25905;14;253;326;593;550;156479;8204;165233;"2025-09-25 11:24:37"
3322;"2021-08-01";110;81;120560;1636;122277;42;4617;635;5294;49;18952;2391;21392;3;299;354;656;175;144428;5016;149619;"2025-09-25 11:24:37"
3323;"2021-08-01";111;151;83420;714;84285;92;3407;481;3980;142;18371;3175;21688;12;785;263;1060;397;105983;4633;111013;"2025-09-25 11:24:37"
3324;"2021-08-01";112;142;105025;2309;107476;118;2581;687;3386;127;9293;3380;12800;13;182;147;342;400;117081;6523;124004;"2025-09-25 11:24:37"
3325;"2021-08-01";113;85;72255;1244;73584;29;2670;896;3595;40;9406;1608;11054;0;115;132;247;154;84446;3880;88480;"2025-09-25 11:24:37"
3326;"2021-08-01";114;155;88880;607;89642;87;3916;469;4472;144;17539;2031;19714;11;313;188;512;397;110648;3295;114340;"2025-09-25 11:24:37"
3327;"2021-08-01";115;228;47683;296;48207;100;1859;689;2648;231;11571;744;12546;10;178;86;274;569;61291;1815;63675;"2025-09-25 11:24:37"
3328;"2021-08-01";116;172;47814;509;48495;76;2174;756;3006;202;13541;5614;19357;9;227;387;623;459;63756;7266;71481;"2025-09-25 11:24:37"
3329;"2021-08-01";117;80;16827;130;17037;76;824;118;1018;150;6173;4462;10785;5;112;512;629;311;23936;5222;29469;"2025-09-25 11:24:37"
3330;"2021-08-01";118;76;94720;1149;95945;57;3182;505;3744;72;10225;1993;12290;8;194;146;348;213;108321;3793;112327;"2025-09-25 11:24:37"
3331;"2021-08-01";119;45;173619;2441;176105;34;4105;702;4841;41;11780;3185;15006;7;322;182;511;127;189826;6510;196463;"2025-09-25 11:24:37"
3332;"2021-08-01";120;18;138918;1093;140029;7;2124;203;2334;23;5009;1275;6307;1;137;30;168;49;146188;2601;148838;"2025-09-25 11:24:37"
3333;"2021-08-01";121;336;108126;1535;109997;177;4293;1258;5728;240;20506;4527;25273;16;461;449;926;769;133386;7769;141924;"2025-09-25 11:24:37"
3334;"2021-08-01";122;107;57843;455;58405;93;1552;130;1775;89;6047;2011;8147;10;87;324;421;299;65529;2920;68748;"2025-09-25 11:24:37"
3335;"2021-08-01";123;246;141839;2102;144187;255;5242;456;5953;204;17855;2607;20666;29;324;259;612;734;165260;5424;171418;"2025-09-25 11:24:37"
3336;"2021-08-01";124;188;93404;895;94487;81;3655;596;4332;125;17762;4275;22162;14;292;489;795;408;115113;6255;121776;"2025-09-25 11:24:37"
3337;"2021-08-01";125;233;185277;2657;188167;96;6052;2505;8653;179;28729;5258;34166;20;396;271;687;528;220454;10691;231673;"2025-09-25 11:24:37"
3338;"2021-08-01";126;318;249411;3355;253084;169;8418;1722;10309;237;33739;6530;40506;22;549;915;1486;746;292117;12522;305385;"2025-09-25 11:24:37"
3339;"2021-08-01";127;163;63624;6613;70400;72;3228;780;4080;142;20176;2674;22992;13;251;381;645;390;87279;10448;98117;"2025-09-25 11:24:37"
3340;"2021-08-01";128;173;110471;632;111276;81;2897;343;3321;134;15423;1967;17524;10;211;146;367;398;129002;3088;132488;"2025-09-25 11:24:37"
3341;"2021-08-01";129;367;388185;2796;391348;205;11173;2696;14074;298;58164;6631;65093;60;1102;520;1682;930;458624;12643;472197;"2025-09-25 11:24:37"
3343;"2021-08-01";238;145;88422;2380;90947;130;2929;534;3593;235;17508;1401;19144;25;270;354;649;535;109129;4669;114333;"2025-09-25 11:24:37"
3344;"2021-08-01";214;66;18504;219;18789;60;825;76;961;92;7079;205;7376;7;74;73;154;225;26482;573;27280;"2025-09-25 11:24:37"
3345;"2021-08-01";240;105;37411;668;38184;74;1395;160;1629;118;6829;431;7378;10;117;197;324;307;45752;1456;47515;"2025-09-25 11:24:37"
3346;"2021-08-01";241;111;24725;446;25282;100;914;112;1126;180;6546;171;6897;5;79;34;118;396;32264;763;33423;"2025-09-25 11:24:37"
3347;"2021-08-01";242;107;31775;892;32774;88;1260;136;1484;101;5482;272;5855;6;106;89;201;302;38623;1389;40314;"2025-09-25 11:24:37"
3348;"2021-08-01";243;50;8422;55;8527;50;350;29;429;94;3292;40;3426;5;36;11;52;199;12100;135;12434;"2025-09-25 11:24:37"
3349;"2021-08-01";244;44;11599;166;11809;34;451;29;514;107;4018;75;4200;6;54;22;82;191;16122;292;16605;"2025-09-25 11:24:37"
3350;"2021-08-01";245;124;14339;125;14588;79;733;59;871;120;6104;130;6354;6;72;47;125;329;21248;361;21938;"2025-09-25 11:24:37"
3351;"2021-08-01";246;205;146122;2659;148986;147;4895;553;5595;212;25624;2056;27892;20;388;317;725;584;177029;5585;183198;"2025-09-25 11:24:37"
3352;"2021-08-01";247;51;13395;126;13572;48;549;67;664;112;4817;81;5010;5;63;26;94;216;18824;300;19340;"2025-09-25 11:24:37"
3353;"2021-08-01";248;103;13838;211;14152;83;657;71;811;136;6113;162;6411;12;66;28;106;334;20674;472;21480;"2025-09-25 11:24:37"
3354;"2021-08-01";249;53;16477;135;16665;56;821;37;914;124;6837;129;7090;9;60;19;88;242;24195;320;24757;"2025-09-25 11:24:37"
3355;"2021-08-01";250;283;112386;2522;115191;268;3523;624;4415;266;17848;2717;20831;16;343;380;739;833;134100;6243;141176;"2025-09-25 11:24:37"
3356;"2021-08-01";251;57;15813;426;16296;55;695;158;908;102;3319;134;3555;7;81;41;129;221;19908;759;20888;"2025-09-25 11:24:37"
3357;"2021-08-01";252;91;16441;267;16799;79;816;61;956;110;8322;127;8559;12;57;34;103;292;25636;489;26417;"2025-09-25 11:24:37"
3358;"2021-08-01";253;120;26359;218;26697;105;1403;291;1799;181;11256;434;11871;20;100;76;196;426;39118;1019;40563;"2025-09-25 11:24:37"
3359;"2021-08-01";254;53;9517;69;9639;62;351;52;465;101;3190;45;3336;10;41;20;71;226;13099;186;13511;"2025-09-25 11:24:37"
3360;"2021-08-01";255;75;17891;383;18349;61;941;60;1062;109;8101;233;8443;9;65;54;128;254;26998;730;27982;"2025-09-25 11:24:37"
3362;"2021-08-01";131;70;14377;78;14525;53;811;47;911;79;7635;250;7964;8;55;29;92;210;22878;404;23492;"2025-09-25 11:24:37"
3363;"2021-08-01";132;66;10333;113;10512;46;502;66;614;108;4787;379;5274;4;42;226;272;224;15664;784;16672;"2025-09-25 11:24:37"
3364;"2021-08-01";133;68;11376;148;11592;56;647;89;792;99;6076;712;6887;12;56;73;141;235;18155;1022;19412;"2025-09-25 11:24:37"
3365;"2021-08-01";134;75;16234;132;16441;54;758;96;908;114;7865;147;8126;8;65;29;102;251;24922;404;25577;"2025-09-25 11:24:37"
3366;"2021-08-01";135;76;18928;365;19369;53;887;93;1033;80;7564;613;8257;7;66;79;152;216;27445;1150;28811;"2025-09-25 11:24:37"
3367;"2021-08-01";136;73;43129;268;43470;64;2235;215;2514;95;13123;1314;14532;10;144;147;301;242;58631;1944;60817;"2025-09-25 11:24:37"
3368;"2021-08-01";137;104;51983;752;52839;77;1937;177;2191;152;13316;1660;15128;6;199;842;1047;339;67435;3431;71205;"2025-09-25 11:24:37"
3369;"2021-08-01";138;33;15514;132;15679;22;615;31;668;30;3087;540;3657;4;56;44;104;89;19272;747;20108;"2025-09-25 11:24:37"
3370;"2021-08-01";139;68;40104;235;40407;61;1611;86;1758;79;8769;892;9740;6;109;76;191;214;50593;1289;52096;"2025-09-25 11:24:37"
3371;"2021-08-01";140;1;8;0;9;0;3;0;3;0;8;0;8;0;0;0;0;1;19;0;20;"2025-09-25 11:24:37"
3372;"2021-08-01";141;210;78819;1057;80086;118;2441;394;2953;173;11615;966;12754;15;201;241;457;516;93076;2658;96250;"2025-09-25 11:24:37"
3373;"2021-08-01";142;65;88521;1532;90118;109;2303;853;3265;62;10893;1735;12690;4;225;215;444;240;101942;4335;106517;"2025-09-25 11:24:37"
3374;"2021-08-01";143;131;87020;1908;89059;93;2765;465;3323;115;13468;1900;15483;4;260;204;468;343;103513;4477;108333;"2025-09-25 11:24:37"
3375;"2021-08-01";144;127;112691;4490;117308;84;3313;702;4099;130;15066;1967;17163;14;327;297;638;355;131397;7456;139208;"2025-09-25 11:24:37"
3376;"2021-08-01";145;188;87484;4881;92553;145;3199;422;3766;244;19447;1690;21381;22;314;285;621;599;110444;7278;118321;"2025-09-25 11:24:37"
3378;"2021-08-01";147;59;19959;63;20081;30;661;107;798;60;1846;346;2252;8;50;30;88;157;22516;546;23219;"2025-09-25 11:24:37"
3379;"2021-08-01";148;221;39857;1430;41508;123;1753;348;2224;210;12321;640;13171;23;139;109;271;577;54070;2527;57174;"2025-09-25 11:24:37"
3380;"2021-08-01";149;64;19125;1235;20424;38;1089;282;1409;86;8274;571;8931;7;70;59;136;195;28558;2147;30900;"2025-09-25 11:24:37"
3381;"2021-08-01";150;141;43489;858;44488;85;2249;379;2713;162;14993;1060;16215;27;126;73;226;415;60857;2370;63642;"2025-09-25 11:24:37"
3382;"2021-08-01";151;141;75732;611;76484;76;2646;343;3065;164;17713;2263;20140;13;293;794;1100;394;96384;4011;100789;"2025-09-25 11:24:37"
3383;"2021-08-01";152;123;38432;477;39032;75;1529;172;1776;180;12344;545;13069;29;121;156;306;407;52426;1350;54183;"2025-09-25 11:24:37"
3384;"2021-08-01";153;98;22129;440;22667;60;1191;338;1589;129;10952;374;11455;10;77;55;142;297;34349;1207;35853;"2025-09-25 11:24:37"
3385;"2021-08-01";154;153;75243;924;76320;83;2741;503;3327;159;17882;1740;19781;18;241;397;656;413;96107;3564;100084;"2025-09-25 11:24:37"
3386;"2021-08-01";155;79;18759;151;18989;39;783;116;938;109;7401;498;8008;9;66;77;152;236;27009;842;28087;"2025-09-25 11:24:37"
3387;"2021-08-01";156;177;144331;2495;147003;134;5174;568;5876;174;22282;3318;25774;40;416;357;813;525;172203;6738;179466;"2025-09-25 11:24:37"
3388;"2021-08-01";157;121;30472;308;30901;105;1459;316;1880;174;11219;686;12079;13;126;107;246;413;43276;1417;45106;"2025-09-25 11:24:37"
3389;"2021-08-01";158;98;108570;1594;110262;71;4227;602;4900;106;18346;2520;20972;10;303;370;683;285;131446;5086;136817;"2025-09-25 11:24:37"
3390;"2021-08-01";159;154;172135;2251;174540;133;5098;887;6118;218;20063;2161;22442;20;390;261;671;525;197686;5560;203771;"2025-09-25 11:24:37"
3391;"2021-08-01";160;73;10590;73;10736;52;517;66;635;120;5710;613;6443;11;59;79;149;256;16876;831;17963;"2025-09-25 11:24:37"
3392;"2021-08-01";161;79;23083;195;23357;43;1078;90;1211;172;9992;245;10409;17;98;40;155;311;34251;570;35132;"2025-09-25 11:24:37"
3393;"2021-08-01";162;163;39613;318;40094;90;1546;225;1861;143;11985;766;12894;23;152;127;302;419;53296;1436;55151;"2025-09-25 11:24:37"
3395;"2021-08-01";257;102;18860;184;19146;60;1354;91;1505;130;10254;268;10652;7;79;40;126;299;30547;583;31429;"2025-09-25 11:24:37"
3396;"2021-08-01";258;197;109149;2173;111519;120;3509;538;4167;205;18520;3051;21776;19;278;654;951;541;131456;6416;138413;"2025-09-25 11:24:37"
3397;"2021-08-01";259;109;30716;628;31453;64;1555;164;1783;105;12964;1030;14099;7;198;106;311;285;45433;1928;47646;"2025-09-25 11:24:37"
3398;"2021-08-01";260;131;27409;3196;30736;94;1311;251;1656;166;12231;435;12832;16;126;61;203;407;41077;3943;45427;"2025-09-25 11:24:37"
3399;"2021-08-01";261;66;8211;56;8333;38;460;59;557;86;4156;247;4489;4;32;36;72;194;12859;398;13451;"2025-09-25 11:24:37"
3400;"2021-08-01";262;78;18086;193;18357;61;915;134;1110;110;8363;252;8725;10;76;41;127;259;27440;620;28319;"2025-09-25 11:24:37"
3401;"2021-08-01";263;63;9246;58;9367;59;428;19;506;100;4911;59;5070;7;36;13;56;229;14621;149;14999;"2025-09-25 11:24:37"
3402;"2021-08-01";264;100;38381;306;38787;107;1680;477;2264;182;11660;2231;14073;23;135;179;337;412;51856;3193;55461;"2025-09-25 11:24:37"
3403;"2021-08-01";265;162;108069;2001;110232;128;4466;497;5091;206;23694;3051;26951;13;270;381;664;509;136499;5930;142938;"2025-09-25 11:24:37"
3404;"2021-08-01";266;68;9061;63;9192;47;449;69;565;103;4690;269;5062;3;42;28;73;221;14242;429;14892;"2025-09-25 11:24:37"
3405;"2021-08-01";267;66;7499;32;7597;44;370;16;430;120;4289;112;4521;7;36;17;60;237;12194;177;12608;"2025-09-25 11:24:37"
3406;"2021-08-01";268;142;149669;3317;153128;103;3982;935;5020;90;18835;2345;21270;9;378;366;753;344;172864;6963;180171;"2025-09-25 11:24:37"
3407;"2021-08-01";269;275;132374;1981;134630;231;3673;571;4475;229;16098;1352;17679;23;199;239;461;758;152344;4143;157245;"2025-09-25 11:24:37"
3408;"2021-08-01";270;114;38405;2425;40944;102;1749;197;2048;134;14573;842;15549;7;192;111;310;357;54919;3575;58851;"2025-09-25 11:24:37"
3409;"2021-08-01";271;96;8801;44;8941;52;441;88;581;104;4791;93;4988;9;49;9;67;261;14082;234;14577;"2025-09-25 11:24:37"
3411;"2021-08-01";164;67;11657;173;11897;56;591;102;749;92;6343;756;7191;10;67;43;120;225;18658;1074;19957;"2025-09-25 11:24:37"
3412;"2021-08-01";165;87;19130;184;19401;76;1121;106;1303;135;11939;277;12351;6;69;33;108;304;32259;600;33163;"2025-09-25 11:24:37"
3413;"2021-08-01";166;61;9612;162;9835;37;446;68;551;64;4799;415;5278;0;41;62;103;162;14898;707;15767;"2025-09-25 11:24:37"
3414;"2021-08-01";167;85;67824;612;68521;64;2336;276;2676;86;13307;3479;16872;14;385;1631;2030;249;83852;5998;90099;"2025-09-25 11:24:37"
3415;"2021-08-01";168;48;8703;435;9186;32;462;62;556;58;3925;210;4193;1;44;21;66;139;13134;728;14001;"2025-09-25 11:24:37"
3416;"2021-08-01";169;140;48342;880;49362;119;2027;365;2511;194;14932;1635;16761;16;248;258;522;469;65549;3138;69156;"2025-09-25 11:24:37"
3417;"2021-08-01";170;89;18582;243;18914;45;846;267;1158;84;7726;933;8743;11;105;157;273;229;27259;1600;29088;"2025-09-25 11:24:37"
3418;"2021-08-01";171;130;78377;2341;80848;117;3061;429;3607;150;13034;2332;15516;8;236;366;610;405;94708;5468;100581;"2025-09-25 11:24:37"
3419;"2021-08-01";172;198;35940;144;36282;199;1585;50;1834;157;11088;784;12029;13;132;89;234;567;48745;1067;50379;"2025-09-25 11:24:37"
3420;"2021-08-01";173;68;13200;14235;27503;49;795;381;1225;95;7646;354;8095;5;59;45;109;217;21700;15015;36932;"2025-09-25 11:24:37"
3421;"2021-08-01";174;167;115596;1749;117512;133;3464;689;4286;185;22127;1919;24231;12;311;897;1220;497;141498;5254;147249;"2025-09-25 11:24:37"
3422;"2021-08-01";175;98;12071;67982;80151;54;665;1628;2347;169;8656;445;9270;1;144;32;177;322;21536;70087;91945;"2025-09-25 11:24:37"
3423;"2021-08-01";176;189;107072;2307;109568;143;3666;694;4503;183;20899;3406;24488;16;311;818;1145;531;131948;7225;139704;"2025-09-25 11:24:37"
3424;"2021-08-01";177;67;19099;146;19312;39;842;92;973;94;7837;483;8414;6;74;40;120;206;27852;761;28819;"2025-09-25 11:24:37"
3425;"2021-08-01";178;89;21761;1839;23689;57;1243;153;1453;111;10353;711;11175;8;155;123;286;265;33512;2826;36603;"2025-09-25 11:24:37"
3426;"2021-08-01";179;110;15278;221;15609;56;768;108;932;107;9322;196;9625;12;84;20;116;285;25452;545;26282;"2025-09-25 11:24:37"
3427;"2021-08-01";180;78;17962;270;18310;38;806;96;940;79;7749;802;8630;3;96;88;187;198;26613;1256;28067;"2025-09-25 11:24:37"
3428;"2021-08-01";181;81;12530;79;12690;70;615;49;734;99;6873;287;7259;7;52;25;84;257;20070;440;20767;"2025-09-25 11:24:37"
3429;"2021-08-01";182;59;10384;96;10539;42;581;54;677;63;6038;123;6224;1;44;18;63;165;17047;291;17503;"2025-09-25 11:24:37"
3430;"2021-08-01";183;62;11303;31291;42656;49;569;628;1246;83;6215;171;6469;10;61;18;89;204;18148;32108;50460;"2025-09-25 11:24:37"
3431;"2021-08-01";184;113;23090;24456;47659;74;1700;378;2152;127;14749;234;15110;17;93;29;139;331;39632;25097;65060;"2025-09-25 11:24:37"
3432;"2021-08-01";185;87;23841;411;24339;47;1037;1129;2213;88;7937;488;8513;6;97;142;245;228;32912;2170;35310;"2025-09-25 11:24:37"
3434;"2021-08-01";187;113;113658;1038;114809;79;3346;392;3817;123;21882;2698;24703;8;261;400;669;323;139147;4528;143998;"2025-09-25 11:24:37"
3435;"2021-08-01";188;204;112425;1759;114388;148;4052;555;4755;226;25040;1927;27193;12;377;361;750;590;141894;4602;147086;"2025-09-25 11:24:37"
3436;"2021-08-01";189;58;13430;38;13526;34;697;49;780;65;6258;558;6881;11;65;36;112;168;20450;681;21299;"2025-09-25 11:24:37"
3437;"2021-08-01";190;197;182298;2490;184985;111;5684;805;6600;230;25329;3544;29103;13;403;438;854;551;213714;7277;221542;"2025-09-25 11:24:37"
3438;"2021-08-01";44;43;9207;35;9285;42;431;18;491;42;5150;191;5383;1;42;58;101;128;14830;302;15260;"2025-09-25 11:24:37"
3439;"2021-08-01";192;143;55183;637;55963;84;2225;256;2565;155;17147;943;18245;11;160;136;307;393;74715;1972;77080;"2025-09-25 11:24:37"
3440;"2021-08-01";193;87;25782;392;26261;60;1282;125;1467;123;9802;250;10175;8;94;73;175;278;36960;840;38078;"2025-09-25 11:24:37"
3441;"2021-08-01";194;89;10685;61;10835;41;467;37;545;70;6823;88;6981;2;56;15;73;202;18031;201;18434;"2025-09-25 11:24:37"
3442;"2021-08-01";195;119;34703;439;35261;96;1735;247;2078;166;16582;1015;17763;11;146;153;310;392;53166;1854;55412;"2025-09-25 11:24:37"
3443;"2021-08-01";196;63;18974;158;19195;47;843;35;925;86;10838;949;11873;5;100;150;255;201;30755;1292;32248;"2025-09-25 11:24:37"
3444;"2021-08-01";197;209;61285;981;62475;230;2282;284;2796;262;18922;1232;20416;41;210;223;474;742;82699;2720;86161;"2025-09-25 11:24:37"
3445;"2021-08-01";198;79;12330;124;12533;51;655;56;762;114;5949;109;6172;8;41;22;71;252;18975;311;19538;"2025-09-25 11:24:37"
3446;"2021-08-01";199;53;5740;34;5827;33;302;27;362;53;3727;50;3830;1;25;5;31;140;9794;116;10050;"2025-09-25 11:24:37"
3447;"2021-08-01";200;127;39245;506;39878;77;1731;160;1968;142;14323;723;15188;30;175;131;336;376;55474;1520;57370;"2025-09-25 11:24:37"
3448;"2021-08-01";201;117;42345;480;42942;77;1841;249;2167;130;15736;1527;17393;8;182;329;519;332;60104;2585;63021;"2025-09-25 11:24:37"
3449;"2021-08-01";202;93;21323;185;21601;58;778;77;913;98;8148;192;8438;19;85;36;140;268;30334;490;31092;"2025-09-25 11:24:37"
3450;"2021-08-01";203;69;3645;363;4077;18;238;192;448;65;1300;31;1396;6;17;2;25;158;5200;588;5946;"2025-09-25 11:24:37"
3451;"2021-08-01";204;121;19149;140;19410;64;680;79;823;121;6487;106;6714;7;97;30;134;313;26413;355;27081;"2025-09-25 11:24:37"
3452;"2021-08-01";205;73;18227;89;18389;87;914;76;1077;141;11678;828;12647;10;76;102;188;311;30895;1095;32301;"2025-09-25 11:24:37"
3453;"2021-08-01";206;85;16603;141;16829;42;669;46;757;87;7593;503;8183;8;67;83;158;222;24932;773;25927;"2025-09-25 11:24:37"
3454;"2021-08-01";207;62;9460;41;9563;62;449;45;556;73;5803;104;5980;3;54;14;71;200;15766;204;16170;"2025-09-25 11:24:37"
3455;"2021-08-01";208;119;54073;301;54493;64;1990;412;2466;111;12379;1423;13913;10;158;242;410;304;68600;2378;71282;"2025-09-25 11:24:37"
3456;"2021-08-01";209;145;101188;1277;102610;96;3211;751;4058;207;17195;4534;21936;12;292;1783;2087;460;121886;8345;130691;"2025-09-25 11:24:37"
3457;"2021-08-01";210;137;119527;2182;121846;83;3323;352;3758;91;17616;930;18637;16;268;281;565;327;140734;3745;144806;"2025-09-25 11:24:37"
3459;"2021-08-01";212;122;91136;1060;92318;98;3205;504;3807;135;11743;406;12284;11;210;149;370;366;106294;2119;108779;"2025-09-25 11:24:37"
3460;"2021-08-01";213;92;22568;199;22859;66;925;174;1165;101;8954;247;9302;11;62;168;241;270;32509;788;33567;"2025-09-25 11:24:37"
3462;"2021-08-01";215;237;228648;2307;231192;176;7053;600;7829;220;40077;3880;44177;28;504;551;1083;661;276282;7338;284281;"2025-09-25 11:24:37"
3463;"2021-08-01";216;90;13283;163;13536;56;590;121;767;119;6039;139;6297;6;50;28;84;271;19962;451;20684;"2025-09-25 11:24:37"
3464;"2021-08-01";217;118;40964;463;41545;96;1548;193;1837;107;13499;2606;16212;11;129;638;778;332;56140;3900;60372;"2025-09-25 11:24:37"
3465;"2021-08-01";218;97;44376;659;45132;72;1614;247;1933;132;10450;502;11084;11;125;117;253;312;56565;1525;58402;"2025-09-25 11:24:37"
3466;"2021-08-01";219;89;12587;122;12798;62;563;54;679;87;7032;466;7585;6;124;137;267;244;20306;779;21329;"2025-09-25 11:24:37"
3467;"2021-08-01";220;160;140368;1128;141656;102;4625;819;5546;138;21819;6718;28675;14;450;1600;2064;414;167262;10265;177941;"2025-09-25 11:24:37"
3468;"2021-08-01";221;61;9680;67;9808;50;425;52;527;86;4495;550;5131;6;35;97;138;203;14635;766;15604;"2025-09-25 11:24:37"
3469;"2021-08-01";222;211;135832;2561;138604;178;3769;1039;4986;234;26340;2305;28879;19;339;404;762;642;166280;6309;173231;"2025-09-25 11:24:37"
3470;"2021-08-01";223;72;24281;186;24539;72;1125;101;1298;87;10066;379;10532;8;114;62;184;239;35586;728;36553;"2025-09-25 11:24:37"
3471;"2021-08-01";224;122;83140;1297;84559;63;2142;510;2715;137;10640;925;11702;9;87;141;237;331;96009;2873;99213;"2025-09-25 11:24:37"
3472;"2021-08-01";225;79;82759;2621;85459;36;2145;449;2630;61;11014;1585;12660;2;135;230;367;178;96053;4885;101116;"2025-09-25 11:24:37"
3473;"2021-08-01";226;246;134662;47997;182905;228;2443;1128;3799;160;10395;913;11468;12;154;181;347;646;147654;50219;198519;"2025-09-25 11:24:37"
3474;"2021-08-01";227;166;96909;1663;98738;153;2671;252;3076;99;16672;1290;18061;7;201;326;534;425;116453;3531;120409;"2025-09-25 11:24:37"
3475;"2021-08-01";228;87;82634;721;83442;36;2221;172;2429;84;7609;743;8436;7;191;201;399;214;92655;1837;94706;"2025-09-25 11:24:37"
3476;"2021-08-01";229;103;41650;769;42522;84;1914;246;2244;123;8753;311;9187;7;99;74;180;317;52416;1400;54133;"2025-09-25 11:24:37"
3477;"2021-08-01";230;61;15783;102;15946;59;594;40;693;97;7648;167;7912;5;43;81;129;222;24068;390;24680;"2025-09-25 11:24:37"
3478;"2021-08-01";231;69;31626;20231;51926;52;1192;343;1587;64;10108;524;10696;6;198;219;423;191;43124;21317;64632;"2025-09-25 11:24:37"
3479;"2021-08-01";232;46;12697;178;12921;54;536;92;682;109;6306;147;6562;6;63;19;88;215;19602;436;20253;"2025-09-25 11:24:37"
3480;"2021-08-01";233;82;14789;107;14978;57;642;73;772;131;7898;386;8415;9;54;55;118;279;23383;621;24283;"2025-09-25 11:24:37"
3482;"2021-08-01";235;265;73818;1159;75242;151;3192;150;3493;339;27194;549;28082;38;213;125;376;793;104417;1983;107193;"2025-09-25 11:24:37"
3483;"2021-08-01";236;567;227675;240318;468560;337;7790;6814;14941;681;50124;3201;54006;39;709;519;1267;1624;286298;250852;538774;"2025-09-25 11:24:37"
3485;"2021-09-01";1;154;199592;16890;216636;52;4456;629;5137;177;13567;1576;15320;15;242;147;404;398;217857;19242;237497;"2025-09-25 11:24:43"
3486;"2021-09-01";2;99;127111;5207;132417;42;3755;671;4468;153;12603;2476;15232;5;155;235;395;299;143624;8589;152512;"2025-09-25 11:24:43"
3487;"2021-09-01";3;107;60963;2153;63223;65;2586;719;3370;132;7343;1266;8741;13;87;101;201;317;70979;4239;75535;"2025-09-25 11:24:43"
3488;"2021-09-01";4;108;63739;1201;65048;78;1837;169;2084;116;15299;1982;17397;9;295;474;778;311;81170;3826;85307;"2025-09-25 11:24:43"
3489;"2021-09-01";5;95;99473;3004;102572;49;3684;317;4050;150;9528;2099;11777;11;135;177;323;305;112820;5597;118722;"2025-09-25 11:24:43"
3490;"2021-09-01";6;85;79843;3051;82979;43;2545;389;2977;165;10415;1581;12161;7;70;232;309;300;92873;5253;98426;"2025-09-25 11:24:43"
3491;"2021-09-01";7;103;112697;8873;121673;63;4776;635;5474;131;14163;2696;16990;13;265;158;436;310;131901;12362;144573;"2025-09-25 11:24:43"
3492;"2021-09-01";8;45;69351;3388;72784;21;3197;480;3698;70;10817;2278;13165;5;118;118;241;141;83483;6264;89888;"2025-09-25 11:24:43"
3493;"2021-09-01";9;89;128491;5652;134232;52;3943;861;4856;168;10411;2116;12695;9;154;261;424;318;142999;8890;152207;"2025-09-25 11:24:43"
3494;"2021-09-01";10;88;76688;4551;81327;50;2838;548;3436;131;8500;1990;10621;11;124;164;299;280;88150;7253;95683;"2025-09-25 11:24:43"
3495;"2021-09-01";11;104;79874;2541;82519;53;3099;145;3297;135;10041;2170;12346;10;110;96;216;302;93124;4952;98378;"2025-09-25 11:24:43"
3496;"2021-09-01";12;108;93301;1201;94610;52;2668;140;2860;144;7001;1222;8367;17;99;250;366;321;103069;2813;106203;"2025-09-25 11:24:43"
3497;"2021-09-01";13;102;100787;4396;105285;54;2967;602;3623;164;9639;2112;11915;19;184;155;358;339;113577;7265;121181;"2025-09-25 11:24:43"
3498;"2021-09-01";14;201;74666;3280;78147;104;2380;426;2910;137;6082;1878;8097;10;110;220;340;452;83238;5804;89494;"2025-09-25 11:24:43"
3499;"2021-09-01";15;206;152269;4972;157447;125;3437;762;4324;178;11030;4963;16171;12;222;158;392;521;166958;10855;178334;"2025-09-25 11:24:43"
3500;"2021-09-01";16;123;82519;9987;92629;44;2270;874;3188;161;8676;2108;10945;17;130;120;267;345;93595;13089;107029;"2025-09-25 11:24:43"
3501;"2021-09-01";17;95;103389;2230;105714;46;3362;1133;4541;147;8961;1706;10814;9;133;110;252;297;115845;5179;121321;"2025-09-25 11:24:43"
3502;"2021-09-01";18;128;202263;6467;208858;94;4680;1610;6384;155;25435;4981;30571;13;277;339;629;390;232655;13397;246442;"2025-09-25 11:24:43"
3503;"2021-09-01";19;115;127122;4550;131787;57;3661;773;4491;138;11693;2824;14655;8;198;424;630;318;142674;8571;151563;"2025-09-25 11:24:43"
3504;"2021-09-01";20;131;116953;3895;120979;54;4353;176;4583;174;15025;4270;19469;14;608;628;1250;373;136939;8969;146281;"2025-09-25 11:24:43"
3505;"2021-09-01";21;137;69462;996;70595;55;2079;61;2195;138;5327;1081;6546;9;85;39;133;339;76953;2177;79469;"2025-09-25 11:24:43"
3506;"2021-09-01";22;99;111123;3994;115216;45;3698;751;4494;140;10529;1927;12596;14;123;200;337;298;125473;6872;132643;"2025-09-25 11:24:43"
3507;"2021-09-01";23;1647;38939;789;41375;1663;1672;256;3591;357;3907;866;5130;85;61;62;208;3752;44579;1973;50304;"2025-09-25 11:24:43"
3508;"2021-09-01";63;113;87711;1165;88989;98;2105;291;2494;94;10339;781;11214;5;138;269;412;310;100293;2506;103109;"2025-09-25 11:24:43"
3509;"2021-09-01";25;76;88869;5773;94718;33;3628;557;4218;127;11991;2777;14895;15;154;322;491;251;104642;9429;114322;"2025-09-25 11:24:43"
3510;"2021-09-01";146;833;302320;243243;546396;489;10971;6929;18389;1024;77607;3758;82389;77;926;645;1648;2423;391824;254575;648822;"2025-09-25 11:24:43"
3512;"2021-09-01";28;97;67929;2826;70852;62;2416;757;3235;99;10145;3176;13420;12;126;674;812;270;80616;7433;88319;"2025-09-25 11:24:43"
3513;"2021-09-01";29;74;67458;894;68426;58;2306;502;2866;117;10622;1021;11760;9;171;199;379;258;80557;2616;83431;"2025-09-25 11:24:43"
3514;"2021-09-01";77;283;134259;3266;137808;200;2979;507;3686;223;16256;3115;19594;18;273;594;885;724;153767;7482;161973;"2025-09-25 11:24:43"
3515;"2021-09-01";57;65;55890;643;56598;42;1391;138;1571;77;4464;252;4793;5;106;42;153;189;61851;1075;63115;"2025-09-25 11:24:43"
3516;"2021-09-01";32;73;80103;1636;81812;30;2234;414;2678;65;10210;1404;11679;1;136;239;376;169;92683;3693;96545;"2025-09-25 11:24:43"
3517;"2021-09-01";33;121;105011;17872;123004;63;3160;495;3718;171;13286;2157;15614;10;158;505;673;365;121615;21029;143009;"2025-09-25 11:24:43"
3518;"2021-09-01";79;81;102541;1386;104008;41;2341;279;2661;88;10374;1418;11880;8;167;331;506;218;115423;3414;119055;"2025-09-25 11:24:43"
3519;"2021-09-01";35;89;65737;2861;68687;70;2437;309;2816;114;14778;2294;17186;10;182;329;521;283;83134;5793;89210;"2025-09-25 11:24:43"
3520;"2021-09-01";36;95;90697;3861;94653;53;3074;339;3466;108;13187;1880;15175;9;150;269;428;265;107108;6349;113722;"2025-09-25 11:24:43"
3521;"2021-09-01";60;270;182393;5308;187971;304;4860;292;5456;202;18918;2083;21203;28;335;463;826;804;206506;8146;215456;"2025-09-25 11:24:43"
3522;"2021-09-01";38;48;59374;35066;94488;25;1611;827;2463;79;5919;1165;7163;8;109;370;487;160;67013;37428;104601;"2025-09-25 11:24:43"
3523;"2021-09-01";39;280;81271;8030;89581;460;1839;568;2867;179;8321;2148;10648;27;146;702;875;946;91577;11448;103971;"2025-09-25 11:24:43"
3524;"2021-09-01";40;80;25903;1290;27273;50;1110;299;1459;85;4194;330;4609;9;44;52;105;224;31251;1971;33446;"2025-09-25 11:24:43"
3526;"2021-09-01";42;125;149125;12144;161394;61;3630;292;3983;129;13483;2012;15624;9;212;498;719;324;166450;14946;181720;"2025-09-25 11:24:43"
3529;"2021-09-01";46;192;236113;7825;244130;108;5387;764;6259;183;29949;5300;35432;9;376;570;955;492;271825;14459;286776;"2025-09-25 11:24:43"
3530;"2021-09-01";47;106;113263;1785;115154;113;3159;517;3789;275;19344;2595;22214;53;283;271;607;547;136049;5168;141764;"2025-09-25 11:24:43"
3534;"2021-09-01";51;170;188234;2858;191262;194;3443;659;4296;211;16763;1242;18216;11;284;168;463;586;208724;4927;214237;"2025-09-25 11:24:43"
3537;"2021-09-01";54;122;25067;15984;41173;60;1218;1348;2626;166;9395;739;10300;9;90;88;187;357;35770;18159;54286;"2025-09-25 11:24:43"
3538;"2021-09-01";55;104;94648;179385;274137;62;3765;3105;6932;110;21676;2540;24326;13;423;290;726;289;120512;185320;306121;"2025-09-25 11:24:43"
3539;"2021-09-01";56;305;222372;43367;266044;367;6120;1517;8004;166;29629;3288;33083;20;369;543;932;858;258490;48715;308063;"2025-09-25 11:24:43"
3541;"2021-09-01";58;178;136871;3601;140650;97;4807;143;5047;133;17289;4382;21804;17;316;916;1249;425;159283;9042;168750;"2025-09-25 11:24:43"
3542;"2021-09-01";59;133;190747;23859;214739;80;5555;1031;6666;108;23638;2806;26552;9;318;308;635;330;220258;28004;248592;"2025-09-25 11:24:43"
3544;"2021-09-01";61;164;183070;4746;187980;96;3553;769;4418;151;12131;2623;14905;10;265;412;687;421;199019;8550;207990;"2025-09-25 11:24:43"
3545;"2021-09-01";62;63;8026;97;8186;42;534;62;638;105;3647;56;3808;2;31;16;49;212;12238;231;12681;"2025-09-25 11:24:43"
3548;"2021-09-01";65;172;165667;3838;169677;136;4793;391;5320;187;26048;7545;33780;24;464;874;1362;519;196972;12648;210139;"2025-09-25 11:24:43"
3554;"2021-09-01";71;78;69411;1973;71462;43;2554;557;3154;104;13728;3865;17697;10;214;439;663;235;85907;6834;92976;"2025-09-25 11:24:43"
3557;"2021-09-01";74;124;159591;2205;161920;93;3574;316;3983;135;14775;2248;17158;13;395;292;700;365;178335;5061;183761;"2025-09-25 11:24:43"
3563;"2021-09-01";80;160;102049;1473;103682;85;2867;703;3655;159;19406;3999;23564;8;263;948;1219;412;124585;7123;132120;"2025-09-25 11:24:43"
3566;"2021-09-01";83;321;159108;805;160234;186;3604;470;4260;244;14754;1660;16658;50;426;167;643;801;177892;3102;181795;"2025-09-25 11:24:43"
3568;"2021-09-01";85;129;23577;190;23896;81;1280;177;1538;154;6410;186;6750;12;101;42;155;376;31368;595;32339;"2025-09-25 11:24:43"
3569;"2021-09-01";86;290;159024;1178;160492;165;4720;342;5227;188;19201;2238;21627;24;269;213;506;667;183214;3971;187852;"2025-09-25 11:24:43"
3570;"2021-09-01";87;104;110099;2480;112683;77;2899;858;3834;84;12757;1957;14798;10;239;178;427;275;125994;5473;131742;"2025-09-25 11:24:43"
3571;"2021-09-01";88;66;104328;2581;106975;28;2511;521;3060;32;9529;1354;10915;1;146;129;276;127;116514;4585;121226;"2025-09-25 11:24:43"
3572;"2021-09-01";89;468;23489;316;24273;119;562;21;702;124;1760;270;2154;19;33;10;62;730;25844;617;27191;"2025-09-25 11:24:43"
3573;"2021-09-01";90;116;86888;1672;88676;77;2873;484;3434;100;10640;2134;12874;9;131;151;291;302;100532;4441;105275;"2025-09-25 11:24:43"
3574;"2021-09-01";91;161;159277;808;160246;90;5560;2769;8419;118;29607;4523;34248;13;422;381;816;382;194866;8481;203729;"2025-09-25 11:24:43"
3575;"2021-09-01";92;78;59659;1119;60856;76;1866;304;2246;92;8709;1205;10006;12;127;138;277;258;70361;2766;73385;"2025-09-25 11:24:43"
3576;"2021-09-01";93;123;86172;811;87106;72;2521;158;2751;95;9413;3914;13422;8;149;292;449;298;98255;5175;103728;"2025-09-25 11:24:43"
3577;"2021-09-01";94;222;192624;1950;194796;115;5868;1584;7567;181;29345;3769;33295;8;485;727;1220;526;228322;8030;236878;"2025-09-25 11:24:43"
3578;"2021-09-01";95;324;253144;1934;255402;189;8630;1084;9903;215;42476;5126;47817;16;710;458;1184;744;304960;8602;314306;"2025-09-25 11:24:43"
3579;"2021-09-01";96;74;31390;745;32209;42;1455;64;1561;79;5413;600;6092;13;83;42;138;208;38341;1451;40000;"2025-09-25 11:24:43"
3580;"2021-09-01";97;266;250447;5301;256014;204;9235;1140;10579;206;35294;5468;40968;26;416;546;988;702;295392;12455;308549;"2025-09-25 11:24:43"
3581;"2021-09-01";101;175;175493;3484;179152;69;2891;1329;4289;113;8142;1970;10225;13;213;197;423;370;186739;6980;194089;"2025-09-25 11:24:43"
3582;"2021-09-01";102;176;66391;1027;67594;73;2383;227;2683;89;7812;1238;9139;16;133;140;289;354;76719;2632;79705;"2025-09-25 11:24:43"
3583;"2021-09-01";103;198;59633;2043;61874;52;2639;257;2948;95;9327;1539;10961;3;112;201;316;348;71711;4040;76099;"2025-09-25 11:24:43"
3584;"2021-09-01";104;129;165906;4192;170227;176;5588;1429;7193;150;19632;2796;22578;24;356;548;928;479;191482;8965;200926;"2025-09-25 11:24:43"
3585;"2021-09-01";105;97;137723;1433;139253;65;2600;85;2750;61;7047;1468;8576;1;204;127;332;224;147574;3113;150911;"2025-09-25 11:24:43"
3586;"2021-09-01";106;187;90485;1083;91755;160;3132;700;3992;103;8464;1964;10531;14;132;112;258;464;102213;3859;106536;"2025-09-25 11:24:43"
3587;"2021-09-01";107;280;63854;1216;65350;100;2620;118;2838;108;6630;1572;8310;22;128;98;248;510;73232;3004;76746;"2025-09-25 11:24:43"
3588;"2021-09-01";108;176;208193;1771;210140;108;7145;462;7715;157;36318;5567;42042;20;445;375;840;461;252101;8175;260737;"2025-09-25 11:24:43"
3589;"2021-09-01";109;169;128902;2943;132014;156;5664;1177;6997;210;22077;3673;25960;14;259;327;600;549;156902;8120;165571;"2025-09-25 11:24:43"
3590;"2021-09-01";110;81;120526;1637;122244;42;4605;636;5283;48;18921;2388;21357;3;301;362;666;174;144353;5023;149550;"2025-09-25 11:24:43"
3591;"2021-09-01";111;147;84227;712;85086;94;3413;484;3991;146;18417;3177;21740;13;794;265;1072;400;106851;4638;111889;"2025-09-25 11:24:43"
3592;"2021-09-01";112;142;104836;2286;107264;118;2551;685;3354;128;9286;3372;12786;13;184;148;345;401;116857;6491;123749;"2025-09-25 11:24:43"
3593;"2021-09-01";113;85;72409;1241;73735;29;2669;895;3593;39;9391;1619;11049;0;112;133;245;153;84581;3888;88622;"2025-09-25 11:24:43"
3594;"2021-09-01";114;154;89185;604;89943;88;3910;477;4475;144;17601;2045;19790;11;319;192;522;397;111015;3318;114730;"2025-09-25 11:24:43"
3595;"2021-09-01";115;229;47793;313;48335;100;1860;691;2651;243;11570;755;12568;10;183;86;279;582;61406;1845;63833;"2025-09-25 11:24:43"
3596;"2021-09-01";116;172;47870;510;48552;76;2179;750;3005;202;13591;5609;19402;9;232;388;629;459;63872;7257;71588;"2025-09-25 11:24:43"
3597;"2021-09-01";117;80;16810;128;17018;78;813;117;1008;152;6161;4504;10817;5;107;514;626;315;23891;5263;29469;"2025-09-25 11:24:43"
3598;"2021-09-01";118;76;94649;1143;95868;57;3152;504;3713;73;10211;1991;12275;8;203;146;357;214;108215;3784;112213;"2025-09-25 11:24:43"
3599;"2021-09-01";119;45;173978;2369;176392;34;4097;702;4833;41;11805;3197;15043;7;327;182;516;127;190207;6450;196784;"2025-09-25 11:24:43"
3600;"2021-09-01";120;18;138908;1061;139987;7;2120;205;2332;23;5019;1274;6316;1;146;30;177;49;146193;2570;148812;"2025-09-25 11:24:43"
3601;"2021-09-01";121;336;108332;1548;110216;177;4272;1277;5726;243;20561;4528;25332;16;478;448;942;772;133643;7801;142216;"2025-09-25 11:24:43"
3602;"2021-09-01";122;107;58015;453;58575;94;1561;129;1784;89;6058;2021;8168;10;88;322;420;300;65722;2925;68947;"2025-09-25 11:24:43"
3603;"2021-09-01";123;246;142103;2152;144501;255;5229;455;5939;204;17859;2622;20685;26;329;254;609;731;165520;5483;171734;"2025-09-25 11:24:43"
3604;"2021-09-01";124;188;93857;899;94944;81;3664;592;4337;125;17811;4285;22221;15;298;491;804;409;115630;6267;122306;"2025-09-25 11:24:43"
3605;"2021-09-01";125;231;186220;2668;189119;96;6042;2501;8639;178;28800;5298;34276;20;404;270;694;525;221466;10737;232728;"2025-09-25 11:24:43"
3606;"2021-09-01";126;314;251196;3403;254913;168;8450;1723;10341;236;33818;6552;40606;22;569;919;1510;740;294033;12597;307370;"2025-09-25 11:24:43"
3607;"2021-09-01";127;163;63751;6488;70402;72;3216;775;4063;142;20187;2698;23027;13;248;385;646;390;87402;10346;98138;"2025-09-25 11:24:43"
3608;"2021-09-01";128;173;111259;630;112062;81;2889;343;3313;134;15493;1977;17604;10;218;148;376;398;129859;3098;133355;"2025-09-25 11:24:43"
3609;"2021-09-01";129;367;389809;2801;392977;206;11181;2704;14091;298;58387;6640;65325;64;1139;522;1725;935;460516;12667;474118;"2025-09-25 11:24:43"
3611;"2021-09-01";238;143;88631;2374;91148;130;2931;527;3588;235;17505;1397;19137;25;274;358;657;533;109341;4656;114530;"2025-09-25 11:24:43"
3612;"2021-09-01";214;65;18523;217;18805;60;822;76;958;92;7066;204;7362;7;76;70;153;224;26487;567;27278;"2025-09-25 11:24:43"
3613;"2021-09-01";240;105;37529;661;38295;74;1395;162;1631;121;6805;437;7363;10;118;198;326;310;45847;1458;47615;"2025-09-25 11:24:43"
3614;"2021-09-01";241;111;24755;441;25307;100;915;111;1126;180;6564;170;6914;5;84;36;125;396;32318;758;33472;"2025-09-25 11:24:43"
3615;"2021-09-01";242;108;31849;924;32881;89;1252;134;1475;102;5471;272;5845;6;110;89;205;305;38682;1419;40406;"2025-09-25 11:24:43"
3616;"2021-09-01";243;49;8433;55;8537;50;350;29;429;95;3272;41;3408;5;37;11;53;199;12092;136;12427;"2025-09-25 11:24:43"
3617;"2021-09-01";244;44;11616;163;11823;34;449;29;512;107;4020;74;4201;6;55;22;83;191;16140;288;16619;"2025-09-25 11:24:43"
3618;"2021-09-01";245;125;14391;127;14643;79;732;59;870;120;6126;130;6376;6;73;47;126;330;21322;363;22015;"2025-09-25 11:24:43"
3619;"2021-09-01";246;205;146573;2646;149424;150;4869;546;5565;211;25640;2053;27904;20;396;317;733;586;177478;5562;183626;"2025-09-25 11:24:43"
3620;"2021-09-01";247;51;13424;128;13603;48;550;65;663;112;4809;81;5002;5;63;26;94;216;18846;300;19362;"2025-09-25 11:24:43"
3621;"2021-09-01";248;104;13826;213;14143;83;654;71;808;136;6124;162;6422;12;67;28;107;335;20671;474;21480;"2025-09-25 11:24:43"
3622;"2021-09-01";249;54;16485;136;16675;56;818;37;911;124;6850;129;7103;9;61;20;90;243;24214;322;24779;"2025-09-25 11:24:43"
3623;"2021-09-01";250;283;112808;2556;115647;269;3500;627;4396;264;17874;2725;20863;16;349;388;753;832;134531;6296;141659;"2025-09-25 11:24:43"
3624;"2021-09-01";251;57;15788;427;16272;55;691;159;905;103;3320;135;3558;7;82;41;130;222;19881;762;20865;"2025-09-25 11:24:43"
3625;"2021-09-01";252;91;16451;267;16809;79;812;63;954;110;8344;128;8582;12;60;33;105;292;25667;491;26450;"2025-09-25 11:24:43"
3626;"2021-09-01";253;120;26390;218;26728;106;1392;297;1795;182;11281;434;11897;20;99;77;196;428;39162;1026;40616;"2025-09-25 11:24:43"
3627;"2021-09-01";254;53;9536;69;9658;62;350;53;465;101;3209;45;3355;10;43;18;71;226;13138;185;13549;"2025-09-25 11:24:43"
3628;"2021-09-01";255;75;17925;378;18378;61;934;60;1055;109;8114;235;8458;9;68;54;131;254;27041;727;28022;"2025-09-25 11:24:43"
3630;"2021-09-01";131;70;14382;77;14529;53;802;47;902;79;7623;254;7956;8;55;29;92;210;22862;407;23479;"2025-09-25 11:24:43"
3631;"2021-09-01";132;66;10324;116;10506;46;497;69;612;108;4798;374;5280;4;43;225;272;224;15662;784;16670;"2025-09-25 11:24:43"
3632;"2021-09-01";133;68;11362;148;11578;58;640;89;787;99;6069;717;6885;12;55;73;140;237;18126;1027;19390;"2025-09-25 11:24:43"
3633;"2021-09-01";134;75;16236;132;16443;54;761;96;911;114;7853;147;8114;8;66;29;103;251;24916;404;25571;"2025-09-25 11:24:43"
3634;"2021-09-01";135;73;18959;366;19398;54;886;93;1033;79;7548;613;8240;7;65;79;151;213;27458;1151;28822;"2025-09-25 11:24:43"
3635;"2021-09-01";136;76;43223;269;43568;65;2247;211;2523;105;13146;1317;14568;10;146;146;302;256;58762;1943;60961;"2025-09-25 11:24:43"
3636;"2021-09-01";137;103;51982;749;52834;77;1933;179;2189;152;13313;1674;15139;6;206;841;1053;338;67434;3443;71215;"2025-09-25 11:24:43"
3637;"2021-09-01";138;33;15503;134;15670;22;613;30;665;30;3088;542;3660;4;58;44;106;89;19262;750;20101;"2025-09-25 11:24:43"
3638;"2021-09-01";139;68;40255;234;40557;61;1616;86;1763;80;8793;898;9771;6;114;77;197;215;50778;1295;52288;"2025-09-25 11:24:43"
3639;"2021-09-01";140;1;8;0;9;0;3;0;3;0;8;0;8;0;0;0;0;1;19;0;20;"2025-09-25 11:24:43"
3640;"2021-09-01";141;210;79004;1056;80270;118;2432;396;2946;175;11640;967;12782;15;207;241;463;518;93283;2660;96461;"2025-09-25 11:24:43"
3641;"2021-09-01";142;65;88492;1517;90074;109;2307;846;3262;62;10896;1745;12703;4;221;216;441;240;101916;4324;106480;"2025-09-25 11:24:43"
3642;"2021-09-01";143;131;87190;1910;89231;93;2794;466;3353;115;13526;1911;15552;5;269;205;479;344;103779;4492;108615;"2025-09-25 11:24:43"
3643;"2021-09-01";144;128;113016;4481;117625;84;3325;701;4110;130;15080;1967;17177;14;344;296;654;356;131765;7445;139566;"2025-09-25 11:24:43"
3644;"2021-09-01";145;188;87744;4903;92835;144;3206;427;3777;243;19513;1686;21442;22;314;286;622;597;110777;7302;118676;"2025-09-25 11:24:43"
3646;"2021-09-01";147;59;19969;63;20091;30;664;107;801;60;1870;350;2280;8;50;30;88;157;22553;550;23260;"2025-09-25 11:24:43"
3647;"2021-09-01";148;220;39886;1447;41553;123;1745;353;2221;211;12383;635;13229;23;141;109;273;577;54155;2544;57276;"2025-09-25 11:24:43"
3648;"2021-09-01";149;64;19126;1239;20429;39;1086;282;1407;85;8267;571;8923;7;68;60;135;195;28547;2152;30894;"2025-09-25 11:24:43"
3649;"2021-09-01";150;142;43626;856;44624;84;2250;374;2708;162;15028;1070;16260;27;129;74;230;415;61033;2374;63822;"2025-09-25 11:24:43"
3650;"2021-09-01";151;141;75945;615;76701;77;2643;342;3062;167;17751;2265;20183;13;304;795;1112;398;96643;4017;101058;"2025-09-25 11:24:43"
3651;"2021-09-01";152;124;38461;482;39067;75;1535;172;1782;180;12386;542;13108;29;124;155;308;408;52506;1351;54265;"2025-09-25 11:24:43"
3652;"2021-09-01";153;98;22108;435;22641;60;1198;339;1597;130;10927;372;11429;11;78;55;144;299;34311;1201;35811;"2025-09-25 11:24:43"
3653;"2021-09-01";154;159;75382;930;76471;85;2748;508;3341;159;17943;1763;19865;18;249;398;665;421;96322;3599;100342;"2025-09-25 11:24:43"
3654;"2021-09-01";155;79;18754;151;18984;38;781;115;934;109;7413;492;8014;9;66;76;151;235;27014;834;28083;"2025-09-25 11:24:43"
3655;"2021-09-01";156;178;144878;2482;147538;134;5151;565;5850;175;22383;3322;25880;40;421;355;816;527;172833;6724;180084;"2025-09-25 11:24:43"
3656;"2021-09-01";157;121;30485;309;30915;105;1450;316;1871;175;11153;691;12019;13;129;107;249;414;43217;1423;45054;"2025-09-25 11:24:43"
3657;"2021-09-01";158;99;108671;1581;110351;71;4213;594;4878;107;18364;2532;21003;10;302;370;682;287;131550;5077;136914;"2025-09-25 11:24:43"
3658;"2021-09-01";159;154;172468;2247;174869;133;5078;885;6096;219;20129;2177;22525;21;402;259;682;527;198077;5568;204172;"2025-09-25 11:24:43"
3659;"2021-09-01";160;75;10598;73;10746;53;519;66;638;120;5698;607;6425;11;59;79;149;259;16874;825;17958;"2025-09-25 11:24:43"
3660;"2021-09-01";161;79;23094;200;23373;43;1071;90;1204;174;9995;250;10419;17;99;40;156;313;34259;580;35152;"2025-09-25 11:24:43"
3661;"2021-09-01";162;163;39693;318;40174;89;1541;225;1855;146;11980;771;12897;23;153;119;295;421;53367;1433;55221;"2025-09-25 11:24:43"
3663;"2021-09-01";257;103;18875;184;19162;62;1360;91;1513;130;10246;270;10646;7;79;41;127;302;30560;586;31448;"2025-09-25 11:24:43"
3664;"2021-09-01";258;197;109256;2169;111622;120;3510;534;4164;205;18541;3044;21790;19;289;654;962;541;131596;6401;138538;"2025-09-25 11:24:43"
3665;"2021-09-01";259;109;30727;623;31459;64;1556;166;1786;106;13035;1040;14181;7;199;105;311;286;45517;1934;47737;"2025-09-25 11:24:43"
3666;"2021-09-01";260;132;27413;3114;30659;95;1305;242;1642;166;12224;437;12827;16;126;61;203;409;41068;3854;45331;"2025-09-25 11:24:43"
3667;"2021-09-01";261;65;8208;56;8329;38;462;59;559;86;4176;246;4508;4;35;36;75;193;12881;397;13471;"2025-09-25 11:24:43"
3668;"2021-09-01";262;78;18049;193;18320;61;912;129;1102;110;8363;247;8720;10;77;41;128;259;27401;610;28270;"2025-09-25 11:24:43"
3669;"2021-09-01";263;63;9266;58;9387;59;435;19;513;99;4905;59;5063;7;36;13;56;228;14642;149;15019;"2025-09-25 11:24:43"
3670;"2021-09-01";264;101;38451;304;38856;105;1680;467;2252;182;11665;2222;14069;23;140;178;341;411;51936;3171;55518;"2025-09-25 11:24:43"
3671;"2021-09-01";265;162;108174;1955;110291;128;4444;500;5072;207;23690;3057;26954;13;273;386;672;510;136581;5898;142989;"2025-09-25 11:24:43"
3672;"2021-09-01";266;66;9044;62;9172;47;444;69;560;102;4684;271;5057;3;44;28;75;218;14216;430;14864;"2025-09-25 11:24:43"
3673;"2021-09-01";267;67;7485;31;7583;44;367;16;427;119;4297;114;4530;7;35;16;58;237;12184;177;12598;"2025-09-25 11:24:43"
3674;"2021-09-01";268;143;149913;3302;153358;102;3959;932;4993;90;18882;2350;21322;9;378;368;755;344;173132;6952;180428;"2025-09-25 11:24:43"
3675;"2021-09-01";269;274;132520;1990;134784;230;3669;572;4471;228;16050;1353;17631;23;203;240;466;755;152442;4155;157352;"2025-09-25 11:24:43"
3676;"2021-09-01";270;113;38384;2402;40899;98;1737;191;2026;134;14558;848;15540;7;192;111;310;352;54871;3552;58775;"2025-09-25 11:24:43"
3677;"2021-09-01";271;95;8794;43;8932;52;440;90;582;102;4793;96;4991;9;49;9;67;258;14076;238;14572;"2025-09-25 11:24:43"
3679;"2021-09-01";164;67;11650;173;11890;56;592;102;750;91;6346;757;7194;10;66;42;118;224;18654;1074;19952;"2025-09-25 11:24:43"
3680;"2021-09-01";165;87;19097;182;19366;76;1119;106;1301;135;11967;272;12374;6;70;33;109;304;32253;593;33150;"2025-09-25 11:24:43"
3681;"2021-09-01";166;61;9597;159;9817;38;447;68;553;64;4793;435;5292;0;41;62;103;163;14878;724;15765;"2025-09-25 11:24:43"
3682;"2021-09-01";167;85;67766;611;68462;64;2323;276;2663;86;13342;3493;16921;14;389;1639;2042;249;83820;6019;90088;"2025-09-25 11:24:43"
3683;"2021-09-01";168;48;8725;420;9193;32;462;61;555;58;3923;209;4190;1;45;21;67;139;13155;711;14005;"2025-09-25 11:24:43"
3684;"2021-09-01";169;140;48445;868;49453;120;2018;364;2502;197;14936;1638;16771;16;260;262;538;473;65659;3132;69264;"2025-09-25 11:24:43"
3685;"2021-09-01";170;90;18668;249;19007;45;839;249;1133;84;7740;937;8761;11;105;161;277;230;27352;1596;29178;"2025-09-25 11:24:43"
3686;"2021-09-01";171;131;78279;2354;80764;117;3060;430;3607;150;12971;2331;15452;8;235;361;604;406;94545;5476;100427;"2025-09-25 11:24:43"
3687;"2021-09-01";172;195;36316;144;36655;198;1584;50;1832;152;11122;788;12062;13;136;92;241;558;49158;1074;50790;"2025-09-25 11:24:43"
3688;"2021-09-01";173;68;13222;13413;26703;50;790;355;1195;95;7658;354;8107;5;59;47;111;218;21729;14169;36116;"2025-09-25 11:24:43"
3689;"2021-09-01";174;167;115870;1742;117779;135;3452;687;4274;184;22174;1925;24283;12;322;902;1236;498;141818;5256;147572;"2025-09-25 11:24:43"
3690;"2021-09-01";175;98;12069;74692;86859;53;655;1859;2567;170;8668;449;9287;1;145;32;178;322;21537;77032;98891;"2025-09-25 11:24:43"
3691;"2021-09-01";176;189;107176;2297;109662;147;3671;694;4512;182;20921;3409;24512;16;317;816;1149;534;132085;7216;139835;"2025-09-25 11:24:43"
3692;"2021-09-01";177;67;19116;145;19328;39;845;92;976;93;7850;483;8426;6;78;40;124;205;27889;760;28854;"2025-09-25 11:24:43"
3693;"2021-09-01";178;89;21722;1720;23531;63;1230;153;1446;112;10338;713;11163;8;156;124;288;272;33446;2710;36428;"2025-09-25 11:24:43"
3694;"2021-09-01";179;110;15294;218;15622;56;768;107;931;105;9321;199;9625;12;86;20;118;283;25469;544;26296;"2025-09-25 11:24:43"
3695;"2021-09-01";180;79;17963;270;18312;38;808;77;923;79;7779;805;8663;3;98;88;189;199;26648;1240;28087;"2025-09-25 11:24:43"
3696;"2021-09-01";181;81;12516;79;12676;72;606;49;727;99;6897;288;7284;7;52;25;84;259;20071;441;20771;"2025-09-25 11:24:43"
3697;"2021-09-01";182;60;10378;92;10530;41;575;54;670;63;6058;124;6245;1;46;18;65;165;17057;288;17510;"2025-09-25 11:24:43"
3698;"2021-09-01";183;62;11326;31113;42501;50;568;624;1242;82;6225;174;6481;10;62;18;90;204;18181;31929;50314;"2025-09-25 11:24:43"
3699;"2021-09-01";184;112;23083;27769;50964;75;1681;397;2153;127;14746;234;15107;17;96;30;143;331;39606;28430;68367;"2025-09-25 11:24:43"
3700;"2021-09-01";185;87;23988;390;24465;47;1036;1128;2211;88;7943;482;8513;6;99;143;248;228;33066;2143;35437;"2025-09-25 11:24:43"
3702;"2021-09-01";187;113;113961;1025;115099;79;3333;388;3800;120;21884;2696;24700;10;264;404;678;322;139442;4513;144277;"2025-09-25 11:24:43"
3703;"2021-09-01";188;204;112674;1759;114637;148;4058;557;4763;225;25063;1929;27217;12;390;363;765;589;142185;4608;147382;"2025-09-25 11:24:43"
3704;"2021-09-01";189;58;13414;38;13510;34;695;49;778;64;6250;559;6873;11;66;36;113;167;20425;682;21274;"2025-09-25 11:24:43"
3705;"2021-09-01";190;197;182308;2505;185010;111;5638;804;6553;229;25346;3558;29133;13;424;437;874;550;213716;7304;221570;"2025-09-25 11:24:43"
3706;"2021-09-01";44;43;9224;35;9302;41;430;18;489;41;5150;193;5384;1;43;59;103;126;14847;305;15278;"2025-09-25 11:24:43"
3707;"2021-09-01";192;144;55374;633;56151;85;2218;255;2558;157;17177;945;18279;11;159;134;304;397;74928;1967;77292;"2025-09-25 11:24:43"
3708;"2021-09-01";193;87;25843;390;26320;60;1282;123;1465;123;9823;251;10197;8;97;73;178;278;37045;837;38160;"2025-09-25 11:24:43"
3709;"2021-09-01";194;89;10691;61;10841;41;466;37;544;70;6821;89;6980;2;58;15;75;202;18036;202;18440;"2025-09-25 11:24:43"
3710;"2021-09-01";195;120;34676;438;35234;95;1745;249;2089;167;16612;1019;17798;11;144;154;309;393;53177;1860;55430;"2025-09-25 11:24:43"
3711;"2021-09-01";196;64;18971;157;19192;47;846;35;928;84;10814;949;11847;5;98;148;251;200;30729;1289;32218;"2025-09-25 11:24:43"
3712;"2021-09-01";197;209;61290;978;62477;228;2284;285;2797;261;18963;1226;20450;41;220;223;484;739;82757;2712;86208;"2025-09-25 11:24:43"
3713;"2021-09-01";198;79;12333;121;12533;51;657;56;764;114;5952;109;6175;8;41;22;71;252;18983;308;19543;"2025-09-25 11:24:43"
3714;"2021-09-01";199;53;5744;34;5831;33;301;27;361;55;3735;50;3840;1;25;5;31;142;9805;116;10063;"2025-09-25 11:24:43"
3715;"2021-09-01";200;126;39326;504;39956;77;1727;158;1962;141;14374;721;15236;30;176;130;336;374;55603;1513;57490;"2025-09-25 11:24:43"
3716;"2021-09-01";201;117;42324;477;42918;78;1836;249;2163;133;15694;1525;17352;8;182;328;518;336;60036;2579;62951;"2025-09-25 11:24:43"
3717;"2021-09-01";202;94;21364;185;21643;58;774;76;908;98;8174;193;8465;19;85;38;142;269;30397;492;31158;"2025-09-25 11:24:43"
3718;"2021-09-01";203;69;3645;361;4075;19;239;192;450;66;1306;31;1403;6;18;2;26;160;5208;586;5954;"2025-09-25 11:24:43"
3719;"2021-09-01";204;121;19117;141;19379;62;672;79;813;121;6465;106;6692;7;97;30;134;311;26351;356;27018;"2025-09-25 11:24:43"
3720;"2021-09-01";205;73;18227;89;18389;87;915;75;1077;144;11703;821;12668;10;75;102;187;314;30920;1087;32321;"2025-09-25 11:24:43"
3721;"2021-09-01";206;85;16609;140;16834;42;668;46;756;87;7621;515;8223;8;68;87;163;222;24966;788;25976;"2025-09-25 11:24:43"
3722;"2021-09-01";207;61;9479;41;9581;61;446;45;552;72;5813;104;5989;3;56;15;74;197;15794;205;16196;"2025-09-25 11:24:43"
3723;"2021-09-01";208;121;54145;301;54567;64;1972;412;2448;108;12434;1430;13972;9;162;242;413;302;68713;2385;71400;"2025-09-25 11:24:43"
3724;"2021-09-01";209;144;101251;1286;102681;97;3201;753;4051;207;17197;4530;21934;12;302;1779;2093;460;121951;8348;130759;"2025-09-25 11:24:43"
3725;"2021-09-01";210;137;119713;2155;122005;84;3305;347;3736;91;17604;933;18628;16;273;280;569;328;140895;3715;144938;"2025-09-25 11:24:43"
3727;"2021-09-01";212;121;91213;1053;92387;100;3206;504;3810;135;11762;409;12306;11;207;153;371;367;106388;2119;108874;"2025-09-25 11:24:43"
3728;"2021-09-01";213;91;22592;196;22879;67;920;174;1161;101;8960;246;9307;11;64;167;242;270;32536;783;33589;"2025-09-25 11:24:43"
3730;"2021-09-01";215;242;228745;2300;231287;175;6999;598;7772;220;40067;3883;44170;28;518;552;1098;665;276329;7333;284327;"2025-09-25 11:24:43"
3731;"2021-09-01";216;90;13313;161;13564;57;588;120;765;119;6049;141;6309;6;48;28;82;272;19998;450;20720;"2025-09-25 11:24:43"
3732;"2021-09-01";217;118;40948;474;41540;96;1542;191;1829;108;13512;2622;16242;11;129;639;779;333;56131;3926;60390;"2025-09-25 11:24:43"
3733;"2021-09-01";218;98;44443;654;45195;74;1620;258;1952;132;10451;501;11084;11;125;115;251;315;56639;1528;58482;"2025-09-25 11:24:43"
3734;"2021-09-01";219;90;12587;120;12797;62;561;54;677;87;7063;466;7616;7;125;136;268;246;20336;776;21358;"2025-09-25 11:24:43"
3735;"2021-09-01";220;160;140863;1181;142204;102;4595;818;5515;138;21815;6726;28679;14;454;1605;2073;414;167727;10330;178471;"2025-09-25 11:24:43"
3736;"2021-09-01";221;61;9676;67;9804;50;423;52;525;84;4510;556;5150;6;35;96;137;201;14644;771;15616;"2025-09-25 11:24:43"
3737;"2021-09-01";222;211;136121;2542;138874;177;3751;1030;4958;235;26339;2306;28880;19;345;406;770;642;166556;6284;173482;"2025-09-25 11:24:43"
3738;"2021-09-01";223;69;24303;185;24557;67;1124;100;1291;83;10086;379;10548;8;117;63;188;227;35630;727;36584;"2025-09-25 11:24:43"
3739;"2021-09-01";224;122;82908;1296;84326;63;2133;509;2705;137;10623;930;11690;9;90;143;242;331;95754;2878;98963;"2025-09-25 11:24:43"
3740;"2021-09-01";225;79;82949;2658;85686;35;2131;450;2616;61;10981;1582;12624;2;139;230;371;177;96200;4920;101297;"2025-09-25 11:24:43"
3741;"2021-09-01";226;245;135240;48336;183821;228;2414;1130;3772;160;10375;926;11461;11;157;176;344;644;148186;50568;199398;"2025-09-25 11:24:43"
3742;"2021-09-01";227;165;96886;1638;98689;153;2660;255;3068;100;16621;1292;18013;7;206;330;543;425;116373;3515;120313;"2025-09-25 11:24:43"
3743;"2021-09-01";228;87;82960;721;83768;36;2213;171;2420;84;7612;752;8448;8;185;207;400;215;92970;1851;95036;"2025-09-25 11:24:43"
3744;"2021-09-01";229;100;41669;774;42543;84;1914;244;2242;124;8741;317;9182;7;100;76;183;315;52424;1411;54150;"2025-09-25 11:24:43"
3745;"2021-09-01";230;60;15764;102;15926;59;594;39;692;97;7600;167;7864;5;48;80;133;221;24006;388;24615;"2025-09-25 11:24:43"
3746;"2021-09-01";231;69;31574;20280;51923;52;1193;339;1584;64;10109;521;10694;6;200;220;426;191;43076;21360;64627;"2025-09-25 11:24:43"
3747;"2021-09-01";232;47;12696;173;12916;53;540;85;678;109;6323;148;6580;6;66;19;91;215;19625;425;20265;"2025-09-25 11:24:43"
3748;"2021-09-01";233;81;14826;106;15013;57;642;73;772;130;7900;385;8415;9;55;55;119;277;23423;619;24319;"2025-09-25 11:24:43"
3750;"2021-09-01";235;266;74022;1155;75443;151;3191;150;3492;338;27172;551;28061;38;215;125;378;793;104600;1981;107374;"2025-09-25 11:24:43"
3751;"2021-09-01";236;567;228298;242088;470953;338;7780;6779;14897;686;50435;3207;54328;39;711;520;1270;1630;287224;252594;541448;"2025-09-25 11:24:43"
3753;"2021-10-01";1;153;200027;17098;217278;52;4423;625;5100;175;13684;1590;15449;15;251;151;417;395;218385;19464;238244;"2025-09-25 11:24:51"
3754;"2021-10-01";2;101;127029;5214;132344;42;3728;673;4443;153;12567;2470;15190;5;155;235;395;301;143479;8592;152372;"2025-09-25 11:24:51"
3755;"2021-10-01";3;103;60868;2151;63122;65;2571;719;3355;132;7311;1267;8710;13;87;102;202;313;70837;4239;75389;"2025-09-25 11:24:51"
3756;"2021-10-01";4;109;63971;1185;65265;78;1842;168;2088;116;15368;2007;17491;9;288;479;776;312;81469;3839;85620;"2025-09-25 11:24:51"
3757;"2021-10-01";5;95;99353;2998;102446;49;3674;314;4037;150;9475;2091;11716;11;142;177;330;305;112644;5580;118529;"2025-09-25 11:24:51"
3758;"2021-10-01";6;88;79801;3033;82922;43;2534;390;2967;165;10403;1583;12151;10;74;240;324;306;92812;5246;98364;"2025-09-25 11:24:51"
3759;"2021-10-01";7;103;112776;9487;122366;64;4772;649;5485;132;14105;2676;16913;13;264;163;440;312;131917;12975;145204;"2025-09-25 11:24:51"
3760;"2021-10-01";8;45;69387;3405;72837;22;3177;483;3682;70;10770;2283;13123;5;123;121;249;142;83457;6292;89891;"2025-09-25 11:24:51"
3761;"2021-10-01";9;88;128455;5638;134181;52;3959;859;4870;167;10392;2108;12667;9;158;260;427;316;142964;8865;152145;"2025-09-25 11:24:51"
3762;"2021-10-01";10;91;76745;4550;81386;50;2833;575;3458;127;8477;1998;10602;11;122;166;299;279;88177;7289;95745;"2025-09-25 11:24:51"
3763;"2021-10-01";11;107;79935;2552;82594;53;3083;170;3306;135;10004;2167;12306;10;113;98;221;305;93135;4987;98427;"2025-09-25 11:24:51"
3764;"2021-10-01";12;111;93282;1188;94581;52;2661;140;2853;144;6993;1224;8361;17;101;243;361;324;103037;2795;106156;"2025-09-25 11:24:51"
3765;"2021-10-01";13;103;100852;4387;105342;54;2949;601;3604;164;9629;2120;11913;19;191;155;365;340;113621;7263;121224;"2025-09-25 11:24:51"
3766;"2021-10-01";14;201;74653;3268;78122;103;2363;421;2887;138;6092;1868;8098;10;110;224;344;452;83218;5781;89451;"2025-09-25 11:24:51"
3767;"2021-10-01";15;207;152040;4969;157216;128;3403;762;4293;179;10967;4871;16017;12;230;160;402;526;166640;10762;177928;"2025-09-25 11:24:51"
3768;"2021-10-01";16;120;82455;9454;92029;43;2253;874;3170;161;8602;2122;10885;17;136;111;264;341;93446;12561;106348;"2025-09-25 11:24:51"
3769;"2021-10-01";17;96;103372;2230;105698;44;3346;1133;4523;146;8933;1707;10786;9;137;110;256;295;115788;5180;121263;"2025-09-25 11:24:51"
3770;"2021-10-01";18;127;202318;6496;208941;94;4685;1618;6397;156;25528;4991;30675;13;276;345;634;390;232807;13450;246647;"2025-09-25 11:24:51"
3771;"2021-10-01";19;118;127043;4525;131686;57;3605;771;4433;139;11597;2822;14558;8;208;424;640;322;142453;8542;151317;"2025-09-25 11:24:51"
3772;"2021-10-01";20;132;117070;3831;121033;54;4315;172;4541;174;14991;4263;19428;14;544;628;1186;374;136920;8894;146188;"2025-09-25 11:24:51"
3773;"2021-10-01";21;137;69633;1002;70772;55;2078;60;2193;138;5305;1076;6519;9;87;39;135;339;77103;2177;79619;"2025-09-25 11:24:51"
3774;"2021-10-01";22;101;111258;3989;115348;45;3692;751;4488;142;10476;1923;12541;14;123;198;335;302;125549;6861;132712;"2025-09-25 11:24:51"
3775;"2021-10-01";23;1646;38938;756;41340;1634;1666;256;3556;357;3918;871;5146;85;64;67;216;3722;44586;1950;50258;"2025-09-25 11:24:51"
3776;"2021-10-01";63;113;87752;1170;89035;98;2103;290;2491;94;10313;785;11192;5;137;272;414;310;100305;2517;103132;"2025-09-25 11:24:51"
3777;"2021-10-01";25;78;88955;5745;94778;33;3610;553;4196;127;11959;2770;14856;16;161;318;495;254;104685;9386;114325;"2025-09-25 11:24:51"
3778;"2021-10-01";146;831;303532;244730;549093;487;10933;6928;18348;1022;77722;3764;82508;76;939;649;1664;2416;393126;256071;651613;"2025-09-25 11:24:51"
3780;"2021-10-01";28;98;68001;2804;70903;62;2399;753;3214;100;10129;3180;13409;14;134;673;821;274;80663;7410;88347;"2025-09-25 11:24:51"
3781;"2021-10-01";29;73;67612;899;68584;58;2296;502;2856;117;10663;1030;11810;9;168;199;376;257;80739;2630;83626;"2025-09-25 11:24:51"
3782;"2021-10-01";77;283;134334;3238;137855;201;2963;507;3671;223;16227;3109;19559;18;281;590;889;725;153805;7444;161974;"2025-09-25 11:24:51"
3783;"2021-10-01";57;64;55928;647;56639;43;1396;139;1578;76;4472;256;4804;5;108;45;158;188;61904;1087;63179;"2025-09-25 11:24:51"
3784;"2021-10-01";32;73;80101;1586;81760;30;2223;407;2660;65;10174;1402;11641;1;138;240;379;169;92636;3635;96440;"2025-09-25 11:24:51"
3785;"2021-10-01";33;121;105198;17903;123222;64;3155;495;3714;169;13243;2164;15576;11;152;507;670;365;121748;21069;143182;"2025-09-25 11:24:51"
3786;"2021-10-01";79;82;102771;1390;104243;41;2344;281;2666;87;10362;1421;11870;8;174;335;517;218;115651;3427;119296;"2025-09-25 11:24:51"
3787;"2021-10-01";35;89;65743;2843;68675;70;2413;310;2793;114;14734;2305;17153;11;182;331;524;284;83072;5789;89145;"2025-09-25 11:24:51"
3788;"2021-10-01";36;95;90830;3838;94763;54;3058;338;3450;108;13201;1889;15198;9;152;274;435;266;107241;6339;113846;"2025-09-25 11:24:51"
3789;"2021-10-01";60;270;182571;5370;188211;303;4838;292;5433;202;18896;2081;21179;28;345;467;840;803;206650;8210;215663;"2025-09-25 11:24:51"
3790;"2021-10-01";38;48;59197;35621;94866;25;1597;836;2458;79;5910;1163;7152;9;111;369;489;161;66815;37989;104965;"2025-09-25 11:24:51"
3791;"2021-10-01";39;281;81547;8283;90111;460;1842;570;2872;179;8291;2154;10624;28;150;703;881;948;91830;11710;104488;"2025-09-25 11:24:51"
3792;"2021-10-01";40;81;25961;1284;27326;50;1115;297;1462;85;4163;331;4579;9;42;52;103;225;31281;1964;33470;"2025-09-25 11:24:51"
3794;"2021-10-01";42;125;149022;12447;161594;60;3604;295;3959;127;13400;2020;15547;9;214;506;729;321;166240;15268;181829;"2025-09-25 11:24:51"
3797;"2021-10-01";46;191;235962;7780;243933;108;5323;762;6193;180;29708;5305;35193;9;381;566;956;488;271374;14413;286275;"2025-09-25 11:24:51"
3798;"2021-10-01";47;106;113496;1786;115388;113;3148;515;3776;275;19305;2595;22175;53;294;269;616;547;136243;5165;141955;"2025-09-25 11:24:51"
3802;"2021-10-01";51;170;188201;2781;191152;194;3420;649;4263;211;16678;1244;18133;11;289;175;475;586;208588;4849;214023;"2025-09-25 11:24:51"
3805;"2021-10-01";54;123;25179;15240;40542;60;1210;1282;2552;166;9406;745;10317;9;93;87;189;358;35888;17354;53600;"2025-09-25 11:24:51"
3806;"2021-10-01";55;108;94896;177584;272588;63;3749;3031;6843;110;21586;2554;24250;13;426;293;732;294;120657;183462;304413;"2025-09-25 11:24:51"
3807;"2021-10-01";56;303;220794;43005;264102;365;6102;1493;7960;166;29637;3293;33096;20;376;546;942;854;256909;48337;306100;"2025-09-25 11:24:51"
3809;"2021-10-01";58;184;137256;3615;141055;98;4762;143;5003;133;17264;4375;21772;17;317;926;1260;432;159599;9059;169090;"2025-09-25 11:24:51"
3810;"2021-10-01";59;134;191142;24410;215686;80;5523;1026;6629;108;23644;2817;26569;9;311;314;634;331;220620;28567;249518;"2025-09-25 11:24:51"
3812;"2021-10-01";61;162;183435;4747;188344;96;3541;765;4402;151;12106;2610;14867;10;274;389;673;419;199356;8511;208286;"2025-09-25 11:24:51"
3813;"2021-10-01";62;66;8028;98;8192;42;530;62;634;105;3651;56;3812;2;31;15;48;215;12240;231;12686;"2025-09-25 11:24:51"
3816;"2021-10-01";65;175;165961;3767;169903;136;4789;394;5319;189;26055;7553;33797;24;472;876;1372;524;197277;12590;210391;"2025-09-25 11:24:51"
3822;"2021-10-01";71;77;69510;1969;71556;43;2541;563;3147;104;13666;3874;17644;10;217;443;670;234;85934;6849;93017;"2025-09-25 11:24:51"
3825;"2021-10-01";74;125;159748;2178;162051;92;3521;316;3929;134;14700;2241;17075;13;400;294;707;364;178369;5029;183762;"2025-09-25 11:24:51"
3831;"2021-10-01";80;161;102181;1475;103817;87;2848;699;3634;160;19398;4006;23564;8;270;951;1229;416;124697;7131;132244;"2025-09-25 11:24:51"
3834;"2021-10-01";83;322;160133;812;161267;208;3647;472;4327;244;14739;1676;16659;50;447;169;666;824;178966;3129;182919;"2025-09-25 11:24:51"
3836;"2021-10-01";85;129;23568;189;23886;82;1258;173;1513;157;6392;191;6740;12;102;42;156;380;31320;595;32295;"2025-09-25 11:24:51"
3837;"2021-10-01";86;289;159289;1183;160761;165;4706;339;5210;187;19189;2262;21638;23;274;215;512;664;183458;3999;188121;"2025-09-25 11:24:51"
3838;"2021-10-01";87;104;110264;2415;112783;77;2890;855;3822;83;12784;1938;14805;10;246;179;435;274;126184;5387;131845;"2025-09-25 11:24:51"
3839;"2021-10-01";88;66;104434;2532;107032;28;2494;525;3047;32;9490;1357;10879;1;147;132;280;127;116565;4546;121238;"2025-09-25 11:24:51"
3840;"2021-10-01";89;472;23528;313;24313;119;556;21;696;125;1747;362;2234;19;34;10;63;735;25865;706;27306;"2025-09-25 11:24:51"
3841;"2021-10-01";90;118;86904;1652;88674;77;2862;484;3423;100;10652;2134;12886;9;131;154;294;304;100549;4424;105277;"2025-09-25 11:24:51"
3842;"2021-10-01";91;164;159659;892;160715;90;5531;2743;8364;119;29535;4562;34216;13;433;375;821;386;195158;8572;204116;"2025-09-25 11:24:51"
3843;"2021-10-01";92;79;59737;1117;60933;76;1859;292;2227;92;8682;1230;10004;12;127;140;279;259;70405;2779;73443;"2025-09-25 11:24:51"
3844;"2021-10-01";93;123;86211;797;87131;72;2518;158;2748;95;9410;3922;13427;8;149;286;443;298;98288;5163;103749;"2025-09-25 11:24:51"
3845;"2021-10-01";94;223;192928;1974;195125;113;5842;1592;7547;180;29321;3821;33322;8;504;729;1241;524;228595;8116;237235;"2025-09-25 11:24:51"
3846;"2021-10-01";95;324;254099;1921;256344;189;8627;1061;9877;217;42479;5156;47852;15;729;463;1207;745;305934;8601;315280;"2025-09-25 11:24:51"
3847;"2021-10-01";96;74;31553;740;32367;43;1441;65;1549;79;5407;603;6089;12;80;43;135;208;38481;1451;40140;"2025-09-25 11:24:51"
3848;"2021-10-01";97;270;250786;5030;256086;200;9191;1133;10524;205;35168;5475;40848;26;427;538;991;701;295572;12176;308449;"2025-09-25 11:24:51"
3849;"2021-10-01";101;176;175654;3455;179285;68;2889;1321;4278;113;8099;1990;10202;13;220;198;431;370;186862;6964;194196;"2025-09-25 11:24:51"
3850;"2021-10-01";102;177;66730;1008;67915;73;2371;227;2671;88;7782;1235;9105;16;134;140;290;354;77017;2610;79981;"2025-09-25 11:24:51"
3851;"2021-10-01";103;195;59589;1983;61767;52;2630;252;2934;94;9319;1535;10948;3;115;201;319;344;71653;3971;75968;"2025-09-25 11:24:51"
3852;"2021-10-01";104;129;165966;4177;170272;176;5452;1417;7045;150;19478;2801;22429;24;374;547;945;479;191270;8942;200691;"2025-09-25 11:24:51"
3853;"2021-10-01";105;97;137743;1434;139274;65;2580;84;2729;61;7004;1473;8538;1;210;128;339;224;147537;3119;150880;"2025-09-25 11:24:51"
3854;"2021-10-01";106;191;91311;1088;92590;160;3125;675;3960;103;8464;1967;10534;14;138;111;263;468;103038;3841;107347;"2025-09-25 11:24:51"
3855;"2021-10-01";107;280;63851;1209;65340;100;2617;120;2837;109;6618;1570;8297;22;130;100;252;511;73216;2999;76726;"2025-09-25 11:24:51"
3856;"2021-10-01";108;176;208877;1768;210821;108;7111;462;7681;154;36315;5572;42041;20;454;377;851;458;252757;8179;261394;"2025-09-25 11:24:51"
3857;"2021-10-01";109;171;129106;2944;132221;157;5613;1179;6949;211;22063;3697;25971;14;256;325;595;553;157038;8145;165736;"2025-09-25 11:24:51"
3858;"2021-10-01";110;81;120582;1639;122302;42;4592;634;5268;48;18890;2385;21323;3;308;363;674;174;144372;5021;149567;"2025-09-25 11:24:51"
3859;"2021-10-01";111;148;84397;713;85258;94;3403;482;3979;142;18436;3180;21758;13;820;262;1095;397;107056;4637;112090;"2025-09-25 11:24:51"
3860;"2021-10-01";112;147;104863;2261;107271;117;2543;682;3342;126;9260;3385;12771;13;187;149;349;403;116853;6477;123733;"2025-09-25 11:24:51"
3861;"2021-10-01";113;86;72453;1240;73779;29;2640;895;3564;39;9375;1637;11051;0;116;133;249;154;84584;3905;88643;"2025-09-25 11:24:51"
3862;"2021-10-01";114;153;89440;567;90160;88;3919;456;4463;141;17604;2054;19799;11;319;192;522;393;111282;3269;114944;"2025-09-25 11:24:51"
3863;"2021-10-01";115;230;47970;313;48513;101;1878;692;2671;243;11602;751;12596;10;189;86;285;584;61639;1842;64065;"2025-09-25 11:24:51"
3864;"2021-10-01";116;172;48039;517;48728;77;2178;747;3002;201;13638;5610;19449;9;232;387;628;459;64087;7261;71807;"2025-09-25 11:24:51"
3865;"2021-10-01";117;80;16825;123;17028;74;811;116;1001;151;6154;4520;10825;5;108;512;625;310;23898;5271;29479;"2025-09-25 11:24:51"
3866;"2021-10-01";118;77;94726;1118;95921;57;3120;510;3687;73;10203;2008;12284;8;211;147;366;215;108260;3783;112258;"2025-09-25 11:24:51"
3867;"2021-10-01";119;43;174158;2389;176590;33;4065;705;4803;40;11788;3208;15036;7;329;182;518;123;190340;6484;196947;"2025-09-25 11:24:51"
3868;"2021-10-01";120;19;138851;1111;139981;7;2109;204;2320;23;5004;1283;6310;1;151;30;182;50;146115;2628;148793;"2025-09-25 11:24:51"
3869;"2021-10-01";121;336;108699;1546;110581;186;4274;1281;5741;243;20569;4536;25348;16;484;449;949;781;134026;7812;142619;"2025-09-25 11:24:51"
3870;"2021-10-01";122;107;58178;450;58735;94;1557;127;1778;89;6043;2017;8149;10;92;318;420;300;65870;2912;69082;"2025-09-25 11:24:51"
3871;"2021-10-01";123;253;142539;2156;144948;255;5228;414;5897;205;17859;2627;20691;26;332;255;613;739;165958;5452;172149;"2025-09-25 11:24:51"
3872;"2021-10-01";124;189;94374;881;95444;81;3666;600;4347;126;17794;4268;22188;15;305;491;811;411;116139;6240;122790;"2025-09-25 11:24:51"
3873;"2021-10-01";125;230;187146;2648;190024;96;6027;2492;8615;177;28916;5314;34407;20;418;270;708;523;222507;10724;233754;"2025-09-25 11:24:51"
3874;"2021-10-01";126;317;252790;3403;256510;168;8465;1751;10384;236;33880;6594;40710;22;581;924;1527;743;295716;12672;309131;"2025-09-25 11:24:51"
3875;"2021-10-01";127;163;63965;6335;70463;79;3217;776;4072;142;20229;2709;23080;13;248;386;647;397;87659;10206;98262;"2025-09-25 11:24:51"
3876;"2021-10-01";128;180;112395;654;113229;81;2887;344;3312;132;15523;1991;17646;10;224;151;385;403;131029;3140;134572;"2025-09-25 11:24:51"
3877;"2021-10-01";129;368;391440;2793;394601;203;11175;2691;14069;298;58556;6656;65510;64;1157;523;1744;933;462328;12663;475924;"2025-09-25 11:24:51"
3879;"2021-10-01";238;144;88831;2325;91300;130;2916;520;3566;235;17527;1390;19152;25;273;361;659;534;109547;4596;114677;"2025-09-25 11:24:51"
3880;"2021-10-01";214;64;18551;218;18833;61;813;75;949;92;7082;202;7376;7;74;70;151;224;26520;565;27309;"2025-09-25 11:24:51"
3881;"2021-10-01";240;106;37686;666;38458;74;1397;163;1634;122;6805;440;7367;10;119;199;328;312;46007;1468;47787;"2025-09-25 11:24:51"
3882;"2021-10-01";241;110;24758;438;25306;100;916;112;1128;180;6569;172;6921;5;87;36;128;395;32330;758;33483;"2025-09-25 11:24:51"
3883;"2021-10-01";242;109;32008;916;33033;89;1249;132;1470;102;5461;277;5840;6;110;90;206;306;38828;1415;40549;"2025-09-25 11:24:51"
3884;"2021-10-01";243;49;8452;55;8556;50;348;29;427;95;3268;41;3404;5;39;11;55;199;12107;136;12442;"2025-09-25 11:24:51"
3885;"2021-10-01";244;43;11615;173;11831;34;452;29;515;107;4022;74;4203;6;59;22;87;190;16148;298;16636;"2025-09-25 11:24:51"
3886;"2021-10-01";245;125;14407;130;14662;79;736;60;875;120;6127;130;6377;6;73;46;125;330;21343;366;22039;"2025-09-25 11:24:51"
3887;"2021-10-01";246;205;147071;2644;149920;151;4858;544;5553;212;25639;2060;27911;21;413;323;757;589;177981;5571;184141;"2025-09-25 11:24:51"
3888;"2021-10-01";247;51;13463;128;13642;47;544;66;657;112;4804;82;4998;5;66;26;97;215;18877;302;19394;"2025-09-25 11:24:51"
3889;"2021-10-01";248;104;13854;210;14168;83;646;69;798;136;6106;162;6404;12;67;28;107;335;20673;469;21477;"2025-09-25 11:24:51"
3890;"2021-10-01";249;54;16511;136;16701;58;817;37;912;122;6861;129;7112;9;60;20;89;243;24249;322;24814;"2025-09-25 11:24:51"
3891;"2021-10-01";250;283;113361;2551;116195;268;3492;632;4392;265;17881;2726;20872;16;360;391;767;832;135094;6300;142226;"2025-09-25 11:24:51"
3892;"2021-10-01";251;56;15768;416;16240;56;684;159;899;103;3314;134;3551;7;83;41;131;222;19849;750;20821;"2025-09-25 11:24:51"
3893;"2021-10-01";252;92;16495;267;16854;80;811;63;954;113;8339;127;8579;13;60;33;106;298;25705;490;26493;"2025-09-25 11:24:51"
3894;"2021-10-01";253;119;26484;219;26822;107;1393;297;1797;184;11281;438;11903;21;101;78;200;431;39259;1032;40722;"2025-09-25 11:24:51"
3895;"2021-10-01";254;53;9527;66;9646;62;352;53;467;102;3216;46;3364;10;45;18;73;227;13140;183;13550;"2025-09-25 11:24:51"
3896;"2021-10-01";255;74;17999;374;18447;61;924;60;1045;109;8112;236;8457;9;69;54;132;253;27104;724;28081;"2025-09-25 11:24:51"
3898;"2021-10-01";131;70;14374;77;14521;54;797;47;898;79;7665;253;7997;8;54;29;91;211;22890;406;23507;"2025-09-25 11:24:51"
3899;"2021-10-01";132;66;10305;113;10484;46;495;70;611;108;4773;378;5259;4;44;227;275;224;15617;788;16629;"2025-09-25 11:24:51"
3900;"2021-10-01";133;69;11390;138;11597;57;635;89;781;99;6078;714;6891;12;55;73;140;237;18158;1014;19409;"2025-09-25 11:24:51"
3901;"2021-10-01";134;76;16261;130;16467;52;757;96;905;114;7845;147;8106;8;64;29;101;250;24927;402;25579;"2025-09-25 11:24:51"
3902;"2021-10-01";135;74;19002;363;19439;54;884;99;1037;77;7545;614;8236;7;64;81;152;212;27495;1157;28864;"2025-09-25 11:24:51"
3903;"2021-10-01";136;76;43360;279;43715;64;2248;211;2523;105;13122;1331;14558;10;148;146;304;255;58878;1967;61100;"2025-09-25 11:24:51"
3904;"2021-10-01";137;103;52119;749;52971;78;1926;179;2183;152;13327;1672;15151;6;214;835;1055;339;67586;3435;71360;"2025-09-25 11:24:51"
3905;"2021-10-01";138;33;15547;134;15714;22;616;30;668;31;3088;548;3667;4;58;45;107;90;19309;757;20156;"2025-09-25 11:24:51"
3906;"2021-10-01";139;68;40318;232;40618;61;1598;86;1745;81;8796;930;9807;6;114;78;198;216;50826;1326;52368;"2025-09-25 11:24:51"
3907;"2021-10-01";140;1;8;0;9;0;3;0;3;0;8;0;8;0;0;0;0;1;19;0;20;"2025-09-25 11:24:51"
3908;"2021-10-01";141;210;79134;1060;80404;119;2426;400;2945;176;11637;971;12784;15;213;242;470;520;93410;2673;96603;"2025-09-25 11:24:51"
3909;"2021-10-01";142;65;88396;1535;89996;109;2308;867;3284;62;10891;1731;12684;4;230;221;455;240;101825;4354;106419;"2025-09-25 11:24:51"
3910;"2021-10-01";143;132;87347;1927;89406;92;2779;437;3308;114;13596;1925;15635;5;271;199;475;343;103993;4488;108824;"2025-09-25 11:24:51"
3911;"2021-10-01";144;126;113264;4454;117844;86;3295;699;4080;129;15070;1982;17181;14;347;298;659;355;131976;7433;139764;"2025-09-25 11:24:51"
3912;"2021-10-01";145;186;87957;5025;93168;144;3183;420;3747;242;19446;1704;21392;24;319;285;628;596;110905;7434;118935;"2025-09-25 11:24:51"
3914;"2021-10-01";147;59;19973;62;20094;30;659;107;796;60;1868;347;2275;8;50;30;88;157;22550;546;23253;"2025-09-25 11:24:51"
3915;"2021-10-01";148;221;39839;1481;41541;122;1736;354;2212;211;12298;633;13142;23;141;110;274;577;54014;2578;57169;"2025-09-25 11:24:51"
3916;"2021-10-01";149;65;19141;1253;20459;38;1091;283;1412;85;8265;578;8928;7;68;60;135;195;28565;2174;30934;"2025-09-25 11:24:51"
3917;"2021-10-01";150;142;43678;857;44677;84;2260;374;2718;163;15026;1074;16263;27;127;72;226;416;61091;2377;63884;"2025-09-25 11:24:51"
3918;"2021-10-01";151;142;75981;609;76732;77;2626;348;3051;167;17726;2269;20162;13;296;795;1104;399;96629;4021;101049;"2025-09-25 11:24:51"
3919;"2021-10-01";152;125;38544;481;39150;75;1527;171;1773;179;12415;551;13145;29;127;156;312;408;52613;1359;54380;"2025-09-25 11:24:51"
3920;"2021-10-01";153;100;22106;424;22630;61;1198;338;1597;130;10921;368;11419;11;80;54;145;302;34305;1184;35791;"2025-09-25 11:24:51"
3921;"2021-10-01";154;159;75543;948;76650;85;2744;505;3334;158;17957;1766;19881;18;264;396;678;420;96508;3615;100543;"2025-09-25 11:24:51"
3922;"2021-10-01";155;79;18788;149;19016;38;792;116;946;107;7445;487;8039;9;67;75;151;233;27092;827;28152;"2025-09-25 11:24:51"
3923;"2021-10-01";156;179;145619;2435;148233;134;5147;564;5845;176;22390;3333;25899;40;436;356;832;529;173592;6688;180809;"2025-09-25 11:24:51"
3924;"2021-10-01";157;119;30542;307;30968;105;1443;310;1858;175;11161;696;12032;13;139;109;261;412;43285;1422;45119;"2025-09-25 11:24:51"
3925;"2021-10-01";158;100;109025;1592;110717;71;4185;594;4850;107;18380;2529;21016;10;310;372;692;288;131900;5087;137275;"2025-09-25 11:24:51"
3926;"2021-10-01";159;153;173093;2197;175443;133;5049;883;6065;217;20170;2185;22572;21;455;261;737;524;198767;5526;204817;"2025-09-25 11:24:51"
3927;"2021-10-01";160;72;10645;72;10789;51;517;66;634;118;5708;609;6435;11;59;80;150;252;16929;827;18008;"2025-09-25 11:24:51"
3928;"2021-10-01";161;79;23122;200;23401;43;1071;91;1205;174;9979;247;10400;17;101;40;158;313;34273;578;35164;"2025-09-25 11:24:51"
3929;"2021-10-01";162;164;39706;314;40184;89;1532;223;1844;146;11980;792;12918;23;154;123;300;422;53372;1452;55246;"2025-09-25 11:24:51"
3931;"2021-10-01";257;103;18874;184;19161;65;1362;92;1519;129;10280;271;10680;7;84;40;131;304;30600;587;31491;"2025-09-25 11:24:51"
3932;"2021-10-01";258;204;109405;2154;111763;121;3505;530;4156;206;18599;3055;21860;19;295;650;964;550;131804;6389;138743;"2025-09-25 11:24:51"
3933;"2021-10-01";259;110;30776;664;31550;65;1567;166;1798;106;13057;1033;14196;7;205;104;316;288;45605;1967;47860;"2025-09-25 11:24:51"
3934;"2021-10-01";260;132;27473;3034;30639;96;1309;241;1646;166;12203;439;12808;16;129;61;206;410;41114;3775;45299;"2025-09-25 11:24:51"
3935;"2021-10-01";261;65;8243;56;8364;39;466;57;562;86;4195;246;4527;4;34;36;74;194;12938;395;13527;"2025-09-25 11:24:51"
3936;"2021-10-01";262;78;18041;193;18312;61;908;129;1098;110;8371;249;8730;10;75;42;127;259;27395;613;28267;"2025-09-25 11:24:51"
3937;"2021-10-01";263;63;9287;56;9406;58;426;19;503;99;4903;59;5061;7;37;13;57;227;14653;147;15027;"2025-09-25 11:24:51"
3938;"2021-10-01";264;101;38543;302;38946;105;1681;464;2250;182;11673;2215;14070;23;147;179;349;411;52044;3160;55615;"2025-09-25 11:24:51"
3939;"2021-10-01";265;162;108384;1911;110457;130;4433;499;5062;207;23676;3064;26947;13;268;391;672;512;136761;5865;143138;"2025-09-25 11:24:51"
3940;"2021-10-01";266;66;9053;62;9181;47;445;69;561;102;4682;270;5054;3;46;28;77;218;14226;429;14873;"2025-09-25 11:24:51"
3941;"2021-10-01";267;68;7498;32;7598;44;373;16;433;119;4310;114;4543;7;36;16;59;238;12217;178;12633;"2025-09-25 11:24:51"
3942;"2021-10-01";268;141;150248;3278;153667;100;3918;929;4947;90;18790;2347;21227;9;377;371;757;340;173333;6925;180598;"2025-09-25 11:24:51"
3943;"2021-10-01";269;279;132509;1995;134783;230;3652;572;4454;228;16054;1360;17642;22;207;246;475;759;152422;4173;157354;"2025-09-25 11:24:51"
3944;"2021-10-01";270;113;38429;2406;40948;100;1722;197;2019;134;14566;849;15549;6;192;115;313;353;54909;3567;58829;"2025-09-25 11:24:51"
3945;"2021-10-01";271;95;8803;43;8941;52;441;89;582;102;4811;95;5008;9;47;9;65;258;14102;236;14596;"2025-09-25 11:24:51"
3947;"2021-10-01";164;68;11676;169;11913;56;586;102;744;91;6360;752;7203;10;68;42;120;225;18690;1065;19980;"2025-09-25 11:24:51"
3948;"2021-10-01";165;88;19156;183;19427;75;1121;106;1302;135;11962;271;12368;6;73;33;112;304;32312;593;33209;"2025-09-25 11:24:51"
3949;"2021-10-01";166;61;9638;155;9854;37;442;68;547;64;4812;437;5313;0;44;62;106;162;14936;722;15820;"2025-09-25 11:24:51"
3950;"2021-10-01";167;84;67954;615;68653;64;2321;276;2661;86;13388;3488;16962;14;386;1633;2033;248;84049;6012;90309;"2025-09-25 11:24:51"
3951;"2021-10-01";168;48;8753;422;9223;31;461;61;553;57;3925;209;4191;1;43;22;66;137;13182;714;14033;"2025-09-25 11:24:51"
3952;"2021-10-01";169;140;48639;1019;49798;120;2024;365;2509;197;14897;1636;16730;17;258;267;542;474;65818;3287;69579;"2025-09-25 11:24:51"
3953;"2021-10-01";170;89;18724;275;19088;45;842;249;1136;85;7759;953;8797;11;107;160;278;230;27432;1637;29299;"2025-09-25 11:24:51"
3954;"2021-10-01";171;132;78298;2341;80771;117;3048;423;3588;150;12928;2338;15416;8;239;361;608;407;94513;5463;100383;"2025-09-25 11:24:51"
3955;"2021-10-01";172;194;36537;144;36875;197;1593;50;1840;148;11151;797;12096;13;137;94;244;552;49418;1085;51055;"2025-09-25 11:24:51"
3956;"2021-10-01";173;68;13233;12602;25903;50;780;320;1150;95;7654;350;8099;5;61;47;113;218;21728;13319;35265;"2025-09-25 11:24:51"
3957;"2021-10-01";174;168;115901;1727;117796;135;3429;692;4256;185;22126;1941;24252;13;330;908;1251;501;141786;5268;147555;"2025-09-25 11:24:51"
3958;"2021-10-01";175;98;12100;76453;88651;53;651;1865;2569;170;8673;448;9291;1;144;33;178;322;21568;78799;100689;"2025-09-25 11:24:51"
3959;"2021-10-01";176;191;107158;2285;109634;147;3652;694;4493;182;20908;3411;24501;16;314;821;1151;536;132032;7211;139779;"2025-09-25 11:24:51"
3960;"2021-10-01";177;67;19173;145;19385;39;841;92;972;93;7857;483;8433;6;83;40;129;205;27954;760;28919;"2025-09-25 11:24:51"
3961;"2021-10-01";178;91;21814;1582;23487;62;1250;148;1460;112;10342;708;11162;8;159;125;292;273;33565;2563;36401;"2025-09-25 11:24:51"
3962;"2021-10-01";179;109;15311;220;15640;56;757;108;921;105;9309;199;9613;12;91;20;123;282;25468;547;26297;"2025-09-25 11:24:51"
3963;"2021-10-01";180;81;18017;239;18337;39;818;76;933;79;7800;800;8679;3;100;87;190;202;26735;1202;28139;"2025-09-25 11:24:51"
3964;"2021-10-01";181;82;12529;79;12690;72;608;49;729;97;6893;289;7279;7;51;26;84;258;20081;443;20782;"2025-09-25 11:24:51"
3965;"2021-10-01";182;60;10387;93;10540;41;567;54;662;63;6071;125;6259;1;45;16;62;165;17070;288;17523;"2025-09-25 11:24:51"
3966;"2021-10-01";183;62;11366;30507;41935;50;571;600;1221;82;6245;179;6506;10;62;19;91;204;18244;31305;49753;"2025-09-25 11:24:51"
3967;"2021-10-01";184;112;23099;29760;52971;76;1687;459;2222;127;14792;235;15154;17;101;30;148;332;39679;30484;70495;"2025-09-25 11:24:51"
3968;"2021-10-01";185;89;24092;417;24598;47;1035;1107;2189;87;7939;487;8513;6;98;141;245;229;33164;2152;35545;"2025-09-25 11:24:51"
3970;"2021-10-01";187;113;114192;1029;115334;79;3294;388;3761;118;21864;2702;24684;11;268;408;687;321;139618;4527;144466;"2025-09-25 11:24:51"
3971;"2021-10-01";188;204;112771;1742;114717;149;4051;558;4758;224;25024;1932;27180;12;390;363;765;589;142236;4595;147420;"2025-09-25 11:24:51"
3972;"2021-10-01";189;58;13402;38;13498;34;697;50;781;64;6267;560;6891;11;67;36;114;167;20433;684;21284;"2025-09-25 11:24:51"
3973;"2021-10-01";190;195;182618;2485;185298;112;5629;804;6545;229;25363;3555;29147;14;431;441;886;550;214041;7285;221876;"2025-09-25 11:24:51"
3974;"2021-10-01";44;43;9257;35;9335;40;429;18;487;41;5175;193;5409;1;45;59;105;125;14906;305;15336;"2025-09-25 11:24:51"
3975;"2021-10-01";192;147;55515;630;56292;85;2214;257;2556;156;17196;952;18304;11;160;134;305;399;75085;1973;77457;"2025-09-25 11:24:51"
3976;"2021-10-01";193;87;25957;385;26429;60;1276;120;1456;123;9830;252;10205;8;101;72;181;278;37164;829;38271;"2025-09-25 11:24:51"
3977;"2021-10-01";194;90;10728;61;10879;42;463;37;542;70;6841;87;6998;2;58;15;75;204;18090;200;18494;"2025-09-25 11:24:51"
3978;"2021-10-01";195;117;34645;438;35200;94;1735;250;2079;167;16532;1021;17720;11;144;155;310;389;53056;1864;55309;"2025-09-25 11:24:51"
3979;"2021-10-01";196;64;19002;158;19224;47;847;35;929;84;10815;957;11856;5;102;149;256;200;30766;1299;32265;"2025-09-25 11:24:51"
3980;"2021-10-01";197;211;61379;974;62564;225;2287;284;2796;260;18965;1226;20451;41;225;224;490;737;82856;2708;86301;"2025-09-25 11:24:51"
3981;"2021-10-01";198;79;12339;120;12538;51;653;55;759;115;5959;108;6182;8;42;22;72;253;18993;305;19551;"2025-09-25 11:24:51"
3982;"2021-10-01";199;53;5786;34;5873;33;297;27;357;54;3731;48;3833;1;26;5;32;141;9840;114;10095;"2025-09-25 11:24:51"
3983;"2021-10-01";200;126;39336;513;39975;76;1729;158;1963;141;14324;722;15187;30;176;132;338;373;55565;1525;57463;"2025-09-25 11:24:51"
3984;"2021-10-01";201;117;42396;475;42988;78;1827;246;2151;133;15684;1531;17348;8;177;333;518;336;60084;2585;63005;"2025-09-25 11:24:51"
3985;"2021-10-01";202;94;21442;185;21721;58;775;76;909;99;8178;199;8476;19;91;38;148;270;30486;498;31254;"2025-09-25 11:24:51"
3986;"2021-10-01";203;69;3651;362;4082;18;239;191;448;64;1294;32;1390;6;18;2;26;157;5202;587;5946;"2025-09-25 11:24:51"
3987;"2021-10-01";204;121;19121;141;19383;63;667;78;808;119;6443;107;6669;7;99;30;136;310;26330;356;26996;"2025-09-25 11:24:51"
3988;"2021-10-01";205;73;18249;89;18411;88;910;75;1073;144;11699;820;12663;10;76;102;188;315;30934;1086;32335;"2025-09-25 11:24:51"
3989;"2021-10-01";206;85;16678;142;16905;42;675;45;762;88;7626;522;8236;8;72;85;165;223;25051;794;26068;"2025-09-25 11:24:51"
3990;"2021-10-01";207;60;9473;41;9574;61;445;45;551;72;5836;106;6014;3;55;15;73;196;15809;207;16212;"2025-09-25 11:24:51"
3991;"2021-10-01";208;120;54275;299;54694;64;1949;412;2425;107;12431;1438;13976;9;165;240;414;300;68820;2389;71509;"2025-09-25 11:24:51"
3992;"2021-10-01";209;137;101412;1273;102822;95;3216;799;4110;206;17204;4524;21934;12;307;1776;2095;450;122139;8372;130961;"2025-09-25 11:24:51"
3993;"2021-10-01";210;145;119866;2138;122149;85;3294;302;3681;91;17650;936;18677;16;283;285;584;337;141093;3661;145091;"2025-09-25 11:24:51"
3995;"2021-10-01";212;122;91275;1056;92453;100;3196;501;3797;135;11765;412;12312;11;211;155;377;368;106447;2124;108939;"2025-09-25 11:24:51"
3996;"2021-10-01";213;93;22621;190;22904;66;913;174;1153;102;8953;246;9301;11;61;168;240;272;32548;778;33598;"2025-09-25 11:24:51"
3998;"2021-10-01";215;241;229062;2286;231589;168;6988;603;7759;217;40044;3896;44157;27;524;561;1112;653;276618;7346;284617;"2025-09-25 11:24:51"
3999;"2021-10-01";216;92;13372;160;13624;56;589;119;764;118;6041;141;6300;6;50;29;85;272;20052;449;20773;"2025-09-25 11:24:51"
4000;"2021-10-01";217;121;41009;474;41604;96;1538;189;1823;107;13518;2619;16244;11;131;640;782;335;56196;3922;60453;"2025-09-25 11:24:51"
4001;"2021-10-01";218;98;44524;655;45277;73;1619;256;1948;133;10422;498;11053;11;128;100;239;315;56693;1509;58517;"2025-09-25 11:24:51"
4002;"2021-10-01";219;91;12634;116;12841;62;558;55;675;87;7050;473;7610;7;125;138;270;247;20367;782;21396;"2025-09-25 11:24:51"
4003;"2021-10-01";220;159;141228;1178;142565;102;4583;817;5502;138;21803;6741;28682;14;452;1598;2064;413;168066;10334;178813;"2025-09-25 11:24:51"
4004;"2021-10-01";221;62;9713;68;9843;49;424;52;525;85;4516;556;5157;6;35;96;137;202;14688;772;15662;"2025-09-25 11:24:51"
4005;"2021-10-01";222;213;136479;2726;139418;176;3744;1033;4953;234;26306;2317;28857;19;351;412;782;642;166880;6488;174010;"2025-09-25 11:24:51"
4006;"2021-10-01";223;69;24344;185;24598;67;1121;101;1289;82;10056;379;10517;8;113;61;182;226;35634;726;36586;"2025-09-25 11:24:51"
4007;"2021-10-01";224;122;82800;1284;84206;61;2129;507;2697;137;10632;931;11700;9;93;143;245;329;95654;2865;98848;"2025-09-25 11:24:51"
4008;"2021-10-01";225;79;83207;2711;85997;35;2131;449;2615;61;10943;1593;12597;2;143;233;378;177;96424;4986;101587;"2025-09-25 11:24:51"
4009;"2021-10-01";226;246;135895;48493;184634;228;2399;1139;3766;160;10372;930;11462;10;159;175;344;644;148825;50737;200206;"2025-09-25 11:24:51"
4010;"2021-10-01";227;165;96963;1643;98771;157;2619;254;3030;102;16571;1301;17974;7;213;328;548;431;116366;3526;120323;"2025-09-25 11:24:51"
4011;"2021-10-01";228;87;83212;724;84023;36;2199;166;2401;84;7618;772;8474;8;183;227;418;215;93212;1889;95316;"2025-09-25 11:24:51"
4012;"2021-10-01";229;100;41679;770;42549;84;1902;244;2230;123;8777;316;9216;7;105;75;187;314;52463;1405;54182;"2025-09-25 11:24:51"
4013;"2021-10-01";230;61;15741;102;15904;60;591;39;690;97;7600;165;7862;5;48;78;131;223;23980;384;24587;"2025-09-25 11:24:51"
4014;"2021-10-01";231;69;31779;20181;52029;52;1189;343;1584;64;10134;517;10715;6;204;218;428;191;43306;21259;64756;"2025-09-25 11:24:51"
4015;"2021-10-01";232;48;12672;174;12894;53;538;85;676;109;6325;149;6583;6;66;19;91;216;19601;427;20244;"2025-09-25 11:24:51"
4016;"2021-10-01";233;84;14845;104;15033;57;647;73;777;130;7895;387;8412;9;56;55;120;280;23443;619;24342;"2025-09-25 11:24:51"
4018;"2021-10-01";235;265;74260;1154;75679;150;3180;150;3480;336;27161;556;28053;38;220;128;386;789;104821;1988;107598;"2025-09-25 11:24:51"
4019;"2021-10-01";236;566;229272;243576;473414;337;7753;6778;14868;686;50561;3208;54455;38;719;521;1278;1627;288305;254083;544015;"2025-09-25 11:24:51"
4021;"2021-11-01";1;153;200280;18573;219006;52;4413;619;5084;176;13859;1592;15627;15;254;151;420;396;218806;20935;240137;"2025-09-25 11:24:58"
4022;"2021-11-01";2;104;127104;5196;132404;43;3722;680;4445;154;12567;2454;15175;5;155;240;400;306;143548;8570;152424;"2025-09-25 11:24:58"
4023;"2021-11-01";3;103;60921;2143;63167;65;2559;719;3343;131;7294;1280;8705;13;89;103;205;312;70863;4245;75420;"2025-09-25 11:24:58"
4024;"2021-11-01";4;110;64257;1186;65553;79;1852;167;2098;117;15452;2009;17578;9;287;475;771;315;81848;3837;86000;"2025-09-25 11:24:58"
4025;"2021-11-01";5;94;99276;3032;102402;49;3646;317;4012;151;9422;2098;11671;11;144;173;328;305;112488;5620;118413;"2025-09-25 11:24:58"
4026;"2021-11-01";6;87;79869;3065;83021;43;2515;390;2948;162;10377;1594;12133;10;76;241;327;302;92837;5290;98429;"2025-09-25 11:24:58"
4027;"2021-11-01";7;102;112990;9911;123003;64;4745;636;5445;132;14089;2692;16913;13;264;160;437;311;132088;13399;145798;"2025-09-25 11:24:58"
4028;"2021-11-01";8;45;69633;3432;73110;22;3151;481;3654;68;10782;2269;13119;5;125;121;251;140;83691;6303;90134;"2025-09-25 11:24:58"
4029;"2021-11-01";9;87;128533;5630;134250;52;3939;857;4848;167;10356;2111;12634;9;164;264;437;315;142992;8862;152169;"2025-09-25 11:24:58"
4030;"2021-11-01";10;91;76733;4540;81364;52;2813;576;3441;130;8491;2008;10629;12;125;165;302;285;88162;7289;95736;"2025-09-25 11:24:58"
4031;"2021-11-01";11;109;80098;2519;82726;55;3046;129;3230;145;9993;2160;12298;10;116;93;219;319;93253;4901;98473;"2025-09-25 11:24:58"
4032;"2021-11-01";12;111;93445;1187;94743;52;2649;141;2842;146;6989;1218;8353;17;108;242;367;326;103191;2788;106305;"2025-09-25 11:24:58"
4033;"2021-11-01";13;103;100908;4449;105460;53;2946;600;3599;165;9632;2145;11942;19;195;152;366;340;113681;7346;121367;"2025-09-25 11:24:58"
4034;"2021-11-01";14;204;74673;3262;78139;104;2349;420;2873;138;6073;1874;8085;10;114;224;348;456;83209;5780;89445;"2025-09-25 11:24:58"
4035;"2021-11-01";15;208;151731;4967;156906;128;3410;741;4279;178;10944;4856;15978;12;230;160;402;526;166315;10724;177565;"2025-09-25 11:24:58"
4036;"2021-11-01";16;122;82510;9466;92098;43;2245;876;3164;162;8625;2122;10909;17;140;114;271;344;93520;12578;106442;"2025-09-25 11:24:58"
4037;"2021-11-01";17;94;103399;2232;105725;44;3321;1133;4498;148;8932;1719;10799;9;130;110;249;295;115782;5194;121271;"2025-09-25 11:24:58"
4038;"2021-11-01";18;126;202495;6501;209122;94;4679;1633;6406;157;25702;5023;30882;13;285;342;640;390;233161;13499;247050;"2025-09-25 11:24:58"
4039;"2021-11-01";19;120;127029;4528;131677;57;3578;769;4404;136;11574;2817;14527;8;212;426;646;321;142393;8540;151254;"2025-09-25 11:24:58"
4040;"2021-11-01";20;132;117004;3713;120849;55;4317;172;4544;173;14929;4250;19352;14;556;625;1195;374;136806;8760;145940;"2025-09-25 11:24:58"
4041;"2021-11-01";21;136;69803;1001;70940;55;2080;60;2195;136;5284;1078;6498;9;88;39;136;336;77255;2178;79769;"2025-09-25 11:24:58"
4042;"2021-11-01";22;101;111694;3980;115775;45;3671;746;4462;146;10422;1934;12502;14;124;200;338;306;125911;6860;133077;"2025-09-25 11:24:58"
4043;"2021-11-01";23;1699;39025;741;41465;1645;1652;256;3553;358;3922;874;5154;83;65;66;214;3785;44664;1937;50386;"2025-09-25 11:24:58"
4044;"2021-11-01";63;116;87888;1170;89174;99;2098;292;2489;94;10294;787;11175;5;141;276;422;314;100421;2525;103260;"2025-09-25 11:24:58"
4045;"2021-11-01";25;78;88967;5742;94787;33;3608;556;4197;126;11940;2780;14846;16;166;322;504;253;104681;9400;114334;"2025-09-25 11:24:58"
4046;"2021-11-01";146;842;304918;246791;552551;487;10949;6918;18354;1021;78056;3763;82840;76;1001;647;1724;2426;394924;258119;655469;"2025-09-25 11:24:58"
4048;"2021-11-01";28;97;68005;2792;70894;62;2397;757;3216;101;10114;3177;13392;13;139;671;823;273;80655;7397;88325;"2025-09-25 11:24:58"
4049;"2021-11-01";29;75;67831;894;68800;59;2301;514;2874;118;10663;1040;11821;9;172;196;377;261;80967;2644;83872;"2025-09-25 11:24:58"
4050;"2021-11-01";77;285;134427;3218;137930;201;2962;506;3669;227;16195;3126;19548;18;282;596;896;731;153866;7446;162043;"2025-09-25 11:24:58"
4051;"2021-11-01";57;66;55931;643;56640;42;1393;138;1573;76;4485;258;4819;5;110;45;160;189;61919;1084;63192;"2025-09-25 11:24:58"
4052;"2021-11-01";32;78;80158;1575;81811;30;2207;395;2632;65;10143;1414;11622;1;141;238;380;174;92649;3622;96445;"2025-09-25 11:24:58"
4053;"2021-11-01";33;126;105282;18113;123521;63;3139;494;3696;169;13230;2174;15573;11;148;506;665;369;121799;21287;143455;"2025-09-25 11:24:58"
4054;"2021-11-01";79;84;103317;1392;104793;42;2340;277;2659;88;10417;1425;11930;8;178;338;524;222;116252;3432;119906;"2025-09-25 11:24:58"
4055;"2021-11-01";35;89;65826;2814;68729;69;2411;309;2789;114;14723;2308;17145;11;184;329;524;283;83144;5760;89187;"2025-09-25 11:24:58"
4056;"2021-11-01";36;96;90944;3811;94851;54;3031;338;3423;109;13192;1899;15200;9;157;273;439;268;107324;6321;113913;"2025-09-25 11:24:58"
4057;"2021-11-01";60;275;182908;5326;188509;303;4799;289;5391;206;18846;2091;21143;28;359;470;857;812;206912;8176;215900;"2025-09-25 11:24:58"
4058;"2021-11-01";38;48;59182;36578;95808;24;1594;836;2454;80;5905;1165;7150;10;111;367;488;162;66792;38946;105900;"2025-09-25 11:24:58"
4059;"2021-11-01";39;280;81873;8453;90606;460;1833;569;2862;179;8295;2153;10627;28;148;695;871;947;92149;11870;104966;"2025-09-25 11:24:58"
4060;"2021-11-01";40;85;26010;1282;27377;50;1104;297;1451;85;4153;332;4570;9;42;53;104;229;31309;1964;33502;"2025-09-25 11:24:58"
4062;"2021-11-01";42;125;149204;12807;162136;60;3591;293;3944;126;13379;2040;15545;9;221;514;744;320;166395;15654;182369;"2025-09-25 11:24:58"
4065;"2021-11-01";46;184;235975;7646;243805;106;5307;769;6182;178;29702;5304;35184;9;391;565;965;477;271375;14284;286136;"2025-09-25 11:24:58"
4066;"2021-11-01";47;106;113795;1728;115629;113;3150;515;3778;276;19318;2600;22194;53;299;270;622;548;136562;5113;142223;"2025-09-25 11:24:58"
4070;"2021-11-01";51;171;188073;2715;190959;193;3397;651;4241;210;16655;1255;18120;12;294;150;456;586;208419;4771;213776;"2025-09-25 11:24:58"
4073;"2021-11-01";54;126;25310;14461;39897;61;1203;1221;2485;167;9445;747;10359;9;90;88;187;363;36048;16517;52928;"2025-09-25 11:24:58"
4074;"2021-11-01";55;107;95385;177678;273170;62;3749;3009;6820;113;21585;2582;24280;13;434;295;742;295;121153;183564;305012;"2025-09-25 11:24:58"
4075;"2021-11-01";56;305;211996;42698;254999;362;6049;1470;7881;167;29662;3313;33142;20;389;547;956;854;248096;48028;296978;"2025-09-25 11:24:58"
4077;"2021-11-01";58;186;137730;3588;141504;97;4741;118;4956;132;17213;4347;21692;17;322;866;1205;432;160006;8919;169357;"2025-09-25 11:24:58"
4078;"2021-11-01";59;142;191571;25143;216856;83;5459;1036;6578;106;23575;2865;26546;9;298;317;624;340;220903;29361;250604;"2025-09-25 11:24:58"
4080;"2021-11-01";61;164;183763;4785;188712;97;3526;786;4409;153;12122;2623;14898;10;267;394;671;424;199678;8588;208690;"2025-09-25 11:24:58"
4081;"2021-11-01";62;66;8075;100;8241;42;528;62;632;105;3649;57;3811;2;29;16;47;215;12281;235;12731;"2025-09-25 11:24:58"
4084;"2021-11-01";65;178;166053;3769;170000;136;4769;394;5299;190;26074;7573;33837;24;478;881;1383;528;197374;12617;210519;"2025-09-25 11:24:58"
4090;"2021-11-01";71;76;69543;1952;71571;43;2521;563;3127;106;13672;3875;17653;10;220;448;678;235;85956;6838;93029;"2025-09-25 11:24:58"
4093;"2021-11-01";74;123;160406;2214;162743;94;3519;317;3930;134;14708;2262;17104;13;414;286;713;364;179047;5079;184490;"2025-09-25 11:24:58"
4099;"2021-11-01";80;162;102401;1419;103982;89;2838;700;3627;158;19413;4002;23573;8;274;957;1239;417;124926;7078;132421;"2025-09-25 11:24:58"
4102;"2021-11-01";83;328;160860;840;162028;212;3643;468;4323;246;14715;1683;16644;50;459;169;678;836;179677;3160;183673;"2025-09-25 11:24:58"
4104;"2021-11-01";85;132;23644;192;23968;81;1254;169;1504;157;6394;195;6746;12;102;41;155;382;31394;597;32373;"2025-09-25 11:24:58"
4105;"2021-11-01";86;294;159780;1173;161247;165;4719;337;5221;187;19171;2264;21622;23;279;214;516;669;183949;3988;188606;"2025-09-25 11:24:58"
4106;"2021-11-01";87;107;110348;2400;112855;77;2868;861;3806;82;12820;1917;14819;10;248;165;423;276;126284;5343;131903;"2025-09-25 11:24:58"
4107;"2021-11-01";88;66;104408;2532;107006;28;2479;552;3059;32;9480;1353;10865;1;152;131;284;127;116519;4568;121214;"2025-09-25 11:24:58"
4108;"2021-11-01";89;473;23975;313;24761;120;555;24;699;121;1766;358;2245;19;33;10;62;733;26329;705;27767;"2025-09-25 11:24:58"
4109;"2021-11-01";90;124;86959;1691;88774;78;2842;475;3395;101;10663;2138;12902;9;139;154;302;312;100603;4458;105373;"2025-09-25 11:24:58"
4110;"2021-11-01";91;167;160000;892;161059;90;5522;2753;8365;119;29619;4588;34326;13;438;379;830;389;195579;8612;204580;"2025-09-25 11:24:58"
4111;"2021-11-01";92;79;59680;1122;60881;74;1854;292;2220;92;8637;1242;9971;12;133;136;281;257;70304;2792;73353;"2025-09-25 11:24:58"
4112;"2021-11-01";93;121;86436;803;87360;73;2520;157;2750;94;9378;3933;13405;8;152;282;442;296;98486;5175;103957;"2025-09-25 11:24:58"
4113;"2021-11-01";94;224;193263;1956;195443;114;5814;1547;7475;179;29358;3875;33412;8;514;725;1247;525;228949;8103;237577;"2025-09-25 11:24:58"
4114;"2021-11-01";95;327;255292;1902;257521;189;8592;1067;9848;216;42537;5210;47963;15;756;461;1232;747;307177;8640;316564;"2025-09-25 11:24:58"
4115;"2021-11-01";96;77;31663;739;32479;43;1447;65;1555;79;5421;608;6108;12;79;43;134;211;38610;1455;40276;"2025-09-25 11:24:58"
4116;"2021-11-01";97;279;250999;5047;256325;200;9119;1136;10455;204;35100;5508;40812;26;438;542;1006;709;295656;12233;308598;"2025-09-25 11:24:58"
4117;"2021-11-01";101;180;176041;3453;179674;68;2873;1316;4257;113;8090;1971;10174;13;228;200;441;374;187232;6940;194546;"2025-09-25 11:24:58"
4118;"2021-11-01";102;183;67009;1019;68211;71;2366;227;2664;89;7788;1234;9111;16;137;139;292;359;77300;2619;80278;"2025-09-25 11:24:58"
4119;"2021-11-01";103;198;59566;1987;61751;52;2623;250;2925;94;9329;1555;10978;3;115;205;323;347;71633;3997;75977;"2025-09-25 11:24:58"
4120;"2021-11-01";104;130;165864;4205;170199;175;5361;1388;6924;153;19346;2821;22320;24;375;549;948;482;190946;8963;200391;"2025-09-25 11:24:58"
4121;"2021-11-01";105;99;137785;1426;139310;66;2555;83;2704;61;6990;1477;8528;1;213;131;345;227;147543;3117;150887;"2025-09-25 11:24:58"
4122;"2021-11-01";106;194;91675;1072;92941;160;3090;647;3897;104;8469;1966;10539;14;147;109;270;472;103381;3794;107647;"2025-09-25 11:24:58"
4123;"2021-11-01";107;274;63830;1203;65307;99;2604;118;2821;107;6615;1577;8299;22;138;100;260;502;73187;2998;76687;"2025-09-25 11:24:58"
4124;"2021-11-01";108;182;209464;1770;211416;109;7120;463;7692;154;36373;5599;42126;20;464;387;871;465;253421;8219;262105;"2025-09-25 11:24:58"
4125;"2021-11-01";109;177;129318;2881;132376;157;5601;1181;6939;211;22027;3715;25953;14;250;329;593;559;157196;8106;165861;"2025-09-25 11:24:58"
4126;"2021-11-01";110;82;120798;1650;122530;42;4556;632;5230;48;18923;2388;21359;3;311;370;684;175;144588;5040;149803;"2025-09-25 11:24:58"
4127;"2021-11-01";111;149;84747;705;85601;94;3381;481;3956;141;18446;3189;21776;13;802;269;1084;397;107376;4644;112417;"2025-09-25 11:24:58"
4128;"2021-11-01";112;145;104958;2250;107353;119;2521;680;3320;128;9266;3409;12803;13;190;149;352;405;116935;6488;123828;"2025-09-25 11:24:58"
4129;"2021-11-01";113;88;72584;1239;73911;29;2632;899;3560;39;9372;1646;11057;0;120;136;256;156;84708;3920;88784;"2025-09-25 11:24:58"
4130;"2021-11-01";114;154;89662;570;90386;86;3916;469;4471;142;17649;2079;19870;11;321;192;524;393;111548;3310;115251;"2025-09-25 11:24:58"
4131;"2021-11-01";115;229;48179;311;48719;101;1879;689;2669;244;11626;760;12630;10;190;87;287;584;61874;1847;64305;"2025-09-25 11:24:58"
4132;"2021-11-01";116;172;48152;517;48841;77;2179;744;3000;203;13656;5627;19486;9;231;392;632;461;64218;7280;71959;"2025-09-25 11:24:58"
4133;"2021-11-01";117;81;16860;123;17064;72;816;116;1004;149;6131;4516;10796;5;111;510;626;307;23918;5265;29490;"2025-09-25 11:24:58"
4134;"2021-11-01";118;80;95064;1112;96256;58;3095;508;3661;72;10220;2082;12374;8;215;150;373;218;108594;3852;112664;"2025-09-25 11:24:58"
4135;"2021-11-01";119;43;174469;2609;177121;33;4037;689;4759;39;11799;3217;15055;7;335;181;523;122;190640;6696;197458;"2025-09-25 11:24:58"
4136;"2021-11-01";120;19;139017;942;139978;7;2111;205;2323;23;4984;1300;6307;1;155;28;184;50;146267;2475;148792;"2025-09-25 11:24:58"
4137;"2021-11-01";121;337;108990;1547;110874;184;4257;1280;5721;244;20562;4556;25362;16;493;453;962;781;134302;7836;142919;"2025-09-25 11:24:58"
4138;"2021-11-01";122;113;58231;445;58789;94;1544;128;1766;88;6034;2023;8145;10;95;317;422;305;65904;2913;69122;"2025-09-25 11:24:58"
4139;"2021-11-01";123;257;142968;2156;145381;256;5172;415;5843;205;17841;2581;20627;26;343;256;625;744;166324;5408;172476;"2025-09-25 11:24:58"
4140;"2021-11-01";124;190;94659;880;95729;81;3666;601;4348;126;17875;4284;22285;15;312;497;824;412;116512;6262;123186;"2025-09-25 11:24:58"
4141;"2021-11-01";125;230;188500;2624;191354;96;6019;2492;8607;177;28958;5340;34475;20;425;276;721;523;223902;10732;235157;"2025-09-25 11:24:58"
4142;"2021-11-01";126;319;254621;3398;258338;164;8492;1777;10433;237;33994;6662;40893;22;600;927;1549;742;297707;12764;311213;"2025-09-25 11:24:58"
4143;"2021-11-01";127;163;64200;6180;70543;78;3198;777;4053;142;20229;2730;23101;13;250;387;650;396;87877;10074;98347;"2025-09-25 11:24:58"
4144;"2021-11-01";128;179;113640;669;114488;81;2893;335;3309;133;15594;2063;17790;10;230;149;389;403;132357;3216;135976;"2025-09-25 11:24:58"
4145;"2021-11-01";129;367;393434;2812;396613;203;11180;2701;14084;294;58833;6679;65806;64;1168;523;1755;928;464615;12715;478258;"2025-09-25 11:24:58"
4147;"2021-11-01";238;147;89012;2319;91478;130;2895;519;3544;236;17548;1391;19175;25;276;363;664;538;109731;4592;114861;"2025-09-25 11:24:58"
4148;"2021-11-01";214;64;18571;217;18852;61;814;75;950;94;7068;204;7366;7;75;68;150;226;26528;564;27318;"2025-09-25 11:24:58"
4149;"2021-11-01";240;110;37759;666;38535;75;1393;163;1631;122;6810;452;7384;10;129;199;338;317;46091;1480;47888;"2025-09-25 11:24:58"
4150;"2021-11-01";241;109;24774;434;25317;102;912;114;1128;180;6572;172;6924;5;89;38;132;396;32347;758;33501;"2025-09-25 11:24:58"
4151;"2021-11-01";242;114;32094;896;33104;89;1236;136;1461;102;5453;281;5836;6;112;90;208;311;38895;1403;40609;"2025-09-25 11:24:58"
4152;"2021-11-01";243;49;8449;53;8551;50;346;29;425;97;3261;42;3400;5;39;11;55;201;12095;135;12431;"2025-09-25 11:24:58"
4153;"2021-11-01";244;44;11635;166;11845;34;442;29;505;107;4022;73;4202;6;60;22;88;191;16159;290;16640;"2025-09-25 11:24:58"
4154;"2021-11-01";245;126;14407;128;14661;79;729;60;868;121;6126;128;6375;6;75;45;126;332;21337;361;22030;"2025-09-25 11:24:58"
4155;"2021-11-01";246;211;147724;2666;150601;151;4862;538;5551;220;25798;2070;28088;22;428;322;772;604;178812;5596;185012;"2025-09-25 11:24:58"
4156;"2021-11-01";247;53;13510;128;13691;47;542;66;655;111;4781;83;4975;5;68;26;99;216;18901;303;19420;"2025-09-25 11:24:58"
4157;"2021-11-01";248;105;13886;211;14202;83;640;69;792;135;6103;157;6395;12;70;28;110;335;20699;465;21499;"2025-09-25 11:24:58"
4158;"2021-11-01";249;54;16542;138;16734;58;812;37;907;125;6871;131;7127;9;58;20;87;246;24283;326;24855;"2025-09-25 11:24:58"
4159;"2021-11-01";250;290;113663;2535;116488;270;3462;636;4368;269;17919;2740;20928;16;367;392;775;845;135411;6303;142559;"2025-09-25 11:24:58"
4160;"2021-11-01";251;58;15797;415;16270;56;686;159;901;103;3314;133;3550;7;82;41;130;224;19879;748;20851;"2025-09-25 11:24:58"
4161;"2021-11-01";252;94;16533;263;16890;81;811;61;953;113;8342;125;8580;13;63;33;109;301;25749;482;26532;"2025-09-25 11:24:58"
4162;"2021-11-01";253;119;26516;223;26858;107;1378;296;1781;183;11315;438;11936;21;104;77;202;430;39313;1034;40777;"2025-09-25 11:24:58"
4163;"2021-11-01";254;58;9529;65;9652;62;348;51;461;104;3216;47;3367;10;44;18;72;234;13137;181;13552;"2025-09-25 11:24:58"
4164;"2021-11-01";255;75;18058;382;18515;61;920;60;1041;115;8118;242;8475;9;72;54;135;260;27168;738;28166;"2025-09-25 11:24:58"
4166;"2021-11-01";131;71;14377;76;14524;54;799;47;900;79;7632;254;7965;9;56;28;93;213;22864;405;23482;"2025-09-25 11:24:58"
4167;"2021-11-01";132;66;10340;113;10519;46;491;73;610;108;4766;379;5253;4;50;225;279;224;15647;790;16661;"2025-09-25 11:24:58"
4168;"2021-11-01";133;68;11402;139;11609;56;627;88;771;100;6050;716;6866;12;56;72;140;236;18135;1015;19386;"2025-09-25 11:24:58"
4169;"2021-11-01";134;78;16350;130;16558;53;750;96;899;114;7871;154;8139;7;65;30;102;252;25036;410;25698;"2025-09-25 11:24:58"
4170;"2021-11-01";135;72;19066;365;19503;52;885;99;1036;78;7570;617;8265;7;65;80;152;209;27586;1161;28956;"2025-09-25 11:24:58"
4171;"2021-11-01";136;76;43582;274;43932;64;2266;210;2540;105;13184;1328;14617;10;149;142;301;255;59181;1954;61390;"2025-09-25 11:24:58"
4172;"2021-11-01";137;104;52241;746;53091;77;1912;177;2166;153;13308;1683;15144;6;221;844;1071;340;67682;3450;71472;"2025-09-25 11:24:58"
4173;"2021-11-01";138;33;15557;133;15723;23;612;31;666;31;3074;545;3650;4;59;45;108;91;19302;754;20147;"2025-09-25 11:24:58"
4174;"2021-11-01";139;69;40468;232;40769;62;1596;86;1744;79;8795;938;9812;7;114;78;199;217;50973;1334;52524;"2025-09-25 11:24:58"
4175;"2021-11-01";140;1;8;0;9;0;3;0;3;0;8;0;8;0;0;0;0;1;19;0;20;"2025-09-25 11:24:58"
4176;"2021-11-01";141;213;79418;1056;80687;119;2413;411;2943;175;11630;974;12779;15;220;243;478;522;93681;2684;96887;"2025-09-25 11:24:58"
4177;"2021-11-01";142;64;88342;1485;89891;112;2281;864;3257;62;10848;1733;12643;4;230;218;452;242;101701;4300;106243;"2025-09-25 11:24:58"
4178;"2021-11-01";143;135;87606;1907;89648;92;2758;435;3285;113;13586;1934;15633;5;274;201;480;345;104224;4477;109046;"2025-09-25 11:24:58"
4179;"2021-11-01";144;133;113396;4496;118025;86;3284;693;4063;131;15090;1976;17197;14;349;297;660;364;132119;7462;139945;"2025-09-25 11:24:58"
4180;"2021-11-01";145;189;88187;4942;93318;144;3169;420;3733;241;19374;1722;21337;24;329;284;637;598;111059;7368;119025;"2025-09-25 11:24:58"
4182;"2021-11-01";147;59;19983;62;20104;32;651;108;791;59;1865;349;2273;8;53;32;93;158;22552;551;23261;"2025-09-25 11:24:58"
4183;"2021-11-01";148;223;39891;1550;41664;127;1740;361;2228;210;12256;626;13092;23;141;112;276;583;54028;2649;57260;"2025-09-25 11:24:58"
4184;"2021-11-01";149;68;19149;1268;20485;39;1080;286;1405;85;8239;579;8903;7;70;60;137;199;28538;2193;30930;"2025-09-25 11:24:58"
4185;"2021-11-01";150;142;43798;863;44803;87;2267;370;2724;161;15017;1079;16257;28;133;75;236;418;61215;2387;64020;"2025-09-25 11:24:58"
4186;"2021-11-01";151;142;76239;619;77000;78;2618;343;3039;170;17754;2272;20196;13;303;796;1112;403;96914;4030;101347;"2025-09-25 11:24:58"
4187;"2021-11-01";152;123;38608;477;39208;77;1535;172;1784;179;12474;551;13204;31;129;157;317;410;52746;1357;54513;"2025-09-25 11:24:58"
4188;"2021-11-01";153;98;22113;417;22628;62;1206;343;1611;130;10949;369;11448;11;81;54;146;301;34349;1183;35833;"2025-09-25 11:24:58"
4189;"2021-11-01";154;159;75789;909;76857;87;2742;498;3327;159;17972;1777;19908;18;269;399;686;423;96772;3583;100778;"2025-09-25 11:24:58"
4190;"2021-11-01";155;81;18790;148;19019;39;785;116;940;108;7423;484;8015;9;70;75;154;237;27068;823;28128;"2025-09-25 11:24:58"
4191;"2021-11-01";156;180;146371;2431;148982;135;5143;562;5840;178;22479;3329;25986;39;445;361;845;532;174438;6683;181653;"2025-09-25 11:24:58"
4192;"2021-11-01";157;119;30539;306;30964;105;1438;311;1854;175;11194;684;12053;13;142;97;252;412;43313;1398;45123;"2025-09-25 11:24:58"
4193;"2021-11-01";158;100;109278;1599;110977;73;4145;587;4805;106;18459;2594;21159;10;315;378;703;289;132197;5158;137644;"2025-09-25 11:24:58"
4194;"2021-11-01";159;163;173549;2176;175888;134;5048;896;6078;220;20203;2199;22622;21;482;268;771;538;199282;5539;205359;"2025-09-25 11:24:58"
4195;"2021-11-01";160;71;10648;72;10791;51;512;66;629;118;5687;606;6411;11;57;80;148;251;16904;824;17979;"2025-09-25 11:24:58"
4196;"2021-11-01";161;79;23121;200;23400;44;1072;91;1207;175;10005;244;10424;17;100;39;156;315;34298;574;35187;"2025-09-25 11:24:58"
4197;"2021-11-01";162;166;39729;312;40207;89;1523;223;1835;145;11947;788;12880;23;152;122;297;423;53351;1445;55219;"2025-09-25 11:24:58"
4199;"2021-11-01";257;103;18897;185;19185;65;1368;93;1526;129;10311;264;10704;7;85;42;134;304;30661;584;31549;"2025-09-25 11:24:58"
4200;"2021-11-01";258;208;109723;2140;112071;120;3516;529;4165;205;18639;3064;21908;19;306;651;976;552;132184;6384;139120;"2025-09-25 11:24:58"
4201;"2021-11-01";259;111;30826;661;31598;66;1572;164;1802;107;13070;1038;14215;7;207;107;321;291;45675;1970;47936;"2025-09-25 11:24:58"
4202;"2021-11-01";260;138;27545;2941;30624;97;1300;239;1636;168;12215;442;12825;16;134;62;212;419;41194;3684;45297;"2025-09-25 11:24:58"
4203;"2021-11-01";261;66;8268;56;8390;39;460;57;556;87;4212;246;4545;4;40;36;80;196;12980;395;13571;"2025-09-25 11:24:58"
4204;"2021-11-01";262;79;18086;194;18359;62;911;130;1103;109;8364;249;8722;10;77;41;128;260;27438;614;28312;"2025-09-25 11:24:58"
4205;"2021-11-01";263;64;9279;56;9399;59;427;19;505;99;4924;58;5081;7;37;13;57;229;14667;146;15042;"2025-09-25 11:24:58"
4206;"2021-11-01";264;102;38629;291;39022;106;1674;467;2247;180;11696;2219;14095;23;156;179;358;411;52155;3156;55722;"2025-09-25 11:24:58"
4207;"2021-11-01";265;172;108623;1900;110695;129;4412;498;5039;207;23705;3076;26988;13;280;393;686;521;137020;5867;143408;"2025-09-25 11:24:58"
4208;"2021-11-01";266;66;9080;60;9206;46;441;69;556;102;4688;274;5064;3;46;27;76;217;14255;430;14902;"2025-09-25 11:24:58"
4209;"2021-11-01";267;68;7519;32;7619;44;373;16;433;118;4310;114;4542;7;36;16;59;237;12238;178;12653;"2025-09-25 11:24:58"
4210;"2021-11-01";268;143;150604;3283;154030;97;3908;926;4931;89;18837;2359;21285;9;381;376;766;338;173730;6944;181012;"2025-09-25 11:24:58"
4211;"2021-11-01";269;294;132487;1976;134757;230;3640;572;4442;228;16101;1354;17683;22;217;244;483;774;152445;4146;157365;"2025-09-25 11:24:58"
4212;"2021-11-01";270;115;38501;2447;41063;103;1717;195;2015;134;14638;844;15616;6;196;113;315;358;55052;3599;59009;"2025-09-25 11:24:58"
4213;"2021-11-01";271;95;8859;43;8997;52;443;89;584;103;4815;98;5016;9;46;9;64;259;14163;239;14661;"2025-09-25 11:24:58"
4215;"2021-11-01";164;72;11670;170;11912;58;578;102;738;92;6321;752;7165;11;68;41;120;233;18637;1065;19935;"2025-09-25 11:24:58"
4216;"2021-11-01";165;93;19203;181;19477;77;1117;106;1300;138;11988;271;12397;6;76;33;115;314;32384;591;33289;"2025-09-25 11:24:58"
4217;"2021-11-01";166;64;9650;155;9869;35;439;68;542;64;4816;438;5318;0;44;62;106;163;14949;723;15835;"2025-09-25 11:24:58"
4218;"2021-11-01";167;86;68368;620;69074;65;2335;277;2677;85;13415;3481;16981;14;388;1638;2040;250;84506;6016;90772;"2025-09-25 11:24:58"
4219;"2021-11-01";168;50;8800;434;9284;34;461;60;555;59;3926;211;4196;1;43;22;66;144;13230;727;14101;"2025-09-25 11:24:58"
4220;"2021-11-01";169;141;48804;1031;49976;122;2015;359;2496;201;14914;1634;16749;17;273;265;555;481;66006;3289;69776;"2025-09-25 11:24:58"
4221;"2021-11-01";170;82;18771;276;19129;45;840;249;1134;84;7719;951;8754;11;108;158;277;222;27438;1634;29294;"2025-09-25 11:24:58"
4222;"2021-11-01";171;133;78275;2337;80745;121;3018;428;3567;150;12918;2344;15412;8;240;357;605;412;94451;5466;100329;"2025-09-25 11:24:58"
4223;"2021-11-01";172;201;36887;142;37230;200;1604;50;1854;150;11195;798;12143;13;139;96;248;564;49825;1086;51475;"2025-09-25 11:24:58"
4224;"2021-11-01";173;75;13203;11726;25004;51;779;292;1122;95;7643;351;8089;5;62;47;114;226;21687;12416;34329;"2025-09-25 11:24:58"
4225;"2021-11-01";174;171;115965;1735;117871;141;3410;692;4243;185;22125;1942;24252;15;337;912;1264;512;141837;5281;147630;"2025-09-25 11:24:58"
4226;"2021-11-01";175;110;12152;78298;90560;54;646;1893;2593;174;8713;447;9334;1;146;33;180;339;21657;80671;102667;"2025-09-25 11:24:58"
4227;"2021-11-01";176;189;107298;2309;109796;151;3632;692;4475;186;20881;3407;24474;16;326;823;1165;542;132137;7231;139910;"2025-09-25 11:24:58"
4228;"2021-11-01";177;67;19237;143;19447;41;844;92;977;92;7844;483;8419;6;83;40;129;206;28008;758;28972;"2025-09-25 11:24:58"
4229;"2021-11-01";178;90;21855;1486;23431;62;1246;149;1457;114;10377;714;11205;8;160;125;293;274;33638;2474;36386;"2025-09-25 11:24:58"
4230;"2021-11-01";179;108;15380;218;15706;59;751;109;919;106;9325;199;9630;12;79;20;111;285;25535;546;26366;"2025-09-25 11:24:58"
4231;"2021-11-01";180;83;18038;269;18390;39;806;76;921;80;7818;806;8704;3;100;90;193;205;26762;1241;28208;"2025-09-25 11:24:58"
4232;"2021-11-01";181;83;12544;80;12707;71;610;49;730;98;6894;288;7280;7;49;26;82;259;20097;443;20799;"2025-09-25 11:24:58"
4233;"2021-11-01";182;65;10418;92;10575;41;565;54;660;64;6050;125;6239;1;46;17;64;171;17079;288;17538;"2025-09-25 11:24:58"
4234;"2021-11-01";183;62;11379;30152;41593;54;571;585;1210;83;6235;179;6497;10;62;19;91;209;18247;30935;49391;"2025-09-25 11:24:58"
4235;"2021-11-01";184;111;23154;30818;54083;84;1679;588;2351;131;14755;240;15126;17;103;31;151;343;39691;31677;71711;"2025-09-25 11:24:58"
4236;"2021-11-01";185;90;24155;425;24670;47;1025;1083;2155;88;7936;490;8514;6;94;143;243;231;33210;2141;35582;"2025-09-25 11:24:58"
4238;"2021-11-01";187;119;114338;1031;115488;79;3276;389;3744;114;21829;2695;24638;11;268;431;710;323;139711;4546;144580;"2025-09-25 11:24:58"
4239;"2021-11-01";188;212;112995;1734;114941;147;4046;559;4752;223;25082;1935;27240;12;393;369;774;594;142516;4597;147707;"2025-09-25 11:24:58"
4240;"2021-11-01";189;60;13400;37;13497;34;689;50;773;66;6266;558;6890;11;66;36;113;171;20421;681;21273;"2025-09-25 11:24:58"
4241;"2021-11-01";190;197;182905;2468;185570;115;5604;803;6522;227;25325;3546;29098;14;437;445;896;553;214271;7262;222086;"2025-09-25 11:24:58"
4242;"2021-11-01";44;43;9306;35;9384;40;421;18;479;41;5178;194;5413;1;47;61;109;125;14952;308;15385;"2025-09-25 11:24:58"
4243;"2021-11-01";192;151;55631;625;56407;82;2207;257;2546;159;17214;958;18331;11;163;134;308;403;75215;1974;77592;"2025-09-25 11:24:58"
4244;"2021-11-01";193;88;25979;409;26476;61;1277;117;1455;122;9820;252;10194;8;102;73;183;279;37178;851;38308;"2025-09-25 11:24:58"
4245;"2021-11-01";194;90;10767;66;10923;42;466;37;545;71;6842;90;7003;2;58;15;75;205;18133;208;18546;"2025-09-25 11:24:58"
4246;"2021-11-01";195;118;34710;440;35268;94;1731;251;2076;168;16559;1014;17741;11;146;155;312;391;53146;1860;55397;"2025-09-25 11:24:58"
4247;"2021-11-01";196;65;19040;160;19265;46;843;35;924;83;10844;964;11891;5;103;149;257;199;30830;1308;32337;"2025-09-25 11:24:58"
4248;"2021-11-01";197;216;61435;985;62636;225;2297;283;2805;261;18902;1227;20390;41;232;226;499;743;82866;2721;86330;"2025-09-25 11:24:58"
4249;"2021-11-01";198;79;12365;119;12563;51;647;53;751;115;5975;108;6198;8;43;22;73;253;19030;302;19585;"2025-09-25 11:24:58"
4250;"2021-11-01";199;53;5805;34;5892;33;297;27;357;54;3726;45;3825;1;27;5;33;141;9855;111;10107;"2025-09-25 11:24:58"
4251;"2021-11-01";200;130;39415;503;40048;76;1717;156;1949;142;14295;724;15161;30;180;133;343;378;55607;1516;57501;"2025-09-25 11:24:58"
4252;"2021-11-01";201;115;42581;472;43168;75;1833;246;2154;128;15709;1536;17373;7;175;330;512;325;60298;2584;63207;"2025-09-25 11:24:58"
4253;"2021-11-01";202;97;21481;186;21764;59;769;76;904;100;8188;196;8484;19;95;38;152;275;30533;496;31304;"2025-09-25 11:24:58"
4254;"2021-11-01";203;69;3674;365;4108;18;240;192;450;64;1291;32;1387;6;19;2;27;157;5224;591;5972;"2025-09-25 11:24:58"
4255;"2021-11-01";204;122;19157;140;19419;62;674;82;818;121;6430;109;6660;7;100;30;137;312;26361;361;27034;"2025-09-25 11:24:58"
4256;"2021-11-01";205;73;18325;89;18487;89;913;76;1078;143;11724;816;12683;10;74;101;185;315;31036;1082;32433;"2025-09-25 11:24:58"
4257;"2021-11-01";206;86;16748;143;16977;42;675;45;762;87;7640;525;8252;9;72;84;165;224;25135;797;26156;"2025-09-25 11:24:58"
4258;"2021-11-01";207;58;9510;41;9609;60;440;45;545;73;5856;106;6035;3;55;15;73;194;15861;207;16262;"2025-09-25 11:24:58"
4259;"2021-11-01";208;120;54425;301;54846;65;1958;412;2435;108;12433;1450;13991;9;166;242;417;302;68982;2405;71689;"2025-09-25 11:24:58"
4260;"2021-11-01";209;139;101781;1240;103160;95;3212;798;4105;206;17272;4507;21985;11;306;1771;2088;451;122571;8316;131338;"2025-09-25 11:24:58"
4261;"2021-11-01";210;149;120082;2148;122379;85;3301;298;3684;91;17656;944;18691;16;292;288;596;341;141331;3678;145350;"2025-09-25 11:24:58"
4263;"2021-11-01";212;129;91378;1071;92578;99;3187;503;3789;136;11758;421;12315;11;219;155;385;375;106542;2150;109067;"2025-09-25 11:24:58"
4264;"2021-11-01";213;92;22659;190;22941;65;910;173;1148;103;8995;243;9341;11;57;164;232;271;32621;770;33662;"2025-09-25 11:24:58"
4266;"2021-11-01";215;242;229402;2279;231923;167;6975;612;7754;217;40051;3904;44172;27;531;562;1120;653;276959;7357;284969;"2025-09-25 11:24:58"
4267;"2021-11-01";216;93;13406;161;13660;56;590;119;765;119;6069;141;6329;6;51;32;89;274;20116;453;20843;"2025-09-25 11:24:58"
4268;"2021-11-01";217;118;41092;479;41689;96;1529;189;1814;108;13524;2618;16250;11;135;638;784;333;56280;3924;60537;"2025-09-25 11:24:58"
4269;"2021-11-01";218;99;44637;668;45404;73;1610;252;1935;132;10443;495;11070;11;132;107;250;315;56822;1522;58659;"2025-09-25 11:24:58"
4270;"2021-11-01";219;92;12673;113;12878;61;556;57;674;87;7034;474;7595;7;125;137;269;247;20388;781;21416;"2025-09-25 11:24:58"
4271;"2021-11-01";220;162;141291;1180;142633;102;4585;822;5509;140;21825;6782;28747;14;465;1598;2077;418;168166;10382;178966;"2025-09-25 11:24:58"
4272;"2021-11-01";221;62;9705;67;9834;49;427;51;527;86;4514;555;5155;6;37;97;140;203;14683;770;15656;"2025-09-25 11:24:58"
4273;"2021-11-01";222;212;136845;2722;139779;178;3732;1026;4936;234;26296;2316;28846;17;353;415;785;641;167226;6479;174346;"2025-09-25 11:24:58"
4274;"2021-11-01";223;69;24443;185;24697;67;1119;101;1287;83;10051;385;10519;8;120;61;189;227;35733;732;36692;"2025-09-25 11:24:58"
4275;"2021-11-01";224;126;82643;1250;84019;62;2114;507;2683;137;10627;937;11701;9;98;145;252;334;95482;2839;98655;"2025-09-25 11:24:58"
4276;"2021-11-01";225;82;83447;2809;86338;36;2117;450;2603;61;10910;1602;12573;2;145;235;382;181;96619;5096;101896;"2025-09-25 11:24:58"
4277;"2021-11-01";226;247;136675;48822;185744;230;2370;1173;3773;160;10363;929;11452;13;148;181;342;650;149556;51105;201311;"2025-09-25 11:24:58"
4278;"2021-11-01";227;167;97114;1629;98910;153;2584;250;2987;101;16515;1306;17922;7;210;326;543;428;116423;3511;120362;"2025-09-25 11:24:58"
4279;"2021-11-01";228;88;83535;734;84357;37;2190;167;2394;84;7638;782;8504;8;188;229;425;217;93551;1912;95680;"2025-09-25 11:24:58"
4280;"2021-11-01";229;102;41738;767;42607;84;1893;244;2221;123;8769;318;9210;7;106;75;188;316;52506;1404;54226;"2025-09-25 11:24:58"
4281;"2021-11-01";230;60;15742;102;15904;60;591;39;690;96;7619;165;7880;5;50;76;131;221;24002;382;24605;"2025-09-25 11:24:58"
4282;"2021-11-01";231;69;32278;20095;52442;52;1186;306;1544;65;10179;515;10759;6;205;219;430;192;43848;21135;65175;"2025-09-25 11:24:58"
4283;"2021-11-01";232;49;12633;176;12858;53;534;85;672;110;6332;151;6593;6;64;19;89;218;19563;431;20212;"2025-09-25 11:24:58"
4284;"2021-11-01";233;84;14897;104;15085;57;648;72;777;129;7909;385;8423;9;56;55;120;279;23510;616;24405;"2025-09-25 11:24:58"
4286;"2021-11-01";235;266;74561;1152;75979;149;3189;149;3487;334;27218;566;28118;38;216;128;382;787;105184;1995;107966;"2025-09-25 11:24:58"
4287;"2021-11-01";236;576;230357;245639;476572;338;7760;6769;14867;687;50838;3197;54722;38;785;519;1342;1639;289740;256124;547503;"2025-09-25 11:24:58"
4289;"2021-12-01";1;152;200358;18151;218661;54;4348;611;5013;179;13747;1620;15546;15;255;153;423;400;218708;20535;239643;"2025-09-25 11:25:05"
4290;"2021-12-01";2;105;126873;5211;132189;42;3721;678;4441;154;12534;2460;15148;5;160;235;400;306;143288;8584;152178;"2025-09-25 11:25:05"
4291;"2021-12-01";3;102;60845;2139;63086;63;2556;719;3338;130;7294;1280;8704;14;94;101;209;309;70789;4239;75337;"2025-09-25 11:25:05"
4292;"2021-12-01";4;113;64401;1182;65696;82;1844;164;2090;118;15476;2002;17596;9;289;470;768;322;82010;3818;86150;"2025-09-25 11:25:05"
4293;"2021-12-01";5;94;99015;3042;102151;50;3619;310;3979;152;9380;2094;11626;11;142;173;326;307;112156;5619;118082;"2025-09-25 11:25:05"
4294;"2021-12-01";6;88;79766;3098;82952;44;2507;391;2942;163;10386;1594;12143;10;83;241;334;305;92742;5324;98371;"2025-09-25 11:25:05"
4295;"2021-12-01";7;102;112959;10031;123092;64;4738;629;5431;133;14095;2690;16918;13;265;155;433;312;132057;13505;145874;"2025-09-25 11:25:05"
4296;"2021-12-01";8;44;69563;3560;73167;22;3143;482;3647;68;10774;2260;13102;5;130;118;253;139;83610;6420;90169;"2025-09-25 11:25:05"
4297;"2021-12-01";9;87;128613;5715;134415;52;3919;862;4833;169;10314;2117;12600;9;165;263;437;317;143011;8957;152285;"2025-09-25 11:25:05"
4298;"2021-12-01";10;92;76683;4513;81288;52;2788;575;3415;131;8483;2007;10621;12;132;163;307;287;88086;7258;95631;"2025-09-25 11:25:05"
4299;"2021-12-01";11;111;80187;2479;82777;55;3032;129;3216;146;9945;2161;12252;10;118;93;221;322;93282;4862;98466;"2025-09-25 11:25:05"
4300;"2021-12-01";12;111;93439;1182;94732;53;2621;141;2815;147;6944;1223;8314;17;111;240;368;328;103115;2786;106229;"2025-09-25 11:25:05"
4301;"2021-12-01";13;102;100945;4417;105464;55;2928;596;3579;166;9632;2156;11954;19;194;154;367;342;113699;7323;121364;"2025-09-25 11:25:05"
4302;"2021-12-01";14;203;74574;3165;77942;104;2331;415;2850;138;6043;1866;8047;10;116;234;360;455;83064;5680;89199;"2025-09-25 11:25:05"
4303;"2021-12-01";15;207;151378;4952;156537;128;3374;721;4223;177;10912;4875;15964;12;237;160;409;524;165901;10708;177133;"2025-09-25 11:25:05"
4304;"2021-12-01";16;120;82640;10411;93171;43;2224;880;3147;161;8648;2162;10971;17;147;111;275;341;93659;13564;107564;"2025-09-25 11:25:05"
4305;"2021-12-01";17;95;103283;2190;105568;44;3306;1126;4476;149;8915;1717;10781;9;132;107;248;297;115636;5140;121073;"2025-09-25 11:25:05"
4306;"2021-12-01";18;125;202318;6531;208974;95;4670;1632;6397;160;25629;5056;30845;13;286;343;642;393;232903;13562;246858;"2025-09-25 11:25:05"
4307;"2021-12-01";19;119;127140;4538;131797;58;3555;768;4381;136;11571;2807;14514;8;213;425;646;321;142479;8538;151338;"2025-09-25 11:25:05"
4308;"2021-12-01";20;132;117096;3707;120935;57;4303;171;4531;177;15023;4241;19441;15;552;621;1188;381;136974;8740;146095;"2025-09-25 11:25:05"
4309;"2021-12-01";21;135;69749;1001;70885;55;2080;60;2195;137;5303;1082;6522;9;89;40;138;336;77221;2183;79740;"2025-09-25 11:25:05"
4310;"2021-12-01";22;100;111829;3997;115926;46;3631;745;4422;149;10396;1939;12484;15;128;200;343;310;125984;6881;133175;"2025-09-25 11:25:05"
4311;"2021-12-01";23;1736;38996;743;41475;1666;1654;256;3576;371;3806;889;5066;99;67;65;231;3872;44523;1953;50348;"2025-09-25 11:25:05"
4312;"2021-12-01";63;118;87826;1172;89116;101;2088;310;2499;94;10263;791;11148;6;144;275;425;319;100321;2548;103188;"2025-09-25 11:25:05"
4313;"2021-12-01";25;79;89013;5784;94876;34;3591;553;4178;127;11906;2780;14813;17;166;325;508;257;104676;9442;114375;"2025-09-25 11:25:05"
4314;"2021-12-01";146;849;305984;248544;555377;489;10948;6857;18294;1013;78389;3786;83188;75;1012;648;1735;2426;396333;259835;658594;"2025-09-25 11:25:05"
4316;"2021-12-01";28;99;67892;2784;70775;62;2373;752;3187;101;10082;3176;13359;13;144;668;825;275;80491;7380;88146;"2025-09-25 11:25:05"
4317;"2021-12-01";29;76;67908;875;68859;59;2285;539;2883;116;10659;1052;11827;9;178;197;384;260;81030;2663;83953;"2025-09-25 11:25:05"
4318;"2021-12-01";77;284;134325;3210;137819;203;2963;505;3671;220;16174;3131;19525;18;281;598;897;725;153743;7444;161912;"2025-09-25 11:25:05"
4319;"2021-12-01";57;68;55940;647;56655;42;1384;138;1564;75;4489;265;4829;5;111;46;162;190;61924;1096;63210;"2025-09-25 11:25:05"
4320;"2021-12-01";32;78;80437;1578;82093;33;2199;395;2627;65;10130;1423;11618;1;141;242;384;177;92907;3638;96722;"2025-09-25 11:25:05"
4321;"2021-12-01";33;130;105358;18052;123540;66;3123;491;3680;169;13220;2182;15571;11;153;506;670;376;121854;21231;143461;"2025-09-25 11:25:05"
4322;"2021-12-01";79;85;103874;1409;105368;43;2327;268;2638;88;10488;1421;11997;8;184;333;525;224;116873;3431;120528;"2025-09-25 11:25:05"
4323;"2021-12-01";35;90;65892;2779;68761;70;2385;311;2766;114;14709;2309;17132;11;183;331;525;285;83169;5730;89184;"2025-09-25 11:25:05"
4324;"2021-12-01";36;101;90967;3790;94858;53;3016;338;3407;107;13173;1914;15194;9;159;278;446;270;107315;6320;113905;"2025-09-25 11:25:05"
4325;"2021-12-01";60;274;182858;5331;188463;307;4806;285;5398;202;18890;2099;21191;27;353;478;858;810;206907;8193;215910;"2025-09-25 11:25:05"
4326;"2021-12-01";38;48;59086;37764;96898;26;1582;834;2442;79;5868;1164;7111;10;112;363;485;163;66648;40125;106936;"2025-09-25 11:25:05"
4327;"2021-12-01";39;283;82891;8654;91828;487;1835;568;2890;178;8309;2177;10664;29;150;701;880;977;93185;12100;106262;"2025-09-25 11:25:05"
4328;"2021-12-01";40;86;26009;1285;27380;50;1090;297;1437;83;4155;338;4576;9;43;52;104;228;31297;1972;33497;"2025-09-25 11:25:05"
4330;"2021-12-01";42;126;149133;13337;162596;63;3571;294;3928;126;13371;2050;15547;9;236;514;759;324;166311;16195;182830;"2025-09-25 11:25:05"
4333;"2021-12-01";46;189;236249;7755;244193;108;5289;751;6148;179;29767;5311;35257;9;401;568;978;485;271706;14385;286576;"2025-09-25 11:25:05"
4334;"2021-12-01";47;110;113702;1726;115538;115;3161;497;3773;279;19243;2616;22138;55;309;272;636;559;136415;5111;142085;"2025-09-25 11:25:05"
4338;"2021-12-01";51;175;187902;2696;190773;197;3369;651;4217;212;16587;1263;18062;12;302;147;461;596;208160;4757;213513;"2025-09-25 11:25:05"
4341;"2021-12-01";54;125;25566;14096;39787;60;1203;1186;2449;158;9461;748;10367;9;91;88;188;352;36321;16118;52791;"2025-09-25 11:25:05"
4342;"2021-12-01";55;109;95526;175471;271106;61;3725;2865;6651;111;21490;2582;24183;17;452;299;768;298;121193;181217;302708;"2025-09-25 11:25:05"
4343;"2021-12-01";56;306;214042;42505;256853;364;6044;1429;7837;167;29613;3311;33091;20;400;553;973;857;250099;47798;298754;"2025-09-25 11:25:05"
4345;"2021-12-01";58;185;138214;3555;141954;98;4705;118;4921;132;17234;4364;21730;17;328;859;1204;432;160481;8896;169809;"2025-09-25 11:25:05"
4346;"2021-12-01";59;143;192359;26145;218647;83;5423;1136;6642;106;23476;2869;26451;9;296;320;625;341;221554;30470;252365;"2025-09-25 11:25:05"
4348;"2021-12-01";61;165;184022;4426;188613;100;3499;672;4271;153;12179;2725;15057;10;273;392;675;428;199973;8215;208616;"2025-09-25 11:25:05"
4349;"2021-12-01";62;67;8012;95;8174;43;521;64;628;114;3643;60;3817;2;29;16;47;226;12205;235;12666;"2025-09-25 11:25:05"
4352;"2021-12-01";65;177;166389;3799;170365;139;4756;397;5292;186;26136;7560;33882;24;486;881;1391;526;197767;12637;210930;"2025-09-25 11:25:05"
4358;"2021-12-01";71;79;70054;1969;72102;47;2526;563;3136;104;13696;3885;17685;10;228;450;688;240;86504;6867;93611;"2025-09-25 11:25:05"
4361;"2021-12-01";74;125;160906;2239;163270;97;3542;318;3957;135;14709;2277;17121;13;424;290;727;370;179581;5124;185075;"2025-09-25 11:25:05"
4367;"2021-12-01";80;165;102588;1406;104159;90;2822;699;3611;158;19402;4002;23562;8;282;969;1259;421;125094;7076;132591;"2025-09-25 11:25:05"
4370;"2021-12-01";83;335;162159;856;163350;218;3643;471;4332;246;14737;1683;16666;49;474;171;694;848;181013;3181;185042;"2025-09-25 11:25:05"
4372;"2021-12-01";85;134;23687;187;24008;83;1253;168;1504;158;6393;201;6752;12;107;40;159;387;31440;596;32423;"2025-09-25 11:25:05"
4373;"2021-12-01";86;293;160085;1172;161550;167;4705;336;5208;187;19206;2292;21685;23;290;218;531;670;184286;4018;188974;"2025-09-25 11:25:05"
4374;"2021-12-01";87;108;110227;2397;112732;78;2865;858;3801;82;12800;1948;14830;10;255;158;423;278;126147;5361;131786;"2025-09-25 11:25:05"
4375;"2021-12-01";88;73;104467;2482;107022;28;2456;552;3036;31;9489;1353;10873;1;159;132;292;133;116571;4519;121223;"2025-09-25 11:25:05"
4376;"2021-12-01";89;474;24703;314;25491;120;568;24;712;119;1784;358;2261;19;35;10;64;732;27090;706;28528;"2025-09-25 11:25:05"
4377;"2021-12-01";90;123;86988;1680;88791;79;2813;477;3369;101;10639;2142;12882;9;144;154;307;312;100584;4453;105349;"2025-09-25 11:25:05"
4378;"2021-12-01";91;168;160451;872;161491;92;5505;2714;8311;121;29690;4621;34432;13;453;379;845;394;196099;8586;205079;"2025-09-25 11:25:05"
4379;"2021-12-01";92;81;59652;1118;60851;75;1848;292;2215;91;8601;1239;9931;12;132;136;280;259;70233;2785;73277;"2025-09-25 11:25:05"
4380;"2021-12-01";93;121;86368;805;87294;74;2500;164;2738;94;9332;3928;13354;8;146;280;434;297;98346;5177;103820;"2025-09-25 11:25:05"
4381;"2021-12-01";94;229;193899;1941;196069;116;5824;1538;7478;179;29447;3895;33521;8;520;734;1262;532;229690;8108;238330;"2025-09-25 11:25:05"
4382;"2021-12-01";95;331;256477;1893;258701;190;8590;1072;9852;216;42602;5267;48085;26;769;462;1257;763;308438;8694;317895;"2025-09-25 11:25:05"
4383;"2021-12-01";96;78;31704;737;32519;43;1430;65;1538;81;5424;611;6116;12;79;45;136;214;38637;1458;40309;"2025-09-25 11:25:05"
4384;"2021-12-01";97;280;251698;5024;257002;203;9064;1130;10397;204;35076;5524;40804;26;439;543;1008;713;296277;12221;309211;"2025-09-25 11:25:05"
4385;"2021-12-01";101;180;176562;3498;180240;68;2877;1310;4255;113;8095;1977;10185;13;242;202;457;374;187776;6987;195137;"2025-09-25 11:25:05"
4386;"2021-12-01";102;178;67102;1033;68313;71;2361;225;2657;87;7763;1240;9090;16;138;139;293;352;77364;2637;80353;"2025-09-25 11:25:05"
4387;"2021-12-01";103;198;59349;1978;61525;52;2596;249;2897;94;9310;1551;10955;3;116;200;319;347;71371;3978;75696;"2025-09-25 11:25:05"
4388;"2021-12-01";104;129;168213;4285;172627;174;5391;1402;6967;153;19634;2823;22610;24;369;561;954;480;193607;9071;203158;"2025-09-25 11:25:05"
4389;"2021-12-01";105;101;137565;1382;139048;64;2539;80;2683;61;6944;1489;8494;1;213;131;345;227;147261;3082;150570;"2025-09-25 11:25:05"
4390;"2021-12-01";106;191;91782;1076;93049;165;3076;610;3851;105;8464;1966;10535;14;149;103;266;475;103471;3755;107701;"2025-09-25 11:25:05"
4391;"2021-12-01";107;277;63870;1178;65325;99;2606;114;2819;108;6569;1588;8265;22;141;104;267;506;73186;2984;76676;"2025-09-25 11:25:05"
4392;"2021-12-01";108;188;210017;1765;211970;111;7056;464;7631;154;36439;5632;42225;21;471;393;885;474;253983;8254;262711;"2025-09-25 11:25:05"
4393;"2021-12-01";109;177;129850;2880;132907;160;5589;1182;6931;211;22113;3720;26044;13;265;336;614;561;157817;8118;166496;"2025-09-25 11:25:05"
4394;"2021-12-01";110;87;120849;1675;122611;42;4545;629;5216;48;18863;2387;21298;3;315;370;688;180;144572;5061;149813;"2025-09-25 11:25:05"
4395;"2021-12-01";111;150;86125;710;86985;96;3383;459;3938;143;18432;3195;21770;13;772;273;1058;402;108712;4637;113751;"2025-09-25 11:25:05"
4396;"2021-12-01";112;149;105517;2243;107909;116;2520;674;3310;125;9302;3387;12814;13;193;150;356;403;117532;6454;124389;"2025-09-25 11:25:05"
4397;"2021-12-01";113;88;72355;1244;73687;35;2622;899;3556;38;9348;1640;11026;0;123;136;259;161;84448;3919;88528;"2025-09-25 11:25:05"
4398;"2021-12-01";114;157;89841;632;90630;86;3901;467;4454;141;17633;2099;19873;11;327;194;532;395;111702;3392;115489;"2025-09-25 11:25:05"
4399;"2021-12-01";115;229;48251;307;48787;102;1863;688;2653;240;11645;755;12640;9;188;88;285;580;61947;1838;64365;"2025-09-25 11:25:05"
4400;"2021-12-01";116;172;48213;509;48894;80;2181;786;3047;196;13710;5630;19536;9;231;394;634;457;64335;7319;72111;"2025-09-25 11:25:05"
4401;"2021-12-01";117;82;16878;116;17076;74;821;114;1009;149;6119;4511;10779;5;112;511;628;310;23930;5252;29492;"2025-09-25 11:25:05"
4402;"2021-12-01";118;83;95171;1120;96374;58;3078;512;3648;71;10202;2098;12371;8;227;147;382;220;108678;3877;112775;"2025-09-25 11:25:05"
4403;"2021-12-01";119;47;174779;2604;177430;35;4028;683;4746;39;11773;3218;15030;7;347;180;534;128;190927;6685;197740;"2025-09-25 11:25:05"
4404;"2021-12-01";120;19;139033;928;139980;7;2109;203;2319;23;4972;1306;6301;1;162;27;190;50;146276;2464;148790;"2025-09-25 11:25:05"
4405;"2021-12-01";121;346;109278;1546;111170;184;4260;1302;5746;244;20555;4569;25368;16;492;452;960;790;134585;7869;143244;"2025-09-25 11:25:05"
4406;"2021-12-01";122;115;58268;446;58829;95;1541;130;1766;87;6054;2038;8179;10;98;319;427;307;65961;2933;69201;"2025-09-25 11:25:05"
4407;"2021-12-01";123;256;143091;2089;145436;259;5142;416;5817;205;17863;2594;20662;26;346;255;627;746;166442;5354;172542;"2025-09-25 11:25:05"
4408;"2021-12-01";124;193;94806;881;95880;85;3636;598;4319;125;17861;4289;22275;17;318;500;835;420;116621;6268;123309;"2025-09-25 11:25:05"
4409;"2021-12-01";125;236;189304;2577;192117;98;6018;2505;8621;175;28988;5343;34506;19;440;269;728;528;224750;10694;235972;"2025-09-25 11:25:05"
4410;"2021-12-01";126;327;256230;3411;259968;167;8486;1813;10466;236;34122;6644;41002;22;611;926;1559;752;299449;12794;312995;"2025-09-25 11:25:05"
4411;"2021-12-01";127;166;64310;6016;70492;80;3189;775;4044;144;20275;2742;23161;13;249;386;648;403;88023;9919;98345;"2025-09-25 11:25:05"
4412;"2021-12-01";128;187;114322;669;115178;82;2886;334;3302;134;15594;2140;17868;10;239;153;402;413;133041;3296;136750;"2025-09-25 11:25:05"
4413;"2021-12-01";129;377;395157;2805;398339;205;11173;2705;14083;295;58968;6689;65952;65;1181;529;1775;942;466479;12728;480149;"2025-09-25 11:25:05"
4415;"2021-12-01";238;147;89086;2314;91547;132;2882;522;3536;237;17653;1397;19287;26;283;367;676;542;109904;4600;115046;"2025-09-25 11:25:05"
4416;"2021-12-01";214;65;18568;216;18849;62;807;75;944;96;7077;204;7377;7;77;66;150;230;26529;561;27320;"2025-09-25 11:25:05"
4417;"2021-12-01";240;108;37774;666;38548;79;1383;164;1626;122;6831;460;7413;11;130;203;344;320;46118;1493;47931;"2025-09-25 11:25:05"
4418;"2021-12-01";241;109;24839;434;25382;102;912;114;1128;181;6590;171;6942;5;89;38;132;397;32430;757;33584;"2025-09-25 11:25:05"
4419;"2021-12-01";242;115;32215;896;33226;92;1229;132;1453;103;5455;281;5839;7;113;91;211;317;39012;1400;40729;"2025-09-25 11:25:05"
4420;"2021-12-01";243;49;8406;53;8508;50;342;28;420;96;3259;46;3401;5;38;11;54;200;12045;138;12383;"2025-09-25 11:25:05"
4421;"2021-12-01";244;44;11623;162;11829;34;437;28;499;107;4020;73;4200;6;59;22;87;191;16139;285;16615;"2025-09-25 11:25:05"
4422;"2021-12-01";245;126;14429;128;14683;81;722;55;858;121;6129;132;6382;6;76;45;127;334;21356;360;22050;"2025-09-25 11:25:05"
4423;"2021-12-01";246;212;148190;2662;151064;151;4867;537;5555;221;25823;2078;28122;23;441;325;789;607;179321;5602;185530;"2025-09-25 11:25:05"
4424;"2021-12-01";247;54;13534;128;13716;50;543;66;659;111;4793;86;4990;5;71;27;103;220;18941;307;19468;"2025-09-25 11:25:05"
4425;"2021-12-01";248;106;13909;209;14224;85;637;73;795;136;6119;163;6418;12;71;28;111;339;20736;473;21548;"2025-09-25 11:25:05"
4426;"2021-12-01";249;54;16568;139;16761;60;800;37;897;124;6857;135;7116;10;60;20;90;248;24285;331;24864;"2025-09-25 11:25:05"
4427;"2021-12-01";250;288;114027;2521;116836;273;3437;637;4347;271;18012;2740;21023;16;379;392;787;848;135855;6290;142993;"2025-09-25 11:25:05"
4428;"2021-12-01";251;58;15780;409;16247;57;680;159;896;101;3323;134;3558;7;83;40;130;223;19866;742;20831;"2025-09-25 11:25:05"
4429;"2021-12-01";252;93;16565;258;16916;83;805;61;949;113;8354;129;8596;13;64;33;110;302;25788;481;26571;"2025-09-25 11:25:05"
4430;"2021-12-01";253;124;26502;223;26849;105;1365;295;1765;178;11343;440;11961;20;105;77;202;427;39315;1035;40777;"2025-09-25 11:25:05"
4431;"2021-12-01";254;60;9552;66;9678;62;351;51;464;104;3228;48;3380;10;47;18;75;236;13178;183;13597;"2025-09-25 11:25:05"
4432;"2021-12-01";255;75;18058;381;18514;64;917;60;1041;115;8124;244;8483;9;74;53;136;263;27173;738;28174;"2025-09-25 11:25:05"
4434;"2021-12-01";131;75;14963;77;15115;55;819;47;921;78;7718;258;8054;9;57;28;94;217;23557;410;24184;"2025-09-25 11:25:05"
4435;"2021-12-01";132;70;10346;113;10529;48;488;73;609;111;4758;373;5242;4;51;223;278;233;15643;782;16658;"2025-09-25 11:25:05"
4436;"2021-12-01";133;68;11448;136;11652;57;634;87;778;99;6060;698;6857;12;56;73;141;236;18198;994;19428;"2025-09-25 11:25:05"
4437;"2021-12-01";134;82;16396;130;16608;54;755;95;904;112;7885;158;8155;8;64;30;102;256;25100;413;25769;"2025-09-25 11:25:05"
4438;"2021-12-01";135;78;19075;352;19505;53;877;98;1028;79;7600;624;8303;8;64;80;152;218;27616;1154;28988;"2025-09-25 11:25:05"
4439;"2021-12-01";136;76;43680;275;44031;64;2273;209;2546;105;13223;1339;14667;11;152;145;308;256;59328;1968;61552;"2025-09-25 11:25:05"
4440;"2021-12-01";137;105;52259;747;53111;75;1904;176;2155;155;13316;1689;15160;6;226;847;1079;341;67705;3459;71505;"2025-09-25 11:25:05"
4441;"2021-12-01";138;33;15633;132;15798;23;620;31;674;30;3108;546;3684;4;57;44;105;90;19418;753;20261;"2025-09-25 11:25:05"
4442;"2021-12-01";139;72;40581;234;40887;61;1599;83;1743;80;8785;943;9808;9;123;77;209;222;51088;1337;52647;"2025-09-25 11:25:05"
4443;"2021-12-01";140;1;8;0;9;0;3;0;3;0;8;0;8;0;0;0;0;1;19;0;20;"2025-09-25 11:25:05"
4444;"2021-12-01";141;210;79439;1045;80694;111;2395;413;2919;171;11620;984;12775;13;221;242;476;505;93675;2684;96864;"2025-09-25 11:25:05"
4445;"2021-12-01";142;64;88379;1488;89931;107;2274;873;3254;63;10874;1735;12672;4;238;215;457;238;101765;4311;106314;"2025-09-25 11:25:05"
4446;"2021-12-01";143;142;87599;1903;89644;104;2738;432;3274;119;13582;1953;15654;8;287;203;498;373;104206;4491;109070;"2025-09-25 11:25:05"
4447;"2021-12-01";144;134;113403;4428;117965;86;3245;703;4034;131;15080;1992;17203;14;356;293;663;365;132084;7416;139865;"2025-09-25 11:25:05"
4448;"2021-12-01";145;216;88401;4884;93501;145;3152;417;3714;242;19327;1741;21310;27;339;285;651;630;111219;7327;119176;"2025-09-25 11:25:05"
4450;"2021-12-01";147;59;20158;62;20279;31;654;107;792;59;1896;350;2305;8;55;31;94;157;22763;550;23470;"2025-09-25 11:25:05"
4451;"2021-12-01";148;221;39935;1598;41754;126;1735;364;2225;211;12279;626;13116;23;144;111;278;581;54093;2699;57373;"2025-09-25 11:25:05"
4452;"2021-12-01";149;69;19180;1263;20512;42;1080;283;1405;86;8249;577;8912;7;73;60;140;204;28582;2183;30969;"2025-09-25 11:25:05"
4453;"2021-12-01";150;143;43814;869;44826;90;2245;372;2707;162;15010;1074;16246;28;140;78;246;423;61209;2393;64025;"2025-09-25 11:25:05"
4454;"2021-12-01";151;145;76330;619;77094;77;2613;341;3031;169;17780;2269;20218;13;311;793;1117;404;97034;4022;101460;"2025-09-25 11:25:05"
4455;"2021-12-01";152;127;38615;477;39219;81;1526;173;1780;180;12491;560;13231;31;132;155;318;419;52764;1365;54548;"2025-09-25 11:25:05"
4456;"2021-12-01";153;99;22139;406;22644;63;1202;343;1608;131;10939;375;11445;11;81;56;148;304;34361;1180;35845;"2025-09-25 11:25:05"
4457;"2021-12-01";154;157;75972;915;77044;89;2744;501;3334;159;18043;1793;19995;18;272;410;700;423;97031;3619;101073;"2025-09-25 11:25:05"
4458;"2021-12-01";155;82;18823;144;19049;39;782;116;937;109;7423;482;8014;9;72;75;156;239;27100;817;28156;"2025-09-25 11:25:05"
4459;"2021-12-01";156;181;146487;2803;149471;140;5123;570;5833;179;22474;3362;26015;38;456;366;860;538;174540;7101;182179;"2025-09-25 11:25:05"
4460;"2021-12-01";157;126;30640;302;31068;110;1441;311;1862;176;11199;682;12057;14;146;97;257;426;43426;1392;45244;"2025-09-25 11:25:05"
4461;"2021-12-01";158;100;109534;1601;111235;74;4137;579;4790;106;18450;2605;21161;10;317;380;707;290;132438;5165;137893;"2025-09-25 11:25:05"
4462;"2021-12-01";159;165;173806;2150;176121;135;5048;901;6084;214;20226;2209;22649;21;509;268;798;535;199589;5528;205652;"2025-09-25 11:25:05"
4463;"2021-12-01";160;71;10668;71;10810;52;506;66;624;118;5689;607;6414;12;58;78;148;253;16921;822;17996;"2025-09-25 11:25:05"
4464;"2021-12-01";161;79;23172;195;23446;44;1059;90;1193;174;10030;247;10451;17;103;40;160;314;34364;572;35250;"2025-09-25 11:25:05"
4465;"2021-12-01";162;164;39777;314;40255;90;1519;222;1831;142;11935;751;12828;23;157;123;303;419;53388;1410;55217;"2025-09-25 11:25:05"
4467;"2021-12-01";257;108;18923;184;19215;65;1359;89;1513;132;10303;266;10701;7;85;45;137;312;30670;584;31566;"2025-09-25 11:25:05"
4468;"2021-12-01";258;203;109841;2145;112189;125;3508;536;4169;208;18572;3078;21858;20;310;649;979;556;132231;6408;139195;"2025-09-25 11:25:05"
4469;"2021-12-01";259;109;30869;651;31629;68;1569;164;1801;106;13057;1038;14201;7;210;105;322;290;45705;1958;47953;"2025-09-25 11:25:05"
4470;"2021-12-01";260;139;27565;2905;30609;97;1287;236;1620;167;12258;446;12871;15;135;63;213;418;41245;3650;45313;"2025-09-25 11:25:05"
4471;"2021-12-01";261;68;8254;56;8378;38;462;56;556;87;4234;248;4569;4;40;36;80;197;12990;396;13583;"2025-09-25 11:25:05"
4472;"2021-12-01";262;83;18061;192;18336;64;906;127;1097;109;8342;248;8699;10;81;42;133;266;27390;609;28265;"2025-09-25 11:25:05"
4473;"2021-12-01";263;64;9277;56;9397;60;423;21;504;98;4922;55;5075;7;39;14;60;229;14661;146;15036;"2025-09-25 11:25:05"
4474;"2021-12-01";264;106;38652;283;39041;113;1661;473;2247;181;11723;2209;14113;23;159;182;364;423;52195;3147;55765;"2025-09-25 11:25:05"
4475;"2021-12-01";265;172;108596;1882;110650;132;4402;502;5036;208;23712;3095;27015;15;289;398;702;527;136999;5877;143403;"2025-09-25 11:25:05"
4476;"2021-12-01";266;70;9114;59;9243;48;451;69;568;104;4709;279;5092;3;46;27;76;225;14320;434;14979;"2025-09-25 11:25:05"
4477;"2021-12-01";267;73;7544;32;7649;46;368;20;434;120;4303;112;4535;7;36;16;59;246;12251;180;12677;"2025-09-25 11:25:05"
4478;"2021-12-01";268;143;150729;3239;154111;98;3887;919;4904;89;18830;2358;21277;8;395;372;775;338;173841;6888;181067;"2025-09-25 11:25:05"
4479;"2021-12-01";269;292;132399;2019;134710;236;3626;571;4433;228;16046;1360;17634;22;220;244;486;778;152291;4194;157263;"2025-09-25 11:25:05"
4480;"2021-12-01";270;115;38501;2534;41150;104;1723;199;2026;134;14628;848;15610;6;202;117;325;359;55054;3698;59111;"2025-09-25 11:25:05"
4481;"2021-12-01";271;99;8912;43;9054;54;446;89;589;104;4834;99;5037;9;46;9;64;266;14238;240;14744;"2025-09-25 11:25:05"
4483;"2021-12-01";164;70;11652;172;11894;62;575;101;738;93;6310;747;7150;10;72;41;123;235;18609;1061;19905;"2025-09-25 11:25:05"
4484;"2021-12-01";165;92;19236;181;19509;80;1124;106;1310;137;11998;268;12403;6;79;33;118;315;32437;588;33340;"2025-09-25 11:25:05"
4485;"2021-12-01";166;61;9710;153;9924;35;440;68;543;65;4814;434;5313;0;47;60;107;161;15011;715;15887;"2025-09-25 11:25:05"
4486;"2021-12-01";167;86;68548;614;69248;70;2324;281;2675;83;13459;3495;17037;14;397;1637;2048;253;84728;6027;91008;"2025-09-25 11:25:05"
4487;"2021-12-01";168;50;8836;439;9325;35;463;60;558;59;3942;214;4215;1;40;22;63;145;13281;735;14161;"2025-09-25 11:25:05"
4488;"2021-12-01";169;142;48843;936;49921;124;2001;360;2485;198;14930;1632;16760;18;282;267;567;482;66056;3195;69733;"2025-09-25 11:25:05"
4489;"2021-12-01";170;82;18788;278;19148;46;842;248;1136;84;7723;970;8777;12;108;163;283;224;27461;1659;29344;"2025-09-25 11:25:05"
4490;"2021-12-01";171;140;78369;2324;80833;122;2999;425;3546;149;12910;2353;15412;8;246;359;613;419;94524;5461;100404;"2025-09-25 11:25:05"
4491;"2021-12-01";172;199;36972;143;37314;204;1576;51;1831;151;11170;803;12124;14;137;100;251;568;49855;1097;51520;"2025-09-25 11:25:05"
4492;"2021-12-01";173;72;13201;10753;24026;55;774;275;1104;95;7641;353;8089;5;63;47;115;227;21679;11428;33334;"2025-09-25 11:25:05"
4493;"2021-12-01";174;174;115928;1737;117839;146;3385;688;4219;183;22103;1957;24243;16;347;917;1280;519;141763;5299;147581;"2025-09-25 11:25:05"
4494;"2021-12-01";175;103;12169;81184;93456;53;644;1877;2574;173;8746;451;9370;2;146;33;181;331;21705;83545;105581;"2025-09-25 11:25:05"
4495;"2021-12-01";176;187;107551;2331;110069;154;3623;688;4465;182;20887;3438;24507;16;325;825;1166;539;132386;7282;140207;"2025-09-25 11:25:05"
4496;"2021-12-01";177;69;19304;143;19516;40;837;92;969;92;7818;495;8405;6;83;40;129;207;28042;770;29019;"2025-09-25 11:25:05"
4497;"2021-12-01";178;90;21904;1399;23393;67;1253;151;1471;117;10379;717;11213;9;164;125;298;283;33700;2392;36375;"2025-09-25 11:25:05"
4498;"2021-12-01";179;110;15389;212;15711;60;745;108;913;106;9340;199;9645;12;84;20;116;288;25558;539;26385;"2025-09-25 11:25:05"
4499;"2021-12-01";180;82;18026;290;18398;47;803;76;926;80;7787;813;8680;3;99;87;189;212;26715;1266;28193;"2025-09-25 11:25:05"
4500;"2021-12-01";181;85;12576;80;12741;70;617;49;736;97;6888;291;7276;7;47;27;81;259;20128;447;20834;"2025-09-25 11:25:05"
4501;"2021-12-01";182;65;10441;92;10598;43;564;54;661;63;6037;126;6226;1;48;17;66;172;17090;289;17551;"2025-09-25 11:25:05"
4502;"2021-12-01";183;66;11408;29983;41457;53;563;581;1197;85;6240;180;6505;10;62;19;91;214;18273;30763;49250;"2025-09-25 11:25:05"
4503;"2021-12-01";184;111;23180;36022;59313;86;1664;692;2442;132;14776;239;15147;17;102;30;149;346;39722;36983;77051;"2025-09-25 11:25:05"
4504;"2021-12-01";185;90;24220;409;24719;49;1020;1045;2114;89;7959;492;8540;6;96;144;246;234;33295;2090;35619;"2025-09-25 11:25:05"
4506;"2021-12-01";187;119;114380;1022;115521;79;3275;391;3745;115;21832;2617;24564;11;280;379;670;324;139767;4409;144500;"2025-09-25 11:25:05"
4507;"2021-12-01";188;213;112994;1733;114940;148;4033;556;4737;223;25094;1940;27257;12;406;369;787;596;142527;4598;147721;"2025-09-25 11:25:05"
4508;"2021-12-01";189;61;13425;37;13523;35;694;50;779;67;6279;557;6903;11;67;36;114;174;20465;680;21319;"2025-09-25 11:25:05"
4509;"2021-12-01";190;198;182933;2493;185624;118;5589;796;6503;228;25300;3544;29072;14;445;446;905;558;214267;7279;222104;"2025-09-25 11:25:05"
4510;"2021-12-01";44;44;9342;35;9421;38;423;18;479;41;5208;194;5443;0;48;61;109;123;15021;308;15452;"2025-09-25 11:25:05"
4511;"2021-12-01";192;150;55841;628;56619;83;2199;257;2539;160;17246;966;18372;11;163;133;307;404;75449;1984;77837;"2025-09-25 11:25:05"
4512;"2021-12-01";193;91;25993;410;26494;62;1272;117;1451;123;9830;254;10207;8;106;74;188;284;37201;855;38340;"2025-09-25 11:25:05"
4513;"2021-12-01";194;91;10776;65;10932;43;466;37;546;72;6847;88;7007;2;60;14;76;208;18149;204;18561;"2025-09-25 11:25:05"
4514;"2021-12-01";195;120;34736;440;35296;91;1723;256;2070;168;16572;1017;17757;12;144;154;310;391;53175;1867;55433;"2025-09-25 11:25:05"
4515;"2021-12-01";196;66;19136;153;19355;47;840;36;923;83;10887;961;11931;5;105;149;259;201;30968;1299;32468;"2025-09-25 11:25:05"
4516;"2021-12-01";197;214;61421;991;62626;227;2284;284;2795;259;18940;1237;20436;42;235;226;503;742;82880;2738;86360;"2025-09-25 11:25:05"
4517;"2021-12-01";198;82;12323;119;12524;54;645;53;752;115;5973;108;6196;8;46;22;76;259;18987;302;19548;"2025-09-25 11:25:05"
4518;"2021-12-01";199;54;5831;34;5919;33;297;27;357;55;3728;45;3828;1;28;6;35;143;9884;112;10139;"2025-09-25 11:25:05"
4519;"2021-12-01";200;131;39502;507;40140;78;1716;158;1952;143;14326;731;15200;29;183;132;344;381;55727;1528;57636;"2025-09-25 11:25:05"
4520;"2021-12-01";201;119;42697;467;43283;74;1812;245;2131;126;15708;1543;17377;9;172;332;513;328;60389;2587;63304;"2025-09-25 11:25:05"
4521;"2021-12-01";202;97;21545;186;21828;59;769;76;904;101;8196;194;8491;19;92;39;150;276;30602;495;31373;"2025-09-25 11:25:05"
4522;"2021-12-01";203;70;3678;365;4113;18;241;191;450;66;1297;30;1393;6;20;2;28;160;5236;588;5984;"2025-09-25 11:25:05"
4523;"2021-12-01";204;124;19163;140;19427;64;679;80;823;121;6444;110;6675;7;101;30;138;316;26387;360;27063;"2025-09-25 11:25:05"
4524;"2021-12-01";205;74;18330;89;18493;89;916;76;1081;142;11754;816;12712;10;78;100;188;315;31078;1081;32474;"2025-09-25 11:25:05"
4525;"2021-12-01";206;81;16813;144;17038;43;672;47;762;87;7628;617;8332;9;70;130;209;220;25183;938;26341;"2025-09-25 11:25:05"
4526;"2021-12-01";207;60;9531;41;9632;60;443;45;548;72;5889;107;6068;3;57;15;75;195;15920;208;16323;"2025-09-25 11:25:05"
4527;"2021-12-01";208;121;54399;299;54819;65;1961;412;2438;108;12403;1452;13963;9;170;244;423;303;68933;2407;71643;"2025-09-25 11:25:05"
4528;"2021-12-01";209;138;102002;1310;103450;95;3212;798;4105;205;17302;4493;22000;9;320;1760;2089;447;122836;8361;131644;"2025-09-25 11:25:05"
4529;"2021-12-01";210;147;120390;2072;122609;84;3297;296;3677;91;17694;956;18741;18;300;288;606;340;141681;3612;145633;"2025-09-25 11:25:05"
4531;"2021-12-01";212;120;91436;1047;92603;101;3176;503;3780;135;11750;425;12310;11;223;157;391;367;106585;2132;109084;"2025-09-25 11:25:05"
4532;"2021-12-01";213;94;22736;189;23019;65;910;173;1148;102;9019;242;9363;11;58;164;233;272;32723;768;33763;"2025-09-25 11:25:05"
4534;"2021-12-01";215;243;229560;2298;232101;172;6948;612;7732;216;40088;3943;44247;26;557;566;1149;657;277153;7419;285229;"2025-09-25 11:25:05"
4535;"2021-12-01";216;94;13417;160;13671;56;586;118;760;119;6059;144;6322;6;52;32;90;275;20114;454;20843;"2025-09-25 11:25:05"
4536;"2021-12-01";217;115;41188;491;41794;96;1524;189;1809;108;13500;2615;16223;11;136;632;779;330;56348;3927;60605;"2025-09-25 11:25:05"
4537;"2021-12-01";218;101;44675;669;45445;74;1601;253;1928;135;10431;497;11063;11;131;107;249;321;56838;1526;58685;"2025-09-25 11:25:05"
4538;"2021-12-01";219;92;12708;112;12912;65;546;56;667;87;7032;474;7593;7;123;137;267;251;20409;779;21439;"2025-09-25 11:25:05"
4539;"2021-12-01";220;161;141869;1174;143204;104;4581;829;5514;141;21795;6813;28749;15;473;1585;2073;421;168718;10401;179540;"2025-09-25 11:25:05"
4540;"2021-12-01";221;64;9762;67;9893;54;421;53;528;90;4518;554;5162;6;37;99;142;214;14738;773;15725;"2025-09-25 11:25:05"
4541;"2021-12-01";222;210;137022;2721;139953;180;3711;1027;4918;235;26303;2316;28854;18;360;412;790;643;167396;6476;174515;"2025-09-25 11:25:05"
4542;"2021-12-01";223;68;24501;185;24754;67;1107;102;1276;84;10130;398;10612;8;120;64;192;227;35858;749;36834;"2025-09-25 11:25:05"
4543;"2021-12-01";224;120;82470;1249;83839;64;2112;505;2681;138;10620;943;11701;9;99;145;253;331;95301;2842;98474;"2025-09-25 11:25:05"
4544;"2021-12-01";225;79;83716;2916;86711;37;2100;455;2592;61;10897;1602;12560;3;147;232;382;180;96860;5205;102245;"2025-09-25 11:25:05"
4545;"2021-12-01";226;246;137478;49187;186911;232;2372;1156;3760;160;10349;928;11437;12;152;180;344;650;150351;51451;202452;"2025-09-25 11:25:05"
4546;"2021-12-01";227;167;97440;1626;99233;154;2562;251;2967;103;16570;1304;17977;7;212;328;547;431;116784;3509;120724;"2025-09-25 11:25:05"
4547;"2021-12-01";228;87;83762;739;84588;39;2191;168;2398;84;7665;787;8536;8;196;233;437;218;93814;1927;95959;"2025-09-25 11:25:05"
4548;"2021-12-01";229;103;41760;768;42631;85;1892;242;2219;125;8755;321;9201;7;108;73;188;320;52515;1404;54239;"2025-09-25 11:25:05"
4549;"2021-12-01";230;60;15776;102;15938;61;587;39;687;97;7644;165;7906;5;49;77;131;223;24056;383;24662;"2025-09-25 11:25:05"
4550;"2021-12-01";231;67;32276;20049;52392;53;1172;301;1526;65;10181;515;10761;6;203;217;426;191;43832;21082;65105;"2025-09-25 11:25:05"
4551;"2021-12-01";232;49;12635;176;12860;54;528;85;667;110;6325;151;6586;7;65;19;91;220;19553;431;20204;"2025-09-25 11:25:05"
4552;"2021-12-01";233;84;14920;100;15104;60;646;72;778;129;7888;383;8400;9;57;55;121;282;23511;610;24403;"2025-09-25 11:25:05"
4554;"2021-12-01";235;270;74701;1148;76119;151;3197;149;3497;333;27263;566;28162;38;219;127;384;792;105380;1990;108162;"2025-09-25 11:25:05"
4555;"2021-12-01";236;579;231283;247396;479258;338;7751;6708;14797;680;51126;3220;55026;37;793;521;1351;1634;290953;257845;550432;"2025-09-25 11:25:05"
4557;"2022-01-01";1;151;200545;18340;219036;54;4338;609;5001;179;13756;1594;15529;15;261;147;423;399;218900;20690;239989;"2025-09-25 11:25:14"
4558;"2022-01-01";2;103;126883;5182;132168;42;3701;674;4417;155;12487;2454;15096;5;160;237;402;305;143231;8547;152083;"2025-09-25 11:25:14"
4559;"2022-01-01";3;104;60967;2134;63205;63;2551;719;3333;130;7322;1281;8733;13;97;102;212;310;70937;4236;75483;"2025-09-25 11:25:14"
4560;"2022-01-01";4;113;64584;1178;65875;83;1854;164;2101;120;15507;2018;17645;9;300;471;780;325;82245;3831;86401;"2025-09-25 11:25:14"
4561;"2022-01-01";5;94;99161;3041;102296;50;3597;310;3957;152;9456;2099;11707;11;143;173;327;307;112357;5623;118287;"2025-09-25 11:25:14"
4562;"2022-01-01";6;87;79867;3499;83453;44;2509;386;2939;163;10374;1603;12140;10;81;240;331;304;92831;5728;98863;"2025-09-25 11:25:14"
4563;"2022-01-01";7;100;113058;9933;123091;57;4701;631;5389;127;14118;2696;16941;7;271;155;433;291;132148;13415;145854;"2025-09-25 11:25:14"
4564;"2022-01-01";8;51;69694;3545;73290;29;3121;481;3631;74;10794;2266;13134;11;137;119;267;165;83746;6411;90322;"2025-09-25 11:25:14"
4565;"2022-01-01";9;87;128881;5672;134640;53;3903;856;4812;169;10295;2120;12584;10;168;263;441;319;143247;8911;152477;"2025-09-25 11:25:14"
4566;"2022-01-01";10;92;76735;4494;81321;52;2774;575;3401;131;8446;2016;10593;11;131;164;306;286;88086;7249;95621;"2025-09-25 11:25:14"
4567;"2022-01-01";11;108;80263;2489;82860;55;3032;134;3221;143;9952;2170;12265;10;124;91;225;316;93371;4884;98571;"2025-09-25 11:25:14"
4568;"2022-01-01";12;112;93630;1177;94919;53;2624;140;2817;147;6928;1226;8301;17;115;236;368;329;103297;2779;106405;"2025-09-25 11:25:14"
4569;"2022-01-01";13;102;101002;4399;105503;55;2909;592;3556;166;9547;2160;11873;19;195;154;368;342;113653;7305;121300;"2025-09-25 11:25:14"
4570;"2022-01-01";14;203;74846;3158;78207;104;2310;413;2827;138;6042;1862;8042;10;112;233;355;455;83310;5666;89431;"2025-09-25 11:25:14"
4571;"2022-01-01";15;207;151225;4915;156347;128;3362;717;4207;177;10803;4898;15878;12;244;160;416;524;165634;10690;176848;"2025-09-25 11:25:14"
4572;"2022-01-01";16;123;82519;9619;92261;44;2210;787;3041;163;8650;2133;10946;17;151;110;278;347;93530;12649;106526;"2025-09-25 11:25:14"
4573;"2022-01-01";17;95;103410;2191;105696;45;3285;1125;4455;149;8884;1716;10749;9;135;107;251;298;115714;5139;121151;"2025-09-25 11:25:14"
4574;"2022-01-01";18;125;202779;6615;209519;98;4631;1621;6350;160;25639;5050;30849;13;291;346;650;396;233340;13632;247368;"2025-09-25 11:25:14"
4575;"2022-01-01";19;119;127182;4522;131823;58;3542;764;4364;136;11614;2795;14545;8;211;430;649;321;142549;8511;151381;"2025-09-25 11:25:14"
4576;"2022-01-01";20;132;117251;3696;121079;57;4284;171;4512;178;15048;4234;19460;15;556;626;1197;382;137139;8727;146248;"2025-09-25 11:25:14"
4577;"2022-01-01";21;135;69698;995;70828;55;2061;60;2176;137;5268;1077;6482;9;88;38;135;336;77115;2170;79621;"2025-09-25 11:25:14"
4578;"2022-01-01";22;101;111919;3998;116018;46;3604;744;4394;147;10408;1948;12503;15;135;202;352;309;126066;6892;133267;"2025-09-25 11:25:14"
4579;"2022-01-01";23;1736;39041;674;41451;1678;1643;255;3576;365;3827;890;5082;100;66;65;231;3879;44577;1884;50340;"2025-09-25 11:25:14"
4580;"2022-01-01";63;117;87867;1173;89157;103;2079;307;2489;96;10219;799;11114;6;148;273;427;322;100313;2552;103187;"2025-09-25 11:25:14"
4581;"2022-01-01";25;80;89329;5742;95151;34;3588;549;4171;125;11897;2784;14806;17;167;327;511;256;104981;9402;114639;"2025-09-25 11:25:14"
4582;"2022-01-01";146;845;306873;250736;558454;492;10931;6820;18243;1015;78714;3804;83533;74;1021;652;1747;2426;397539;262012;661977;"2025-09-25 11:25:14"
4584;"2022-01-01";28;99;67637;2746;70482;62;2363;757;3182;101;10058;3185;13344;13;148;678;839;275;80206;7366;87847;"2025-09-25 11:25:14"
4585;"2022-01-01";29;75;68005;820;68900;60;2277;542;2879;115;10664;1060;11839;10;181;200;391;260;81127;2622;84009;"2025-09-25 11:25:14"
4586;"2022-01-01";77;283;134384;3216;137883;203;2967;515;3685;221;16190;3129;19540;18;284;601;903;725;153825;7461;162011;"2025-09-25 11:25:14"
4587;"2022-01-01";57;67;56016;657;56740;42;1376;138;1556;74;4507;267;4848;5;112;46;163;188;62011;1108;63307;"2025-09-25 11:25:14"
4588;"2022-01-01";32;79;81871;1576;83526;33;2210;394;2637;64;10199;1433;11696;1;143;243;387;177;94423;3646;98246;"2025-09-25 11:25:14"
4589;"2022-01-01";33;131;105297;18046;123474;65;3101;501;3667;169;13196;2186;15551;11;154;505;670;376;121748;21238;143362;"2025-09-25 11:25:14"
4590;"2022-01-01";79;85;104372;1410;105867;44;2310;265;2619;88;10538;1426;12052;8;189;330;527;225;117409;3431;121065;"2025-09-25 11:25:14"
4591;"2022-01-01";35;89;65858;2759;68706;70;2367;311;2748;114;14728;2310;17152;11;186;329;526;284;83139;5709;89132;"2025-09-25 11:25:14"
4592;"2022-01-01";36;101;91130;3776;95007;53;3012;337;3402;107;13188;1925;15220;9;164;279;452;270;107494;6317;114081;"2025-09-25 11:25:14"
4593;"2022-01-01";60;272;183160;5359;188791;308;4812;287;5407;198;18920;2117;21235;28;351;481;860;806;207243;8244;216293;"2025-09-25 11:25:14"
4594;"2022-01-01";38;48;58966;38661;97675;26;1584;831;2441;79;5873;1168;7120;10;115;365;490;163;66538;41025;107726;"2025-09-25 11:25:14"
4595;"2022-01-01";39;282;83325;8868;92475;486;1834;567;2887;179;8317;2198;10694;29;152;706;887;976;93628;12339;106943;"2025-09-25 11:25:14"
4596;"2022-01-01";40;86;26014;1339;27439;50;1087;297;1434;83;4162;341;4586;9;42;53;104;228;31305;2030;33563;"2025-09-25 11:25:14"
4598;"2022-01-01";42;127;149155;13687;162969;62;3548;290;3900;130;13370;2057;15557;9;241;516;766;328;166314;16550;183192;"2025-09-25 11:25:14"
4601;"2022-01-01";46;192;236654;7897;244743;108;5287;744;6139;179;29793;5330;35302;9;410;575;994;488;272144;14546;287178;"2025-09-25 11:25:14"
4602;"2022-01-01";47;110;113813;1709;115632;115;3152;502;3769;290;19284;2628;22202;57;309;271;637;572;136558;5110;142240;"2025-09-25 11:25:14"
4606;"2022-01-01";51;176;188489;2568;191233;197;3356;654;4207;212;16675;1284;18171;12;312;148;472;597;208832;4654;214083;"2025-09-25 11:25:14"
4609;"2022-01-01";54;124;25687;13226;39037;60;1200;1104;2364;156;9517;747;10420;9;92;87;188;349;36496;15164;52009;"2025-09-25 11:25:14"
4610;"2022-01-01";55;108;95609;174868;270585;61;3710;2832;6603;111;21546;2599;24256;17;457;297;771;297;121322;180596;302215;"2025-09-25 11:25:14"
4611;"2022-01-01";56;306;214664;42169;257139;368;6035;1406;7809;169;29741;3325;33235;20;401;551;972;863;250841;47451;299155;"2025-09-25 11:25:14"
4613;"2022-01-01";58;185;138424;3540;142149;98;4671;117;4886;133;17286;4382;21801;17;328;874;1219;433;160709;8913;170055;"2025-09-25 11:25:14"
4614;"2022-01-01";59;143;193049;28587;221779;83;5363;1137;6583;106;23297;2866;26269;9;293;325;627;341;222002;32915;255258;"2025-09-25 11:25:14"
4616;"2022-01-01";61;165;184415;4492;189072;100;3482;673;4255;152;12160;2732;15044;10;285;390;685;427;200342;8287;209056;"2025-09-25 11:25:14"
4617;"2022-01-01";62;67;8070;94;8231;43;517;62;622;113;3646;58;3817;2;29;16;47;225;12262;230;12717;"2025-09-25 11:25:14"
4620;"2022-01-01";65;174;166887;3877;170938;143;4750;412;5305;188;26180;7594;33962;24;498;877;1399;529;198315;12760;211604;"2025-09-25 11:25:14"
4626;"2022-01-01";71;79;70519;1972;72570;44;2523;565;3132;104;13742;3893;17739;10;232;451;693;237;87016;6881;94134;"2025-09-25 11:25:14"
4629;"2022-01-01";74;123;161347;2229;163699;95;3518;317;3930;407;14829;2311;17547;19;429;292;740;644;180123;5149;185916;"2025-09-25 11:25:14"
4635;"2022-01-01";80;165;102836;1388;104389;90;2810;693;3593;158;19443;4018;23619;8;292;973;1273;421;125381;7072;132874;"2025-09-25 11:25:14"
4638;"2022-01-01";83;336;163627;858;164821;218;3656;467;4341;245;14818;1696;16759;50;478;170;698;849;182579;3191;186619;"2025-09-25 11:25:14"
4640;"2022-01-01";85;133;23740;186;24059;85;1250;157;1492;158;6403;205;6766;12;109;40;161;388;31502;588;32478;"2025-09-25 11:25:14"
4641;"2022-01-01";86;293;160551;1171;162015;165;4686;340;5191;189;19228;2303;21720;23;295;218;536;670;184760;4032;189462;"2025-09-25 11:25:14"
4642;"2022-01-01";87;106;110320;2335;112761;78;2834;859;3771;84;12825;1945;14854;10;264;156;430;278;126243;5295;131816;"2025-09-25 11:25:14"
4643;"2022-01-01";88;73;104497;2581;107151;28;2449;551;3028;31;9510;1364;10905;1;160;137;298;133;116616;4633;121382;"2025-09-25 11:25:14"
4644;"2022-01-01";89;471;25706;314;26491;118;579;24;721;120;1808;363;2291;20;36;10;66;729;28129;711;29569;"2025-09-25 11:25:14"
4645;"2022-01-01";90;122;86976;1708;88806;76;2801;477;3354;102;10642;2158;12902;9;153;156;318;309;100572;4499;105380;"2025-09-25 11:25:14"
4646;"2022-01-01";91;166;160819;877;161862;90;5479;2636;8205;121;29741;4599;34461;13;460;328;801;390;196499;8440;205329;"2025-09-25 11:25:14"
4647;"2022-01-01";92;83;59604;1105;60792;75;1840;291;2206;92;8596;1241;9929;12;134;138;284;262;70174;2775;73211;"2025-09-25 11:25:14"
4648;"2022-01-01";93;121;86346;838;87305;74;2490;163;2727;96;9323;3919;13338;8;147;272;427;299;98306;5192;103797;"2025-09-25 11:25:14"
4649;"2022-01-01";94;231;194258;1959;196448;116;5833;1535;7484;180;29580;3901;33661;8;533;731;1272;535;230204;8126;238865;"2025-09-25 11:25:14"
4650;"2022-01-01";95;331;257267;1970;259568;193;8549;1111;9853;217;42727;5287;48231;26;787;471;1284;767;309330;8839;318936;"2025-09-25 11:25:14"
4651;"2022-01-01";96;79;31748;739;32566;44;1428;65;1537;81;5439;610;6130;12;86;45;143;216;38701;1459;40376;"2025-09-25 11:25:14"
4652;"2022-01-01";97;278;251890;5084;257252;205;9027;1125;10357;204;35048;5546;40798;27;453;548;1028;714;296418;12303;309435;"2025-09-25 11:25:14"
4653;"2022-01-01";101;180;177085;3595;180860;70;2858;1307;4235;114;8139;1979;10232;13;245;203;461;377;188327;7084;195788;"2025-09-25 11:25:14"
4654;"2022-01-01";102;178;67228;1059;68465;71;2352;224;2647;88;7753;1241;9082;15;146;139;300;352;77479;2663;80494;"2025-09-25 11:25:14"
4655;"2022-01-01";103;198;59361;1972;61531;52;2584;249;2885;94;9322;1565;10981;3;117;202;322;347;71384;3988;75719;"2025-09-25 11:25:14"
4656;"2022-01-01";104;128;169792;4356;174276;175;5415;1403;6993;152;19879;2844;22875;24;370;565;959;479;195456;9168;205103;"2025-09-25 11:25:14"
4657;"2022-01-01";105;101;137301;1577;138979;64;2516;80;2660;61;6951;1484;8496;1;193;128;322;227;146961;3269;150457;"2025-09-25 11:25:14"
4658;"2022-01-01";106;194;91827;1071;93092;168;3058;633;3859;106;8467;1998;10571;14;154;103;271;482;103506;3805;107793;"2025-09-25 11:25:14"
4659;"2022-01-01";107;281;63902;1176;65359;99;2603;113;2815;109;6594;1594;8297;22;145;105;272;511;73244;2988;76743;"2025-09-25 11:25:14"
4660;"2022-01-01";108;185;210533;1784;212502;110;7034;463;7607;155;36535;5654;42344;21;476;397;894;471;254578;8298;263347;"2025-09-25 11:25:14"
4661;"2022-01-01";109;176;130347;2256;132779;160;5618;1169;6947;210;22181;3706;26097;13;268;339;620;559;158414;7470;166443;"2025-09-25 11:25:14"
4662;"2022-01-01";110;83;121070;2348;123501;43;4551;648;5242;48;18899;2394;21341;3;323;374;700;177;144843;5764;150784;"2025-09-25 11:25:14"
4663;"2022-01-01";111;150;86262;714;87126;96;3396;456;3948;143;18487;3211;21841;12;776;277;1065;401;108921;4658;113980;"2025-09-25 11:25:14"
4664;"2022-01-01";112;148;106637;2278;109063;116;2530;662;3308;125;9359;3423;12907;13;196;154;363;402;118722;6517;125641;"2025-09-25 11:25:14"
4665;"2022-01-01";113;88;72198;1243;73529;35;2604;898;3537;38;9310;1640;10988;0;119;137;256;161;84231;3918;88310;"2025-09-25 11:25:14"
4666;"2022-01-01";114;157;90053;621;90831;87;3895;465;4447;141;17720;2113;19974;11;327;196;534;396;111995;3395;115786;"2025-09-25 11:25:14"
4667;"2022-01-01";115;228;48355;310;48893;101;1864;685;2650;240;11718;764;12722;9;213;87;309;578;62150;1846;64574;"2025-09-25 11:25:14"
4668;"2022-01-01";116;171;48419;504;49094;82;2181;775;3038;195;13742;5602;19539;9;236;392;637;457;64578;7273;72308;"2025-09-25 11:25:14"
4669;"2022-01-01";117;82;16967;115;17164;76;818;122;1016;148;6129;4515;10792;5;114;509;628;311;24028;5261;29600;"2025-09-25 11:25:14"
4670;"2022-01-01";118;81;95489;1133;96703;57;3094;513;3664;70;10256;2085;12411;8;234;150;392;216;109073;3881;113170;"2025-09-25 11:25:14"
4671;"2022-01-01";119;47;175240;2609;177896;34;4014;681;4729;39;11788;3225;15052;7;349;182;538;127;191391;6697;198215;"2025-09-25 11:25:14"
4672;"2022-01-01";120;19;139072;942;140033;8;2117;202;2327;24;4972;1312;6308;1;168;28;197;52;146329;2484;148865;"2025-09-25 11:25:14"
4673;"2022-01-01";121;342;109607;1551;111500;184;4256;1308;5748;244;20596;4574;25414;16;502;455;973;786;134961;7888;143635;"2025-09-25 11:25:14"
4674;"2022-01-01";122;113;58288;451;58852;94;1527;130;1751;85;6054;2043;8182;10;99;317;426;302;65968;2941;69211;"2025-09-25 11:25:14"
4675;"2022-01-01";123;256;143647;2131;146034;263;5116;417;5796;205;17934;2601;20740;26;351;259;636;750;167048;5408;173206;"2025-09-25 11:25:14"
4676;"2022-01-01";124;191;95124;896;96211;83;3651;610;4344;125;17959;4318;22402;17;328;504;849;416;117062;6328;123806;"2025-09-25 11:25:14"
4677;"2022-01-01";125;235;190383;2543;193161;99;6026;2522;8647;176;29095;5371;34642;19;460;271;750;529;225964;10707;237200;"2025-09-25 11:25:14"
4678;"2022-01-01";126;327;257614;3432;261373;169;8458;1810;10437;237;34253;6664;41154;22;625;931;1578;755;300950;12837;314542;"2025-09-25 11:25:14"
4679;"2022-01-01";127;166;64498;5903;70567;80;3181;762;4023;145;20363;2770;23278;13;254;389;656;404;88296;9824;98524;"2025-09-25 11:25:14"
4680;"2022-01-01";128;187;114836;667;115690;82;2906;334;3322;135;15609;2134;17878;10;242;154;406;414;133593;3289;137296;"2025-09-25 11:25:14"
4681;"2022-01-01";129;374;396428;2875;399677;205;11171;2695;14071;296;59226;6739;66261;65;1202;538;1805;940;468027;12847;481814;"2025-09-25 11:25:14"
4683;"2022-01-01";238;146;89332;2363;91841;133;2874;521;3528;236;17664;1400;19300;27;290;369;686;542;110160;4653;115355;"2025-09-25 11:25:14"
4684;"2022-01-01";214;66;18621;216;18903;62;799;71;932;97;7113;205;7415;7;75;67;149;232;26608;559;27399;"2025-09-25 11:25:14"
4685;"2022-01-01";240;107;37807;665;38579;79;1378;159;1616;122;6850;458;7430;11;129;201;341;319;46164;1483;47966;"2025-09-25 11:25:14"
4686;"2022-01-01";241;110;24983;432;25525;101;913;114;1128;180;6606;172;6958;5;91;38;134;396;32593;756;33745;"2025-09-25 11:25:14"
4687;"2022-01-01";242;115;32251;891;33257;92;1223;137;1452;103;5453;284;5840;6;116;90;212;316;39043;1402;40761;"2025-09-25 11:25:14"
4688;"2022-01-01";243;50;8408;53;8511;49;341;28;418;96;3266;47;3409;5;37;11;53;200;12052;139;12391;"2025-09-25 11:25:14"
4689;"2022-01-01";244;44;11652;175;11871;34;443;27;504;107;4029;74;4210;6;63;22;91;191;16187;298;16676;"2025-09-25 11:25:14"
4690;"2022-01-01";245;126;14469;129;14724;81;722;55;858;121;6128;134;6383;6;77;46;129;334;21396;364;22094;"2025-09-25 11:25:14"
4691;"2022-01-01";246;212;148800;2673;151685;154;4862;531;5547;220;25948;2086;28254;23;448;329;800;609;180058;5619;186286;"2025-09-25 11:25:14"
4692;"2022-01-01";247;55;13605;127;13787;50;545;57;652;112;4826;86;5024;5;71;27;103;222;19047;297;19566;"2025-09-25 11:25:14"
4693;"2022-01-01";248;105;13927;206;14238;84;633;71;788;137;6136;163;6436;12;73;29;114;338;20769;469;21576;"2025-09-25 11:25:14"
4694;"2022-01-01";249;53;16555;138;16746;60;795;37;892;122;6888;134;7144;10;59;20;89;245;24297;329;24871;"2025-09-25 11:25:14"
4695;"2022-01-01";250;290;114461;2536;117287;278;3432;636;4346;271;18128;2730;21129;16;383;388;787;855;136404;6290;143549;"2025-09-25 11:25:14"
4696;"2022-01-01";251;57;15776;406;16239;57;685;160;902;103;3327;134;3564;7;85;40;132;224;19873;740;20837;"2025-09-25 11:25:14"
4697;"2022-01-01";252;94;16679;265;17038;83;807;71;961;114;8398;129;8641;13;64;33;110;304;25948;498;26750;"2025-09-25 11:25:14"
4698;"2022-01-01";253;124;26547;225;26896;103;1363;295;1761;177;11368;440;11985;20;106;78;204;424;39384;1038;40846;"2025-09-25 11:25:14"
4699;"2022-01-01";254;60;9543;66;9669;62;350;51;463;103;3242;50;3395;10;49;18;77;235;13184;185;13604;"2025-09-25 11:25:14"
4700;"2022-01-01";255;75;18103;364;18542;62;910;59;1031;116;8145;242;8503;9;76;53;138;262;27234;718;28214;"2025-09-25 11:25:14"
4702;"2022-01-01";131;71;14737;74;14882;55;812;47;914;79;7709;256;8044;9;62;28;99;214;23320;405;23939;"2025-09-25 11:25:14"
4703;"2022-01-01";132;68;10357;113;10538;46;495;72;613;111;4768;373;5252;4;51;224;279;229;15671;782;16682;"2025-09-25 11:25:14"
4704;"2022-01-01";133;68;11455;135;11658;57;634;88;779;99;6080;689;6868;12;57;73;142;236;18226;985;19447;"2025-09-25 11:25:14"
4705;"2022-01-01";134;77;16400;129;16606;54;760;95;909;111;7913;160;8184;8;65;30;103;250;25138;414;25802;"2025-09-25 11:25:14"
4706;"2022-01-01";135;72;19106;351;19529;54;870;98;1022;77;7661;624;8362;8;66;79;153;211;27703;1152;29066;"2025-09-25 11:25:14"
4707;"2022-01-01";136;76;43815;279;44170;64;2265;210;2539;106;13243;1344;14693;11;155;146;312;257;59478;1979;61714;"2025-09-25 11:25:14"
4708;"2022-01-01";137;104;52327;740;53171;76;1900;177;2153;154;13347;1686;15187;6;231;850;1087;340;67805;3453;71598;"2025-09-25 11:25:14"
4709;"2022-01-01";138;33;15755;131;15919;24;621;32;677;30;3134;555;3719;4;58;44;106;91;19568;762;20421;"2025-09-25 11:25:14"
4710;"2022-01-01";139;69;40854;241;41164;62;1601;83;1746;79;8834;950;9863;9;125;79;213;219;51414;1353;52986;"2025-09-25 11:25:14"
4711;"2022-01-01";140;1;8;0;9;0;3;0;3;0;8;0;8;0;0;0;0;1;19;0;20;"2025-09-25 11:25:14"
4712;"2022-01-01";141;207;79804;1041;81052;111;2379;415;2905;170;11683;981;12834;13;228;241;482;501;94094;2678;97273;"2025-09-25 11:25:14"
4713;"2022-01-01";142;65;88522;1407;89994;107;2254;860;3221;63;10871;1735;12669;4;243;217;464;239;101890;4219;106348;"2025-09-25 11:25:14"
4714;"2022-01-01";143;136;87781;1965;89882;105;2723;440;3268;119;13693;1960;15772;8;299;206;513;368;104496;4571;109435;"2025-09-25 11:25:14"
4715;"2022-01-01";144;128;113676;4453;118257;86;3242;713;4041;130;15117;1990;17237;14;370;291;675;358;132405;7447;140210;"2025-09-25 11:25:14"
4716;"2022-01-01";145;214;88651;4824;93689;146;3126;416;3688;243;19412;1747;21402;27;348;286;661;630;111537;7273;119440;"2025-09-25 11:25:14"
4718;"2022-01-01";147;59;20222;62;20343;32;655;107;794;59;1906;352;2317;8;59;31;98;158;22842;552;23552;"2025-09-25 11:25:14"
4719;"2022-01-01";148;222;40231;1555;42008;129;1731;359;2219;212;12349;630;13191;23;149;112;284;586;54460;2656;57702;"2025-09-25 11:25:14"
4720;"2022-01-01";149;67;19166;1286;20519;45;1082;282;1409;86;8266;579;8931;7;75;60;142;205;28589;2207;31001;"2025-09-25 11:25:14"
4721;"2022-01-01";150;142;43929;872;44943;94;2245;373;2712;164;15063;1079;16306;27;142;79;248;427;61379;2403;64209;"2025-09-25 11:25:14"
4722;"2022-01-01";151;145;76640;620;77405;78;2599;342;3019;170;17823;2271;20264;13;310;796;1119;406;97372;4029;101807;"2025-09-25 11:25:14"
4723;"2022-01-01";152;127;38598;480;39205;83;1511;175;1769;179;12455;547;13181;30;131;154;315;419;52695;1356;54470;"2025-09-25 11:25:14"
4724;"2022-01-01";153;95;22171;402;22668;66;1211;343;1620;132;10966;377;11475;11;79;56;146;304;34427;1178;35909;"2025-09-25 11:25:14"
4725;"2022-01-01";154;156;76157;869;77182;89;2740;503;3332;160;18111;1808;20079;18;274;413;705;423;97282;3593;101298;"2025-09-25 11:25:14"
4726;"2022-01-01";155;81;18838;145;19064;39;781;114;934;109;7427;479;8015;9;75;74;158;238;27121;812;28171;"2025-09-25 11:25:14"
4727;"2022-01-01";156;178;147366;2797;150341;146;5099;554;5799;180;22545;3380;26105;38;459;369;866;542;175469;7100;183111;"2025-09-25 11:25:14"
4728;"2022-01-01";157;125;30710;301;31136;110;1445;306;1861;177;11227;683;12087;14;151;99;264;426;43533;1389;45348;"2025-09-25 11:25:14"
4729;"2022-01-01";158;99;109662;1669;111430;75;4126;584;4785;106;18589;2599;21294;10;320;378;708;290;132697;5230;138217;"2025-09-25 11:25:14"
4730;"2022-01-01";159;164;174111;2138;176413;137;5030;908;6075;216;20242;2254;22712;20;481;277;778;537;199864;5577;205978;"2025-09-25 11:25:14"
4731;"2022-01-01";160;68;10698;71;10837;53;508;66;627;119;5728;597;6444;12;59;80;151;252;16993;814;18059;"2025-09-25 11:25:14"
4732;"2022-01-01";161;75;23262;195;23532;45;1059;89;1193;176;10070;244;10490;17;110;39;166;313;34501;567;35381;"2025-09-25 11:25:14"
4733;"2022-01-01";162;164;39857;312;40333;91;1512;221;1824;142;11990;732;12864;23;161;105;289;420;53520;1370;55310;"2025-09-25 11:25:14"
4735;"2022-01-01";257;108;18969;185;19262;65;1362;90;1517;132;10336;266;10734;7;86;45;138;312;30753;586;31651;"2025-09-25 11:25:14"
4736;"2022-01-01";258;203;110101;2149;112453;127;3487;535;4149;209;18599;3078;21886;20;317;655;992;559;132504;6417;139480;"2025-09-25 11:25:14"
4737;"2022-01-01";259;109;30987;651;31747;68;1567;166;1801;106;13094;1038;14238;7;207;107;321;290;45855;1962;48107;"2025-09-25 11:25:14"
4738;"2022-01-01";260;138;27616;2810;30564;96;1277;224;1597;167;12284;447;12898;15;135;64;214;416;41312;3545;45273;"2025-09-25 11:25:14"
4739;"2022-01-01";261;68;8277;56;8401;38;463;56;557;87;4234;248;4569;4;40;35;79;197;13014;395;13606;"2025-09-25 11:25:14"
4740;"2022-01-01";262;82;18107;191;18380;64;908;126;1098;110;8395;253;8758;10;82;45;137;266;27492;615;28373;"2025-09-25 11:25:14"
4741;"2022-01-01";263;63;9295;54;9412;60;421;20;501;99;4931;54;5084;7;39;14;60;229;14686;142;15057;"2025-09-25 11:25:14"
4742;"2022-01-01";264;106;38690;280;39076;114;1657;469;2240;183;11743;2207;14133;23;161;183;367;426;52251;3139;55816;"2025-09-25 11:25:14"
4743;"2022-01-01";265;172;108731;1924;110827;132;4387;499;5018;209;23776;3077;27062;15;293;400;708;528;137187;5900;143615;"2025-09-25 11:25:14"
4744;"2022-01-01";266;70;9124;58;9252;46;449;67;562;103;4724;276;5103;3;47;27;77;222;14344;428;14994;"2025-09-25 11:25:14"
4745;"2022-01-01";267;73;7561;32;7666;46;366;20;432;121;4326;113;4560;7;36;16;59;247;12289;181;12717;"2025-09-25 11:25:14"
4746;"2022-01-01";268;141;151031;3218;154390;100;3882;921;4903;90;18934;2359;21383;9;403;373;785;340;174250;6871;181461;"2025-09-25 11:25:14"
4747;"2022-01-01";269;296;132654;2012;134962;239;3619;572;4430;228;16080;1362;17670;22;228;245;495;785;152581;4191;157557;"2025-09-25 11:25:14"
4748;"2022-01-01";270;115;38651;2516;41282;104;1719;199;2022;134;14683;846;15663;6;200;116;322;359;55253;3677;59289;"2025-09-25 11:25:14"
4749;"2022-01-01";271;99;8956;43;9098;54;452;89;595;104;4853;101;5058;9;48;9;66;266;14309;242;14817;"2025-09-25 11:25:14"
4751;"2022-01-01";164;71;11681;170;11922;63;574;99;736;93;6346;740;7179;10;72;41;123;237;18673;1050;19960;"2025-09-25 11:25:14"
4752;"2022-01-01";165;92;19240;182;19514;80;1119;106;1305;136;12050;266;12452;6;79;33;118;314;32488;587;33389;"2025-09-25 11:25:14"
4753;"2022-01-01";166;61;9731;154;9946;35;440;68;543;65;4833;432;5330;0;47;62;109;161;15051;716;15928;"2025-09-25 11:25:14"
4754;"2022-01-01";167;87;69228;617;69932;71;2315;277;2663;82;13518;3501;17101;14;408;1640;2062;254;85469;6035;91758;"2025-09-25 11:25:14"
4755;"2022-01-01";168;50;8852;440;9342;37;455;60;552;59;3963;211;4233;1;40;22;63;147;13310;733;14190;"2025-09-25 11:25:14"
4756;"2022-01-01";169;142;48946;903;49991;124;2003;360;2487;198;15041;1635;16874;18;286;263;567;482;66276;3161;69919;"2025-09-25 11:25:14"
4757;"2022-01-01";170;81;18859;284;19224;46;844;248;1138;82;7734;975;8791;12;110;165;287;221;27547;1672;29440;"2025-09-25 11:25:14"
4758;"2022-01-01";171;139;78619;2316;81074;122;2992;424;3538;149;12963;2350;15462;9;246;360;615;419;94820;5450;100689;"2025-09-25 11:25:14"
4759;"2022-01-01";172;197;37004;143;37344;205;1572;51;1828;148;11148;797;12093;14;137;104;255;564;49861;1095;51520;"2025-09-25 11:25:14"
4760;"2022-01-01";173;72;13247;9983;23302;55;772;251;1078;95;7627;356;8078;6;65;46;117;228;21711;10636;32575;"2025-09-25 11:25:14"
4761;"2022-01-01";174;173;115834;1739;117746;146;3367;662;4175;180;22115;1971;24266;16;353;925;1294;515;141669;5297;147481;"2025-09-25 11:25:14"
4762;"2022-01-01";175;102;12168;82560;94830;53;641;1817;2511;173;8779;446;9398;2;146;32;180;330;21734;84855;106919;"2025-09-25 11:25:14"
4763;"2022-01-01";176;187;107909;2341;110437;154;3618;684;4456;182;20924;3447;24553;16;330;824;1170;539;132781;7296;140616;"2025-09-25 11:25:14"
4764;"2022-01-01";177;69;19382;143;19594;40;833;92;965;92;7863;498;8453;6;81;42;129;207;28159;775;29141;"2025-09-25 11:25:14"
4765;"2022-01-01";178;90;22030;1339;23459;67;1245;150;1462;116;10399;720;11235;9;164;124;297;282;33838;2333;36453;"2025-09-25 11:25:14"
4766;"2022-01-01";179;110;15394;219;15723;59;744;108;911;105;9369;200;9674;12;79;20;111;286;25586;547;26419;"2025-09-25 11:25:14"
4767;"2022-01-01";180;82;18096;287;18465;48;800;76;924;80;7815;810;8705;3;102;86;191;213;26813;1259;28285;"2025-09-25 11:25:14"
4768;"2022-01-01";181;85;12634;80;12799;70;617;49;736;97;6908;291;7296;7;47;27;81;259;20206;447;20912;"2025-09-25 11:25:14"
4769;"2022-01-01";182;65;10456;92;10613;43;567;54;664;63;6059;126;6248;1;48;18;67;172;17130;290;17592;"2025-09-25 11:25:14"
4770;"2022-01-01";183;63;11392;29579;41034;53;557;567;1177;85;6274;183;6542;9;63;20;92;210;18286;30349;48845;"2025-09-25 11:25:14"
4771;"2022-01-01";184;111;23242;36259;59612;86;1668;679;2433;134;14827;240;15201;17;103;30;150;348;39840;37208;77396;"2025-09-25 11:25:14"
4772;"2022-01-01";185;89;24286;410;24785;50;1017;1031;2098;88;7968;495;8551;6;99;145;250;233;33370;2081;35684;"2025-09-25 11:25:14"
4774;"2022-01-01";187;117;114698;996;115811;81;3285;392;3758;115;21896;2618;24629;11;284;377;672;324;140163;4383;144870;"2025-09-25 11:25:14"
4775;"2022-01-01";188;209;113171;1717;115097;150;4022;556;4728;224;25190;1949;27363;12;415;372;799;595;142798;4594;147987;"2025-09-25 11:25:14"
4776;"2022-01-01";189;61;13473;37;13571;36;694;51;781;67;6308;565;6940;11;70;37;118;175;20545;690;21410;"2025-09-25 11:25:14"
4777;"2022-01-01";190;190;183275;2486;185951;119;5572;795;6486;227;25384;3521;29132;14;461;446;921;550;214692;7248;222490;"2025-09-25 11:25:14"
4778;"2022-01-01";44;43;9444;35;9522;38;416;18;472;41;5227;196;5464;0;49;63;112;122;15136;312;15570;"2025-09-25 11:25:14"
4779;"2022-01-01";192;146;56059;629;56834;83;2192;257;2532;160;17312;970;18442;11;166;133;310;400;75729;1989;78118;"2025-09-25 11:25:14"
4780;"2022-01-01";193;88;26052;428;26568;62;1276;118;1456;123;9854;253;10230;8;109;73;190;281;37291;872;38444;"2025-09-25 11:25:14"
4781;"2022-01-01";194;88;10795;65;10948;44;465;39;548;72;6843;89;7004;2;61;14;77;206;18164;207;18577;"2025-09-25 11:25:14"
4782;"2022-01-01";195;118;34863;437;35418;91;1714;257;2062;168;16635;1019;17822;12;147;156;315;389;53359;1869;55617;"2025-09-25 11:25:14"
4783;"2022-01-01";196;65;19224;152;19441;47;844;36;927;83;10923;963;11969;5;108;146;259;200;31099;1297;32596;"2025-09-25 11:25:14"
4784;"2022-01-01";197;210;61481;1018;62709;234;2282;284;2800;259;18975;1243;20477;42;240;224;506;745;82978;2769;86492;"2025-09-25 11:25:14"
4785;"2022-01-01";198;78;12351;120;12549;54;647;53;754;115;5992;109;6216;8;48;23;79;255;19038;305;19598;"2025-09-25 11:25:14"
4786;"2022-01-01";199;53;5835;34;5922;33;290;27;350;55;3739;61;3855;1;28;26;55;142;9892;148;10182;"2025-09-25 11:25:14"
4787;"2022-01-01";200;126;39621;506;40253;77;1719;158;1954;138;14413;734;15285;31;184;133;348;372;55937;1531;57840;"2025-09-25 11:25:14"
4788;"2022-01-01";201;113;42763;464;43340;75;1803;252;2130;124;15703;1531;17358;9;172;338;519;321;60441;2585;63347;"2025-09-25 11:25:14"
4789;"2022-01-01";202;98;21609;186;21893;59;760;76;895;102;8249;192;8543;19;93;40;152;278;30711;494;31483;"2025-09-25 11:25:14"
4790;"2022-01-01";203;70;3678;365;4113;18;241;191;450;66;1306;29;1401;6;21;2;29;160;5246;587;5993;"2025-09-25 11:25:14"
4791;"2022-01-01";204;121;19182;139;19442;64;673;79;816;121;6464;110;6695;7;103;29;139;313;26422;357;27092;"2025-09-25 11:25:14"
4792;"2022-01-01";205;73;18379;89;18541;89;920;76;1085;142;11780;814;12736;10;82;102;194;314;31161;1081;32556;"2025-09-25 11:25:14"
4793;"2022-01-01";206;82;16860;143;17085;44;675;47;766;87;7664;622;8373;9;73;130;212;222;25272;942;26436;"2025-09-25 11:25:14"
4794;"2022-01-01";207;58;9546;41;9645;59;446;45;550;72;5903;107;6082;3;58;15;76;192;15953;208;16353;"2025-09-25 11:25:14"
4795;"2022-01-01";208;121;54497;300;54918;66;1960;412;2438;108;12428;1447;13983;9;165;247;421;304;69050;2406;71760;"2025-09-25 11:25:14"
4796;"2022-01-01";209;136;102188;1299;103623;94;3207;797;4098;200;17379;4491;22070;9;326;1757;2092;439;123100;8344;131883;"2025-09-25 11:25:14"
4797;"2022-01-01";210;146;120710;2056;122912;84;3297;300;3681;91;17776;957;18824;18;313;289;620;339;142096;3602;146037;"2025-09-25 11:25:14"
4799;"2022-01-01";212;121;91511;1029;92661;101;3176;506;3783;135;11765;423;12323;11;233;158;402;368;106685;2116;109169;"2025-09-25 11:25:14"
4800;"2022-01-01";213;95;22763;189;23047;65;907;173;1145;104;9064;239;9407;11;61;165;237;275;32795;766;33836;"2025-09-25 11:25:14"
4802;"2022-01-01";215;242;230072;2292;232606;172;6953;607;7732;220;40170;3965;44355;26;565;566;1157;660;277760;7430;285850;"2025-09-25 11:25:14"
4803;"2022-01-01";216;94;13443;159;13696;55;592;118;765;119;6071;143;6333;6;54;31;91;274;20160;451;20885;"2025-09-25 11:25:14"
4804;"2022-01-01";217;115;41267;491;41873;94;1516;189;1799;106;13537;2617;16260;11;136;628;775;326;56456;3925;60707;"2025-09-25 11:25:14"
4805;"2022-01-01";218;101;44674;673;45448;76;1606;252;1934;135;10454;499;11088;11;131;110;252;323;56865;1534;58722;"2025-09-25 11:25:14"
4806;"2022-01-01";219;91;12730;111;12932;63;537;56;656;89;7036;475;7600;7;123;136;266;250;20426;778;21454;"2025-09-25 11:25:14"
4807;"2022-01-01";220;163;142232;1168;143563;104;4585;836;5525;141;21868;6845;28854;15;478;1633;2126;423;169163;10482;180068;"2025-09-25 11:25:14"
4808;"2022-01-01";221;63;9816;67;9946;52;428;55;535;88;4536;551;5175;6;39;98;143;209;14819;771;15799;"2025-09-25 11:25:14"
4809;"2022-01-01";222;210;137301;2716;140227;179;3701;1021;4901;235;26384;2320;28939;17;367;417;801;641;167753;6474;174868;"2025-09-25 11:25:14"
4810;"2022-01-01";223;69;24532;185;24786;68;1101;103;1272;84;10127;393;10604;8;120;64;192;229;35880;745;36854;"2025-09-25 11:25:14"
4811;"2022-01-01";224;117;82246;1251;83614;65;2113;501;2679;138;10626;946;11710;9;101;148;258;329;95086;2846;98261;"2025-09-25 11:25:14"
4812;"2022-01-01";225;79;83979;2981;87039;37;2088;454;2579;61;10950;1599;12610;3;151;234;388;180;97168;5268;102616;"2025-09-25 11:25:14"
4813;"2022-01-01";226;251;138230;49486;187967;232;2383;1151;3766;160;10382;938;11480;13;151;179;343;656;151146;51754;203556;"2025-09-25 11:25:14"
4814;"2022-01-01";227;166;97635;1602;99403;157;2543;250;2950;102;16658;1310;18070;7;217;329;553;432;117053;3491;120976;"2025-09-25 11:25:14"
4815;"2022-01-01";228;85;84075;739;84899;39;2191;171;2401;84;7709;802;8595;8;204;235;447;216;94179;1947;96342;"2025-09-25 11:25:14"
4816;"2022-01-01";229;103;41807;760;42670;85;1878;241;2204;125;8759;319;9203;7;113;72;192;320;52557;1392;54269;"2025-09-25 11:25:14"
4817;"2022-01-01";230;60;15776;102;15938;62;595;39;696;98;7672;166;7936;5;49;77;131;225;24092;384;24701;"2025-09-25 11:25:14"
4818;"2022-01-01";231;68;32229;20877;53174;54;1172;325;1551;65;10178;519;10762;6;209;216;431;193;43788;21937;65918;"2025-09-25 11:25:14"
4819;"2022-01-01";232;49;12664;179;12892;54;528;85;667;111;6331;153;6595;7;67;19;93;221;19590;436;20247;"2025-09-25 11:25:14"
4820;"2022-01-01";233;84;14946;100;15130;60;641;72;773;129;7913;386;8428;9;57;55;121;282;23557;613;24452;"2025-09-25 11:25:14"
4822;"2022-01-01";235;269;74839;1144;76252;149;3200;150;3499;333;27294;568;28195;37;224;126;387;788;105557;1988;108333;"2025-09-25 11:25:14"
4823;"2022-01-01";236;576;232034;249592;482202;343;7731;6670;14744;682;51420;3236;55338;37;797;526;1360;1638;291982;260024;553644;"2025-09-25 11:25:14"
4825;"2022-02-01";1;150;200564;18854;219568;54;4309;628;4991;179;13892;1606;15677;15;267;148;430;398;219032;21236;240666;"2025-09-25 11:25:21"
4826;"2022-02-01";2;101;126797;5158;132056;41;3680;695;4416;154;12475;2450;15079;5;165;236;406;301;143117;8539;151957;"2025-09-25 11:25:21"
4827;"2022-02-01";3;104;60819;2125;63048;63;2524;719;3306;130;7318;1275;8723;13;96;102;211;310;70757;4221;75288;"2025-09-25 11:25:21"
4828;"2022-02-01";4;114;64655;1438;66207;82;1848;164;2094;120;15557;2025;17702;9;309;473;791;325;82369;4100;86794;"2025-09-25 11:25:21"
4829;"2022-02-01";5;95;99119;3089;102303;50;3577;312;3939;150;9453;2080;11683;11;140;174;325;306;112289;5655;118250;"2025-09-25 11:25:21"
4830;"2022-02-01";6;87;79971;3434;83492;44;2490;382;2916;163;10364;1696;12223;10;85;243;338;304;92910;5755;98969;"2025-09-25 11:25:21"
4831;"2022-02-01";7;100;112987;9767;122854;57;4692;606;5355;125;14127;2692;16944;6;274;157;437;288;132080;13222;145590;"2025-09-25 11:25:21"
4832;"2022-02-01";8;51;69787;3543;73381;29;3112;480;3621;74;10785;2275;13134;11;137;116;264;165;83821;6414;90400;"2025-09-25 11:25:21"
4833;"2022-02-01";9;87;128884;5664;134635;53;3881;854;4788;169;10313;2129;12611;10;176;269;455;319;143254;8916;152489;"2025-09-25 11:25:21"
4834;"2022-02-01";10;92;76738;4537;81367;51;2769;575;3395;130;8434;2007;10571;11;132;165;308;284;88073;7284;95641;"2025-09-25 11:25:21"
4835;"2022-02-01";11;108;80280;2497;82885;55;3022;134;3211;141;9956;2178;12275;10;124;94;228;314;93382;4903;98599;"2025-09-25 11:25:21"
4836;"2022-02-01";12;110;93492;1177;94779;50;2604;140;2794;130;6935;1207;8272;16;114;234;364;306;103145;2758;106209;"2025-09-25 11:25:21"
4837;"2022-02-01";13;102;100918;4395;105415;55;2912;594;3561;162;9529;2159;11850;19;198;155;372;338;113557;7303;121198;"2025-09-25 11:25:21"
4838;"2022-02-01";14;203;75058;3051;78312;104;2295;408;2807;137;6021;1869;8027;10;111;232;353;454;83485;5560;89499;"2025-09-25 11:25:21"
4839;"2022-02-01";15;207;151067;4930;156204;128;3334;716;4178;175;10827;4892;15894;12;247;160;419;522;165475;10698;176695;"2025-09-25 11:25:21"
4840;"2022-02-01";16;121;82498;9557;92176;47;2190;815;3052;185;8621;2059;10865;18;151;109;278;371;93460;12540;106371;"2025-09-25 11:25:21"
4841;"2022-02-01";17;95;103807;2160;106062;45;3277;1124;4446;149;8899;1716;10764;9;141;106;256;298;116124;5106;121528;"2025-09-25 11:25:21"
4842;"2022-02-01";18;123;203765;6732;210620;98;4608;1617;6323;159;25439;5053;30651;13;299;345;657;393;234111;13747;248251;"2025-09-25 11:25:21"
4843;"2022-02-01";19;119;127107;4503;131729;58;3533;762;4353;136;11602;2788;14526;8;223;434;665;321;142465;8487;151273;"2025-09-25 11:25:21"
4844;"2022-02-01";20;134;117247;3692;121073;57;4291;172;4520;178;15061;4254;19493;14;553;629;1196;383;137152;8747;146282;"2025-09-25 11:25:21"
4845;"2022-02-01";21;135;69673;988;70796;55;2056;60;2171;137;5249;1068;6454;9;91;38;138;336;77069;2154;79559;"2025-09-25 11:25:21"
4846;"2022-02-01";22;100;111957;4081;116138;45;3583;747;4375;143;10394;1942;12479;16;135;202;353;304;126069;6972;133345;"2025-09-25 11:25:21"
4847;"2022-02-01";23;1735;38951;1339;42025;1678;1640;256;3574;365;3797;889;5051;99;67;67;233;3877;44455;2551;50883;"2025-09-25 11:25:21"
4848;"2022-02-01";63;117;87829;1170;89116;100;2068;309;2477;96;10227;804;11127;6;150;273;429;319;100274;2556;103149;"2025-09-25 11:25:21"
4849;"2022-02-01";25;80;89569;5719;95368;34;3581;548;4163;119;11898;2793;14810;16;165;327;508;249;105213;9387;114849;"2025-09-25 11:25:21"
4850;"2022-02-01";146;842;307805;252130;560777;486;10912;6803;18201;1015;79518;3798;84331;74;1028;654;1756;2417;399263;263385;665065;"2025-09-25 11:25:21"
4852;"2022-02-01";28;99;67462;2733;70294;62;2363;764;3189;101;10016;3178;13295;13;146;674;833;275;79987;7349;87611;"2025-09-25 11:25:21"
4853;"2022-02-01";29;74;68134;818;69026;59;2271;567;2897;114;10708;1079;11901;10;184;201;395;257;81297;2665;84219;"2025-09-25 11:25:21"
4854;"2022-02-01";77;282;134509;3206;137997;202;2957;515;3674;221;16196;3125;19542;17;284;593;894;722;153946;7439;162107;"2025-09-25 11:25:21"
4855;"2022-02-01";57;67;55906;655;56628;42;1366;138;1546;74;4507;270;4851;5;111;46;162;188;61890;1109;63187;"2025-09-25 11:25:21"
4856;"2022-02-01";32;78;83070;1572;84720;30;2204;414;2648;63;10302;1444;11809;1;145;244;390;172;95721;3674;99567;"2025-09-25 11:25:21"
4857;"2022-02-01";33;131;105383;18002;123516;63;3093;498;3654;169;13179;2199;15547;11;154;507;672;374;121809;21206;143389;"2025-09-25 11:25:21"
4858;"2022-02-01";79;84;104603;1409;106096;44;2324;265;2633;88;10567;1425;12080;8;192;332;532;224;117686;3431;121341;"2025-09-25 11:25:21"
4859;"2022-02-01";35;89;65749;2742;68580;70;2358;310;2738;113;14795;2314;17222;11;189;332;532;283;83091;5698;89072;"2025-09-25 11:25:21"
4860;"2022-02-01";36;101;91333;3772;95206;53;2995;339;3387;106;13273;1947;15326;9;166;278;453;269;107767;6336;114372;"2025-09-25 11:25:21"
4861;"2022-02-01";60;271;183396;5382;189049;311;4791;285;5387;198;18921;2117;21236;28;362;482;872;808;207470;8266;216544;"2025-09-25 11:25:21"
4862;"2022-02-01";38;48;58908;39599;98555;26;1579;828;2433;79;5897;1172;7148;10;112;364;486;163;66496;41963;108622;"2025-09-25 11:25:21"
4863;"2022-02-01";39;282;83420;8995;92697;486;1829;567;2882;180;8349;2208;10737;29;156;705;890;977;93754;12475;107206;"2025-09-25 11:25:21"
4864;"2022-02-01";40;86;25985;1335;27406;50;1077;298;1425;83;4161;342;4586;9;43;53;105;228;31266;2028;33522;"2025-09-25 11:25:21"
4866;"2022-02-01";42;127;149203;14031;163361;61;3542;290;3893;130;13349;2078;15557;9;247;515;771;327;166341;16914;183582;"2025-09-25 11:25:21"
4869;"2022-02-01";46;190;236943;7985;245118;108;5254;731;6093;179;29860;5346;35385;10;414;575;999;487;272471;14637;287595;"2025-09-25 11:25:21"
4870;"2022-02-01";47;110;113780;1687;115577;116;3149;499;3764;290;19361;2666;22317;57;308;276;641;573;136598;5128;142299;"2025-09-25 11:25:21"
4874;"2022-02-01";51;175;189106;2559;191840;197;3347;644;4188;210;16750;1292;18252;13;319;151;483;595;209522;4646;214763;"2025-09-25 11:25:21"
4877;"2022-02-01";54;125;25769;12323;38217;60;1200;1061;2321;156;9565;746;10467;9;91;87;187;350;36625;14217;51192;"2025-09-25 11:25:21"
4878;"2022-02-01";55;108;95518;175134;270760;61;3701;2811;6573;111;21542;2606;24259;17;458;300;775;297;121219;180851;302367;"2025-09-25 11:25:21"
4879;"2022-02-01";56;305;210342;40337;250984;368;5989;1366;7723;168;29663;3343;33174;20;408;551;979;861;246402;45597;292860;"2025-09-25 11:25:21"
4881;"2022-02-01";58;185;138424;3557;142166;98;4648;123;4869;134;17277;4384;21795;17;336;875;1228;434;160685;8939;170058;"2025-09-25 11:25:21"
4882;"2022-02-01";59;143;193622;29127;222892;83;5325;1147;6555;106;23223;2860;26189;9;288;324;621;341;222458;33458;256257;"2025-09-25 11:25:21"
4884;"2022-02-01";61;166;184686;4504;189356;100;3470;674;4244;151;12131;2813;15095;10;290;392;692;427;200577;8383;209387;"2025-09-25 11:25:21"
4885;"2022-02-01";62;67;8136;87;8290;43;521;61;625;113;3667;58;3838;2;29;16;47;225;12353;222;12800;"2025-09-25 11:25:21"
4888;"2022-02-01";65;173;166814;3831;170818;144;4715;407;5266;187;26267;7606;34060;24;509;882;1415;528;198305;12726;211559;"2025-09-25 11:25:21"
4894;"2022-02-01";71;79;70707;1974;72760;43;2512;565;3120;104;13765;3889;17758;10;238;450;698;236;87222;6878;94336;"2025-09-25 11:25:21"
4897;"2022-02-01";74;125;161505;2328;163958;94;3489;316;3899;416;14939;2311;17666;19;430;295;744;654;180363;5250;186267;"2025-09-25 11:25:21"
4903;"2022-02-01";80;165;103162;1431;104758;95;2800;684;3579;158;19538;4021;23717;8;297;980;1285;426;125797;7116;133339;"2025-09-25 11:25:21"
4906;"2022-02-01";83;337;164601;860;165798;219;3677;466;4362;245;14862;1712;16819;50;500;166;716;851;183640;3204;187695;"2025-09-25 11:25:21"
4908;"2022-02-01";85;130;23757;186;24073;84;1257;157;1498;158;6413;203;6774;14;111;40;165;386;31538;586;32510;"2025-09-25 11:25:21"
4909;"2022-02-01";86;294;160890;1168;162352;165;4680;338;5183;188;19263;2291;21742;23;293;219;535;670;185126;4016;189812;"2025-09-25 11:25:21"
4910;"2022-02-01";87;105;110355;2323;112783;78;2801;858;3737;84;12827;1977;14888;10;273;157;440;277;126256;5315;131848;"2025-09-25 11:25:21"
4911;"2022-02-01";88;70;104391;2578;107039;28;2455;552;3035;31;9595;1363;10989;1;165;136;302;130;116606;4629;121365;"2025-09-25 11:25:21"
4912;"2022-02-01";89;472;26163;310;26945;117;580;24;721;120;1794;364;2278;20;38;9;67;729;28575;707;30011;"2025-09-25 11:25:21"
4913;"2022-02-01";90;122;86858;1709;88689;76;2782;471;3329;102;10629;2153;12884;9;152;156;317;309;100421;4489;105219;"2025-09-25 11:25:21"
4914;"2022-02-01";91;166;161195;896;162257;92;5458;2630;8180;122;29780;4596;34498;13;471;336;820;393;196904;8458;205755;"2025-09-25 11:25:21"
4915;"2022-02-01";92;86;59638;1112;60836;75;1847;290;2212;93;8595;1237;9925;12;134;138;284;266;70214;2777;73257;"2025-09-25 11:25:21"
4916;"2022-02-01";93;121;86319;840;87280;74;2485;162;2721;95;9330;3873;13298;8;145;274;427;298;98279;5149;103726;"2025-09-25 11:25:21"
4917;"2022-02-01";94;231;194482;1924;196637;117;5819;1547;7483;182;29658;3912;33752;8;539;745;1292;538;230498;8128;239164;"2025-09-25 11:25:21"
4918;"2022-02-01";95;330;257645;1981;259956;197;8500;1106;9803;218;42887;5287;48392;26;799;476;1301;771;309831;8850;319452;"2025-09-25 11:25:21"
4919;"2022-02-01";96;79;31803;745;32627;44;1422;65;1531;79;5438;613;6130;12;88;47;147;214;38751;1470;40435;"2025-09-25 11:25:21"
4920;"2022-02-01";97;280;251635;5088;257003;205;8957;1128;10290;204;35009;5585;40798;27;467;548;1042;716;296068;12349;309133;"2025-09-25 11:25:21"
4921;"2022-02-01";101;180;177386;3572;181138;69;2844;1308;4221;114;8095;1962;10171;13;254;202;469;376;188579;7044;195999;"2025-09-25 11:25:21"
4922;"2022-02-01";102;177;67172;1002;68351;71;2342;229;2642;88;7758;1241;9087;15;146;143;304;351;77418;2615;80384;"2025-09-25 11:25:21"
4923;"2022-02-01";103;198;59386;2028;61612;52;2566;250;2868;93;9299;1562;10954;3;119;203;325;346;71370;4043;75759;"2025-09-25 11:25:21"
4924;"2022-02-01";104;128;171186;4376;175690;174;5427;1406;7007;152;19952;2849;22953;24;379;564;967;478;196944;9195;206617;"2025-09-25 11:25:21"
4925;"2022-02-01";105;101;137138;1576;138815;64;2499;79;2642;61;6961;1486;8508;1;196;128;325;227;146794;3269;150290;"2025-09-25 11:25:21"
4926;"2022-02-01";106;194;91884;1056;93134;166;3044;667;3877;106;8484;2004;10594;14;163;102;279;480;103575;3829;107884;"2025-09-25 11:25:21"
4927;"2022-02-01";107;281;63859;1165;65305;99;2601;111;2811;109;6587;1607;8303;22;146;106;274;511;73193;2989;76693;"2025-09-25 11:25:21"
4928;"2022-02-01";108;182;210825;1787;212794;110;6993;463;7566;155;36581;5676;42412;21;481;402;904;468;254880;8328;263676;"2025-09-25 11:25:21"
4929;"2022-02-01";109;176;130438;2299;132913;161;5584;1150;6895;210;22181;3665;26056;13;269;336;618;560;158472;7450;166482;"2025-09-25 11:25:21"
4930;"2022-02-01";110;83;121157;2328;123568;43;4541;647;5231;48;18915;2399;21362;3;333;376;712;177;144946;5750;150873;"2025-09-25 11:25:21"
4931;"2022-02-01";111;150;86190;715;87055;98;3351;454;3903;142;18587;3216;21945;12;787;272;1071;402;108915;4657;113974;"2025-09-25 11:25:21"
4932;"2022-02-01";112;149;107448;2286;109883;116;2522;660;3298;124;9357;3467;12948;13;197;150;360;402;119524;6563;126489;"2025-09-25 11:25:21"
4933;"2022-02-01";113;86;72202;1242;73530;34;2594;898;3526;38;9309;1645;10992;0;126;136;262;158;84231;3921;88310;"2025-09-25 11:25:21"
4934;"2022-02-01";114;155;90231;629;91015;89;3903;462;4454;141;17781;2124;20046;11;337;195;543;396;112252;3410;116058;"2025-09-25 11:25:21"
4935;"2022-02-01";115;228;48500;312;49040;100;1870;682;2652;241;11796;772;12809;9;211;86;306;578;62377;1852;64807;"2025-09-25 11:25:21"
4936;"2022-02-01";116;171;48613;527;49311;82;2171;738;2991;195;13816;5637;19648;9;237;393;639;457;64837;7295;72589;"2025-09-25 11:25:21"
4937;"2022-02-01";117;82;16961;113;17156;76;817;123;1016;147;6147;4518;10812;5;116;512;633;310;24041;5266;29617;"2025-09-25 11:25:21"
4938;"2022-02-01";118;81;95988;1142;97211;57;3106;515;3678;70;10260;2090;12420;8;236;150;394;216;109590;3897;113703;"2025-09-25 11:25:21"
4939;"2022-02-01";119;47;175479;2602;178128;34;3989;684;4707;39;11833;3244;15116;7;348;184;539;127;191649;6714;198490;"2025-09-25 11:25:21"
4940;"2022-02-01";120;20;139071;875;139966;8;2117;200;2325;23;4989;1316;6328;1;173;30;204;52;146350;2421;148823;"2025-09-25 11:25:21"
4941;"2022-02-01";121;342;109818;1563;111723;185;4245;1294;5724;240;20626;4581;25447;16;519;456;991;783;135208;7894;143885;"2025-09-25 11:25:21"
4942;"2022-02-01";122;112;58324;451;58887;94;1523;107;1724;85;6055;2071;8211;10;100;316;426;301;66002;2945;69248;"2025-09-25 11:25:21"
4943;"2022-02-01";123;252;143809;2135;146196;264;5089;411;5764;206;17978;2601;20785;26;361;261;648;748;167237;5408;173393;"2025-09-25 11:25:21"
4944;"2022-02-01";124;195;95214;898;96307;81;3653;600;4334;125;18015;4317;22457;17;335;504;856;418;117217;6319;123954;"2025-09-25 11:25:21"
4945;"2022-02-01";125;234;191144;2517;193895;101;6015;2571;8687;175;29187;5393;34755;19;465;269;753;529;226811;10750;238090;"2025-09-25 11:25:21"
4946;"2022-02-01";126;328;258665;3434;262427;167;8463;1834;10464;237;34363;6732;41332;22;640;933;1595;754;302131;12933;315818;"2025-09-25 11:25:21"
4947;"2022-02-01";127;161;64522;5780;70463;76;3168;761;4005;144;20403;2781;23328;13;254;393;660;394;88347;9715;98456;"2025-09-25 11:25:21"
4948;"2022-02-01";128;187;115407;702;116296;82;2892;331;3305;134;15648;2150;17932;10;249;154;413;413;134196;3337;137946;"2025-09-25 11:25:21"
4949;"2022-02-01";129;378;397398;2879;400655;206;11152;2718;14076;296;59367;6766;66429;65;1231;537;1833;945;469148;12900;482993;"2025-09-25 11:25:21"
4951;"2022-02-01";238;146;89396;2353;91895;129;2857;518;3504;233;17749;1398;19380;27;290;368;685;535;110292;4637;115464;"2025-09-25 11:25:21"
4952;"2022-02-01";214;65;18667;219;18951;61;794;71;926;95;7149;207;7451;7;78;68;153;228;26688;565;27481;"2025-09-25 11:25:21"
4953;"2022-02-01";240;107;37840;658;38605;78;1381;158;1617;122;6869;457;7448;11;135;201;347;318;46225;1474;48017;"2025-09-25 11:25:21"
4954;"2022-02-01";241;112;25086;431;25629;100;916;114;1130;180;6642;170;6992;5;93;41;139;397;32737;756;33890;"2025-09-25 11:25:21"
4955;"2022-02-01";242;115;32298;891;33304;87;1224;137;1448;104;5462;282;5848;6;120;91;217;312;39104;1401;40817;"2025-09-25 11:25:21"
4956;"2022-02-01";243;50;8412;53;8515;49;341;29;419;96;3286;47;3429;5;38;11;54;200;12077;140;12417;"2025-09-25 11:25:21"
4957;"2022-02-01";244;45;11675;182;11902;34;441;27;502;107;4038;73;4218;6;64;22;92;192;16218;304;16714;"2025-09-25 11:25:21"
4958;"2022-02-01";245;126;14506;129;14761;79;721;53;853;120;6151;134;6405;6;77;46;129;331;21455;362;22148;"2025-09-25 11:25:21"
4959;"2022-02-01";246;213;149298;2649;152160;151;4833;526;5510;220;26090;2099;28409;23;459;335;817;607;180680;5609;186896;"2025-09-25 11:25:21"
4960;"2022-02-01";247;55;13628;127;13810;47;547;55;649;113;4844;85;5042;5;71;27;103;220;19090;294;19604;"2025-09-25 11:25:21"
4961;"2022-02-01";248;106;13929;205;14240;82;633;72;787;137;6149;166;6452;12;77;31;120;337;20788;474;21599;"2025-09-25 11:25:21"
4962;"2022-02-01";249;53;16550;138;16741;57;787;37;881;121;6908;133;7162;10;60;20;90;241;24305;328;24874;"2025-09-25 11:25:21"
4963;"2022-02-01";250;289;114735;2545;117569;272;3422;635;4329;269;18203;2730;21202;16;393;393;802;846;136753;6303;143902;"2025-09-25 11:25:21"
4964;"2022-02-01";251;57;15723;404;16184;55;685;159;899;104;3327;134;3565;7;84;40;131;223;19819;737;20779;"2025-09-25 11:25:21"
4965;"2022-02-01";252;94;16745;265;17104;80;811;73;964;114;8425;133;8672;13;65;33;111;301;26046;504;26851;"2025-09-25 11:25:21"
4966;"2022-02-01";253;125;26585;223;26933;103;1365;293;1761;177;11412;440;12029;20;108;79;207;425;39470;1035;40930;"2025-09-25 11:25:21"
4967;"2022-02-01";254;60;9551;66;9677;62;348;49;459;103;3253;51;3407;10;50;18;78;235;13202;184;13621;"2025-09-25 11:25:21"
4968;"2022-02-01";255;75;18177;372;18624;59;910;59;1028;115;8164;246;8525;9;78;53;140;258;27329;730;28317;"2025-09-25 11:25:21"
4970;"2022-02-01";131;71;14739;81;14891;56;820;47;923;79;7755;256;8090;9;62;28;99;215;23376;412;24003;"2025-09-25 11:25:21"
4971;"2022-02-01";132;68;10359;113;10540;47;497;72;616;112;4794;372;5278;4;51;221;276;231;15701;778;16710;"2025-09-25 11:25:21"
4972;"2022-02-01";133;68;11472;134;11674;57;640;88;785;99;6096;691;6886;12;59;73;144;236;18267;986;19489;"2025-09-25 11:25:21"
4973;"2022-02-01";134;79;16464;127;16670;55;760;91;906;112;7971;162;8245;8;64;30;102;254;25259;410;25923;"2025-09-25 11:25:21"
4974;"2022-02-01";135;72;19127;349;19548;54;865;97;1016;77;7680;627;8384;8;65;80;153;211;27737;1153;29101;"2025-09-25 11:25:21"
4975;"2022-02-01";136;76;43955;282;44313;67;2262;211;2540;106;13318;1351;14775;11;162;146;319;260;59697;1990;61947;"2025-09-25 11:25:21"
4976;"2022-02-01";137;103;52335;737;53175;77;1892;176;2145;152;13406;1697;15255;6;240;849;1095;338;67873;3459;71670;"2025-09-25 11:25:21"
4977;"2022-02-01";138;33;15855;131;16019;25;622;32;679;30;3151;564;3745;4;59;44;107;92;19687;771;20550;"2025-09-25 11:25:21"
4978;"2022-02-01";139;69;41049;239;41357;63;1600;84;1747;79;8915;965;9959;9;125;80;214;220;51689;1368;53277;"2025-09-25 11:25:21"
4979;"2022-02-01";140;1;8;0;9;0;3;0;3;0;8;0;8;0;0;0;0;1;19;0;20;"2025-09-25 11:25:21"
4980;"2022-02-01";141;206;80144;1048;81398;113;2379;413;2905;170;11745;980;12895;13;228;244;485;502;94496;2685;97683;"2025-09-25 11:25:21"
4981;"2022-02-01";142;64;88462;1411;89937;106;2261;852;3219;63;10923;1729;12715;4;250;216;470;237;101896;4208;106341;"2025-09-25 11:25:21"
4982;"2022-02-01";143;139;87948;1970;90057;105;2728;450;3283;119;13759;1960;15838;8;307;207;522;371;104742;4587;109700;"2025-09-25 11:25:21"
4983;"2022-02-01";144;128;113847;4500;118475;88;3236;716;4040;129;15155;1996;17280;14;374;290;678;359;132612;7502;140473;"2025-09-25 11:25:21"
4984;"2022-02-01";145;214;88809;4916;93939;150;3133;412;3695;243;19446;1760;21449;26;347;286;659;633;111735;7374;119742;"2025-09-25 11:25:21"
4986;"2022-02-01";147;59;20325;62;20446;32;649;108;789;58;1907;359;2324;8;62;31;101;157;22943;560;23660;"2025-09-25 11:25:21"
4987;"2022-02-01";148;222;40354;1556;42132;128;1728;361;2217;220;12404;634;13258;23;153;112;288;593;54639;2663;57895;"2025-09-25 11:25:21"
4988;"2022-02-01";149;67;19181;1347;20595;43;1078;283;1404;86;8310;579;8975;7;78;60;145;203;28647;2269;31119;"2025-09-25 11:25:21"
4989;"2022-02-01";150;139;44026;872;45037;91;2234;372;2697;152;15067;1080;16299;25;147;77;249;407;61474;2401;64282;"2025-09-25 11:25:21"
4990;"2022-02-01";151;142;76774;640;77556;77;2589;341;3007;170;17848;2270;20288;13;312;796;1121;402;97523;4047;101972;"2025-09-25 11:25:21"
4991;"2022-02-01";152;127;38590;482;39199;80;1509;177;1766;181;12460;545;13186;30;131;152;313;418;52690;1356;54464;"2025-09-25 11:25:21"
4992;"2022-02-01";153;95;22179;395;22669;65;1207;339;1611;133;10998;378;11509;11;83;57;151;304;34467;1169;35940;"2025-09-25 11:25:21"
4993;"2022-02-01";154;157;76280;836;77273;89;2738;504;3331;160;18173;1815;20148;20;277;411;708;426;97468;3566;101460;"2025-09-25 11:25:21"
4994;"2022-02-01";155;80;18856;145;19081;39;782;113;934;110;7446;479;8035;9;76;74;159;238;27160;811;28209;"2025-09-25 11:25:21"
4995;"2022-02-01";156;178;148657;2808;151643;142;5106;551;5799;180;22654;3397;26231;38;469;371;878;538;176886;7127;184551;"2025-09-25 11:25:21"
4996;"2022-02-01";157;125;30727;298;31150;113;1444;302;1859;176;11243;685;12104;14;150;100;264;428;43564;1385;45377;"2025-09-25 11:25:21"
4997;"2022-02-01";158;100;109780;1688;111568;73;4109;583;4765;106;18691;2605;21402;10;334;379;723;289;132914;5255;138458;"2025-09-25 11:25:21"
4998;"2022-02-01";159;164;173976;2161;176301;136;5012;908;6056;216;20302;2256;22774;20;458;271;749;536;199748;5596;205880;"2025-09-25 11:25:21"
4999;"2022-02-01";160;69;10742;71;10882;52;510;67;629;119;5745;589;6453;12;61;80;153;252;17058;807;18117;"2025-09-25 11:25:21"
5000;"2022-02-01";161;75;23271;194;23540;44;1057;86;1187;175;10112;241;10528;17;106;39;162;311;34546;560;35417;"2025-09-25 11:25:21"
5001;"2022-02-01";162;158;39927;312;40397;91;1514;220;1825;141;12033;734;12908;23;167;105;295;413;53641;1371;55425;"2025-09-25 11:25:21"
5003;"2022-02-01";257;108;19017;185;19310;65;1366;90;1521;132;10372;266;10770;7;87;44;138;312;30842;585;31739;"2025-09-25 11:25:21"
5004;"2022-02-01";258;202;110218;2141;112561;126;3472;532;4130;208;18625;3057;21890;20;328;652;1000;556;132643;6382;139581;"2025-09-25 11:25:21"
5005;"2022-02-01";259;109;31087;631;31827;68;1553;170;1791;106;13144;1043;14293;7;210;108;325;290;45994;1952;48236;"2025-09-25 11:25:21"
5006;"2022-02-01";260;137;27650;2714;30501;96;1279;224;1599;167;12330;445;12942;15;135;64;214;415;41394;3447;45256;"2025-09-25 11:25:21"
5007;"2022-02-01";261;68;8330;56;8454;38;466;56;560;87;4237;249;4573;4;40;35;79;197;13073;396;13666;"2025-09-25 11:25:21"
5008;"2022-02-01";262;85;18152;192;18429;64;908;126;1098;110;8423;257;8790;10;85;45;140;269;27568;620;28457;"2025-09-25 11:25:21"
5009;"2022-02-01";263;63;9323;59;9445;60;422;23;505;99;4962;53;5114;7;39;14;60;229;14746;149;15124;"2025-09-25 11:25:21"
5010;"2022-02-01";264;105;38800;276;39181;112;1653;464;2229;184;11774;2212;14170;23;168;185;376;424;52395;3137;55956;"2025-09-25 11:25:21"
5011;"2022-02-01";265;173;108837;1947;110957;132;4363;498;4993;211;23796;3065;27072;15;301;401;717;531;137297;5911;143739;"2025-09-25 11:25:21"
5012;"2022-02-01";266;71;9163;58;9292;46;449;67;562;103;4748;275;5126;3;47;27;77;223;14407;427;15057;"2025-09-25 11:25:21"
5013;"2022-02-01";267;72;7580;32;7684;46;366;20;432;121;4341;110;4572;7;39;16;62;246;12326;178;12750;"2025-09-25 11:25:21"
5014;"2022-02-01";268;145;151156;3196;154497;99;3863;923;4885;91;18960;2370;21421;8;407;374;789;343;174386;6863;181592;"2025-09-25 11:25:21"
5015;"2022-02-01";269;296;132813;1988;135097;243;3612;571;4426;229;16059;1362;17650;22;234;245;501;790;152718;4166;157674;"2025-09-25 11:25:21"
5016;"2022-02-01";270;116;38714;2485;41315;104;1729;195;2028;133;14693;843;15669;6;199;116;321;359;55335;3639;59333;"2025-09-25 11:25:21"
5017;"2022-02-01";271;99;9007;43;9149;54;450;88;592;104;4877;98;5079;9;50;9;68;266;14384;238;14888;"2025-09-25 11:25:21"
5019;"2022-02-01";164;71;11712;170;11953;62;579;101;742;93;6372;741;7206;10;74;41;125;236;18737;1053;20026;"2025-09-25 11:25:21"
5020;"2022-02-01";165;92;19320;182;19594;81;1113;105;1299;136;12077;268;12481;6;79;33;118;315;32589;588;33492;"2025-09-25 11:25:21"
5021;"2022-02-01";166;61;9757;153;9971;35;441;67;543;65;4854;431;5350;0;47;63;110;161;15099;714;15974;"2025-09-25 11:25:21"
5022;"2022-02-01";167;88;69398;626;70112;73;2322;277;2672;82;13561;3510;17153;14;413;1640;2067;257;85694;6053;92004;"2025-09-25 11:25:21"
5023;"2022-02-01";168;51;8845;432;9328;36;452;59;547;59;3956;213;4228;1;40;22;63;147;13293;726;14166;"2025-09-25 11:25:21"
5024;"2022-02-01";169;140;49169;904;50213;123;1977;377;2477;197;15069;1657;16923;18;290;286;594;478;66505;3224;70207;"2025-09-25 11:25:21"
5025;"2022-02-01";170;81;18925;286;19292;48;840;250;1138;82;7751;963;8796;11;109;144;264;222;27625;1643;29490;"2025-09-25 11:25:21"
5026;"2022-02-01";171;139;78855;2334;81328;122;2979;427;3528;146;12965;2353;15464;9;245;363;617;416;95044;5477;100937;"2025-09-25 11:25:21"
5027;"2022-02-01";172;197;37003;145;37345;203;1575;47;1825;147;11161;806;12114;13;138;103;254;560;49877;1101;51538;"2025-09-25 11:25:21"
5028;"2022-02-01";173;72;13312;8256;21640;52;765;243;1060;95;7644;358;8097;6;65;46;117;225;21786;8903;30914;"2025-09-25 11:25:21"
5029;"2022-02-01";174;173;116203;1783;118159;139;3352;665;4156;181;22244;1975;24400;15;361;931;1307;508;142160;5354;148022;"2025-09-25 11:25:21"
5030;"2022-02-01";175;102;12244;83741;96087;53;650;1825;2528;173;8809;451;9433;2;145;32;179;330;21848;86049;108227;"2025-09-25 11:25:21"
5031;"2022-02-01";176;187;108059;2415;110661;149;3594;685;4428;181;20992;3451;24624;16;335;822;1173;533;132980;7373;140886;"2025-09-25 11:25:21"
5032;"2022-02-01";177;69;19452;147;19668;40;833;92;965;92;7896;497;8485;6;78;42;126;207;28259;778;29244;"2025-09-25 11:25:21"
5033;"2022-02-01";178;90;22068;1378;23536;66;1247;144;1457;116;10426;719;11261;9;162;128;299;281;33903;2369;36553;"2025-09-25 11:25:21"
5034;"2022-02-01";179;110;15452;220;15782;58;744;106;908;105;9391;200;9696;12;75;22;109;285;25662;548;26495;"2025-09-25 11:25:21"
5035;"2022-02-01";180;82;18176;285;18543;49;804;75;928;79;7856;827;8762;3;101;88;192;213;26937;1275;28425;"2025-09-25 11:25:21"
5036;"2022-02-01";181;85;12648;80;12813;71;615;49;735;98;6940;291;7329;7;47;27;81;261;20250;447;20958;"2025-09-25 11:25:21"
5037;"2022-02-01";182;65;10463;91;10619;41;573;54;668;63;6081;126;6270;1;47;18;66;170;17164;289;17623;"2025-09-25 11:25:21"
5038;"2022-02-01";183;63;11409;29385;40857;54;559;553;1166;85;6284;183;6552;9;65;20;94;211;18317;30141;48669;"2025-09-25 11:25:21"
5039;"2022-02-01";184;111;23320;37870;61301;84;1671;667;2422;134;14846;240;15220;17;104;30;151;346;39941;38807;79094;"2025-09-25 11:25:21"
5040;"2022-02-01";185;89;24345;402;24836;49;1019;1026;2094;88;7975;499;8562;6;100;144;250;232;33439;2071;35742;"2025-09-25 11:25:21"
5042;"2022-02-01";187;117;114798;1007;115922;80;3275;390;3745;115;21916;2611;24642;13;293;381;687;325;140282;4389;144996;"2025-09-25 11:25:21"
5043;"2022-02-01";188;209;113378;1693;115280;149;4014;554;4717;224;25251;1959;27434;12;423;376;811;594;143066;4582;148242;"2025-09-25 11:25:21"
5044;"2022-02-01";189;61;13519;37;13617;34;693;52;779;66;6318;612;6996;11;69;37;117;172;20599;738;21509;"2025-09-25 11:25:21"
5045;"2022-02-01";190;191;183429;2482;186102;115;5569;799;6483;228;25428;3488;29144;14;470;447;931;548;214896;7216;222660;"2025-09-25 11:25:21"
5046;"2022-02-01";44;44;9473;35;9552;39;414;18;471;41;5244;198;5483;0;48;62;110;124;15179;313;15616;"2025-09-25 11:25:21"
5047;"2022-02-01";192;146;56084;631;56861;84;2181;254;2519;156;17378;974;18508;11;171;132;314;397;75814;1991;78202;"2025-09-25 11:25:21"
5048;"2022-02-01";193;87;26197;427;26711;61;1278;119;1458;122;9904;252;10278;8;110;73;191;278;37489;871;38638;"2025-09-25 11:25:21"
5049;"2022-02-01";194;88;10816;65;10969;43;462;40;545;71;6860;89;7020;2;59;14;75;204;18197;208;18609;"2025-09-25 11:25:21"
5050;"2022-02-01";195;118;34992;435;35545;90;1719;258;2067;166;16712;1030;17908;12;149;157;318;386;53572;1880;55838;"2025-09-25 11:25:21"
5051;"2022-02-01";196;65;19291;150;19506;46;844;36;926;83;10950;965;11998;5;110;144;259;199;31195;1295;32689;"2025-09-25 11:25:21"
5052;"2022-02-01";197;210;61620;1019;62849;233;2280;290;2803;261;19053;1241;20555;42;245;224;511;746;83198;2774;86718;"2025-09-25 11:25:21"
5053;"2022-02-01";198;79;12361;121;12561;52;648;48;748;113;6013;108;6234;8;51;23;82;252;19073;300;19625;"2025-09-25 11:25:21"
5054;"2022-02-01";199;53;5838;34;5925;33;285;27;345;56;3744;60;3860;1;27;26;54;143;9894;147;10184;"2025-09-25 11:25:21"
5055;"2022-02-01";200;125;39649;505;40279;76;1721;158;1955;139;14442;732;15313;30;189;133;352;370;56001;1528;57899;"2025-09-25 11:25:21"
5056;"2022-02-01";201;114;42830;460;43404;76;1806;252;2134;122;15744;1534;17400;10;176;339;525;322;60556;2585;63463;"2025-09-25 11:25:21"
5057;"2022-02-01";202;98;21638;185;21921;59;759;76;894;102;8266;192;8560;19;97;38;154;278;30760;491;31529;"2025-09-25 11:25:21"
5058;"2022-02-01";203;70;3730;374;4174;18;243;191;452;66;1308;29;1403;6;21;2;29;160;5302;596;6058;"2025-09-25 11:25:21"
5059;"2022-02-01";204;121;19171;139;19431;64;673;81;818;121;6473;111;6705;7;102;30;139;313;26419;361;27093;"2025-09-25 11:25:21"
5060;"2022-02-01";205;73;18435;89;18597;88;915;77;1080;142;11842;815;12799;10;82;102;194;313;31274;1083;32670;"2025-09-25 11:25:21"
5061;"2022-02-01";206;81;16900;146;17127;42;674;48;764;86;7716;618;8420;9;75;127;211;218;25365;939;26522;"2025-09-25 11:25:21"
5062;"2022-02-01";207;58;9572;41;9671;59;450;45;554;72;5913;106;6091;3;58;15;76;192;15993;207;16392;"2025-09-25 11:25:21"
5063;"2022-02-01";208;122;54628;301;55051;67;1965;407;2439;108;12498;1457;14063;8;173;250;431;305;69264;2415;71984;"2025-09-25 11:25:21"
5064;"2022-02-01";209;135;102221;1334;103690;95;3210;800;4105;200;17427;4480;22107;9;333;1756;2098;439;123191;8370;132000;"2025-09-25 11:25:21"
5065;"2022-02-01";210;145;120820;2042;123007;83;3290;299;3672;91;17780;954;18825;18;322;287;627;337;142212;3582;146131;"2025-09-25 11:25:21"
5067;"2022-02-01";212;120;91525;1026;92671;96;3175;497;3768;135;11807;423;12365;11;235;158;404;362;106742;2104;109208;"2025-09-25 11:25:21"
5068;"2022-02-01";213;93;22787;189;23069;64;903;171;1138;104;9103;236;9443;11;64;166;241;272;32857;762;33891;"2025-09-25 11:25:21"
5070;"2022-02-01";215;242;230638;2302;233182;170;6946;576;7692;220;40244;4009;44473;26;573;568;1167;658;278401;7455;286514;"2025-09-25 11:25:21"
5071;"2022-02-01";216;93;13496;159;13748;54;593;113;760;119;6092;142;6353;6;52;31;89;272;20233;445;20950;"2025-09-25 11:25:21"
5072;"2022-02-01";217;115;41360;492;41967;92;1511;187;1790;106;13614;2624;16344;11;141;636;788;324;56626;3939;60889;"2025-09-25 11:25:21"
5073;"2022-02-01";218;101;44770;682;45553;73;1611;252;1936;134;10497;505;11136;11;132;111;254;319;57010;1550;58879;"2025-09-25 11:25:21"
5074;"2022-02-01";219;91;12746;109;12946;59;539;53;651;88;7024;475;7587;7;126;136;269;245;20435;773;21453;"2025-09-25 11:25:21"
5075;"2022-02-01";220;163;142412;1165;143740;102;4553;835;5490;141;22016;6887;29044;15;485;1634;2134;421;169466;10521;180408;"2025-09-25 11:25:21"
5076;"2022-02-01";221;60;9848;67;9975;51;426;42;519;88;4554;552;5194;6;41;99;146;205;14869;760;15834;"2025-09-25 11:25:21"
5077;"2022-02-01";222;209;137467;2702;140378;176;3682;1029;4887;234;26487;2314;29035;21;379;417;817;640;168015;6462;175117;"2025-09-25 11:25:21"
5078;"2022-02-01";223;70;24562;183;24815;67;1100;105;1272;83;10120;391;10594;8;120;62;190;228;35902;741;36871;"2025-09-25 11:25:21"
5079;"2022-02-01";224;117;82117;1246;83480;63;2108;503;2674;138;10622;955;11715;10;102;148;260;328;94949;2852;98129;"2025-09-25 11:25:21"
5080;"2022-02-01";225;79;84206;3058;87343;36;2082;457;2575;61;10961;1610;12632;3;160;236;399;179;97409;5361;102949;"2025-09-25 11:25:21"
5081;"2022-02-01";226;252;138817;49432;188501;224;2384;1146;3754;144;10409;938;11491;11;153;179;343;631;151763;51695;204089;"2025-09-25 11:25:21"
5082;"2022-02-01";227;166;97899;1599;99664;163;2529;255;2947;119;16723;1306;18148;8;215;330;553;456;117366;3490;121312;"2025-09-25 11:25:21"
5083;"2022-02-01";228;85;84186;740;85011;37;2187;170;2394;84;7714;822;8620;8;201;240;449;214;94288;1972;96474;"2025-09-25 11:25:21"
5084;"2022-02-01";229;103;41789;754;42646;84;1867;246;2197;125;8764;318;9207;7;117;71;195;319;52537;1389;54245;"2025-09-25 11:25:21"
5085;"2022-02-01";230;60;15842;102;16004;62;590;39;691;98;7686;166;7950;5;49;76;130;225;24167;383;24775;"2025-09-25 11:25:21"
5086;"2022-02-01";231;68;32163;21339;53570;52;1166;328;1546;65;10158;518;10741;6;208;216;430;191;43695;22401;66287;"2025-09-25 11:25:21"
5087;"2022-02-01";232;49;12686;180;12915;54;528;85;667;109;6362;151;6622;8;68;19;95;220;19644;435;20299;"2025-09-25 11:25:21"
5088;"2022-02-01";233;84;14967;100;15151;57;640;71;768;129;7926;387;8442;9;57;56;122;279;23590;614;24483;"2025-09-25 11:25:21"
5090;"2022-02-01";235;269;75079;1145;76493;144;3183;150;3477;334;27397;568;28299;37;222;129;388;784;105881;1992;108657;"2025-09-25 11:25:21"
5091;"2022-02-01";236;573;232726;250985;484284;342;7729;6653;14724;681;52121;3230;56032;37;806;525;1368;1633;293382;261393;556408;"2025-09-25 11:25:21"
5093;"2022-03-01";1;153;200576;18823;219552;54;4293;626;4973;179;13722;1612;15513;15;277;150;442;401;218868;21211;240480;"2025-09-25 11:25:29"
5094;"2022-03-01";2;101;126760;5127;131988;41;3680;699;4420;153;12437;2466;15056;7;167;237;411;302;143044;8529;151875;"2025-09-25 11:25:29"
5095;"2022-03-01";3;103;60738;2117;62958;63;2494;718;3275;130;7292;1281;8703;13;97;102;212;309;70621;4218;75148;"2025-09-25 11:25:29"
5096;"2022-03-01";4;111;64823;1681;66615;79;1841;166;2086;117;15523;2033;17673;9;315;475;799;316;82502;4355;87173;"2025-09-25 11:25:29"
5097;"2022-03-01";5;95;99022;3102;102219;50;3534;312;3896;150;9472;2084;11706;11;141;175;327;306;112169;5673;118148;"2025-09-25 11:25:29"
5098;"2022-03-01";6;88;80142;3453;83683;44;2470;378;2892;162;10360;1692;12214;10;87;240;337;304;93059;5763;99126;"2025-09-25 11:25:29"
5099;"2022-03-01";7;99;113101;10131;123331;57;4688;588;5333;125;14106;2706;16937;6;275;158;439;287;132170;13583;146040;"2025-09-25 11:25:29"
5100;"2022-03-01";8;51;69933;3528;73512;27;3081;480;3588;74;10797;2275;13146;11;136;115;262;163;83947;6398;90508;"2025-09-25 11:25:29"
5101;"2022-03-01";9;86;128855;5561;134502;53;3858;848;4759;166;10285;2138;12589;10;178;267;455;315;143176;8814;152305;"2025-09-25 11:25:29"
5102;"2022-03-01";10;92;76643;4606;81341;51;2736;576;3363;130;8429;2002;10561;11;132;165;308;284;87940;7349;95573;"2025-09-25 11:25:29"
5103;"2022-03-01";11;109;80297;2498;82904;56;2995;156;3207;139;9900;2190;12229;11;128;95;234;315;93320;4939;98574;"2025-09-25 11:25:29"
5104;"2022-03-01";12;110;93572;1194;94876;49;2586;140;2775;130;6908;1212;8250;16;116;230;362;305;103182;2776;106263;"2025-09-25 11:25:29"
5105;"2022-03-01";13;102;100955;4399;105456;55;2906;588;3549;159;9573;2136;11868;19;199;159;377;335;113633;7282;121250;"2025-09-25 11:25:29"
5106;"2022-03-01";14;203;74989;3061;78253;104;2280;408;2792;134;6012;1873;8019;10;106;255;371;451;83387;5597;89435;"2025-09-25 11:25:29"
5107;"2022-03-01";15;208;150923;5022;156153;127;3313;719;4159;174;10855;4875;15904;12;248;163;423;521;165339;10779;176639;"2025-09-25 11:25:29"
5108;"2022-03-01";16;121;82651;9031;91803;47;2185;838;3070;187;8628;2066;10881;18;153;110;281;373;93617;12045;106035;"2025-09-25 11:25:29"
5109;"2022-03-01";17;95;104302;2180;106577;47;3249;1127;4423;150;8888;1722;10760;9;139;108;256;301;116578;5137;122016;"2025-09-25 11:25:29"
5110;"2022-03-01";18;124;204346;6754;211224;98;4576;1624;6298;159;25306;5097;30562;13;305;348;666;394;234533;13823;248750;"2025-09-25 11:25:29"
5111;"2022-03-01";19;120;127116;4432;131668;56;3518;760;4334;136;11620;2819;14575;8;235;431;674;320;142489;8442;151251;"2025-09-25 11:25:29"
5112;"2022-03-01";20;137;117058;3690;120885;58;4265;172;4495;178;14930;4264;19372;14;558;622;1194;387;136811;8748;145946;"2025-09-25 11:25:29"
5113;"2022-03-01";21;135;69534;991;70660;55;2036;59;2150;138;5260;1071;6469;9;94;38;141;337;76924;2159;79420;"2025-09-25 11:25:29"
5114;"2022-03-01";22;98;111883;4123;116104;44;3574;751;4369;142;10380;1946;12468;16;134;200;350;300;125971;7020;133291;"2025-09-25 11:25:29"
5115;"2022-03-01";23;1737;38943;1297;41977;1678;1626;255;3559;365;3804;888;5057;99;71;69;239;3879;44444;2509;50832;"2025-09-25 11:25:29"
5116;"2022-03-01";63;118;87818;1162;89098;105;2071;307;2483;93;10207;816;11116;6;157;269;432;322;100253;2554;103129;"2025-09-25 11:25:29"
5117;"2022-03-01";25;78;89676;5718;95472;34;3564;544;4142;117;11928;2792;14837;16;166;328;510;245;105334;9382;114961;"2025-09-25 11:25:29"
5118;"2022-03-01";146;824;308953;253864;563641;481;10844;6777;18102;1013;80171;3867;85051;75;1045;654;1774;2393;401013;265162;668568;"2025-09-25 11:25:29"
5120;"2022-03-01";28;97;67280;2701;70078;64;2332;790;3186;101;9960;3193;13254;13;148;672;833;275;79720;7356;87351;"2025-09-25 11:25:29"
5121;"2022-03-01";29;73;68218;815;69106;58;2243;559;2860;115;10644;1102;11861;10;182;199;391;256;81287;2675;84218;"2025-09-25 11:25:29"
5122;"2022-03-01";77;280;134471;3246;137997;201;2919;515;3635;220;16175;3135;19530;17;288;597;902;718;153853;7493;162064;"2025-09-25 11:25:29"
5123;"2022-03-01";57;67;55908;663;56638;42;1347;142;1531;74;4521;279;4874;5;113;47;165;188;61889;1131;63208;"2025-09-25 11:25:29"
5124;"2022-03-01";32;74;83406;1564;85044;30;2186;395;2611;63;10275;1462;11800;1;151;246;398;168;96018;3667;99853;"2025-09-25 11:25:29"
5125;"2022-03-01";33;124;105576;17978;123678;64;3052;498;3614;169;13117;2211;15497;11;163;505;679;368;121908;21192;143468;"2025-09-25 11:25:29"
5126;"2022-03-01";79;85;104884;1409;106378;44;2300;273;2617;87;10604;1436;12127;8;195;331;534;224;117983;3449;121656;"2025-09-25 11:25:29"
5127;"2022-03-01";35;88;65712;2695;68495;70;2340;308;2718;113;14721;2335;17169;11;191;331;533;282;82964;5669;88915;"2025-09-25 11:25:29"
5128;"2022-03-01";36;97;91383;3754;95234;52;2961;339;3352;106;13194;1970;15270;9;171;281;461;264;107709;6344;114317;"2025-09-25 11:25:29"
5129;"2022-03-01";60;265;183453;5359;189077;310;4757;274;5341;199;18893;2137;21229;29;369;476;874;803;207472;8246;216521;"2025-09-25 11:25:29"
5130;"2022-03-01";38;48;58648;40783;99479;26;1553;840;2419;78;5866;1174;7118;9;117;364;490;161;66184;43161;109506;"2025-09-25 11:25:29"
5131;"2022-03-01";39;277;83763;9275;93315;487;1810;568;2865;181;8286;2225;10692;28;161;712;901;973;94020;12780;107773;"2025-09-25 11:25:29"
5132;"2022-03-01";40;82;25946;1330;27358;49;1056;298;1403;83;4146;350;4579;9;44;53;106;223;31192;2031;33446;"2025-09-25 11:25:29"
5134;"2022-03-01";42;126;149233;14262;163621;61;3502;290;3853;126;13295;2098;15519;9;248;516;773;322;166278;17166;183766;"2025-09-25 11:25:29"
5137;"2022-03-01";46;185;236987;8047;245219;109;5232;727;6068;178;29729;5356;35263;12;422;570;1004;484;272370;14700;287554;"2025-09-25 11:25:29"
5138;"2022-03-01";47;107;114059;1699;115865;116;3137;501;3754;287;19327;2700;22314;56;311;276;643;566;136834;5176;142576;"2025-09-25 11:25:29"
5142;"2022-03-01";51;168;189671;2603;192442;195;3336;645;4176;209;16738;1302;18249;13;326;151;490;585;210071;4701;215357;"2025-09-25 11:25:29"
5145;"2022-03-01";54;125;25860;10994;36979;60;1203;1002;2265;155;9582;757;10494;9;97;88;194;349;36742;12841;49932;"2025-09-25 11:25:29"
5146;"2022-03-01";55;108;95397;175718;271223;61;3669;2793;6523;111;21613;2647;24371;17;463;301;781;297;121142;181459;302898;"2025-09-25 11:25:29"
5147;"2022-03-01";56;306;211010;40240;251556;368;5962;1347;7677;168;29643;3387;33198;20;407;554;981;862;247022;45528;293412;"2025-09-25 11:25:29"
5149;"2022-03-01";58;185;138503;3558;142246;98;4651;123;4872;134;17300;4423;21857;17;339;873;1229;434;160793;8977;170204;"2025-09-25 11:25:29"
5150;"2022-03-01";59;143;194617;29693;224453;83;5280;1152;6515;106;23129;2887;26122;9;293;322;624;341;223319;34054;257714;"2025-09-25 11:25:29"
5152;"2022-03-01";61;168;185229;4600;189997;99;3459;679;4237;150;12154;2852;15156;10;298;399;707;427;201140;8530;210097;"2025-09-25 11:25:29"
5153;"2022-03-01";62;67;8223;90;8380;44;513;62;619;114;3688;61;3863;2;31;16;49;227;12455;229;12911;"2025-09-25 11:25:29"
5156;"2022-03-01";65;173;167162;3922;171257;140;4726;411;5277;186;26315;7627;34128;24;522;887;1433;523;198725;12847;212095;"2025-09-25 11:25:29"
5162;"2022-03-01";71;80;70823;2452;73355;44;2480;577;3101;104;13780;3911;17795;10;240;458;708;238;87323;7398;94959;"2025-09-25 11:25:29"
5165;"2022-03-01";74;126;162144;2357;164627;95;3459;314;3868;418;14939;2314;17671;20;448;295;763;659;180990;5280;186929;"2025-09-25 11:25:29"
5171;"2022-03-01";80;166;103181;1431;104778;93;2776;680;3549;158;19584;4028;23770;9;306;986;1301;426;125847;7125;133398;"2025-09-25 11:25:29"
5174;"2022-03-01";83;343;165282;876;166501;219;3664;466;4349;245;14932;1736;16913;50;507;167;724;857;184385;3245;188487;"2025-09-25 11:25:29"
5176;"2022-03-01";85;132;23804;181;24117;83;1242;153;1478;158;6402;206;6766;14;112;41;167;387;31560;581;32528;"2025-09-25 11:25:29"
5177;"2022-03-01";86;293;161279;1165;162737;166;4669;341;5176;187;19255;2348;21790;23;299;221;543;669;185502;4075;190246;"2025-09-25 11:25:29"
5178;"2022-03-01";87;105;110932;2411;113448;78;2793;857;3728;84;12830;2012;14926;10;278;158;446;277;126833;5438;132548;"2025-09-25 11:25:29"
5179;"2022-03-01";88;70;104364;2565;106999;28;2431;554;3013;31;9621;1384;11036;1;164;135;300;130;116580;4638;121348;"2025-09-25 11:25:29"
5180;"2022-03-01";89;472;26433;308;27213;117;573;27;717;120;1810;363;2293;21;38;8;67;730;28854;706;30290;"2025-09-25 11:25:29"
5181;"2022-03-01";90;122;86848;1702;88672;76;2765;471;3312;102;10633;2142;12877;9;159;155;323;309;100405;4470;105184;"2025-09-25 11:25:29"
5182;"2022-03-01";91;167;161542;907;162616;90;5430;2624;8144;123;29830;4637;34590;13;489;338;840;393;197291;8506;206190;"2025-09-25 11:25:29"
5183;"2022-03-01";92;86;59728;1086;60900;75;1840;289;2204;93;8572;1249;9914;12;140;138;290;266;70280;2762;73308;"2025-09-25 11:25:29"
5184;"2022-03-01";93;121;86449;836;87406;72;2484;163;2719;95;9322;3884;13301;8;146;272;426;296;98401;5155;103852;"2025-09-25 11:25:29"
5185;"2022-03-01";94;230;194915;1924;197069;116;5773;1538;7427;184;29703;3986;33873;8;545;730;1283;538;230936;8178;239652;"2025-09-25 11:25:29"
5186;"2022-03-01";95;331;258127;1969;260427;193;8465;1083;9741;217;42931;5362;48510;26;814;475;1315;767;310337;8889;319993;"2025-09-25 11:25:29"
5187;"2022-03-01";96;80;31858;756;32694;45;1427;65;1537;81;5456;625;6162;12;89;48;149;218;38830;1494;40542;"2025-09-25 11:25:29"
5188;"2022-03-01";97;279;252143;5230;257652;201;8939;1128;10268;204;34969;5645;40818;29;478;553;1060;713;296529;12556;309798;"2025-09-25 11:25:29"
5189;"2022-03-01";101;179;177513;3634;181326;69;2836;1319;4224;114;8083;1965;10162;12;259;201;472;374;188691;7119;196184;"2025-09-25 11:25:29"
5190;"2022-03-01";102;178;67210;996;68384;71;2336;230;2637;88;7735;1255;9078;16;152;143;311;353;77433;2624;80410;"2025-09-25 11:25:29"
5191;"2022-03-01";103;198;59342;2031;61571;52;2552;252;2856;93;9253;1564;10910;3;128;204;335;346;71275;4051;75672;"2025-09-25 11:25:29"
5192;"2022-03-01";104;129;174792;4391;179312;176;5435;1409;7020;152;20141;2863;23156;24;394;565;983;481;200762;9228;210471;"2025-09-25 11:25:29"
5193;"2022-03-01";105;113;137241;1571;138925;80;2479;75;2634;62;6943;1496;8501;1;197;130;328;256;146860;3272;150388;"2025-09-25 11:25:29"
5194;"2022-03-01";106;193;91987;1047;93227;166;3018;653;3837;103;8477;2056;10636;14;168;102;284;476;103650;3858;107984;"2025-09-25 11:25:29"
5195;"2022-03-01";107;270;63915;1158;65343;91;2581;110;2782;108;6547;1617;8272;22;148;106;276;491;73191;2991;76673;"2025-09-25 11:25:29"
5196;"2022-03-01";108;182;211225;1785;213192;111;6967;462;7540;154;36585;5728;42467;21;491;401;913;468;255268;8376;264112;"2025-09-25 11:25:29"
5197;"2022-03-01";109;174;131088;2297;133559;157;5572;1158;6887;206;22320;3688;26214;13;274;336;623;550;159254;7479;167283;"2025-09-25 11:25:29"
5198;"2022-03-01";110;83;121251;2330;123664;41;4524;649;5214;48;18858;2433;21339;3;341;380;724;175;144974;5792;150941;"2025-09-25 11:25:29"
5199;"2022-03-01";111;150;86249;740;87139;95;3334;454;3883;142;18570;3227;21939;12;805;274;1091;399;108958;4695;114052;"2025-09-25 11:25:29"
5200;"2022-03-01";112;149;107824;2314;110287;116;2510;640;3266;124;9393;3476;12993;13;203;152;368;402;119930;6582;126914;"2025-09-25 11:25:29"
5201;"2022-03-01";113;86;72194;1274;73554;34;2583;899;3516;39;9294;1653;10986;0;135;137;272;159;84206;3963;88328;"2025-09-25 11:25:29"
5202;"2022-03-01";114;155;90489;627;91271;90;3903;467;4460;142;17838;2132;20112;11;342;200;553;398;112572;3426;116396;"2025-09-25 11:25:29"
5203;"2022-03-01";115;228;48740;342;49310;100;1858;685;2643;242;11796;787;12825;9;221;87;317;579;62615;1901;65095;"2025-09-25 11:25:29"
5204;"2022-03-01";116;171;48689;468;49328;83;2168;724;2975;195;13829;5651;19675;9;243;392;644;458;64929;7235;72622;"2025-09-25 11:25:29"
5205;"2022-03-01";117;82;17034;123;17239;74;817;125;1016;147;6143;4527;10817;5;119;513;637;308;24113;5288;29709;"2025-09-25 11:25:29"
5206;"2022-03-01";118;80;96107;1142;97329;56;3103;516;3675;70;10283;2114;12467;9;237;148;394;215;109730;3920;113865;"2025-09-25 11:25:29"
5207;"2022-03-01";119;45;176075;2608;178728;34;3955;685;4674;38;11860;3265;15163;7;358;187;552;124;192248;6745;199117;"2025-09-25 11:25:29"
5208;"2022-03-01";120;20;139377;863;140260;8;2108;199;2315;23;4974;1343;6340;1;178;31;210;52;146637;2436;149125;"2025-09-25 11:25:29"
5209;"2022-03-01";121;353;110026;1545;111924;185;4226;1308;5719;247;20696;4599;25542;16;521;451;988;801;135469;7903;144173;"2025-09-25 11:25:29"
5210;"2022-03-01";122;111;58335;450;58896;94;1505;107;1706;85;6060;2082;8227;10;102;315;427;300;66002;2954;69256;"2025-09-25 11:25:29"
5211;"2022-03-01";123;251;144300;2137;146688;267;5076;410;5753;205;17953;2640;20798;26;376;259;661;749;167705;5446;173900;"2025-09-25 11:25:29"
5212;"2022-03-01";124;194;95478;935;96607;82;3641;598;4321;125;18034;4340;22499;17;340;504;861;418;117493;6377;124288;"2025-09-25 11:25:29"
5213;"2022-03-01";125;235;191788;2464;194487;101;6005;2558;8664;176;29256;5426;34858;20;476;280;776;532;227525;10728;238785;"2025-09-25 11:25:29"
5214;"2022-03-01";126;327;259867;3465;263659;167;8417;1878;10462;237;34454;6764;41455;22;655;936;1613;753;303393;13043;317189;"2025-09-25 11:25:29"
5215;"2022-03-01";127;162;64608;5580;70350;72;3145;750;3967;144;20397;2810;23351;12;257;391;660;390;88407;9531;98328;"2025-09-25 11:25:29"
5216;"2022-03-01";128;186;115778;711;116675;83;2876;328;3287;134;15633;2180;17947;10;254;155;419;413;134541;3374;138328;"2025-09-25 11:25:29"
5217;"2022-03-01";129;377;398677;2971;402025;209;11115;2711;14035;294;59540;6884;66718;67;1265;545;1877;947;470597;13111;484655;"2025-09-25 11:25:29"
5219;"2022-03-01";238;141;89565;2356;92062;128;2862;509;3499;234;17767;1401;19402;27;302;370;699;530;110496;4636;115662;"2025-09-25 11:25:29"
5220;"2022-03-01";214;64;18697;216;18977;61;788;70;919;93;7179;204;7476;7;78;68;153;225;26742;558;27525;"2025-09-25 11:25:29"
5221;"2022-03-01";240;104;37889;655;38648;76;1375;152;1603;123;6866;460;7449;11;135;201;347;314;46265;1468;48047;"2025-09-25 11:25:29"
5222;"2022-03-01";241;111;25174;437;25722;100;918;125;1143;180;6651;168;6999;6;93;41;140;397;32836;771;34004;"2025-09-25 11:25:29"
5223;"2022-03-01";242;109;32398;892;33399;87;1218;139;1444;103;5460;282;5845;6;119;90;215;305;39195;1403;40903;"2025-09-25 11:25:29"
5224;"2022-03-01";243;50;8442;59;8551;49;340;29;418;97;3303;47;3447;5;41;10;56;201;12126;145;12472;"2025-09-25 11:25:29"
5225;"2022-03-01";244;44;11710;191;11945;34;443;27;504;107;4053;74;4234;6;67;22;95;191;16273;314;16778;"2025-09-25 11:25:29"
5226;"2022-03-01";245;124;14544;135;14803;79;722;53;854;120;6165;135;6420;6;77;45;128;329;21508;368;22205;"2025-09-25 11:25:29"
5227;"2022-03-01";246;208;149856;2675;152739;152;4836;525;5513;221;26219;2097;28537;23;466;337;826;604;181377;5634;187615;"2025-09-25 11:25:29"
5228;"2022-03-01";247;54;13681;143;13878;47;550;60;657;111;4866;87;5064;5;74;27;106;217;19171;317;19705;"2025-09-25 11:25:29"
5229;"2022-03-01";248;105;13952;206;14263;82;629;73;784;136;6151;167;6454;12;79;32;123;335;20811;478;21624;"2025-09-25 11:25:29"
5230;"2022-03-01";249;53;16556;138;16747;57;794;37;888;121;6939;135;7195;10;59;20;89;241;24348;330;24919;"2025-09-25 11:25:29"
5231;"2022-03-01";250;284;115036;2552;117872;273;3409;634;4316;268;18266;2736;21270;16;396;396;808;841;137107;6318;144266;"2025-09-25 11:25:29"
5232;"2022-03-01";251;56;15736;414;16206;55;685;159;899;103;3343;133;3579;7;85;41;133;221;19849;747;20817;"2025-09-25 11:25:29"
5233;"2022-03-01";252;94;16773;276;17143;80;815;68;963;113;8445;134;8692;13;65;33;111;300;26098;511;26909;"2025-09-25 11:25:29"
5234;"2022-03-01";253;122;26665;237;27024;104;1365;294;1763;177;11467;436;12080;20;111;79;210;423;39608;1046;41077;"2025-09-25 11:25:29"
5235;"2022-03-01";254;58;9572;65;9695;62;346;48;456;102;3282;51;3435;10;52;18;80;232;13252;182;13666;"2025-09-25 11:25:29"
5236;"2022-03-01";255;75;18237;368;18680;59;913;59;1031;115;8178;247;8540;9;78;53;140;258;27406;727;28391;"2025-09-25 11:25:29"
5238;"2022-03-01";131;71;14742;83;14896;55;820;47;922;79;7758;258;8095;9;63;28;100;214;23383;416;24013;"2025-09-25 11:25:29"
5239;"2022-03-01";132;68;10400;113;10581;45;497;70;612;113;4804;368;5285;4;53;220;277;230;15754;771;16755;"2025-09-25 11:25:29"
5240;"2022-03-01";133;68;11491;136;11695;55;646;88;789;99;6093;685;6877;12;59;72;143;234;18289;981;19504;"2025-09-25 11:25:29"
5241;"2022-03-01";134;78;16477;127;16682;54;749;91;894;112;7978;163;8253;8;63;30;101;252;25267;411;25930;"2025-09-25 11:25:29"
5242;"2022-03-01";135;71;19173;346;19590;53;866;98;1017;77;7683;630;8390;8;68;80;156;209;27790;1154;29153;"2025-09-25 11:25:29"
5243;"2022-03-01";136;77;44194;292;44563;63;2266;210;2539;106;13351;1365;14822;11;165;147;323;257;59976;2014;62247;"2025-09-25 11:25:29"
5244;"2022-03-01";137;104;52499;739;53342;76;1894;177;2147;153;13409;1702;15264;6;243;851;1100;339;68045;3469;71853;"2025-09-25 11:25:29"
5245;"2022-03-01";138;33;15947;131;16111;24;618;32;674;30;3163;564;3757;4;61;45;110;91;19789;772;20652;"2025-09-25 11:25:29"
5246;"2022-03-01";139;69;41156;239;41464;63;1606;84;1753;78;8905;982;9965;8;128;79;215;218;51795;1384;53397;"2025-09-25 11:25:29"
5247;"2022-03-01";140;1;8;0;9;0;3;0;3;0;8;0;8;0;0;0;0;1;19;0;20;"2025-09-25 11:25:29"
5248;"2022-03-01";141;206;80447;1053;81706;113;2371;414;2898;170;11778;992;12940;13;236;243;492;502;94832;2702;98036;"2025-09-25 11:25:29"
5249;"2022-03-01";142;64;88426;1400;89890;106;2256;845;3207;63;10986;1743;12792;4;253;215;472;237;101921;4203;106361;"2025-09-25 11:25:29"
5250;"2022-03-01";143;138;88254;1962;90354;102;2715;453;3270;118;13873;1972;15963;8;308;205;521;366;105150;4592;110108;"2025-09-25 11:25:29"
5251;"2022-03-01";144;128;114162;4658;118948;87;3220;700;4007;129;15145;2022;17296;14;391;290;695;358;132918;7670;140946;"2025-09-25 11:25:29"
5252;"2022-03-01";145;214;89021;5051;94286;145;3112;412;3669;240;19480;1761;21481;26;349;291;666;625;111962;7515;120102;"2025-09-25 11:25:29"
5254;"2022-03-01";147;59;20382;62;20503;31;652;111;794;58;1906;362;2326;9;63;29;101;157;23003;564;23724;"2025-09-25 11:25:29"
5255;"2022-03-01";148;217;40485;1555;42257;125;1724;362;2211;222;12426;635;13283;23;158;113;294;587;54793;2665;58045;"2025-09-25 11:25:29"
5256;"2022-03-01";149;65;19220;1087;20372;43;1072;273;1388;87;8335;585;9007;7;79;60;146;202;28706;2005;30913;"2025-09-25 11:25:29"
5257;"2022-03-01";150;139;44132;870;45141;91;2235;367;2693;152;15106;1083;16341;29;147;78;254;411;61620;2398;64429;"2025-09-25 11:25:29"
5258;"2022-03-01";151;141;77055;636;77832;76;2581;337;2994;170;17959;2285;20414;13;323;795;1131;400;97918;4053;102371;"2025-09-25 11:25:29"
5259;"2022-03-01";152;128;38702;488;39318;78;1503;177;1758;179;12505;548;13232;30;141;149;320;415;52851;1362;54628;"2025-09-25 11:25:29"
5260;"2022-03-01";153;94;22190;389;22673;64;1206;344;1614;133;11040;378;11551;11;88;57;156;302;34524;1168;35994;"2025-09-25 11:25:29"
5261;"2022-03-01";154;156;76455;851;77462;89;2729;518;3336;160;18215;1817;20192;20;281;413;714;425;97680;3599;101704;"2025-09-25 11:25:29"
5262;"2022-03-01";155;79;18886;146;19111;39;783;114;936;109;7459;479;8047;9;76;74;159;236;27204;813;28253;"2025-09-25 11:25:29"
5263;"2022-03-01";156;177;149632;2789;152598;142;5114;553;5809;179;22754;3428;26361;39;480;370;889;537;177980;7140;185657;"2025-09-25 11:25:29"
5264;"2022-03-01";157;122;30811;299;31232;118;1442;303;1863;176;11283;689;12148;14;155;101;270;430;43691;1392;45513;"2025-09-25 11:25:29"
5265;"2022-03-01";158;97;110144;1685;111926;73;4087;607;4767;111;18748;2614;21473;10;345;374;729;291;133324;5280;138895;"2025-09-25 11:25:29"
5266;"2022-03-01";159;162;174535;2181;176878;136;4999;884;6019;211;20345;2270;22826;20;451;283;754;529;200330;5618;206477;"2025-09-25 11:25:29"
5267;"2022-03-01";160;69;10831;71;10971;51;507;67;625;119;5772;591;6482;12;61;82;155;251;17171;811;18233;"2025-09-25 11:25:29"
5268;"2022-03-01";161;74;23360;194;23628;44;1055;86;1185;175;10156;244;10575;17;111;39;167;310;34682;563;35555;"2025-09-25 11:25:29"
5269;"2022-03-01";162;158;39964;312;40434;91;1514;220;1825;142;12030;734;12906;23;173;103;299;414;53681;1369;55464;"2025-09-25 11:25:29"
5271;"2022-03-01";257;108;19072;185;19365;65;1376;90;1531;132;10391;267;10790;8;87;44;139;313;30926;586;31825;"2025-09-25 11:25:29"
5272;"2022-03-01";258;202;110473;2152;112827;125;3460;532;4117;208;18692;3068;21968;20;329;653;1002;555;132954;6405;139914;"2025-09-25 11:25:29"
5273;"2022-03-01";259;109;31162;638;31909;68;1554;171;1793;105;13157;1046;14308;7;215;113;335;289;46088;1968;48345;"2025-09-25 11:25:29"
5274;"2022-03-01";260;139;27746;2611;30496;95;1277;220;1592;166;12373;445;12984;16;135;64;215;416;41531;3340;45287;"2025-09-25 11:25:29"
5275;"2022-03-01";261;68;8357;57;8482;38;464;55;557;87;4269;248;4604;4;40;35;79;197;13130;395;13722;"2025-09-25 11:25:29"
5276;"2022-03-01";262;85;18171;192;18448;61;906;121;1088;110;8437;257;8804;10;88;46;144;266;27602;616;28484;"2025-09-25 11:25:29"
5277;"2022-03-01";263;64;9350;58;9472;59;423;18;500;99;4990;55;5144;7;40;14;61;229;14803;145;15177;"2025-09-25 11:25:29"
5278;"2022-03-01";264;104;38934;273;39311;108;1652;458;2218;185;11832;2215;14232;23;169;183;375;420;52587;3129;56136;"2025-09-25 11:25:29"
5279;"2022-03-01";265;174;109066;1945;111185;132;4361;492;4985;210;23871;3082;27163;15;311;406;732;531;137609;5925;144065;"2025-09-25 11:25:29"
5280;"2022-03-01";266;70;9193;58;9321;45;446;67;558;101;4739;275;5115;3;48;27;78;219;14426;427;15072;"2025-09-25 11:25:29"
5281;"2022-03-01";267;72;7624;32;7728;45;368;20;433;123;4347;112;4582;7;39;16;62;247;12378;180;12805;"2025-09-25 11:25:29"
5282;"2022-03-01";268;142;151498;3222;154862;100;3841;913;4854;88;18932;2383;21403;9;408;384;801;339;174679;6902;181920;"2025-09-25 11:25:29"
5283;"2022-03-01";269;292;133012;1978;135282;242;3585;574;4401;230;16102;1384;17716;24;233;242;499;788;152932;4178;157898;"2025-09-25 11:25:29"
5284;"2022-03-01";270;115;38825;2544;41484;103;1721;210;2034;133;14729;847;15709;7;203;118;328;358;55478;3719;59555;"2025-09-25 11:25:29"
5285;"2022-03-01";271;99;9034;43;9176;52;455;83;590;106;4911;97;5114;10;47;9;66;267;14447;232;14946;"2025-09-25 11:25:29"
5287;"2022-03-01";164;69;11720;169;11958;62;577;103;742;93;6389;742;7224;10;72;41;123;234;18758;1055;20047;"2025-09-25 11:25:29"
5288;"2022-03-01";165;91;19374;180;19645;81;1112;105;1298;136;12142;264;12542;6;83;33;122;314;32711;582;33607;"2025-09-25 11:25:29"
5289;"2022-03-01";166;60;9774;150;9984;35;444;67;546;64;4839;433;5336;0;48;63;111;159;15105;713;15977;"2025-09-25 11:25:29"
5290;"2022-03-01";167;87;69642;622;70351;75;2310;278;2663;81;13665;3499;17245;14;425;1641;2080;257;86042;6040;92339;"2025-09-25 11:25:29"
5291;"2022-03-01";168;49;8889;436;9374;36;453;58;547;58;3959;214;4231;1;40;22;63;144;13341;730;14215;"2025-09-25 11:25:29"
5292;"2022-03-01";169;139;49167;938;50244;123;1965;376;2464;195;14984;1669;16848;18;283;285;586;475;66399;3268;70142;"2025-09-25 11:25:29"
5293;"2022-03-01";170;78;19022;299;19399;49;841;251;1141;82;7770;966;8818;11;110;145;266;220;27743;1661;29624;"2025-09-25 11:25:29"
5294;"2022-03-01";171;128;78980;2308;81416;119;2951;425;3495;143;12956;2361;15460;9;249;366;624;399;95136;5460;100995;"2025-09-25 11:25:29"
5295;"2022-03-01";172;194;37127;145;37466;202;1575;46;1823;148;11197;807;12152;13;141;102;256;557;50040;1100;51697;"2025-09-25 11:25:29"
5296;"2022-03-01";173;72;13303;3874;17249;51;768;227;1046;94;7647;358;8099;6;66;46;118;223;21784;4505;26512;"2025-09-25 11:25:29"
5297;"2022-03-01";174;170;116747;1819;118736;137;3327;660;4124;179;22283;1989;24451;15;365;934;1314;501;142722;5402;148625;"2025-09-25 11:25:29"
5298;"2022-03-01";175;104;12365;84298;96767;54;647;1820;2521;177;8865;450;9492;4;144;32;180;339;22021;86600;108960;"2025-09-25 11:25:29"
5299;"2022-03-01";176;183;108147;2402;110732;147;3594;688;4429;182;21019;3456;24657;16;340;818;1174;528;133100;7364;140992;"2025-09-25 11:25:29"
5300;"2022-03-01";177;68;19531;147;19746;40;828;92;960;92;7952;501;8545;6;79;42;127;206;28390;782;29378;"2025-09-25 11:25:29"
5301;"2022-03-01";178;90;22199;1223;23512;66;1253;140;1459;115;10472;720;11307;9;162;127;298;280;34086;2210;36576;"2025-09-25 11:25:29"
5302;"2022-03-01";179;109;15455;216;15780;58;739;105;902;104;9305;202;9611;12;75;22;109;283;25574;545;26402;"2025-09-25 11:25:29"
5303;"2022-03-01";180;80;18235;258;18573;48;805;75;928;79;7892;837;8808;3;105;88;196;210;27037;1258;28505;"2025-09-25 11:25:29"
5304;"2022-03-01";181;82;12669;85;12836;71;617;51;739;97;6970;290;7357;7;48;27;82;257;20304;453;21014;"2025-09-25 11:25:29"
5305;"2022-03-01";182;71;10505;92;10668;48;573;54;675;72;6111;127;6310;8;46;19;73;199;17235;292;17726;"2025-09-25 11:25:29"
5306;"2022-03-01";183;62;11464;32350;43876;54;558;540;1152;84;6300;182;6566;9;68;20;97;209;18390;33092;51691;"2025-09-25 11:25:29"
5307;"2022-03-01";184;107;23382;38994;62483;77;1664;641;2382;126;14865;240;15231;10;106;30;146;320;40017;39905;80242;"2025-09-25 11:25:29"
5308;"2022-03-01";185;87;24495;408;24990;48;1019;1010;2077;86;8004;506;8596;6;101;146;253;227;33619;2070;35916;"2025-09-25 11:25:29"
5310;"2022-03-01";187;118;114836;1013;115967;80;3258;390;3728;116;21939;2623;24678;13;294;383;690;327;140327;4409;145063;"2025-09-25 11:25:29"
5311;"2022-03-01";188;208;113581;1686;115475;149;4010;554;4713;221;25288;1970;27479;12;430;379;821;590;143309;4589;148488;"2025-09-25 11:25:29"
5312;"2022-03-01";189;61;13473;37;13571;34;684;52;770;66;6312;618;6996;11;70;38;119;172;20539;745;21456;"2025-09-25 11:25:29"
5313;"2022-03-01";190;191;183725;2494;186410;110;5545;797;6452;225;25462;3512;29199;15;477;449;941;541;215209;7252;223002;"2025-09-25 11:25:29"
5314;"2022-03-01";44;44;9579;35;9658;38;416;18;472;41;5267;198;5506;0;50;62;112;123;15312;313;15748;"2025-09-25 11:25:29"
5315;"2022-03-01";192;145;56210;652;57007;84;2176;252;2512;155;17431;979;18565;11;172;132;315;395;75989;2015;78399;"2025-09-25 11:25:29"
5316;"2022-03-01";193;87;26641;428;27156;61;1286;119;1466;123;9989;258;10370;8;120;73;201;279;38036;878;39193;"2025-09-25 11:25:29"
5317;"2022-03-01";194;88;10887;65;11040;43;460;40;543;71;6883;86;7040;2;59;14;75;204;18289;205;18698;"2025-09-25 11:25:29"
5318;"2022-03-01";195;118;35123;433;35674;91;1717;258;2066;166;16784;1032;17982;12;151;160;323;387;53775;1883;56045;"2025-09-25 11:25:29"
5319;"2022-03-01";196;65;19338;149;19552;46;846;36;928;83;11001;970;12054;5;114;144;263;199;31299;1299;32797;"2025-09-25 11:25:29"
5320;"2022-03-01";197;210;61670;1015;62895;233;2262;289;2784;263;19079;1236;20578;45;248;227;520;751;83259;2767;86777;"2025-09-25 11:25:29"
5321;"2022-03-01";198;79;12439;119;12637;52;640;48;740;112;6025;106;6243;8;54;23;85;251;19158;296;19705;"2025-09-25 11:25:29"
5322;"2022-03-01";199;54;5820;34;5908;33;287;27;347;56;3761;60;3877;1;29;24;54;144;9897;145;10186;"2025-09-25 11:25:29"
5323;"2022-03-01";200;125;39725;505;40355;76;1719;152;1947;139;14461;733;15333;32;189;136;357;372;56094;1526;57992;"2025-09-25 11:25:29"
5324;"2022-03-01";201;113;42932;463;43508;83;1808;253;2144;125;15787;1538;17450;10;188;338;536;331;60715;2592;63638;"2025-09-25 11:25:29"
5325;"2022-03-01";202;99;21637;184;21920;59;756;76;891;102;8286;193;8581;19;91;39;149;279;30770;492;31541;"2025-09-25 11:25:29"
5326;"2022-03-01";203;69;3790;378;4237;18;246;192;456;65;1321;29;1415;6;22;2;30;158;5379;601;6138;"2025-09-25 11:25:29"
5327;"2022-03-01";204;122;19194;139;19455;64;674;81;819;120;6477;109;6706;7;102;30;139;313;26447;359;27119;"2025-09-25 11:25:29"
5328;"2022-03-01";205;73;18538;89;18700;88;916;77;1081;143;11891;821;12855;10;85;100;195;314;31430;1087;32831;"2025-09-25 11:25:29"
5329;"2022-03-01";206;80;16955;145;17180;41;666;48;755;85;7739;624;8448;9;79;132;220;215;25439;949;26603;"2025-09-25 11:25:29"
5330;"2022-03-01";207;58;9599;41;9698;61;453;44;558;72;5918;109;6099;3;57;15;75;194;16027;209;16430;"2025-09-25 11:25:29"
5331;"2022-03-01";208;120;54743;301;55164;67;1963;407;2437;107;12541;1474;14122;8;173;255;436;302;69420;2437;72159;"2025-09-25 11:25:29"
5332;"2022-03-01";209;136;102419;1344;103899;92;3203;800;4095;198;17486;4464;22148;9;339;1762;2110;435;123447;8370;132252;"2025-09-25 11:25:29"
5333;"2022-03-01";210;145;120973;2022;123140;83;3255;295;3633;91;17830;956;18877;17;331;287;635;336;142389;3560;146285;"2025-09-25 11:25:29"
5335;"2022-03-01";212;120;91610;1020;92750;97;3141;495;3733;136;11788;422;12346;11;246;159;416;364;106785;2096;109245;"2025-09-25 11:25:29"
5336;"2022-03-01";213;92;22868;189;23149;64;904;167;1135;101;9126;239;9466;12;63;166;241;269;32961;761;33991;"2025-09-25 11:25:29"
5338;"2022-03-01";215;241;231127;2342;233710;170;6924;573;7667;216;40282;4057;44555;27;584;562;1173;654;278917;7534;287105;"2025-09-25 11:25:29"
5339;"2022-03-01";216;93;13546;159;13798;54;597;113;764;117;6126;142;6385;6;53;31;90;270;20322;445;21037;"2025-09-25 11:25:29"
5340;"2022-03-01";217;114;41488;490;42092;92;1501;187;1780;103;13559;2636;16298;11;146;636;793;320;56694;3949;60963;"2025-09-25 11:25:29"
5341;"2022-03-01";218;101;44878;682;45661;73;1608;250;1931;130;10465;506;11101;11;130;113;254;315;57081;1551;58947;"2025-09-25 11:25:29"
5342;"2022-03-01";219;89;12783;108;12980;59;528;54;641;87;7006;475;7568;7;129;137;273;242;20446;774;21462;"2025-09-25 11:25:29"
5343;"2022-03-01";220;163;142756;1183;144102;102;4531;826;5459;141;22040;6909;29090;15;494;1632;2141;421;169821;10550;180792;"2025-09-25 11:25:29"
5344;"2022-03-01";221;60;9902;67;10029;51;427;42;520;87;4558;555;5200;6;41;99;146;204;14928;763;15895;"2025-09-25 11:25:29"
5345;"2022-03-01";222;208;137641;2681;140530;174;3655;1022;4851;233;26519;2326;29078;22;394;416;832;637;168209;6445;175291;"2025-09-25 11:25:29"
5346;"2022-03-01";223;70;24538;184;24792;66;1101;107;1274;83;10089;398;10570;8;118;64;190;227;35846;753;36826;"2025-09-25 11:25:29"
5347;"2022-03-01";224;117;81990;1248;83355;63;2098;500;2661;138;10565;957;11660;10;105;152;267;328;94758;2857;97943;"2025-09-25 11:25:29"
5348;"2022-03-01";225;79;84677;3122;87878;36;2052;459;2547;61;10917;1616;12594;3;156;234;393;179;97802;5431;103412;"2025-09-25 11:25:29"
5349;"2022-03-01";226;251;139419;49515;189185;222;2338;1141;3701;144;10325;954;11423;11;154;182;347;628;152236;51792;204656;"2025-09-25 11:25:29"
5350;"2022-03-01";227;169;97835;1592;99596;163;2505;251;2919;119;16626;1318;18063;8;224;329;561;459;117190;3490;121139;"2025-09-25 11:25:29"
5351;"2022-03-01";228;85;84347;743;85175;37;2158;168;2363;85;7679;838;8602;8;208;239;455;215;94392;1988;96595;"2025-09-25 11:25:29"
5352;"2022-03-01";229;103;41893;753;42749;84;1866;249;2199;123;8771;313;9207;8;117;70;195;318;52647;1385;54350;"2025-09-25 11:25:29"
5353;"2022-03-01";230;60;15830;99;15989;62;583;39;684;97;7656;167;7920;5;49;78;132;224;24118;383;24725;"2025-09-25 11:25:29"
5354;"2022-03-01";231;74;32034;23239;55347;55;1157;330;1542;65;10131;523;10719;6;213;214;433;200;43535;24306;68041;"2025-09-25 11:25:29"
5355;"2022-03-01";232;49;12741;172;12962;54;527;85;666;108;6384;150;6642;8;68;19;95;219;19720;426;20365;"2025-09-25 11:25:29"
5356;"2022-03-01";233;84;15040;100;15224;57;641;71;769;130;7959;391;8480;9;57;56;122;280;23697;618;24595;"2025-09-25 11:25:29"
5358;"2022-03-01";235;267;75235;1150;76652;143;3181;150;3474;333;27455;591;28379;38;227;129;394;781;106098;2020;108899;"2025-09-25 11:25:29"
5359;"2022-03-01";236;557;233718;252714;486989;338;7663;6627;14628;680;52716;3276;56672;37;818;525;1380;1612;294915;263142;559669;"2025-09-25 11:25:29"
5361;"2022-04-01";1;153;205334;19073;224560;53;4260;622;4935;175;13749;1620;15544;15;283;150;448;396;223626;21465;245487;"2025-09-25 11:25:36"
5362;"2022-04-01";2;101;126912;5092;132105;41;3679;707;4427;153;12395;2472;15020;7;170;230;407;302;143156;8501;151959;"2025-09-25 11:25:36"
5363;"2022-04-01";3;103;60734;2107;62944;63;2493;718;3274;130;7275;1284;8689;14;98;103;215;310;70600;4212;75122;"2025-09-25 11:25:36"
5364;"2022-04-01";4;111;65066;1711;66888;80;1827;167;2074;117;15559;2097;17773;9;315;492;816;317;82767;4467;87551;"2025-09-25 11:25:36"
5365;"2022-04-01";5;95;99118;3101;102314;51;3512;311;3874;150;9502;2100;11752;11;147;175;333;307;112279;5687;118273;"2025-09-25 11:25:36"
5366;"2022-04-01";6;87;80207;3342;83636;44;2461;380;2885;162;10365;1717;12244;10;90;250;350;303;93123;5689;99115;"2025-09-25 11:25:36"
5367;"2022-04-01";7;98;113168;10099;123365;57;4649;587;5293;123;14099;2721;16943;6;274;157;437;284;132190;13564;146038;"2025-09-25 11:25:36"
5368;"2022-04-01";8;51;70006;3405;73462;27;3079;477;3583;74;10810;2308;13192;11;138;115;264;163;84033;6305;90501;"2025-09-25 11:25:36"
5369;"2022-04-01";9;86;128853;5598;134537;53;3857;848;4758;168;10289;2155;12612;10;188;270;468;317;143187;8871;152375;"2025-09-25 11:25:36"
5370;"2022-04-01";10;92;76631;4667;81390;50;2729;575;3354;129;8402;2019;10550;12;136;166;314;283;87898;7427;95608;"2025-09-25 11:25:36"
5371;"2022-04-01";11;109;80365;2492;82966;55;2967;126;3148;139;9893;2218;12250;11;128;100;239;314;93353;4936;98603;"2025-09-25 11:25:36"
5372;"2022-04-01";12;109;93713;1193;95015;49;2594;140;2783;130;6895;1231;8256;16;118;229;363;304;103320;2793;106417;"2025-09-25 11:25:36"
5373;"2022-04-01";13;100;100976;4357;105433;55;2885;618;3558;158;9566;2150;11874;19;208;158;385;332;113635;7283;121250;"2025-09-25 11:25:36"
5374;"2022-04-01";14;190;75049;3064;78303;98;2281;404;2783;134;6005;1883;8022;10;104;320;434;432;83439;5671;89542;"2025-09-25 11:25:36"
5375;"2022-04-01";15;207;150865;5040;156112;127;3281;714;4122;174;10779;4882;15835;12;252;161;425;520;165177;10797;176494;"2025-09-25 11:25:36"
5376;"2022-04-01";16;123;82721;8972;91816;47;2159;860;3066;178;8617;2062;10857;18;157;107;282;366;93654;12001;106021;"2025-09-25 11:25:36"
5377;"2022-04-01";17;95;104554;2137;106786;47;3228;1127;4402;149;8875;1742;10766;9;143;110;262;300;116800;5116;122216;"2025-09-25 11:25:36"
5378;"2022-04-01";18;124;204876;6839;211839;98;4558;1648;6304;157;25013;5271;30441;13;312;347;672;392;234759;14105;249256;"2025-09-25 11:25:36"
5379;"2022-04-01";19;119;127225;4425;131769;56;3492;756;4304;135;11635;2816;14586;8;241;434;683;318;142593;8431;151342;"2025-09-25 11:25:36"
5380;"2022-04-01";20;136;117031;3642;120809;58;4192;168;4418;175;14522;4366;19063;14;561;625;1200;383;136306;8801;145490;"2025-09-25 11:25:36"
5381;"2022-04-01";21;133;65330;989;66452;55;2044;59;2158;137;5253;1092;6482;9;96;37;142;334;72723;2177;75234;"2025-09-25 11:25:36"
5382;"2022-04-01";22;98;112394;4126;116618;44;3574;751;4369;139;10356;1956;12451;16;136;201;353;297;126460;7034;133791;"2025-09-25 11:25:36"
5383;"2022-04-01";23;1739;38886;1270;41895;1683;1622;256;3561;364;3798;897;5059;100;71;70;241;3886;44377;2493;50756;"2025-09-25 11:25:36"
5384;"2022-04-01";63;117;87795;1161;89073;104;2051;304;2459;93;10183;820;11096;6;156;265;427;320;100185;2550;103055;"2025-09-25 11:25:36"
5385;"2022-04-01";25;78;89793;5730;95601;34;3555;544;4133;118;11919;2810;14847;16;166;336;518;246;105433;9420;115099;"2025-09-25 11:25:36"
5386;"2022-04-01";146;826;310301;256184;567311;479;10838;6764;18081;1005;80516;3905;85426;75;1067;656;1798;2385;402722;267509;672616;"2025-09-25 11:25:36"
5388;"2022-04-01";28;97;67162;2687;69946;63;2319;790;3172;101;9932;3179;13212;13;150;671;834;274;79563;7327;87164;"2025-09-25 11:25:36"
5389;"2022-04-01";29;73;68316;818;69207;58;2222;546;2826;115;10591;1113;11819;10;180;200;390;256;81309;2677;84242;"2025-09-25 11:25:36"
5390;"2022-04-01";77;279;134434;3245;137958;199;2903;516;3618;220;16157;3152;19529;17;294;591;902;715;153788;7504;162007;"2025-09-25 11:25:36"
5391;"2022-04-01";57;67;55891;669;56627;42;1333;142;1517;75;4522;294;4891;5;116;49;170;189;61862;1154;63205;"2025-09-25 11:25:36"
5392;"2022-04-01";32;75;83434;1568;85077;30;2173;336;2539;63;10289;1465;11817;1;154;247;402;169;96050;3616;99835;"2025-09-25 11:25:36"
5393;"2022-04-01";33;125;106171;18040;124336;64;3045;496;3605;168;13135;2218;15521;11;162;510;683;368;122513;21264;144145;"2025-09-25 11:25:36"
5394;"2022-04-01";79;84;105153;1405;106642;44;2268;277;2589;87;10609;1449;12145;8;195;329;532;223;118225;3460;121908;"2025-09-25 11:25:36"
5395;"2022-04-01";35;88;65835;2719;68642;70;2325;308;2703;113;14655;2272;17040;12;192;313;517;283;83007;5612;88902;"2025-09-25 11:25:36"
5396;"2022-04-01";36;98;91579;3724;95401;52;2961;340;3353;104;13206;1968;15278;9;173;282;464;263;107919;6314;114496;"2025-09-25 11:25:36"
5397;"2022-04-01";60;266;183749;5705;189720;310;4722;274;5306;199;18827;2160;21186;29;379;478;886;804;207677;8617;217098;"2025-09-25 11:25:36"
5398;"2022-04-01";38;47;58603;41836;100486;26;1537;916;2479;78;5848;1176;7102;9;120;362;491;160;66108;44290;110558;"2025-09-25 11:25:36"
5399;"2022-04-01";39;280;84180;9489;93949;470;1805;565;2840;180;8228;2232;10640;28;159;710;897;958;94372;12996;108326;"2025-09-25 11:25:36"
5400;"2022-04-01";40;81;25985;1318;27384;49;1050;298;1397;83;4146;349;4578;9;44;52;105;222;31225;2017;33464;"2025-09-25 11:25:36"
5402;"2022-04-01";42;126;149068;14094;163288;61;3485;293;3839;126;13266;2110;15502;9;254;516;779;322;166073;17013;183408;"2025-09-25 11:25:36"
5405;"2022-04-01";46;190;237130;8023;245343;109;5187;725;6021;180;29642;5368;35190;12;432;567;1011;491;272391;14683;287565;"2025-09-25 11:25:36"
5406;"2022-04-01";47;108;114395;1678;116181;116;3135;501;3752;287;19297;2710;22294;56;313;280;649;567;137140;5169;142876;"2025-09-25 11:25:36"
5410;"2022-04-01";51;167;190039;2616;192822;195;3313;644;4152;209;16687;1305;18201;14;333;149;496;585;210372;4714;215671;"2025-09-25 11:25:36"
5413;"2022-04-01";54;125;25954;10240;36319;60;1204;972;2236;155;9626;759;10540;9;98;88;195;349;36882;12059;49290;"2025-09-25 11:25:36"
5414;"2022-04-01";55;110;95479;174333;269922;61;3662;2662;6385;111;21712;2648;24471;17;466;306;789;299;121319;179949;301567;"2025-09-25 11:25:36"
5415;"2022-04-01";56;304;211494;39904;251702;368;5954;1332;7654;168;29603;3417;33188;20;410;547;977;860;247461;45200;293521;"2025-09-25 11:25:36"
5417;"2022-04-01";58;184;138624;3543;142351;98;4634;122;4854;134;17218;4456;21808;17;333;876;1226;433;160809;8997;170239;"2025-09-25 11:25:36"
5418;"2022-04-01";59;142;195463;30282;225887;83;5237;1168;6488;106;23050;2916;26072;9;301;317;627;340;224051;34683;259074;"2025-09-25 11:25:36"
5420;"2022-04-01";61;169;185642;4625;190436;99;3439;681;4219;150;12141;2877;15168;10;303;400;713;428;201525;8583;210536;"2025-09-25 11:25:36"
5421;"2022-04-01";62;67;8319;98;8484;43;517;61;621;113;3700;61;3874;2;31;17;50;225;12567;237;13029;"2025-09-25 11:25:36"
5424;"2022-04-01";65;176;167336;4028;171540;138;4663;409;5210;188;26264;7664;34116;24;529;892;1445;526;198792;12993;212311;"2025-09-25 11:25:36"
5430;"2022-04-01";71;80;70870;2524;73474;44;2435;577;3056;102;13730;3920;17752;10;245;458;713;236;87280;7479;94995;"2025-09-25 11:25:36"
5433;"2022-04-01";74;126;163109;2335;165570;94;3411;316;3821;418;14903;2339;17660;20;453;299;772;658;181876;5289;187823;"2025-09-25 11:25:36"
5439;"2022-04-01";80;164;103210;1424;104798;93;2761;686;3540;160;19528;4023;23711;9;310;993;1312;426;125809;7126;133361;"2025-09-25 11:25:36"
5442;"2022-04-01";83;345;165955;912;167212;221;3648;452;4321;245;14892;1749;16886;50;519;165;734;861;185014;3278;189153;"2025-09-25 11:25:36"
5444;"2022-04-01";85;133;23864;177;24174;81;1242;152;1475;159;6414;206;6779;14;114;41;169;387;31634;576;32597;"2025-09-25 11:25:36"
5445;"2022-04-01";86;291;161681;1170;163142;163;4657;338;5158;187;19271;2381;21839;23;301;223;547;664;185910;4112;190686;"2025-09-25 11:25:36"
5446;"2022-04-01";87;104;111478;3050;114632;76;2786;898;3760;83;12876;2001;14960;10;284;155;449;273;127424;6104;133801;"2025-09-25 11:25:36"
5447;"2022-04-01";88;70;104347;2165;106582;28;2391;495;2914;31;9646;1414;11091;1;173;137;311;130;116557;4211;120898;"2025-09-25 11:25:36"
5448;"2022-04-01";89;472;26548;310;27330;117;570;27;714;120;1816;367;2303;21;45;8;74;730;28979;712;30421;"2025-09-25 11:25:36"
5449;"2022-04-01";90;122;87141;1708;88971;76;2750;454;3280;102;10638;2131;12871;9;164;157;330;309;100693;4450;105452;"2025-09-25 11:25:36"
5450;"2022-04-01";91;169;162049;860;163078;91;5439;2614;8144;121;29884;4692;34697;13;502;340;855;394;197874;8506;206774;"2025-09-25 11:25:36"
5451;"2022-04-01";92;86;59796;1068;60950;73;1844;289;2206;94;8595;1279;9968;12;138;145;295;265;70373;2781;73419;"2025-09-25 11:25:36"
5452;"2022-04-01";93;121;86669;839;87629;72;2463;163;2698;94;9329;3873;13296;8;150;270;428;295;98611;5145;104051;"2025-09-25 11:25:36"
5453;"2022-04-01";94;229;195056;2085;197370;115;5744;1499;7358;183;29781;4045;34009;8;557;734;1299;535;231138;8363;240036;"2025-09-25 11:25:36"
5454;"2022-04-01";95;331;258915;1964;261210;191;8421;1080;9692;217;43095;5445;48757;27;837;474;1338;766;311268;8963;320997;"2025-09-25 11:25:36"
5455;"2022-04-01";96;79;31949;764;32792;42;1425;65;1532;83;5471;629;6183;12;86;48;146;216;38931;1506;40653;"2025-09-25 11:25:36"
5456;"2022-04-01";97;279;252809;5307;258395;202;8900;1167;10269;204;35022;5704;40930;29;472;554;1055;714;297203;12732;310649;"2025-09-25 11:25:36"
5457;"2022-04-01";101;179;177569;3733;181481;67;2803;1286;4156;113;8126;1985;10224;12;261;199;472;371;188759;7203;196333;"2025-09-25 11:25:36"
5458;"2022-04-01";102;178;67269;1000;68447;70;2334;229;2633;88;7698;1255;9041;16;146;144;306;352;77447;2628;80427;"2025-09-25 11:25:36"
5459;"2022-04-01";103;199;59340;2017;61556;52;2532;261;2845;93;9267;1576;10936;3;127;201;331;347;71266;4055;75668;"2025-09-25 11:25:36"
5460;"2022-04-01";104;131;177105;4435;181671;168;5378;1411;6957;154;20296;2895;23345;25;401;581;1007;478;203180;9322;212980;"2025-09-25 11:25:36"
5461;"2022-04-01";105;114;137563;1552;139229;80;2460;74;2614;63;6961;1495;8519;1;201;132;334;258;147185;3253;150696;"2025-09-25 11:25:36"
5462;"2022-04-01";106;192;92124;1046;93362;163;3010;647;3820;104;8492;2081;10677;14;169;103;286;473;103795;3877;108145;"2025-09-25 11:25:36"
5463;"2022-04-01";107;271;63953;1286;65510;90;2582;110;2782;108;6529;1624;8261;23;146;107;276;492;73210;3127;76829;"2025-09-25 11:25:36"
5464;"2022-04-01";108;179;211707;1787;213673;112;6991;461;7564;153;36640;5774;42567;21;505;404;930;465;255843;8426;264734;"2025-09-25 11:25:36"
5465;"2022-04-01";109;174;131782;2351;134307;157;5548;1153;6858;206;22505;3718;26429;13;287;346;646;550;160122;7568;168240;"2025-09-25 11:25:36"
5466;"2022-04-01";110;84;121355;2312;123751;41;4482;653;5176;48;18903;2479;21430;3;350;378;731;176;145090;5822;151088;"2025-09-25 11:25:36"
5467;"2022-04-01";111;150;86763;742;87655;94;3346;456;3896;138;18654;3251;22043;13;795;282;1090;395;109558;4731;114684;"2025-09-25 11:25:36"
5468;"2022-04-01";112;149;108294;2318;110761;116;2489;637;3242;123;9391;3503;13017;13;214;154;381;401;120388;6612;127401;"2025-09-25 11:25:36"
5469;"2022-04-01";113;86;72353;1269;73708;33;2562;902;3497;39;9354;1654;11047;0;143;135;278;158;84412;3960;88530;"2025-09-25 11:25:36"
5470;"2022-04-01";114;155;90808;629;91592;91;3893;470;4454;142;17887;2149;20178;12;341;200;553;400;112929;3448;116777;"2025-09-25 11:25:36"
5471;"2022-04-01";115;228;48879;375;49482;100;1859;679;2638;242;11830;801;12873;9;222;86;317;579;62790;1941;65310;"2025-09-25 11:25:36"
5472;"2022-04-01";116;172;48831;408;49411;83;2161;721;2965;195;13895;5642;19732;9;247;375;631;459;65134;7146;72739;"2025-09-25 11:25:36"
5473;"2022-04-01";117;83;17045;122;17250;71;816;126;1013;147;6191;4521;10859;5;123;514;642;306;24175;5283;29764;"2025-09-25 11:25:36"
5474;"2022-04-01";118;81;96152;1158;97391;55;3091;516;3662;70;10279;2136;12485;9;240;148;397;215;109762;3958;113935;"2025-09-25 11:25:36"
5475;"2022-04-01";119;43;176284;2659;178986;33;3912;687;4632;39;11837;3324;15200;7;367;189;563;122;192400;6859;199381;"2025-09-25 11:25:36"
5476;"2022-04-01";120;20;139601;859;140480;10;2103;199;2312;23;4986;1358;6367;1;181;32;214;54;146871;2448;149373;"2025-09-25 11:25:36"
5477;"2022-04-01";121;358;110467;1596;112421;186;4223;1307;5716;249;20754;4642;25645;17;535;448;1000;810;135979;7993;144782;"2025-09-25 11:25:36"
5478;"2022-04-01";122;111;58329;446;58886;94;1505;127;1726;85;6042;2081;8208;10;107;309;426;300;65983;2963;69246;"2025-09-25 11:25:36"
5479;"2022-04-01";123;249;144849;2162;147260;260;5054;408;5722;204;17977;2684;20865;26;385;261;672;739;168265;5515;174519;"2025-09-25 11:25:36"
5480;"2022-04-01";124;194;95769;935;96898;81;3652;609;4342;125;18032;4366;22523;17;346;506;869;417;117799;6416;124632;"2025-09-25 11:25:36"
5481;"2022-04-01";125;235;192414;2435;195084;100;5982;2551;8633;178;29378;5497;35053;20;487;284;791;533;228261;10767;239561;"2025-09-25 11:25:36"
5482;"2022-04-01";126;328;261013;3438;264779;169;8397;1882;10448;247;34530;6827;41604;22;683;948;1653;766;304623;13095;318484;"2025-09-25 11:25:36"
5483;"2022-04-01";127;159;64791;5401;70351;73;3140;750;3963;146;20438;2815;23399;12;252;394;658;390;88621;9360;98371;"2025-09-25 11:25:36"
5484;"2022-04-01";128;185;116094;737;117016;83;2864;326;3273;133;15690;2156;17979;10;260;154;424;411;134908;3373;138692;"2025-09-25 11:25:36"
5485;"2022-04-01";129;384;399995;2924;403303;208;11078;2716;14002;293;59727;6965;66985;66;1303;545;1914;951;472103;13150;486204;"2025-09-25 11:25:36"
5487;"2022-04-01";238;141;89762;2369;92272;128;2856;511;3495;233;17803;1407;19443;27;313;367;707;529;110734;4654;115917;"2025-09-25 11:25:36"
5488;"2022-04-01";214;64;18725;215;19004;61;779;69;909;93;7141;207;7441;7;83;66;156;225;26728;557;27510;"2025-09-25 11:25:36"
5489;"2022-04-01";240;104;37941;648;38693;76;1368;152;1596;123;6867;463;7453;11;136;201;348;314;46312;1464;48090;"2025-09-25 11:25:36"
5490;"2022-04-01";241;111;25252;441;25804;101;924;126;1151;180;6644;169;6993;6;94;40;140;398;32914;776;34088;"2025-09-25 11:25:36"
5491;"2022-04-01";242;109;32444;880;33433;87;1206;138;1431;102;5449;283;5834;6;118;93;217;304;39217;1394;40915;"2025-09-25 11:25:36"
5492;"2022-04-01";243;50;8450;60;8560;49;339;29;417;98;3278;49;3425;6;40;11;57;203;12107;149;12459;"2025-09-25 11:25:36"
5493;"2022-04-01";244;43;11714;195;11952;33;442;27;502;106;4061;76;4243;6;66;22;94;188;16283;320;16791;"2025-09-25 11:25:36"
5494;"2022-04-01";245;124;14545;138;14807;79;719;53;851;121;6164;136;6421;6;80;45;131;330;21508;372;22210;"2025-09-25 11:25:36"
5495;"2022-04-01";246;205;150392;2660;153257;152;4811;516;5479;221;26174;2110;28505;23;470;338;831;601;181847;5624;188072;"2025-09-25 11:25:36"
5496;"2022-04-01";247;54;13727;139;13920;46;545;61;652;111;4849;87;5047;5;76;27;108;216;19197;314;19727;"2025-09-25 11:25:36"
5497;"2022-04-01";248;107;13939;206;14252;82;629;74;785;135;6154;165;6454;13;80;32;125;337;20802;477;21616;"2025-09-25 11:25:36"
5498;"2022-04-01";249;53;16619;138;16810;57;791;37;885;121;6960;138;7219;10;59;20;89;241;24429;333;25003;"2025-09-25 11:25:36"
5499;"2022-04-01";250;284;115302;2610;118196;274;3393;635;4302;269;18280;2747;21296;17;404;400;821;844;137379;6392;144615;"2025-09-25 11:25:36"
5500;"2022-04-01";251;56;15748;419;16223;55;677;159;891;103;3347;132;3582;7;87;41;135;221;19859;751;20831;"2025-09-25 11:25:36"
5501;"2022-04-01";252;94;16779;265;17138;81;814;70;965;113;8453;139;8705;13;70;33;116;301;26116;507;26924;"2025-09-25 11:25:36"
5502;"2022-04-01";253;120;26650;237;27007;101;1353;299;1753;174;11485;433;12092;20;115;80;215;415;39603;1049;41067;"2025-09-25 11:25:36"
5503;"2022-04-01";254;58;9613;65;9736;62;350;46;458;102;3278;54;3434;11;52;18;81;233;13293;183;13709;"2025-09-25 11:25:36"
5504;"2022-04-01";255;75;18281;382;18738;59;920;59;1038;115;8195;246;8556;9;81;53;143;258;27477;740;28475;"2025-09-25 11:25:36"
5506;"2022-04-01";131;72;14757;82;14911;54;818;47;919;80;7797;264;8141;10;63;26;99;216;23435;419;24070;"2025-09-25 11:25:36"
5507;"2022-04-01";132;68;10423;116;10607;44;492;69;605;114;4817;368;5299;4;55;220;279;230;15787;773;16790;"2025-09-25 11:25:36"
5508;"2022-04-01";133;68;11538;136;11742;54;651;89;794;98;6098;682;6878;12;61;72;145;232;18348;979;19559;"2025-09-25 11:25:36"
5509;"2022-04-01";134;78;16544;126;16748;54;744;91;889;112;7965;166;8243;9;62;30;101;253;25315;413;25981;"2025-09-25 11:25:36"
5510;"2022-04-01";135;71;19251;342;19664;55;867;97;1019;77;7757;641;8475;8;69;80;157;211;27944;1160;29315;"2025-09-25 11:25:36"
5511;"2022-04-01";136;76;44219;292;44587;63;2256;211;2530;109;13321;1356;14786;11;162;148;321;259;59958;2007;62224;"2025-09-25 11:25:36"
5512;"2022-04-01";137;104;52579;734;53417;75;1881;178;2134;152;13384;1693;15229;6;241;850;1097;337;68085;3455;71877;"2025-09-25 11:25:36"
5513;"2022-04-01";138;33;16046;134;16213;24;618;33;675;30;3156;566;3752;5;60;45;110;92;19880;778;20750;"2025-09-25 11:25:36"
5514;"2022-04-01";139;69;41246;238;41553;61;1596;84;1741;78;8871;994;9943;8;132;79;219;216;51845;1395;53456;"2025-09-25 11:25:36"
5515;"2022-04-01";140;1;8;0;9;0;3;0;3;0;8;0;8;0;0;0;0;1;19;0;20;"2025-09-25 11:25:36"
5516;"2022-04-01";141;206;80639;1052;81897;112;2368;334;2814;170;11778;1003;12951;13;250;245;508;501;95035;2634;98170;"2025-09-25 11:25:36"
5517;"2022-04-01";142;64;88387;1446;89897;106;2244;917;3267;63;11010;1760;12833;4;252;214;470;237;101893;4337;106467;"2025-09-25 11:25:36"
5518;"2022-04-01";143;137;88563;1954;90654;101;2682;454;3237;118;13831;1989;15938;9;310;205;524;365;105386;4602;110353;"2025-09-25 11:25:36"
5519;"2022-04-01";144;130;114509;4700;119339;86;3204;701;3991;130;15140;2033;17303;14;402;294;710;360;133255;7728;141343;"2025-09-25 11:25:36"
5520;"2022-04-01";145;212;89258;5109;94579;145;3109;411;3665;241;19537;1772;21550;27;356;292;675;625;112260;7584;120469;"2025-09-25 11:25:36"
5522;"2022-04-01";147;60;20450;62;20572;31;640;109;780;58;1910;363;2331;9;63;29;101;158;23063;563;23784;"2025-09-25 11:25:36"
5523;"2022-04-01";148;216;40476;1539;42231;123;1702;346;2171;222;12418;637;13277;23;159;112;294;584;54755;2634;57973;"2025-09-25 11:25:36"
5524;"2022-04-01";149;65;19262;1083;20410;44;1072;269;1385;89;8346;593;9028;7;82;60;149;205;28762;2005;30972;"2025-09-25 11:25:36"
5525;"2022-04-01";150;138;44117;883;45138;90;2200;376;2666;151;15068;1089;16308;28;149;79;256;407;61534;2427;64368;"2025-09-25 11:25:36"
5526;"2022-04-01";151;144;77280;648;78072;76;2586;344;3006;171;18012;2279;20462;13;333;787;1133;404;98211;4058;102673;"2025-09-25 11:25:36"
5527;"2022-04-01";152;128;38850;510;39488;77;1500;175;1752;180;12516;545;13241;30;145;148;323;415;53011;1378;54804;"2025-09-25 11:25:36"
5528;"2022-04-01";153;93;22223;384;22700;64;1203;346;1613;132;10995;376;11503;11;88;57;156;300;34509;1163;35972;"2025-09-25 11:25:36"
5529;"2022-04-01";154;156;76587;878;77621;88;2712;515;3315;157;18168;1819;20144;19;285;416;720;420;97752;3628;101800;"2025-09-25 11:25:36"
5530;"2022-04-01";155;80;18931;145;19156;40;781;115;936;107;7442;486;8035;9;77;75;161;236;27231;821;28288;"2025-09-25 11:25:36"
5531;"2022-04-01";156;176;150097;2775;153048;139;5069;553;5761;179;22727;3446;26352;40;494;370;904;534;178387;7144;186065;"2025-09-25 11:25:36"
5532;"2022-04-01";157;122;30835;295;31252;117;1434;303;1854;177;11348;696;12221;14;154;101;269;430;43771;1395;45596;"2025-09-25 11:25:36"
5533;"2022-04-01";158;97;110560;1694;112351;73;4059;611;4743;111;18753;2615;21479;10;358;373;741;291;133730;5293;139314;"2025-09-25 11:25:36"
5534;"2022-04-01";159;167;174956;2188;177311;142;4953;889;5984;208;20338;2278;22824;19;461;285;765;536;200708;5640;206884;"2025-09-25 11:25:36"
5535;"2022-04-01";160;69;10815;71;10955;51;505;67;623;120;5758;581;6459;12;59;82;153;252;17137;801;18190;"2025-09-25 11:25:36"
5536;"2022-04-01";161;74;23403;193;23670;44;1054;82;1180;175;10159;243;10577;17;114;39;170;310;34730;557;35597;"2025-09-25 11:25:36"
5537;"2022-04-01";162;156;40034;330;40520;91;1508;220;1819;143;12021;744;12908;24;178;103;305;414;53741;1397;55552;"2025-09-25 11:25:36"
5539;"2022-04-01";257;104;19094;184;19382;65;1356;89;1510;129;10334;264;10727;8;91;44;143;306;30875;581;31762;"2025-09-25 11:25:36"
5540;"2022-04-01";258;204;110556;2154;112914;125;3450;541;4116;207;18686;3093;21986;20;332;653;1005;556;133024;6441;140021;"2025-09-25 11:25:36"
5541;"2022-04-01";259;109;31245;747;32101;66;1545;173;1784;109;13075;1053;14237;7;216;115;338;291;46081;2088;48460;"2025-09-25 11:25:36"
5542;"2022-04-01";260;139;27798;2533;30470;94;1261;218;1573;166;12360;448;12974;16;136;65;217;415;41555;3264;45234;"2025-09-25 11:25:36"
5543;"2022-04-01";261;65;8387;58;8510;38;460;55;553;87;4262;248;4597;4;40;37;81;194;13149;398;13741;"2025-09-25 11:25:36"
5544;"2022-04-01";262;80;18227;192;18499;60;900;126;1086;111;8465;259;8835;10;90;46;146;261;27682;623;28566;"2025-09-25 11:25:36"
5545;"2022-04-01";263;63;9374;60;9497;59;426;23;508;97;4987;55;5139;7;37;14;58;226;14824;152;15202;"2025-09-25 11:25:36"
5546;"2022-04-01";264;107;39034;272;39413;108;1641;450;2199;182;11765;2227;14174;23;175;182;380;420;52615;3131;56166;"2025-09-25 11:25:36"
5547;"2022-04-01";265;174;109193;1939;111306;132;4336;488;4956;209;23913;3094;27216;15;305;413;733;530;137747;5934;144211;"2025-09-25 11:25:36"
5548;"2022-04-01";266;66;9278;58;9402;45;440;64;549;101;4738;278;5117;3;49;27;79;215;14505;427;15147;"2025-09-25 11:25:36"
5549;"2022-04-01";267;69;7623;32;7724;44;367;20;431;123;4351;111;4585;7;39;17;63;243;12380;180;12803;"2025-09-25 11:25:36"
5550;"2022-04-01";268;139;151831;3239;155209;100;3823;912;4835;89;19013;2395;21497;9;417;380;806;337;175084;6926;182347;"2025-09-25 11:25:36"
5551;"2022-04-01";269;292;133123;1971;135386;239;3541;581;4361;228;16053;1390;17671;25;243;241;509;784;152960;4183;157927;"2025-09-25 11:25:36"
5552;"2022-04-01";270;115;38794;2477;41386;103;1703;198;2004;134;14695;849;15678;6;199;117;322;358;55391;3641;59390;"2025-09-25 11:25:36"
5553;"2022-04-01";271;96;9035;42;9173;52;449;88;589;104;4870;96;5070;10;45;9;64;262;14399;235;14896;"2025-09-25 11:25:36"
5555;"2022-04-01";164;69;11709;168;11946;60;571;103;734;91;6334;744;7169;10;69;41;120;230;18683;1056;19969;"2025-09-25 11:25:36"
5556;"2022-04-01";165;91;19498;191;19780;80;1123;105;1308;136;12210;271;12617;6;83;33;122;313;32914;600;33827;"2025-09-25 11:25:36"
5557;"2022-04-01";166;60;9820;149;10029;35;440;68;543;64;4827;434;5325;0;49;62;111;159;15136;713;16008;"2025-09-25 11:25:36"
5558;"2022-04-01";167;87;69936;650;70673;74;2305;279;2658;80;13733;3485;17298;14;433;1635;2082;255;86407;6049;92711;"2025-09-25 11:25:36"
5559;"2022-04-01";168;48;8914;439;9401;34;448;59;541;58;3932;213;4203;1;42;22;65;141;13336;733;14210;"2025-09-25 11:25:36"
5560;"2022-04-01";169;139;49274;819;50232;120;1952;375;2447;192;14998;1668;16858;19;287;288;594;470;66511;3150;70131;"2025-09-25 11:25:36"
5561;"2022-04-01";170;78;19064;328;19470;49;829;247;1125;82;7750;963;8795;12;109;144;265;221;27752;1682;29655;"2025-09-25 11:25:36"
5562;"2022-04-01";171;129;79061;2320;81510;119;2928;430;3477;144;12972;2371;15487;9;252;366;627;401;95213;5487;101101;"2025-09-25 11:25:36"
5563;"2022-04-01";172;195;37226;142;37563;198;1579;46;1823;147;11245;812;12204;13;144;102;259;553;50194;1102;51849;"2025-09-25 11:25:36"
5564;"2022-04-01";173;72;13315;3351;16738;50;760;216;1026;94;7627;356;8077;8;65;46;119;224;21767;3969;25960;"2025-09-25 11:25:36"
5565;"2022-04-01";174;170;117040;1828;119038;136;3280;657;4073;178;22185;1988;24351;15;367;931;1313;499;142872;5404;148775;"2025-09-25 11:25:36"
5566;"2022-04-01";175;104;12385;86197;98686;54;636;1853;2543;177;8819;448;9444;4;142;34;180;339;21982;88532;110853;"2025-09-25 11:25:36"
5567;"2022-04-01";176;183;108202;2412;110797;145;3561;688;4394;181;21013;3446;24640;17;343;825;1185;526;133119;7371;141016;"2025-09-25 11:25:36"
5568;"2022-04-01";177;68;19575;147;19790;40;820;91;951;92;7898;493;8483;6;84;42;132;206;28377;773;29356;"2025-09-25 11:25:36"
5569;"2022-04-01";178;89;22415;1098;23602;65;1265;138;1468;117;10556;721;11394;9;160;127;296;280;34396;2084;36760;"2025-09-25 11:25:36"
5570;"2022-04-01";179;110;15511;219;15840;57;742;105;904;103;9344;202;9649;12;82;22;116;282;25679;548;26509;"2025-09-25 11:25:36"
5571;"2022-04-01";180;80;18274;257;18611;44;793;75;912;80;7913;825;8818;3;106;87;196;207;27086;1244;28537;"2025-09-25 11:25:36"
5572;"2022-04-01";181;85;12693;83;12861;70;607;50;727;97;6946;292;7335;7;49;27;83;259;20295;452;21006;"2025-09-25 11:25:36"
5573;"2022-04-01";182;71;10508;92;10671;48;575;54;677;73;6083;128;6284;8;47;19;74;200;17213;293;17706;"2025-09-25 11:25:36"
5574;"2022-04-01";183;63;11457;31458;42978;54;552;529;1135;85;6289;184;6558;9;67;19;95;211;18365;32190;50766;"2025-09-25 11:25:36"
5575;"2022-04-01";184;107;23370;42742;66219;77;1640;744;2461;126;14820;241;15187;10;106;31;147;320;39936;43758;84014;"2025-09-25 11:25:36"
5576;"2022-04-01";185;87;24525;459;25071;48;1012;1008;2068;86;7995;509;8590;6;100;146;252;227;33632;2122;35981;"2025-09-25 11:25:36"
5578;"2022-04-01";187;118;114881;1010;116009;80;3244;391;3715;115;21933;2629;24677;13;290;385;688;326;140348;4415;145089;"2025-09-25 11:25:36"
5579;"2022-04-01";188;207;113927;1698;115832;148;4015;553;4716;221;25382;1973;27576;12;439;380;831;588;143763;4604;148955;"2025-09-25 11:25:36"
5580;"2022-04-01";189;61;13499;37;13597;34;683;52;769;66;6310;619;6995;11;72;38;121;172;20564;746;21482;"2025-09-25 11:25:36"
5581;"2022-04-01";190;191;184096;2483;186770;108;5519;800;6427;224;25473;3512;29209;15;485;448;948;538;215573;7243;223354;"2025-09-25 11:25:36"
5582;"2022-04-01";44;44;9649;35;9728;39;409;18;466;41;5269;194;5504;0;51;62;113;124;15378;309;15811;"2025-09-25 11:25:36"
5583;"2022-04-01";192;145;56312;650;57107;82;2173;252;2507;153;17443;989;18585;11;177;132;320;391;76105;2023;78519;"2025-09-25 11:25:36"
5584;"2022-04-01";193;87;26738;429;27254;60;1273;118;1451;123;9962;258;10343;8;120;74;202;278;38093;879;39250;"2025-09-25 11:25:36"
5585;"2022-04-01";194;87;10878;65;11030;40;453;40;533;67;6865;86;7018;1;54;14;69;195;18250;205;18650;"2025-09-25 11:25:36"
5586;"2022-04-01";195;118;35213;428;35759;91;1708;258;2057;166;16861;1035;18062;12;154;158;324;387;53936;1879;56202;"2025-09-25 11:25:36"
5587;"2022-04-01";196;65;19334;149;19548;46;837;36;919;82;10959;975;12016;5;113;147;265;198;31243;1307;32748;"2025-09-25 11:25:36"
5588;"2022-04-01";197;209;61723;1015;62947;226;2245;291;2762;262;19056;1210;20528;45;255;224;524;742;83279;2740;86761;"2025-09-25 11:25:36"
5589;"2022-04-01";198;79;12419;119;12617;51;636;48;735;112;5993;107;6212;8;54;22;84;250;19102;296;19648;"2025-09-25 11:25:36"
5590;"2022-04-01";199;54;5849;34;5937;33;289;27;349;55;3756;59;3870;1;29;24;54;143;9923;144;10210;"2025-09-25 11:25:36"
5591;"2022-04-01";200;126;39754;505;40385;75;1710;151;1936;139;14418;735;15292;33;190;138;361;373;56072;1529;57974;"2025-09-25 11:25:36"
5592;"2022-04-01";201;113;42979;461;43553;83;1803;252;2138;125;15741;1536;17402;10;194;339;543;331;60717;2588;63636;"2025-09-25 11:25:36"
5593;"2022-04-01";202;97;21741;185;22023;59;752;77;888;102;8232;192;8526;19;94;38;151;277;30819;492;31588;"2025-09-25 11:25:36"
5594;"2022-04-01";203;69;3787;383;4239;18;244;191;453;65;1323;29;1417;6;21;2;29;158;5375;605;6138;"2025-09-25 11:25:36"
5595;"2022-04-01";204;122;19203;139;19464;63;679;81;823;120;6471;110;6701;7;102;31;140;312;26455;361;27128;"2025-09-25 11:25:36"
5596;"2022-04-01";205;72;18619;89;18780;87;896;77;1060;142;11828;821;12791;10;87;103;200;311;31430;1090;32831;"2025-09-25 11:25:36"
5597;"2022-04-01";206;80;16969;143;17192;41;667;49;757;85;7752;625;8462;9;77;131;217;215;25465;948;26628;"2025-09-25 11:25:36"
5598;"2022-04-01";207;58;9634;41;9733;63;449;44;556;72;5879;110;6061;3;57;15;75;196;16019;210;16425;"2025-09-25 11:25:36"
5599;"2022-04-01";208;119;54743;301;55163;66;1954;408;2428;107;12569;1468;14144;8;176;261;445;300;69442;2438;72180;"2025-09-25 11:25:36"
5600;"2022-04-01";209;136;102619;1342;104097;91;3194;800;4085;198;17540;4473;22211;9;346;1759;2114;434;123699;8374;132507;"2025-09-25 11:25:36"
5601;"2022-04-01";210;146;121075;2024;123245;83;3252;297;3632;90;17922;955;18967;17;330;289;636;336;142579;3565;146480;"2025-09-25 11:25:36"
5603;"2022-04-01";212;121;91691;1016;92828;93;3123;494;3710;136;11747;421;12304;11;247;160;418;361;106808;2091;109260;"2025-09-25 11:25:36"
5604;"2022-04-01";213;92;22840;189;23121;66;892;165;1123;102;9084;240;9426;12;63;166;241;272;32879;760;33911;"2025-09-25 11:25:36"
5606;"2022-04-01";215;238;231321;2299;233858;165;6829;572;7566;213;40213;4088;44514;27;588;560;1175;643;278951;7519;287113;"2025-09-25 11:25:36"
5607;"2022-04-01";216;93;13578;159;13830;54;587;112;753;117;6119;143;6379;6;56;31;93;270;20340;445;21055;"2025-09-25 11:25:36"
5608;"2022-04-01";217;114;41511;488;42113;92;1483;186;1761;102;13467;2635;16204;10;145;636;791;318;56606;3945;60869;"2025-09-25 11:25:36"
5609;"2022-04-01";218;101;44961;682;45744;73;1594;249;1916;131;10407;504;11042;11;137;112;260;316;57099;1547;58962;"2025-09-25 11:25:36"
5610;"2022-04-01";219;88;12804;107;12999;59;527;52;638;87;7011;481;7579;7;133;141;281;241;20475;781;21497;"2025-09-25 11:25:36"
5611;"2022-04-01";220;164;143019;1187;144370;101;4508;817;5426;141;22009;6908;29058;15;501;1632;2148;421;170037;10544;181002;"2025-09-25 11:25:36"
5612;"2022-04-01";221;61;9944;67;10072;51;432;43;526;88;4556;550;5194;6;42;98;146;206;14974;758;15938;"2025-09-25 11:25:36"
5613;"2022-04-01";222;208;137722;2709;140639;174;3626;1025;4825;233;26435;2331;28999;22;397;423;842;637;168180;6488;175305;"2025-09-25 11:25:36"
5614;"2022-04-01";223;69;24600;184;24853;66;1100;106;1272;83;10098;398;10579;8;122;61;191;226;35920;749;36895;"2025-09-25 11:25:36"
5615;"2022-04-01";224;129;81910;1237;83276;68;2102;483;2653;145;10571;948;11664;10;107;152;269;352;94690;2820;97862;"2025-09-25 11:25:36"
5616;"2022-04-01";225;67;85359;3200;88626;32;2060;458;2550;53;10995;1622;12670;3;154;234;391;155;98568;5514;104237;"2025-09-25 11:25:36"
5617;"2022-04-01";226;254;140605;49506;190365;224;2330;1138;3692;149;10346;962;11457;11;154;182;347;638;153435;51788;205861;"2025-09-25 11:25:36"
5618;"2022-04-01";227;170;97870;1580;99620;161;2491;247;2899;119;16631;1323;18073;9;232;330;571;459;117224;3480;121163;"2025-09-25 11:25:36"
5619;"2022-04-01";228;85;84476;732;85293;37;2144;180;2361;85;7719;837;8641;8;202;240;450;215;94541;1989;96745;"2025-09-25 11:25:36"
5620;"2022-04-01";229;103;41902;757;42762;84;1857;251;2192;123;8762;310;9195;9;122;70;201;319;52643;1388;54350;"2025-09-25 11:25:36"
5621;"2022-04-01";230;60;15862;100;16022;65;582;39;686;97;7651;168;7916;5;51;76;132;227;24146;383;24756;"2025-09-25 11:25:36"
5622;"2022-04-01";231;73;31924;24627;56624;56;1156;333;1545;66;10100;521;10687;6;217;215;438;201;43397;25696;69294;"2025-09-25 11:25:36"
5623;"2022-04-01";232;49;12807;168;13024;54;527;84;665;108;6381;152;6641;8;68;19;95;219;19783;423;20425;"2025-09-25 11:25:36"
5624;"2022-04-01";233;83;15043;101;15227;56;633;72;761;130;7919;392;8441;9;58;57;124;278;23653;622;24553;"2025-09-25 11:25:36"
5626;"2022-04-01";235;264;75512;1145;76921;143;3180;152;3475;332;27458;614;28404;38;223;127;388;777;106373;2038;109188;"2025-09-25 11:25:36"
5627;"2022-04-01";236;562;234789;255039;490390;336;7658;6612;14606;673;53058;3291;57022;37;844;529;1410;1608;296349;265471;563428;"2025-09-25 11:25:36"
5629;"2022-05-01";1;153;205571;19286;225010;54;4224;607;4885;175;13648;1618;15441;15;280;149;444;397;223723;21660;245780;"2025-09-25 11:25:44"
5630;"2022-05-01";2;102;127075;5088;132265;41;3665;711;4417;153;12355;2475;14983;7;169;230;406;303;143264;8504;152071;"2025-09-25 11:25:44"
5631;"2022-05-01";3;102;60699;2131;62932;63;2474;718;3255;131;7256;1272;8659;14;96;105;215;310;70525;4226;75061;"2025-09-25 11:25:44"
5632;"2022-05-01";4;111;65258;1698;67067;80;1812;167;2059;117;15559;2098;17774;9;325;491;825;317;82954;4454;87725;"2025-09-25 11:25:44"
5633;"2022-05-01";5;96;99150;3124;102370;51;3506;304;3861;149;9480;2106;11735;10;146;174;330;306;112282;5708;118296;"2025-09-25 11:25:44"
5634;"2022-05-01";6;89;80294;3388;83771;44;2461;379;2884;162;10354;1705;12221;10;91;253;354;305;93200;5725;99230;"2025-09-25 11:25:44"
5635;"2022-05-01";7;98;113156;10086;123340;57;4625;585;5267;122;14082;2732;16936;6;270;159;435;283;132133;13562;145978;"2025-09-25 11:25:44"
5636;"2022-05-01";8;52;70232;3397;73681;27;3081;477;3585;74;10837;2318;13229;10;143;115;268;163;84293;6307;90763;"2025-09-25 11:25:44"
5637;"2022-05-01";9;86;128902;5595;134583;54;3836;849;4739;171;10307;2144;12622;10;190;270;470;321;143235;8858;152414;"2025-09-25 11:25:44"
5638;"2022-05-01";10;92;76745;4690;81527;51;2709;575;3335;125;8397;2031;10553;12;139;165;316;280;87990;7461;95731;"2025-09-25 11:25:44"
5639;"2022-05-01";11;107;80472;2480;83059;56;2954;142;3152;139;9909;2223;12271;10;127;100;237;312;93462;4945;98719;"2025-09-25 11:25:44"
5640;"2022-05-01";12;108;93803;1196;95107;50;2577;139;2766;131;6874;1225;8230;16;118;229;363;305;103372;2789;106466;"2025-09-25 11:25:44"
5641;"2022-05-01";13;100;101090;4435;105625;56;2860;635;3551;158;9592;2166;11916;19;209;157;385;333;113751;7393;121477;"2025-09-25 11:25:44"
5642;"2022-05-01";14;190;75200;3093;78483;98;2275;407;2780;132;6012;1873;8017;10;107;324;441;430;83594;5697;89721;"2025-09-25 11:25:44"
5643;"2022-05-01";15;206;150804;5097;156107;127;3256;730;4113;174;10843;4868;15885;12;248;158;418;519;165151;10853;176523;"2025-09-25 11:25:44"
5644;"2022-05-01";16;123;82808;8920;91851;47;2135;868;3050;178;8619;2066;10863;18;161;105;284;366;93723;11959;106048;"2025-09-25 11:25:44"
5645;"2022-05-01";17;96;104784;2135;107015;47;3227;1127;4401;149;8848;1742;10739;9;147;111;267;301;117006;5115;122422;"2025-09-25 11:25:44"
5646;"2022-05-01";18;125;205123;6899;212147;97;4549;1646;6292;156;24813;5376;30345;13;316;349;678;391;234801;14270;249462;"2025-09-25 11:25:44"
5647;"2022-05-01";19;119;127239;4428;131786;57;3493;759;4309;134;11581;2867;14582;8;248;442;698;318;142561;8496;151375;"2025-09-25 11:25:44"
5648;"2022-05-01";20;137;117120;3640;120897;58;4173;167;4398;169;14528;4382;19079;14;562;626;1202;378;136383;8815;145576;"2025-09-25 11:25:44"
5649;"2022-05-01";21;134;65446;995;66575;55;2036;58;2149;136;5271;1083;6490;9;103;37;149;334;72856;2173;75363;"2025-09-25 11:25:44"
5650;"2022-05-01";22;99;112777;4132;117008;43;3562;751;4356;136;10358;1956;12450;15;139;201;355;293;126836;7040;134169;"2025-09-25 11:25:44"
5651;"2022-05-01";23;1686;38876;1227;41789;1687;1597;256;3540;364;3763;901;5028;105;76;71;252;3842;44312;2455;50609;"2025-09-25 11:25:44"
5652;"2022-05-01";63;119;87719;1157;88995;104;2027;308;2439;93;10173;823;11089;6;164;263;433;322;100083;2551;102956;"2025-09-25 11:25:44"
5653;"2022-05-01";25;78;89938;5762;95778;35;3548;545;4128;118;11923;2812;14853;16;168;338;522;247;105577;9457;115281;"2025-09-25 11:25:44"
5654;"2022-05-01";146;825;311362;258242;570429;481;10765;6753;17999;1001;80397;3904;85302;81;1113;657;1851;2388;403637;269556;675581;"2025-09-25 11:25:44"
5656;"2022-05-01";28;97;67225;2665;69987;63;2312;797;3172;101;9933;3186;13220;13;152;667;832;274;79622;7315;87211;"2025-09-25 11:25:44"
5657;"2022-05-01";29;74;68499;820;69393;58;2223;543;2824;115;10576;1107;11798;11;184;199;394;258;81482;2669;84409;"2025-09-25 11:25:44"
5658;"2022-05-01";77;280;134683;3258;138221;197;2896;520;3613;220;16159;3163;19542;17;299;598;914;714;154037;7539;162290;"2025-09-25 11:25:44"
5659;"2022-05-01";57;67;55917;677;56661;42;1320;143;1505;75;4545;297;4917;6;115;50;171;190;61897;1167;63254;"2025-09-25 11:25:44"
5660;"2022-05-01";32;76;83645;1574;85295;30;2160;337;2527;63;10303;1464;11830;1;157;247;405;170;96265;3622;100057;"2025-09-25 11:25:44"
5661;"2022-05-01";33;125;106393;18178;124696;64;3010;492;3566;168;13163;2228;15559;11;155;512;678;368;122721;21410;144499;"2025-09-25 11:25:44"
5662;"2022-05-01";79;86;105272;1392;106750;43;2250;273;2566;87;10582;1458;12127;8;196;332;536;224;118300;3455;121979;"2025-09-25 11:25:44"
5663;"2022-05-01";35;88;65962;2700;68750;70;2320;308;2698;113;14609;2284;17006;11;196;314;521;282;83087;5606;88975;"2025-09-25 11:25:44"
5664;"2022-05-01";36;99;91675;3680;95454;52;2942;340;3334;104;13190;1973;15267;9;174;284;467;264;107981;6277;114522;"2025-09-25 11:25:44"
5665;"2022-05-01";60;269;184016;5817;190102;310;4663;285;5258;199;18804;2172;21175;30;387;478;895;808;207870;8752;217430;"2025-09-25 11:25:44"
5666;"2022-05-01";38;49;58520;42709;101278;26;1536;917;2479;78;5828;1181;7087;10;119;361;490;163;66003;45168;111334;"2025-09-25 11:25:44"
5667;"2022-05-01";39;279;84574;9747;94600;465;1798;561;2824;179;8241;2230;10650;28;162;711;901;951;94775;13249;108975;"2025-09-25 11:25:44"
5668;"2022-05-01";40;82;26128;1307;27517;51;1044;297;1392;83;4155;351;4589;10;42;52;104;226;31369;2007;33602;"2025-09-25 11:25:44"
5670;"2022-05-01";42;127;149066;13866;163059;61;3460;292;3813;126;13260;2106;15492;9;256;500;765;323;166042;16764;183129;"2025-09-25 11:25:44"
5673;"2022-05-01";46;191;237421;8047;245659;107;5176;725;6008;181;29500;5359;35040;12;448;565;1025;491;272545;14696;287732;"2025-09-25 11:25:44"
5674;"2022-05-01";47;108;114636;1704;116448;114;3119;502;3735;290;19327;2735;22352;56;320;285;661;568;137402;5226;143196;"2025-09-25 11:25:44"
5678;"2022-05-01";51;163;190334;2669;193166;194;3307;645;4146;211;16638;1301;18150;14;339;150;503;582;210618;4765;215965;"2025-09-25 11:25:44"
5681;"2022-05-01";54;126;26052;9788;35966;59;1208;942;2209;155;9684;758;10597;9;101;87;197;349;37045;11575;48969;"2025-09-25 11:25:44"
5682;"2022-05-01";55;111;95598;174492;270201;61;3646;2616;6323;111;21851;2647;24609;17;476;308;801;300;121571;180063;301934;"2025-09-25 11:25:44"
5683;"2022-05-01";56;304;211491;39638;251433;367;5902;1336;7605;172;29638;3456;33266;20;423;554;997;863;247454;44984;293301;"2025-09-25 11:25:44"
5685;"2022-05-01";58;187;138714;3533;142434;95;4607;124;4826;130;17289;4453;21872;14;341;871;1226;426;160951;8981;170358;"2025-09-25 11:25:44"
5686;"2022-05-01";59;143;197077;31127;228347;84;5206;1173;6463;108;23066;2943;26117;9;306;313;628;344;225655;35556;261555;"2025-09-25 11:25:44"
5688;"2022-05-01";61;169;186041;4643;190853;98;3435;673;4206;150;12114;2869;15133;10;303;404;717;427;201893;8589;210909;"2025-09-25 11:25:44"
5689;"2022-05-01";62;65;8336;97;8498;42;515;62;619;113;3724;60;3897;2;34;16;52;222;12609;235;13066;"2025-09-25 11:25:44"
5692;"2022-05-01";65;173;167499;4054;171726;137;4642;445;5224;183;26260;7706;34149;24;544;893;1461;517;198945;13098;212560;"2025-09-25 11:25:44"
5698;"2022-05-01";71;81;70932;2584;73597;44;2424;554;3022;103;13828;3941;17872;10;248;456;714;238;87432;7535;95205;"2025-09-25 11:25:44"
5701;"2022-05-01";74;125;163458;2420;166003;96;3392;333;3821;422;14939;2338;17699;20;458;302;780;663;182247;5393;188303;"2025-09-25 11:25:44"
5707;"2022-05-01";80;164;103318;1425;104907;88;2742;680;3510;159;19499;4037;23695;9;311;993;1313;420;125870;7135;133425;"2025-09-25 11:25:44"
5710;"2022-05-01";83;347;166635;923;167905;219;3627;462;4308;247;14892;1756;16895;51;531;169;751;864;185685;3310;189859;"2025-09-25 11:25:44"
5712;"2022-05-01";85;133;23962;177;24272;82;1241;150;1473;160;6435;205;6800;14;117;41;172;389;31755;573;32717;"2025-09-25 11:25:44"
5713;"2022-05-01";86;287;162113;1174;163574;163;4624;338;5125;187;19247;2386;21820;23;313;222;558;660;186297;4120;191077;"2025-09-25 11:25:44"
5714;"2022-05-01";87;104;111731;3138;114973;76;2789;878;3743;81;12923;2024;15028;10;288;154;452;271;127731;6194;134196;"2025-09-25 11:25:44"
5715;"2022-05-01";88;70;104534;2178;106782;28;2389;488;2905;31;9684;1418;11133;1;182;135;318;130;116789;4219;121138;"2025-09-25 11:25:44"
5716;"2022-05-01";89;471;26642;308;27421;117;578;26;721;121;1810;362;2293;21;47;8;76;730;29077;704;30511;"2025-09-25 11:25:44"
5717;"2022-05-01";90;122;87343;1712;89177;75;2724;454;3253;99;10682;2185;12966;9;167;157;333;305;100916;4508;105729;"2025-09-25 11:25:44"
5718;"2022-05-01";91;170;162671;868;163709;92;5419;2623;8134;121;29997;4710;34828;13;506;342;861;396;198593;8543;207532;"2025-09-25 11:25:44"
5719;"2022-05-01";92;88;59898;1067;61053;73;1829;290;2192;94;8611;1286;9991;12;143;145;300;267;70481;2788;73536;"2025-09-25 11:25:44"
5720;"2022-05-01";93;122;86927;830;87879;72;2452;169;2693;93;9338;3893;13324;8;152;270;430;295;98869;5162;104326;"2025-09-25 11:25:44"
5721;"2022-05-01";94;228;195418;2127;197773;113;5721;1494;7328;184;29879;4061;34124;8;565;728;1301;533;231583;8410;240526;"2025-09-25 11:25:44"
5722;"2022-05-01";95;336;259817;1957;262110;190;8386;1081;9657;218;43123;5523;48864;28;850;477;1355;772;312176;9038;321986;"2025-09-25 11:25:44"
5723;"2022-05-01";96;79;32010;763;32852;42;1418;65;1525;83;5483;632;6198;12;87;47;146;216;38998;1507;40721;"2025-09-25 11:25:44"
5724;"2022-05-01";97;277;252987;5319;258583;201;8861;1165;10227;204;35089;5741;41034;29;478;555;1062;711;297415;12780;310906;"2025-09-25 11:25:44"
5725;"2022-05-01";101;178;177842;3741;181761;67;2798;1286;4151;112;8112;1988;10212;13;263;198;474;370;189015;7213;196598;"2025-09-25 11:25:44"
5726;"2022-05-01";102;178;67285;996;68459;70;2325;224;2619;88;7661;1260;9009;16;150;144;310;352;77421;2624;80397;"2025-09-25 11:25:44"
5727;"2022-05-01";103;199;59392;2016;61607;52;2506;262;2820;93;9262;1570;10925;3;128;196;327;347;71288;4044;75679;"2025-09-25 11:25:44"
5728;"2022-05-01";104;132;177363;4536;182031;168;5260;1449;6877;153;20486;2896;23535;25;415;584;1024;478;203524;9465;213467;"2025-09-25 11:25:44"
5729;"2022-05-01";105;113;137931;1552;139596;80;2453;74;2607;62;6957;1502;8521;2;210;133;345;257;147551;3261;151069;"2025-09-25 11:25:44"
5730;"2022-05-01";106;192;92198;1038;93428;165;3001;648;3814;104;8459;2094;10657;15;169;102;286;476;103827;3882;108185;"2025-09-25 11:25:44"
5731;"2022-05-01";107;271;64063;1387;65721;90;2589;111;2790;108;6518;1630;8256;23;146;107;276;492;73316;3235;77043;"2025-09-25 11:25:44"
5732;"2022-05-01";108;179;212478;1785;214442;112;6952;461;7525;153;36702;5784;42639;21;511;402;934;465;256643;8432;265540;"2025-09-25 11:25:44"
5733;"2022-05-01";109;189;132134;2370;134693;159;5527;1148;6834;219;22629;3717;26565;13;292;343;648;580;160582;7578;168740;"2025-09-25 11:25:44"
5734;"2022-05-01";110;71;121463;2303;123837;40;4451;654;5145;36;18882;2488;21406;3;351;377;731;150;145147;5822;151119;"2025-09-25 11:25:44"
5735;"2022-05-01";111;150;86869;744;87763;94;3333;462;3889;138;18716;3247;22101;13;803;284;1100;395;109721;4737;114853;"2025-09-25 11:25:44"
5736;"2022-05-01";112;149;108811;2313;111273;116;2471;635;3222;124;9399;3541;13064;13;218;155;386;402;120899;6644;127945;"2025-09-25 11:25:44"
5737;"2022-05-01";113;87;72346;1265;73698;33;2552;903;3488;39;9320;1606;10965;0;146;134;280;159;84364;3908;88431;"2025-09-25 11:25:44"
5738;"2022-05-01";114;154;90923;630;91707;90;3865;460;4415;142;17964;2150;20256;13;355;203;571;399;113107;3443;116949;"2025-09-25 11:25:44"
5739;"2022-05-01";115;226;49035;380;49641;100;1856;691;2647;242;11843;802;12887;9;227;86;322;577;62961;1959;65497;"2025-09-25 11:25:44"
5740;"2022-05-01";116;174;48953;405;49532;82;2170;723;2975;195;13889;5633;19717;9;244;377;630;460;65256;7138;72854;"2025-09-25 11:25:44"
5741;"2022-05-01";117;83;17115;118;17316;71;802;123;996;147;6186;4525;10858;5;121;512;638;306;24224;5278;29808;"2025-09-25 11:25:44"
5742;"2022-05-01";118;81;96571;1161;97813;55;3083;518;3656;70;10299;2137;12506;9;250;149;408;215;110203;3965;114383;"2025-09-25 11:25:44"
5743;"2022-05-01";119;42;176658;2713;179413;33;3902;673;4608;33;11823;3334;15190;7;378;186;571;115;192761;6906;199782;"2025-09-25 11:25:44"
5744;"2022-05-01";120;21;139965;844;140830;10;2088;199;2297;23;4950;1354;6327;1;188;33;222;55;147191;2430;149676;"2025-09-25 11:25:44"
5745;"2022-05-01";121;357;110763;1608;112728;183;4207;1299;5689;248;20802;4653;25703;17;536;449;1002;805;136308;8009;145122;"2025-09-25 11:25:44"
5746;"2022-05-01";122;108;58266;443;58817;94;1495;127;1716;85;6029;2083;8197;10;112;309;431;297;65902;2962;69161;"2025-09-25 11:25:44"
5747;"2022-05-01";123;249;145298;2118;147665;264;5046;416;5726;203;18036;2716;20955;26;403;262;691;742;168783;5512;175037;"2025-09-25 11:25:44"
5748;"2022-05-01";124;197;96091;935;97223;82;3637;624;4343;125;18107;4354;22586;16;354;504;874;420;118189;6417;125026;"2025-09-25 11:25:44"
5749;"2022-05-01";125;236;192926;2446;195608;103;5978;2557;8638;172;29465;5518;35155;20;502;286;808;531;228871;10807;240209;"2025-09-25 11:25:44"
5750;"2022-05-01";126;328;262075;3438;265841;169;8400;1920;10489;246;34641;6832;41719;23;697;955;1675;766;305813;13145;319724;"2025-09-25 11:25:44"
5751;"2022-05-01";127;161;64930;5210;70301;73;3123;761;3957;146;20492;2822;23460;12;263;394;669;392;88808;9187;98387;"2025-09-25 11:25:44"
5752;"2022-05-01";128;187;116276;749;117212;83;2870;327;3280;139;15688;2189;18016;10;257;155;422;419;135091;3420;138930;"2025-09-25 11:25:44"
5753;"2022-05-01";129;378;401965;2919;405262;218;11018;2667;13903;295;60014;6995;67304;66;1334;549;1949;957;474331;13130;488418;"2025-09-25 11:25:44"
5755;"2022-05-01";238;143;89921;2396;92460;127;2846;507;3480;236;17800;1396;19432;27;322;371;720;533;110889;4670;116092;"2025-09-25 11:25:44"
5756;"2022-05-01";214;64;18716;211;18991;61;772;68;901;93;7139;209;7441;7;85;68;160;225;26712;556;27493;"2025-09-25 11:25:44"
5757;"2022-05-01";240;105;38081;654;38840;76;1353;155;1584;122;6869;464;7455;12;141;201;354;315;46444;1474;48233;"2025-09-25 11:25:44"
5758;"2022-05-01";241;111;25235;441;25787;103;925;127;1155;180;6641;167;6988;6;95;40;141;400;32896;775;34071;"2025-09-25 11:25:44"
5759;"2022-05-01";242;109;32542;892;33543;87;1192;140;1419;100;5461;281;5842;6;116;93;215;302;39311;1406;41019;"2025-09-25 11:25:44"
5760;"2022-05-01";243;50;8480;61;8591;49;338;29;416;98;3274;48;3420;6;41;11;58;203;12133;149;12485;"2025-09-25 11:25:44"
5761;"2022-05-01";244;42;11735;197;11974;33;439;28;500;106;4065;76;4247;6;64;21;91;187;16303;322;16812;"2025-09-25 11:25:44"
5762;"2022-05-01";245;124;14568;139;14831;79;715;53;847;121;6139;135;6395;8;87;44;139;332;21509;371;22212;"2025-09-25 11:25:44"
5763;"2022-05-01";246;206;150727;2620;153553;152;4754;515;5421;221;26094;2121;28436;24;482;341;847;603;182057;5597;188257;"2025-09-25 11:25:44"
5764;"2022-05-01";247;54;13779;139;13972;45;537;61;643;110;4848;88;5046;5;80;27;112;214;19244;315;19773;"2025-09-25 11:25:44"
5765;"2022-05-01";248;108;13969;206;14283;82;623;74;779;135;6144;165;6444;13;83;32;128;338;20819;477;21634;"2025-09-25 11:25:44"
5766;"2022-05-01";249;54;16605;138;16797;58;772;37;867;124;6924;138;7186;10;58;21;89;246;24359;334;24939;"2025-09-25 11:25:44"
5767;"2022-05-01";250;284;115625;2607;118516;274;3381;634;4289;267;18337;2746;21350;17;415;404;836;842;137758;6391;144991;"2025-09-25 11:25:44"
5768;"2022-05-01";251;56;15768;413;16237;55;679;158;892;105;3335;133;3573;7;88;41;136;223;19870;745;20838;"2025-09-25 11:25:44"
5769;"2022-05-01";252;94;16804;269;17167;81;819;70;970;115;8437;140;8692;14;74;34;122;304;26134;513;26951;"2025-09-25 11:25:44"
5770;"2022-05-01";253;120;26666;238;27024;102;1341;293;1736;176;11478;434;12088;20;117;77;214;418;39602;1042;41062;"2025-09-25 11:25:44"
5771;"2022-05-01";254;59;9639;65;9763;62;343;46;451;102;3274;53;3429;11;54;18;83;234;13310;182;13726;"2025-09-25 11:25:44"
5772;"2022-05-01";255;75;18302;472;18849;60;911;64;1035;117;8212;244;8573;9;84;51;144;261;27509;831;28601;"2025-09-25 11:25:44"
5774;"2022-05-01";131;72;14806;83;14961;55;822;47;924;82;7797;266;8145;10;63;26;99;219;23488;422;24129;"2025-09-25 11:25:44"
5775;"2022-05-01";132;68;10447;116;10631;44;484;68;596;113;4811;367;5291;4;58;218;280;229;15800;769;16798;"2025-09-25 11:25:44"
5776;"2022-05-01";133;68;11555;134;11757;54;650;89;793;97;6108;680;6885;12;63;74;149;231;18376;977;19584;"2025-09-25 11:25:44"
5777;"2022-05-01";134;81;16554;124;16759;54;745;91;890;112;7939;168;8219;9;65;30;104;256;25303;413;25972;"2025-09-25 11:25:44"
5778;"2022-05-01";135;71;19273;338;19682;55;866;97;1018;77;7685;640;8402;8;70;81;159;211;27894;1156;29261;"2025-09-25 11:25:44"
5779;"2022-05-01";136;76;44337;293;44706;63;2251;210;2524;109;13347;1365;14821;11;165;147;323;259;60100;2015;62374;"2025-09-25 11:25:44"
5780;"2022-05-01";137;103;52633;739;53475;75;1879;178;2132;151;13438;1703;15292;6;243;854;1103;335;68193;3474;72002;"2025-09-25 11:25:44"
5781;"2022-05-01";138;33;16127;139;16299;24;613;34;671;30;3166;568;3764;5;62;45;112;92;19968;786;20846;"2025-09-25 11:25:44"
5782;"2022-05-01";139;69;41358;239;41666;61;1593;89;1743;78;8878;973;9929;8;142;77;227;216;51971;1378;53565;"2025-09-25 11:25:44"
5783;"2022-05-01";140;1;8;0;9;0;3;0;3;0;8;0;8;0;0;0;0;1;19;0;20;"2025-09-25 11:25:44"
5784;"2022-05-01";141;208;80942;1052;82202;112;2370;334;2816;169;11735;1007;12911;14;248;245;507;503;95295;2638;98436;"2025-09-25 11:25:44"
5785;"2022-05-01";142;62;88297;1444;89803;104;2230;915;3249;63;11048;1760;12871;4;259;211;474;233;101834;4330;106397;"2025-09-25 11:25:44"
5786;"2022-05-01";143;139;88813;1981;90933;101;2652;459;3212;118;13890;1988;15996;9;319;207;535;367;105674;4635;110676;"2025-09-25 11:25:44"
5787;"2022-05-01";144;126;114831;4703;119660;89;3198;704;3991;130;15260;2024;17414;14;402;296;712;359;133691;7727;141777;"2025-09-25 11:25:44"
5788;"2022-05-01";145;211;89455;5163;94829;144;3098;416;3658;240;19522;1777;21539;25;360;288;673;620;112435;7644;120699;"2025-09-25 11:25:44"
5790;"2022-05-01";147;61;20532;63;20656;31;636;109;776;58;1910;365;2333;9;67;32;108;159;23145;569;23873;"2025-09-25 11:25:44"
5791;"2022-05-01";148;216;40550;1547;42313;124;1699;344;2167;223;12459;638;13320;23;165;114;302;586;54873;2643;58102;"2025-09-25 11:25:44"
5792;"2022-05-01";149;65;19274;1096;20435;41;1075;270;1386;89;8352;594;9035;7;84;61;152;202;28785;2021;31008;"2025-09-25 11:25:44"
5793;"2022-05-01";150;138;44192;851;45181;90;2180;373;2643;151;15014;1093;16258;28;155;76;259;407;61541;2393;64341;"2025-09-25 11:25:44"
5794;"2022-05-01";151;144;77554;648;78346;76;2593;351;3020;169;18106;2277;20552;13;337;782;1132;402;98590;4058;103050;"2025-09-25 11:25:44"
5795;"2022-05-01";152;129;38892;510;39531;77;1488;175;1740;179;12504;547;13230;30;149;150;329;415;53033;1382;54830;"2025-09-25 11:25:44"
5796;"2022-05-01";153;93;22252;378;22723;66;1203;346;1615;130;11022;375;11527;11;86;55;152;300;34563;1154;36017;"2025-09-25 11:25:44"
5797;"2022-05-01";154;156;76756;878;77790;89;2705;496;3290;156;18177;1807;20140;19;294;417;730;420;97932;3598;101950;"2025-09-25 11:25:44"
5798;"2022-05-01";155;80;18965;146;19191;40;783;115;938;107;7482;484;8073;10;76;75;161;237;27306;820;28363;"2025-09-25 11:25:44"
5799;"2022-05-01";156;176;150716;2750;153642;138;5081;550;5769;177;22776;3459;26412;40;506;373;919;531;179079;7132;186742;"2025-09-25 11:25:44"
5800;"2022-05-01";157;122;31019;295;31436;117;1431;302;1850;176;11287;690;12153;14;156;102;272;429;43893;1389;45711;"2025-09-25 11:25:44"
5801;"2022-05-01";158;97;110856;1703;112656;73;4046;607;4726;111;18709;2671;21491;10;369;385;764;291;133980;5366;139637;"2025-09-25 11:25:44"
5802;"2022-05-01";159;167;175200;2175;177542;144;4919;890;5953;208;20309;2281;22798;19;461;281;761;538;200889;5627;207054;"2025-09-25 11:25:44"
5803;"2022-05-01";160;69;10804;71;10944;51;507;67;625;120;5751;581;6452;12;57;82;151;252;17119;801;18172;"2025-09-25 11:25:44"
5804;"2022-05-01";161;74;23496;194;23764;44;1058;81;1183;174;10188;243;10605;18;115;39;172;310;34857;557;35724;"2025-09-25 11:25:44"
5805;"2022-05-01";162;158;39978;331;40467;91;1501;221;1813;143;12011;755;12909;24;179;121;324;416;53669;1428;55513;"2025-09-25 11:25:44"
5807;"2022-05-01";257;104;19105;185;19394;66;1359;89;1514;130;10321;264;10715;8;92;45;145;308;30877;583;31768;"2025-09-25 11:25:44"
5808;"2022-05-01";258;200;110670;2144;113014;125;3430;541;4096;207;18728;3090;22025;21;338;654;1013;553;133166;6429;140148;"2025-09-25 11:25:44"
5809;"2022-05-01";259;108;31363;747;32218;68;1546;172;1786;109;13107;1052;14268;7;220;119;346;292;46236;2090;48618;"2025-09-25 11:25:44"
5810;"2022-05-01";260;135;27820;2414;30369;94;1248;216;1558;166;12329;446;12941;16;140;64;220;411;41537;3140;45088;"2025-09-25 11:25:44"
5811;"2022-05-01";261;66;8417;58;8541;38;458;55;551;87;4276;249;4612;4;40;37;81;195;13191;399;13785;"2025-09-25 11:25:44"
5812;"2022-05-01";262;82;18248;192;18522;60;906;128;1094;111;8483;257;8851;10;91;46;147;263;27728;623;28614;"2025-09-25 11:25:44"
5813;"2022-05-01";263;64;9446;60;9570;59;423;23;505;98;4979;56;5133;7;38;16;61;228;14886;155;15269;"2025-09-25 11:25:44"
5814;"2022-05-01";264;104;39126;268;39498;107;1645;443;2195;181;11761;2241;14183;23;173;182;378;415;52705;3134;56254;"2025-09-25 11:25:44"
5815;"2022-05-01";265;169;109287;1936;111392;132;4308;485;4925;208;23923;3086;27217;15;308;415;738;524;137826;5922;144272;"2025-09-25 11:25:44"
5816;"2022-05-01";266;66;9310;58;9434;46;441;64;551;103;4757;278;5138;3;52;27;82;218;14560;427;15205;"2025-09-25 11:25:44"
5817;"2022-05-01";267;68;7640;32;7740;44;369;20;433;123;4354;108;4585;7;40;17;64;242;12403;177;12822;"2025-09-25 11:25:44"
5818;"2022-05-01";268;140;151965;3213;155318;100;3796;911;4807;89;19020;2402;21511;10;432;383;825;339;175213;6909;182461;"2025-09-25 11:25:44"
5819;"2022-05-01";269;285;133115;1938;135338;239;3520;575;4334;228;16023;1400;17651;25;255;239;519;777;152913;4152;157842;"2025-09-25 11:25:44"
5820;"2022-05-01";270;114;38817;2525;41456;102;1706;198;2006;135;14711;847;15693;6;202;120;328;357;55436;3690;59483;"2025-09-25 11:25:44"
5821;"2022-05-01";271;96;9067;38;9201;52;450;88;590;104;4880;96;5080;10;44;10;64;262;14441;232;14935;"2025-09-25 11:25:44"
5823;"2022-05-01";164;70;11725;168;11963;59;567;103;729;91;6345;742;7178;10;66;40;116;230;18703;1053;19986;"2025-09-25 11:25:44"
5824;"2022-05-01";165;91;19513;192;19796;81;1115;109;1305;136;12171;262;12569;6;85;33;124;314;32884;596;33794;"2025-09-25 11:25:44"
5825;"2022-05-01";166;61;9853;144;10058;35;437;68;540;64;4822;429;5315;0;49;61;110;160;15161;702;16023;"2025-09-25 11:25:44"
5826;"2022-05-01";167;91;69968;662;70721;74;2264;277;2615;81;13719;3480;17280;14;416;1632;2062;260;86367;6051;92678;"2025-09-25 11:25:44"
5827;"2022-05-01";168;48;8911;454;9413;34;443;61;538;63;3927;212;4202;1;44;22;67;146;13325;749;14220;"2025-09-25 11:25:44"
5828;"2022-05-01";169;139;49342;828;50309;122;1945;374;2441;192;14947;1675;16814;19;280;295;594;472;66514;3172;70158;"2025-09-25 11:25:44"
5829;"2022-05-01";170;79;19125;316;19520;49;833;247;1129;82;7740;962;8784;12;110;145;267;222;27808;1670;29700;"2025-09-25 11:25:44"
5830;"2022-05-01";171;130;79099;2334;81563;118;2930;429;3477;144;12934;2374;15452;9;260;366;635;401;95223;5503;101127;"2025-09-25 11:25:44"
5831;"2022-05-01";172;195;37322;143;37660;201;1564;46;1811;147;11223;808;12178;13;147;102;262;556;50256;1099;51911;"2025-09-25 11:25:44"
5832;"2022-05-01";173;72;13331;2563;15966;50;751;199;1000;97;7610;357;8064;8;70;45;123;227;21762;3164;25153;"2025-09-25 11:25:44"
5833;"2022-05-01";174;169;117330;1836;119335;134;3245;657;4036;179;22170;1979;24328;15;366;909;1290;497;143111;5381;148989;"2025-09-25 11:25:44"
5834;"2022-05-01";175;102;12459;88102;100663;54;641;1899;2594;177;8803;452;9432;4;146;32;182;337;22049;90485;112871;"2025-09-25 11:25:44"
5835;"2022-05-01";176;185;108304;2412;110901;145;3558;692;4395;179;21018;3429;24626;17;350;845;1212;526;133230;7378;141134;"2025-09-25 11:25:44"
5836;"2022-05-01";177;68;19638;145;19851;40;820;91;951;91;7892;491;8474;6;85;43;134;205;28435;770;29410;"2025-09-25 11:25:44"
5837;"2022-05-01";178;89;22497;960;23546;65;1257;136;1458;117;10588;720;11425;10;157;128;295;281;34499;1944;36724;"2025-09-25 11:25:44"
5838;"2022-05-01";179;110;15521;218;15849;57;741;105;903;103;9382;205;9690;12;81;22;115;282;25725;550;26557;"2025-09-25 11:25:44"
5839;"2022-05-01";180;81;18326;263;18670;43;795;75;913;80;7913;839;8832;3;107;87;197;207;27141;1264;28612;"2025-09-25 11:25:44"
5840;"2022-05-01";181;86;12725;82;12893;71;604;49;724;97;6919;289;7305;7;48;28;83;261;20296;448;21005;"2025-09-25 11:25:44"
5841;"2022-05-01";182;71;10521;92;10684;48;573;55;676;77;6081;128;6286;8;47;19;74;204;17222;294;17720;"2025-09-25 11:25:44"
5842;"2022-05-01";183;61;11482;30510;42053;54;552;524;1130;85;6277;182;6544;10;68;20;98;210;18379;31236;49825;"2025-09-25 11:25:44"
5843;"2022-05-01";184;107;23346;44980;68433;77;1646;770;2493;130;14813;241;15184;10;107;32;149;324;39912;46023;86259;"2025-09-25 11:25:44"
5844;"2022-05-01";185;87;24573;483;25143;48;997;976;2021;86;7972;511;8569;6;102;147;255;227;33644;2117;35988;"2025-09-25 11:25:44"
5846;"2022-05-01";187;119;115052;1011;116182;80;3222;390;3692;115;21866;2639;24620;14;303;388;705;328;140443;4428;145199;"2025-09-25 11:25:44"
5847;"2022-05-01";188;207;113934;1708;115849;148;3974;562;4684;221;25269;1965;27455;12;453;375;840;588;143630;4610;148828;"2025-09-25 11:25:44"
5848;"2022-05-01";189;60;13502;37;13599;34;677;53;764;66;6266;618;6950;11;73;38;122;171;20518;746;21435;"2025-09-25 11:25:44"
5849;"2022-05-01";190;191;184152;2522;186865;107;5462;796;6365;226;25418;3498;29142;15;492;446;953;539;215524;7262;223325;"2025-09-25 11:25:44"
5850;"2022-05-01";44;44;9723;35;9802;39;406;18;463;41;5279;196;5516;0;51;62;113;124;15459;311;15894;"2025-09-25 11:25:44"
5851;"2022-05-01";192;145;56459;643;57247;82;2162;253;2497;154;17449;988;18591;11;183;135;329;392;76253;2019;78664;"2025-09-25 11:25:44"
5852;"2022-05-01";193;87;26879;428;27394;60;1281;118;1459;123;9942;261;10326;8;124;74;206;278;38226;881;39385;"2025-09-25 11:25:44"
5853;"2022-05-01";194;85;10876;65;11026;40;451;39;530;68;6851;86;7005;1;54;14;69;194;18232;204;18630;"2025-09-25 11:25:44"
5854;"2022-05-01";195;116;35165;430;35711;91;1691;260;2042;166;16750;1033;17949;12;151;158;321;385;53757;1881;56023;"2025-09-25 11:25:44"
5855;"2022-05-01";196;64;19375;150;19589;46;838;36;920;83;10975;974;12032;5;115;147;267;198;31303;1307;32808;"2025-09-25 11:25:44"
5856;"2022-05-01";197;213;61800;1021;63034;227;2243;293;2763;262;18999;1169;20430;46;256;223;525;748;83298;2706;86752;"2025-09-25 11:25:44"
5857;"2022-05-01";198;80;12421;117;12618;51;639;48;738;111;5962;108;6181;8;55;23;86;250;19077;296;19623;"2025-09-25 11:25:44"
5858;"2022-05-01";199;55;5865;34;5954;33;284;27;344;55;3754;47;3856;1;31;7;39;144;9934;115;10193;"2025-09-25 11:25:44"
5859;"2022-05-01";200;126;39808;503;40437;75;1708;148;1931;140;14422;733;15295;33;191;136;360;374;56129;1520;58023;"2025-09-25 11:25:44"
5860;"2022-05-01";201;115;43037;463;43615;83;1797;251;2131;125;15778;1536;17439;10;193;337;540;333;60805;2587;63725;"2025-09-25 11:25:44"
5861;"2022-05-01";202;100;21735;183;22018;60;755;77;892;103;8234;189;8526;19;93;40;152;282;30817;489;31588;"2025-09-25 11:25:44"
5862;"2022-05-01";203;68;3810;387;4265;18;245;193;456;64;1329;29;1422;6;21;2;29;156;5405;611;6172;"2025-09-25 11:25:44"
5863;"2022-05-01";204;123;19268;139;19530;63;676;81;820;121;6490;109;6720;7;102;30;139;314;26536;359;27209;"2025-09-25 11:25:44"
5864;"2022-05-01";205;84;18673;89;18846;86;893;78;1057;141;11793;816;12750;10;86;102;198;321;31445;1085;32851;"2025-09-25 11:25:44"
5865;"2022-05-01";206;80;17001;144;17225;41;670;49;760;85;7722;622;8429;9;78;132;219;215;25471;947;26633;"2025-09-25 11:25:44"
5866;"2022-05-01";207;58;9646;40;9744;63;450;44;557;72;5853;109;6034;3;59;15;77;196;16008;208;16412;"2025-09-25 11:25:44"
5867;"2022-05-01";208;118;54852;303;55273;66;1947;407;2420;107;12657;1473;14237;8;177;261;446;299;69633;2444;72376;"2025-09-25 11:25:44"
5868;"2022-05-01";209;137;102507;1348;103992;90;3169;800;4059;199;17471;4474;22144;9;337;1766;2112;435;123484;8388;132307;"2025-09-25 11:25:44"
5869;"2022-05-01";210;147;121026;2013;123186;83;3230;297;3610;91;17804;956;18851;17;328;277;622;338;142388;3543;146269;"2025-09-25 11:25:44"
5871;"2022-05-01";212;122;91758;1017;92897;92;3121;492;3705;137;11735;424;12296;11;257;159;427;362;106871;2092;109325;"2025-09-25 11:25:44"
5872;"2022-05-01";213;92;22844;189;23125;65;896;166;1127;103;9072;241;9416;12;62;166;240;272;32874;762;33908;"2025-09-25 11:25:44"
5874;"2022-05-01";215;238;231854;2308;234400;165;6777;565;7507;213;40174;4079;44466;27;601;564;1192;643;279406;7516;287565;"2025-09-25 11:25:44"
5875;"2022-05-01";216;94;13619;159;13872;55;579;110;744;118;6128;142;6388;6;55;31;92;273;20381;442;21096;"2025-09-25 11:25:44"
5876;"2022-05-01";217;113;41570;492;42175;92;1484;186;1762;103;13467;2624;16194;10;148;634;792;318;56669;3936;60923;"2025-09-25 11:25:44"
5877;"2022-05-01";218;107;45031;679;45817;74;1585;240;1899;134;10401;506;11041;11;143;111;265;326;57160;1536;59022;"2025-09-25 11:25:44"
5878;"2022-05-01";219;88;12863;102;13053;59;528;52;639;87;7035;476;7598;7;132;144;283;241;20558;774;21573;"2025-09-25 11:25:44"
5879;"2022-05-01";220;164;142945;1201;144310;100;4463;809;5372;141;22061;6926;29128;15;505;1629;2149;420;169974;10565;180959;"2025-09-25 11:25:44"
5880;"2022-05-01";221;60;9970;67;10097;51;430;43;524;88;4556;547;5191;7;45;98;150;206;15001;755;15962;"2025-09-25 11:25:44"
5881;"2022-05-01";222;208;137884;2717;140809;174;3613;1037;4824;233;26433;2330;28996;22;399;425;846;637;168329;6509;175475;"2025-09-25 11:25:44"
5882;"2022-05-01";223;69;24651;184;24904;67;1115;107;1289;83;10125;402;10610;8;126;62;196;227;36017;755;36999;"2025-09-25 11:25:44"
5883;"2022-05-01";224;130;81861;1295;83286;69;2087;482;2638;145;10552;944;11641;10;113;152;275;354;94613;2873;97840;"2025-09-25 11:25:44"
5884;"2022-05-01";225;67;85822;3228;89117;32;2051;450;2533;53;10998;1622;12673;3;155;234;392;155;99026;5534;104715;"2025-09-25 11:25:44"
5885;"2022-05-01";226;253;141703;49470;191426;223;2311;1136;3670;150;10370;957;11477;11;160;183;354;637;154544;51746;206927;"2025-09-25 11:25:44"
5886;"2022-05-01";227;169;98067;1590;99826;159;2477;246;2882;119;16588;1342;18049;9;236;316;561;456;117368;3494;121318;"2025-09-25 11:25:44"
5887;"2022-05-01";228;85;84606;730;85421;37;2139;180;2356;85;7717;846;8648;8;215;246;469;215;94677;2002;96894;"2025-09-25 11:25:44"
5888;"2022-05-01";229;100;41975;752;42827;82;1849;255;2186;118;8727;312;9157;9;124;70;203;309;52675;1389;54373;"2025-09-25 11:25:44"
5889;"2022-05-01";230;59;15916;100;16075;61;578;43;682;99;7650;169;7918;5;53;78;136;224;24197;390;24811;"2025-09-25 11:25:44"
5890;"2022-05-01";231;73;32316;26075;58464;56;1161;329;1546;66;10117;530;10713;6;225;225;456;201;43819;27159;71179;"2025-09-25 11:25:44"
5891;"2022-05-01";232;50;12871;165;13086;54;521;85;660;108;6390;153;6651;8;64;19;91;220;19846;422;20488;"2025-09-25 11:25:44"
5892;"2022-05-01";233;84;15089;101;15274;56;628;72;756;130;7914;392;8436;9;59;57;125;279;23690;622;24591;"2025-09-25 11:25:44"
5894;"2022-05-01";235;262;75563;976;76801;143;3142;153;3438;331;27294;610;28235;41;226;126;393;777;106225;1865;108867;"2025-09-25 11:25:44"
5895;"2022-05-01";236;563;235799;257266;493628;338;7623;6600;14561;670;53103;3294;57067;40;887;531;1458;1611;297412;267691;566714;"2025-09-25 11:25:44"
5897;"2022-06-01";1;153;206034;20042;226229;53;4245;613;4911;175;13651;1647;15473;15;292;149;456;396;224222;22451;247069;"2025-09-25 11:25:51"
5898;"2022-06-01";2;102;127247;5095;132444;41;3661;737;4439;153;12370;2471;14994;7;169;230;406;303;143447;8533;152283;"2025-09-25 11:25:51"
5899;"2022-06-01";3;103;60838;2143;63084;63;2456;718;3237;129;7242;1271;8642;14;102;107;223;309;70638;4239;75186;"2025-09-25 11:25:51"
5900;"2022-06-01";4;113;65411;1693;67217;82;1812;168;2062;118;15587;2109;17814;10;327;489;826;323;83137;4459;87919;"2025-09-25 11:25:51"
5901;"2022-06-01";5;96;99230;3119;102445;50;3472;304;3826;149;9454;2090;11693;11;147;172;330;306;112303;5685;118294;"2025-09-25 11:25:51"
5902;"2022-06-01";6;90;80360;3436;83886;44;2447;377;2868;162;10346;1707;12215;10;92;256;358;306;93245;5776;99327;"2025-09-25 11:25:51"
5903;"2022-06-01";7;99;113171;10095;123365;58;4623;581;5262;125;14040;2726;16891;6;277;160;443;288;132111;13562;145961;"2025-09-25 11:25:51"
5904;"2022-06-01";8;52;70400;3392;73844;27;3083;478;3588;74;10829;2318;13221;10;148;116;274;163;84460;6304;90927;"2025-09-25 11:25:51"
5905;"2022-06-01";9;86;129023;5593;134702;54;3810;847;4711;171;10298;2129;12598;10;195;270;475;321;143326;8839;152486;"2025-09-25 11:25:51"
5906;"2022-06-01";10;92;76786;4684;81562;52;2698;575;3325;125;8366;2038;10529;11;146;169;326;280;87996;7466;95742;"2025-09-25 11:25:51"
5907;"2022-06-01";11;106;80466;2243;82815;56;2947;141;3144;139;9891;2215;12245;10;127;100;237;311;93431;4699;98441;"2025-09-25 11:25:51"
5908;"2022-06-01";12;108;93873;1181;95162;50;2563;138;2751;131;6871;1224;8226;16;120;228;364;305;103427;2771;106503;"2025-09-25 11:25:51"
5909;"2022-06-01";13;101;100920;4493;105514;56;2849;636;3541;160;9653;2162;11975;19;205;156;380;336;113627;7447;121410;"2025-09-25 11:25:51"
5910;"2022-06-01";14;190;75266;3105;78561;107;2263;406;2776;132;5996;1863;7991;11;105;321;437;440;83630;5695;89765;"2025-09-25 11:25:51"
5911;"2022-06-01";15;207;150682;5162;156051;128;3232;728;4088;180;10841;4959;15980;12;246;167;425;527;165001;11016;176544;"2025-09-25 11:25:51"
5912;"2022-06-01";16;121;82825;8896;91842;46;2127;897;3070;191;8667;1939;10797;18;165;96;279;376;93784;11828;105988;"2025-09-25 11:25:51"
5913;"2022-06-01";17;96;104927;2137;107160;47;3201;1129;4377;149;8823;1741;10713;9;153;112;274;301;117104;5119;122524;"2025-09-25 11:25:51"
5914;"2022-06-01";18;125;205376;6977;212478;96;4521;1653;6270;156;24808;5436;30400;13;331;351;695;390;235036;14417;249843;"2025-09-25 11:25:51"
5915;"2022-06-01";19;119;127248;4459;131826;58;3463;761;4282;134;11558;2882;14574;8;252;440;700;319;142521;8542;151382;"2025-09-25 11:25:51"
5916;"2022-06-01";20;138;117261;3637;121036;58;4139;168;4365;170;14517;4409;19096;14;563;625;1202;380;136480;8839;145699;"2025-09-25 11:25:51"
5917;"2022-06-01";21;135;65519;1225;66879;56;2011;58;2125;134;5327;1081;6542;9;110;36;155;334;72967;2400;75701;"2025-09-25 11:25:51"
5918;"2022-06-01";22;99;112936;4125;117160;45;3545;751;4341;141;10380;1958;12479;15;139;202;356;300;127000;7036;134336;"2025-09-25 11:25:51"
5919;"2022-06-01";23;1685;38900;1078;41663;1737;1587;256;3580;364;3758;911;5033;105;79;73;257;3891;44324;2318;50533;"2025-09-25 11:25:51"
5920;"2022-06-01";63;118;87648;1153;88919;112;2025;308;2445;94;10156;830;11080;6;167;264;437;330;99996;2555;102881;"2025-09-25 11:25:51"
5921;"2022-06-01";25;77;90129;5759;95965;35;3526;546;4107;119;11937;2812;14868;16;170;336;522;247;105762;9453;115462;"2025-09-25 11:25:51"
5922;"2022-06-01";146;826;311987;258972;571785;488;10720;6720;17928;1002;80232;3910;85144;81;1122;650;1853;2397;404061;270252;676710;"2025-09-25 11:25:51"
5924;"2022-06-01";28;97;67261;2664;70022;63;2293;799;3155;101;9940;3185;13226;13;154;667;834;274;79648;7315;87237;"2025-09-25 11:25:51"
5925;"2022-06-01";29;74;69057;825;69956;58;2218;540;2816;115;10593;1110;11818;11;187;203;401;258;82055;2678;84991;"2025-09-25 11:25:51"
5926;"2022-06-01";77;279;134887;3251;138417;207;2907;527;3641;220;16124;3185;19529;17;305;595;917;723;154223;7558;162504;"2025-09-25 11:25:51"
5927;"2022-06-01";57;66;55944;676;56686;41;1313;144;1498;75;4553;298;4926;6;118;48;172;188;61928;1166;63282;"2025-09-25 11:25:51"
5928;"2022-06-01";32;76;83936;1576;85588;30;2147;336;2513;63;10286;1467;11816;1;159;247;407;170;96528;3626;100324;"2025-09-25 11:25:51"
5929;"2022-06-01";33;125;106514;18569;125208;65;3005;494;3564;169;13143;2232;15544;11;158;511;680;370;122820;21806;144996;"2025-09-25 11:25:51"
5930;"2022-06-01";79;84;105570;1396;107050;43;2244;274;2561;87;10641;1463;12191;8;202;333;543;222;118657;3466;122345;"2025-09-25 11:25:51"
5931;"2022-06-01";35;88;66041;2690;68819;71;2337;309;2717;113;14706;2283;17102;11;203;314;528;283;83287;5596;89166;"2025-09-25 11:25:51"
5932;"2022-06-01";36;99;91760;3685;95544;52;2938;338;3328;103;13096;1972;15171;9;172;283;464;263;107966;6278;114507;"2025-09-25 11:25:51"
5933;"2022-06-01";60;265;183902;5859;190026;315;4642;285;5242;203;18783;2182;21168;29;392;477;898;812;207719;8803;217334;"2025-09-25 11:25:51"
5934;"2022-06-01";38;50;58412;43668;102130;27;1512;929;2468;78;5816;1160;7054;10;124;360;494;165;65864;46117;112146;"2025-09-25 11:25:51"
5935;"2022-06-01";39;283;85030;10026;95339;476;1776;555;2807;181;8262;2226;10669;28;155;708;891;968;95223;13515;109706;"2025-09-25 11:25:51"
5936;"2022-06-01";40;81;26218;1311;27610;51;1044;296;1391;82;4158;356;4596;10;41;50;101;224;31461;2013;33698;"2025-09-25 11:25:51"
5938;"2022-06-01";42;127;148931;13641;162699;61;3457;294;3812;126;13226;2107;15459;9;259;500;768;323;165873;16542;182738;"2025-09-25 11:25:51"
5941;"2022-06-01";46;191;237790;7928;245909;110;5179;721;6010;185;29531;5347;35063;12;455;561;1028;498;272955;14557;288010;"2025-09-25 11:25:51"
5942;"2022-06-01";47;108;114978;1739;116825;115;3123;501;3739;291;19330;2727;22348;56;323;283;662;570;137754;5250;143574;"2025-09-25 11:25:51"
5946;"2022-06-01";51;162;191141;2642;193945;198;3285;642;4125;210;16591;1300;18101;13;365;152;530;583;211382;4736;216701;"2025-09-25 11:25:51"
5949;"2022-06-01";54;126;26182;9274;35582;59;1204;905;2168;159;9688;759;10606;9;101;88;198;353;37175;11026;48554;"2025-09-25 11:25:51"
5950;"2022-06-01";55;111;95645;173560;269316;63;3611;2512;6186;114;21955;2657;24726;17;482;305;804;305;121693;179034;301032;"2025-09-25 11:25:51"
5951;"2022-06-01";56;306;211969;39336;251611;380;5891;1326;7597;171;29674;3455;33300;21;419;543;983;878;247953;44660;293491;"2025-09-25 11:25:51"
5953;"2022-06-01";58;189;138988;3535;142712;98;4610;125;4833;131;17290;4458;21879;14;350;869;1233;432;161238;8987;170657;"2025-09-25 11:25:51"
5954;"2022-06-01";59;142;198495;31930;230567;87;5194;1175;6456;110;22876;2980;25966;11;314;317;642;350;226879;36402;263631;"2025-09-25 11:25:51"
5956;"2022-06-01";61;170;186542;4686;191398;100;3412;675;4187;147;12133;2868;15148;10;302;407;719;427;202389;8636;211452;"2025-09-25 11:25:51"
5957;"2022-06-01";62;65;8376;97;8538;42;513;63;618;113;3718;60;3891;2;33;16;51;222;12640;236;13098;"2025-09-25 11:25:51"
5960;"2022-06-01";65;172;167887;4072;172131;144;4637;442;5223;187;26283;7720;34190;24;548;899;1471;527;199355;13133;213015;"2025-09-25 11:25:51"
5966;"2022-06-01";71;81;71029;2593;73703;44;2420;551;3015;104;13867;3925;17896;10;259;458;727;239;87575;7527;95341;"2025-09-25 11:25:51"
5969;"2022-06-01";74;125;163782;2423;166330;101;3372;333;3806;423;14934;2353;17710;20;454;301;775;669;182542;5410;188621;"2025-09-25 11:25:51"
5975;"2022-06-01";80;163;103459;1438;105060;82;2740;679;3501;162;19546;4045;23753;9;332;993;1334;416;126077;7155;133648;"2025-09-25 11:25:51"
5978;"2022-06-01";83;348;167193;998;168539;233;3636;458;4327;253;14890;1769;16912;51;539;166;756;885;186258;3391;190534;"2025-09-25 11:25:51"
5980;"2022-06-01";85;132;24040;174;24346;83;1236;150;1469;160;6462;206;6828;14;118;42;174;389;31856;572;32817;"2025-09-25 11:25:51"
5981;"2022-06-01";86;287;162515;1168;163970;165;4600;339;5104;187;19255;2382;21824;23;320;220;563;662;186690;4109;191461;"2025-09-25 11:25:51"
5982;"2022-06-01";87;104;112097;3223;115424;76;2771;880;3727;81;12962;2049;15092;10;287;155;452;271;128117;6307;134695;"2025-09-25 11:25:51"
5983;"2022-06-01";88;70;104470;2176;106716;28;2390;494;2912;31;9674;1418;11123;1;183;137;321;130;116717;4225;121072;"2025-09-25 11:25:51"
5984;"2022-06-01";89;471;26738;310;27519;121;577;26;724;120;1807;361;2288;21;48;7;76;733;29170;704;30607;"2025-09-25 11:25:51"
5985;"2022-06-01";90;118;87547;1697;89362;82;2703;454;3239;99;10700;2175;12974;9;167;159;335;308;101117;4485;105910;"2025-09-25 11:25:51"
5986;"2022-06-01";91;170;163063;866;164099;95;5410;2636;8141;124;30001;4716;34841;13;519;349;881;402;198993;8567;207962;"2025-09-25 11:25:51"
5987;"2022-06-01";92;87;59924;1064;61075;75;1818;292;2185;97;8585;1285;9967;13;142;145;300;272;70469;2786;73527;"2025-09-25 11:25:51"
5988;"2022-06-01";93;121;87095;828;88044;72;2435;180;2687;92;9325;3919;13336;8;149;272;429;293;99004;5199;104496;"2025-09-25 11:25:51"
5989;"2022-06-01";94;228;195716;2164;198108;114;5712;1504;7330;186;29890;4074;34150;8;575;726;1309;536;231893;8468;240897;"2025-09-25 11:25:51"
5990;"2022-06-01";95;345;260502;1967;262814;192;8358;1083;9633;221;43124;5561;48906;28;875;474;1377;786;312859;9085;322730;"2025-09-25 11:25:51"
5991;"2022-06-01";96;79;32007;766;32852;42;1414;65;1521;83;5484;631;6198;12;87;50;149;216;38992;1512;40720;"2025-09-25 11:25:51"
5992;"2022-06-01";97;278;253310;5319;258907;221;8808;1166;10195;206;35085;5781;41072;30;478;560;1068;735;297681;12826;311242;"2025-09-25 11:25:51"
5993;"2022-06-01";101;177;178211;3791;182179;67;2778;1285;4130;112;8087;2001;10200;13;280;215;508;369;189356;7292;197017;"2025-09-25 11:25:51"
5994;"2022-06-01";102;168;67429;998;68595;57;2329;221;2607;76;7653;1271;9000;3;158;144;305;304;77569;2634;80507;"2025-09-25 11:25:51"
5995;"2022-06-01";103;208;59362;2005;61575;64;2490;263;2817;106;9245;1565;10916;17;135;179;331;395;71232;4012;75639;"2025-09-25 11:25:51"
5996;"2022-06-01";104;132;177490;4584;182206;169;5212;1437;6818;161;20594;2897;23652;25;426;589;1040;487;203722;9507;213716;"2025-09-25 11:25:51"
5997;"2022-06-01";105;113;138045;1567;139725;82;2437;94;2613;62;6947;1494;8503;2;207;131;340;259;147636;3286;151181;"2025-09-25 11:25:51"
5998;"2022-06-01";106;192;92576;1029;93797;171;2999;642;3812;104;8446;2095;10645;14;170;104;288;481;104191;3870;108542;"2025-09-25 11:25:51"
5999;"2022-06-01";107;272;64210;1382;65864;90;2587;111;2788;108;6501;1648;8257;23;147;106;276;493;73445;3247;77185;"2025-09-25 11:25:51"
6000;"2022-06-01";108;179;213314;1794;215287;111;6923;455;7489;154;36770;5789;42713;21;520;410;951;465;257527;8448;266440;"2025-09-25 11:25:51"
6001;"2022-06-01";109;188;132411;2357;134956;160;5469;1125;6754;219;22689;3761;26669;13;300;344;657;580;160869;7587;169036;"2025-09-25 11:25:51"
6002;"2022-06-01";110;70;121634;2300;124004;40;4456;653;5149;35;18875;2491;21401;3;352;377;732;148;145317;5821;151286;"2025-09-25 11:25:51"
6003;"2022-06-01";111;153;87051;755;87959;96;3324;462;3882;139;18718;3280;22137;13;783;281;1077;401;109876;4778;115055;"2025-09-25 11:25:51"
6004;"2022-06-01";112;147;109116;2309;111572;116;2448;637;3201;125;9425;3546;13096;13;224;157;394;401;121213;6649;128263;"2025-09-25 11:25:51"
6005;"2022-06-01";113;87;72321;1251;73659;33;2530;908;3471;39;9311;1606;10956;0;146;135;281;159;84308;3900;88367;"2025-09-25 11:25:51"
6006;"2022-06-01";114;154;91532;661;92347;92;3845;457;4394;140;18024;2169;20333;13;369;198;580;399;113770;3485;117654;"2025-09-25 11:25:51"
6007;"2022-06-01";115;225;49160;379;49764;98;1842;684;2624;243;11821;809;12873;10;233;86;329;576;63056;1958;65590;"2025-09-25 11:25:51"
6008;"2022-06-01";116;173;49168;397;49738;81;2168;729;2978;195;13905;5640;19740;9;250;375;634;458;65491;7141;73090;"2025-09-25 11:25:51"
6009;"2022-06-01";117;84;17155;117;17356;71;805;121;997;147;6198;4522;10867;5;122;510;637;307;24280;5270;29857;"2025-09-25 11:25:51"
6010;"2022-06-01";118;82;96871;1154;98107;55;3057;530;3642;70;10254;2152;12476;9;249;149;407;216;110431;3985;114632;"2025-09-25 11:25:51"
6011;"2022-06-01";119;42;176858;2778;179678;34;3889;669;4592;33;11800;3340;15173;7;382;186;575;116;192929;6973;200018;"2025-09-25 11:25:51"
6012;"2022-06-01";120;21;140579;838;141438;10;2065;199;2274;23;4951;1358;6332;0;190;31;221;54;147785;2426;150265;"2025-09-25 11:25:51"
6013;"2022-06-01";121;359;111028;1587;112974;183;4201;1302;5686;240;20850;4673;25763;17;546;450;1013;799;136625;8012;145436;"2025-09-25 11:25:51"
6014;"2022-06-01";122;110;58314;438;58862;97;1482;116;1695;86;6011;2078;8175;10;114;310;434;303;65921;2942;69166;"2025-09-25 11:25:51"
6015;"2022-06-01";123;249;145597;2238;148084;268;5014;418;5700;200;18032;2730;20962;26;410;265;701;743;169053;5651;175447;"2025-09-25 11:25:51"
6016;"2022-06-01";124;198;96317;937;97452;82;3621;629;4332;125;18159;4354;22638;16;363;510;889;421;118460;6430;125311;"2025-09-25 11:25:51"
6017;"2022-06-01";125;238;193805;2423;196466;103;6003;2568;8674;172;29502;5543;35217;20;519;290;829;533;229829;10824;241186;"2025-09-25 11:25:51"
6018;"2022-06-01";126;330;263192;3462;266984;170;8399;1941;10510;247;34718;6852;41817;23;708;952;1683;770;307017;13207;320994;"2025-09-25 11:25:51"
6019;"2022-06-01";127;161;65151;5037;70349;73;3125;757;3955;145;20537;2821;23503;12;273;391;676;391;89086;9006;98483;"2025-09-25 11:25:51"
6020;"2022-06-01";128;188;116565;812;117565;85;2852;329;3266;135;15711;2192;18038;10;262;155;427;418;135390;3488;139296;"2025-09-25 11:25:51"
6021;"2022-06-01";129;376;403227;2932;406535;219;11017;2668;13904;295;60199;7023;67517;73;1358;546;1977;963;475801;13169;489933;"2025-09-25 11:25:51"
6023;"2022-06-01";238;142;90090;2438;92670;127;2839;512;3478;240;17801;1393;19434;27;322;375;724;536;111052;4718;116306;"2025-09-25 11:25:51"
6024;"2022-06-01";214;64;18795;210;19069;61;769;71;901;96;7129;208;7433;7;85;68;160;228;26778;557;27563;"2025-09-25 11:25:51"
6025;"2022-06-01";240;105;38119;648;38872;76;1347;154;1577;123;6893;465;7481;12;141;201;354;316;46500;1468;48284;"2025-09-25 11:25:51"
6026;"2022-06-01";241;112;25297;445;25854;103;918;129;1150;180;6648;167;6995;6;96;40;142;401;32959;781;34141;"2025-09-25 11:25:51"
6027;"2022-06-01";242;110;32668;892;33670;88;1188;139;1415;101;5479;283;5863;6;116;93;215;305;39451;1407;41163;"2025-09-25 11:25:51"
6028;"2022-06-01";243;50;8502;59;8611;49;335;29;413;98;3274;48;3420;6;41;11;58;203;12152;147;12502;"2025-09-25 11:25:51"
6029;"2022-06-01";244;42;11771;198;12011;34;441;28;503;107;4066;74;4247;6;63;19;88;189;16341;319;16849;"2025-09-25 11:25:51"
6030;"2022-06-01";245;124;14604;150;14878;81;713;54;848;120;6139;134;6393;8;87;45;140;333;21543;383;22259;"2025-09-25 11:25:51"
6031;"2022-06-01";246;209;151262;2612;154083;157;4738;508;5403;225;26133;2137;28495;23;497;341;861;614;182630;5598;188842;"2025-09-25 11:25:51"
6032;"2022-06-01";247;53;13813;137;14003;45;538;61;644;113;4828;88;5029;5;82;27;114;216;19261;313;19790;"2025-09-25 11:25:51"
6033;"2022-06-01";248;107;14005;206;14318;86;618;74;778;137;6149;165;6451;14;86;32;132;344;20858;477;21679;"2025-09-25 11:25:51"
6034;"2022-06-01";249;54;16641;138;16833;58;770;37;865;123;6944;136;7203;11;58;21;90;246;24413;332;24991;"2025-09-25 11:25:51"
6035;"2022-06-01";250;284;115916;2607;118807;277;3382;635;4294;268;18403;2750;21421;17;428;406;851;846;138129;6398;145373;"2025-09-25 11:25:51"
6036;"2022-06-01";251;56;15748;416;16220;57;674;158;889;106;3339;133;3578;7;89;39;135;226;19850;746;20822;"2025-09-25 11:25:51"
6037;"2022-06-01";252;94;16811;278;17183;81;817;70;968;115;8453;142;8710;14;73;34;121;304;26154;524;26982;"2025-09-25 11:25:51"
6038;"2022-06-01";253;120;26760;234;27114;103;1333;293;1729;173;11476;439;12088;20;116;75;211;416;39685;1041;41142;"2025-09-25 11:25:51"
6039;"2022-06-01";254;59;9638;65;9762;62;334;46;442;102;3274;53;3429;12;54;18;84;235;13300;182;13717;"2025-09-25 11:25:51"
6040;"2022-06-01";255;75;18346;479;18900;61;907;64;1032;117;8207;247;8571;9;87;47;143;262;27547;837;28646;"2025-09-25 11:25:51"
6042;"2022-06-01";131;72;14788;84;14944;56;823;48;927;82;7804;269;8155;10;64;26;100;220;23479;427;24126;"2025-09-25 11:25:51"
6043;"2022-06-01";132;68;10472;126;10666;44;495;73;612;113;4806;364;5283;4;61;219;284;229;15834;782;16845;"2025-09-25 11:25:51"
6044;"2022-06-01";133;68;11554;134;11756;54;652;89;795;97;6120;679;6896;12;63;74;149;231;18389;976;19596;"2025-09-25 11:25:51"
6045;"2022-06-01";134;81;16575;122;16778;54;733;91;878;112;7968;167;8247;9;67;30;106;256;25343;410;26009;"2025-09-25 11:25:51"
6046;"2022-06-01";135;71;19301;332;19704;55;858;97;1010;76;7686;640;8402;8;71;81;160;210;27916;1150;29276;"2025-09-25 11:25:51"
6047;"2022-06-01";136;78;44453;294;44825;65;2259;215;2539;109;13399;1365;14873;11;172;149;332;263;60283;2023;62569;"2025-09-25 11:25:51"
6048;"2022-06-01";137;102;52766;720;53588;76;1872;175;2123;152;13453;1692;15297;7;247;855;1109;337;68338;3442;72117;"2025-09-25 11:25:51"
6049;"2022-06-01";138;34;16154;134;16322;24;613;34;671;30;3161;567;3758;5;63;45;113;93;19991;780;20864;"2025-09-25 11:25:51"
6050;"2022-06-01";139;70;41583;242;41895;61;1590;89;1740;78;8861;967;9906;8;145;79;232;217;52179;1377;53773;"2025-09-25 11:25:51"
6051;"2022-06-01";140;1;8;0;9;0;3;0;3;0;8;0;8;0;0;0;0;1;19;0;20;"2025-09-25 11:25:51"
6052;"2022-06-01";141;208;81101;1047;82356;112;2350;335;2797;169;11741;1017;12927;14;254;244;512;503;95446;2643;98592;"2025-09-25 11:25:51"
6053;"2022-06-01";142;62;88152;1440;89654;104;2210;914;3228;62;11140;1756;12958;4;266;211;481;232;101768;4321;106321;"2025-09-25 11:25:51"
6054;"2022-06-01";143;139;88894;1987;91020;106;2647;453;3206;116;13933;2000;16049;9;326;215;550;370;105800;4655;110825;"2025-09-25 11:25:51"
6055;"2022-06-01";144;126;115476;4692;120294;91;3221;699;4011;129;15269;2033;17431;14;415;298;727;360;134381;7722;142463;"2025-09-25 11:25:51"
6056;"2022-06-01";145;212;89637;5169;95018;149;3079;418;3646;242;19569;1778;21589;25;370;283;678;628;112655;7648;120931;"2025-09-25 11:25:51"
6058;"2022-06-01";147;63;20562;63;20688;31;634;107;772;58;1917;367;2342;9;70;32;111;161;23183;569;23913;"2025-09-25 11:25:51"
6059;"2022-06-01";148;217;40596;1558;42371;123;1694;343;2160;222;12420;640;13282;23;166;113;302;585;54876;2654;58115;"2025-09-25 11:25:51"
6060;"2022-06-01";149;65;19291;1102;20458;41;1077;272;1390;86;8342;597;9025;7;88;61;156;199;28798;2032;31029;"2025-09-25 11:25:51"
6061;"2022-06-01";150;136;44289;860;45285;90;2181;375;2646;150;15023;1093;16266;28;158;77;263;404;61651;2405;64460;"2025-09-25 11:25:51"
6062;"2022-06-01";151;141;77919;646;78706;75;2584;347;3006;169;18140;2283;20592;13;344;781;1138;398;98987;4057;103442;"2025-09-25 11:25:51"
6063;"2022-06-01";152;126;38940;512;39578;78;1474;175;1727;178;12498;561;13237;30;149;149;328;412;53061;1397;54870;"2025-09-25 11:25:51"
6064;"2022-06-01";153;95;22230;371;22696;65;1196;344;1605;132;10978;379;11489;11;87;54;152;303;34491;1148;35942;"2025-09-25 11:25:51"
6065;"2022-06-01";154;153;76886;897;77936;90;2694;494;3278;156;18169;1814;20139;19;300;421;740;418;98049;3626;102093;"2025-09-25 11:25:51"
6066;"2022-06-01";155;78;18981;146;19205;40;783;115;938;107;7487;487;8081;10;76;74;160;235;27327;822;28384;"2025-09-25 11:25:51"
6067;"2022-06-01";156;176;151575;2716;154467;138;5080;541;5759;177;22807;3480;26464;40;517;372;929;531;179979;7109;187619;"2025-09-25 11:25:51"
6068;"2022-06-01";157;112;31138;297;31547;124;1418;301;1843;174;11279;691;12144;14;155;103;272;424;43990;1392;45806;"2025-09-25 11:25:51"
6069;"2022-06-01";158;96;111338;1711;113145;73;4041;612;4726;110;18763;2673;21546;10;371;388;769;289;134513;5384;140186;"2025-09-25 11:25:51"
6070;"2022-06-01";159;160;175413;2171;177744;144;4916;894;5954;210;20375;2285;22870;19;510;276;805;533;201214;5626;207373;"2025-09-25 11:25:51"
6071;"2022-06-01";160;69;10822;70;10961;51;508;67;626;120;5734;575;6429;12;56;82;150;252;17120;794;18166;"2025-09-25 11:25:51"
6072;"2022-06-01";161;75;23540;195;23810;43;1068;81;1192;177;10247;243;10667;18;114;43;175;313;34969;562;35844;"2025-09-25 11:25:51"
6073;"2022-06-01";162;159;40031;331;40521;93;1503;220;1816;143;12010;757;12910;24;181;122;327;419;53725;1430;55574;"2025-09-25 11:25:51"
6075;"2022-06-01";257;104;19142;186;19432;66;1357;94;1517;131;10339;264;10734;8;93;44;145;309;30931;588;31828;"2025-09-25 11:25:51"
6076;"2022-06-01";258;200;110920;2141;113261;125;3434;544;4103;207;18746;3098;22051;21;348;658;1027;553;133448;6441;140442;"2025-09-25 11:25:51"
6077;"2022-06-01";259;108;31442;735;32285;68;1539;171;1778;127;13128;1048;14303;7;223;120;350;310;46332;2074;48716;"2025-09-25 11:25:51"
6078;"2022-06-01";260;133;27923;2284;30340;94;1247;213;1554;169;12292;446;12907;16;142;62;220;412;41604;3005;45021;"2025-09-25 11:25:51"
6079;"2022-06-01";261;68;8408;59;8535;39;458;55;552;87;4278;249;4614;4;40;38;82;198;13184;401;13783;"2025-09-25 11:25:51"
6080;"2022-06-01";262;82;18273;192;18547;61;911;127;1099;112;8477;251;8840;10;92;45;147;265;27753;615;28633;"2025-09-25 11:25:51"
6081;"2022-06-01";263;64;9464;60;9588;59;423;23;505;98;4974;60;5132;7;38;16;61;228;14899;159;15286;"2025-09-25 11:25:51"
6082;"2022-06-01";264;104;39202;267;39573;108;1640;433;2181;181;11727;2238;14146;24;171;182;377;417;52740;3120;56277;"2025-09-25 11:25:51"
6083;"2022-06-01";265;172;109555;1924;111651;136;4307;482;4925;213;24020;3086;27319;15;312;424;751;536;138194;5916;144646;"2025-09-25 11:25:51"
6084;"2022-06-01";266;67;9283;59;9409;46;438;64;548;103;4763;276;5142;3;54;27;84;219;14538;426;15183;"2025-09-25 11:25:51"
6085;"2022-06-01";267;71;7641;33;7745;44;372;20;436;122;4360;109;4591;7;40;17;64;244;12413;179;12836;"2025-09-25 11:25:51"
6086;"2022-06-01";268;134;152168;3164;155466;102;3779;910;4791;91;19055;2403;21549;10;437;385;832;337;175439;6862;182638;"2025-09-25 11:25:51"
6087;"2022-06-01";269;287;133606;1943;135836;243;3524;581;4348;229;16046;1408;17683;25;252;243;520;784;153428;4175;158387;"2025-09-25 11:25:51"
6088;"2022-06-01";270;109;38933;2516;41558;103;1702;196;2001;138;14702;847;15687;6;205;120;331;356;55542;3679;59577;"2025-09-25 11:25:51"
6089;"2022-06-01";271;97;9067;38;9202;54;447;88;589;106;4864;95;5065;10;45;10;65;267;14423;231;14921;"2025-09-25 11:25:51"
6091;"2022-06-01";164;72;11771;165;12008;59;567;103;729;91;6358;743;7192;10;65;39;114;232;18761;1050;20043;"2025-09-25 11:25:51"
6092;"2022-06-01";165;92;19526;191;19809;76;1109;108;1293;136;12170;261;12567;6;87;34;127;310;32892;594;33796;"2025-09-25 11:25:51"
6093;"2022-06-01";166;62;9854;143;10059;35;441;67;543;65;4822;430;5317;0;47;62;109;162;15164;702;16028;"2025-09-25 11:25:51"
6094;"2022-06-01";167;93;70225;672;70990;71;2271;281;2623;82;13727;3487;17296;14;422;1632;2068;260;86645;6072;92977;"2025-09-25 11:25:51"
6095;"2022-06-01";168;48;8863;467;9378;34;441;61;536;64;3913;210;4187;1;44;22;67;147;13261;760;14168;"2025-09-25 11:25:51"
6096;"2022-06-01";169;139;49363;835;50337;122;1948;376;2446;192;14974;1675;16841;19;292;288;599;472;66577;3174;70223;"2025-09-25 11:25:51"
6097;"2022-06-01";170;80;19203;318;19601;48;830;249;1127;82;7739;967;8788;12;110;144;266;222;27882;1678;29782;"2025-09-25 11:25:51"
6098;"2022-06-01";171;131;79131;2343;81605;120;2941;429;3490;144;12866;2384;15394;9;259;363;631;404;95197;5519;101120;"2025-09-25 11:25:51"
6099;"2022-06-01";172;197;37428;143;37768;209;1562;46;1817;148;11246;810;12204;13;147;102;262;567;50383;1101;52051;"2025-09-25 11:25:51"
6100;"2022-06-01";173;73;13337;2139;15549;50;753;187;990;97;7608;351;8056;8;71;44;123;228;21769;2721;24718;"2025-09-25 11:25:51"
6101;"2022-06-01";174;172;117533;1831;119536;138;3220;663;4021;179;22145;1977;24301;16;369;910;1295;505;143267;5381;149153;"2025-09-25 11:25:51"
6102;"2022-06-01";175;103;12487;90185;102775;54;635;1922;2611;176;8815;450;9441;4;148;33;185;337;22085;92590;115012;"2025-09-25 11:25:51"
6103;"2022-06-01";176;188;108509;2409;111106;145;3539;694;4378;189;21048;3424;24661;17;356;840;1213;539;133452;7367;141358;"2025-09-25 11:25:51"
6104;"2022-06-01";177;68;19746;144;19958;40;815;91;946;91;7891;494;8476;6;84;43;133;205;28536;772;29513;"2025-09-25 11:25:51"
6105;"2022-06-01";178;90;22528;781;23399;65;1250;135;1450;117;10586;719;11422;10;157;128;295;282;34521;1763;36566;"2025-09-25 11:25:51"
6106;"2022-06-01";179;111;15536;215;15862;57;739;105;901;103;9399;202;9704;12;89;22;123;283;25763;544;26590;"2025-09-25 11:25:51"
6107;"2022-06-01";180;82;18370;275;18727;42;789;74;905;80;7898;841;8819;3;105;87;195;207;27162;1277;28646;"2025-09-25 11:25:51"
6108;"2022-06-01";181;87;12762;83;12932;72;599;49;720;100;6899;290;7289;7;49;27;83;266;20309;449;21024;"2025-09-25 11:25:51"
6109;"2022-06-01";182;71;10518;92;10681;48;572;56;676;79;6070;128;6277;8;46;19;73;206;17206;295;17707;"2025-09-25 11:25:51"
6110;"2022-06-01";183;62;11495;29646;41203;52;553;515;1120;85;6275;181;6541;10;69;20;99;209;18392;30362;48963;"2025-09-25 11:25:51"
6111;"2022-06-01";184;105;23406;47261;70772;79;1644;823;2546;130;14849;241;15220;10;110;33;153;324;40009;48358;88691;"2025-09-25 11:25:51"
6112;"2022-06-01";185;88;24588;502;25178;48;995;939;1982;94;7976;513;8583;6;104;143;253;236;33663;2097;35996;"2025-09-25 11:25:51"
6114;"2022-06-01";187;123;115143;1007;116273;85;3234;395;3714;116;21974;2602;24692;15;309;382;706;339;140660;4386;145385;"2025-09-25 11:25:51"
6115;"2022-06-01";188;207;113980;1713;115900;149;3974;561;4684;224;25238;1967;27429;15;452;376;843;595;143644;4617;148856;"2025-09-25 11:25:51"
6116;"2022-06-01";189;61;13503;37;13601;34;678;54;766;66;6292;610;6968;11;74;38;123;172;20547;739;21458;"2025-09-25 11:25:51"
6117;"2022-06-01";190;191;184312;2522;187025;109;5442;796;6347;227;25453;3495;29175;17;510;449;976;544;215717;7262;223523;"2025-09-25 11:25:51"
6118;"2022-06-01";44;44;9740;35;9819;38;405;18;461;41;5278;196;5515;0;51;63;114;123;15474;312;15909;"2025-09-25 11:25:51"
6119;"2022-06-01";192;145;56511;637;57293;82;2158;249;2489;154;17431;988;18573;13;182;137;332;394;76282;2011;78687;"2025-09-25 11:25:51"
6120;"2022-06-01";193;87;26802;426;27315;60;1277;117;1454;123;9965;263;10351;9;120;75;204;279;38164;881;39324;"2025-09-25 11:25:51"
6121;"2022-06-01";194;86;10899;65;11050;43;453;39;535;69;6855;87;7011;1;53;15;69;199;18260;206;18665;"2025-09-25 11:25:51"
6122;"2022-06-01";195;116;35229;430;35775;91;1684;258;2033;170;16753;1035;17958;15;158;159;332;392;53824;1882;56098;"2025-09-25 11:25:51"
6123;"2022-06-01";196;64;19414;151;19629;47;839;36;922;83;10984;974;12041;6;116;147;269;200;31353;1308;32861;"2025-09-25 11:25:51"
6124;"2022-06-01";197;216;61925;1020;63161;236;2242;295;2773;267;18996;1161;20424;51;258;223;532;770;83421;2699;86890;"2025-09-25 11:25:51"
6125;"2022-06-01";198;78;12424;116;12618;50;635;49;734;113;5968;109;6190;10;56;23;89;251;19083;297;19631;"2025-09-25 11:25:51"
6126;"2022-06-01";199;55;5854;34;5943;34;285;26;345;56;3760;45;3861;1;30;8;39;146;9929;113;10188;"2025-09-25 11:25:51"
6127;"2022-06-01";200;131;39902;501;40534;79;1696;148;1923;142;14468;736;15346;33;190;136;359;385;56256;1521;58162;"2025-09-25 11:25:51"
6128;"2022-06-01";201;115;43119;456;43690;82;1802;250;2134;126;15861;1542;17529;11;197;337;545;334;60979;2585;63898;"2025-09-25 11:25:51"
6129;"2022-06-01";202;100;21794;182;22076;61;755;78;894;105;8249;192;8546;20;95;40;155;286;30893;492;31671;"2025-09-25 11:25:51"
6130;"2022-06-01";203;68;3847;394;4309;18;250;193;461;64;1336;29;1429;8;20;2;30;158;5453;618;6229;"2025-09-25 11:25:51"
6131;"2022-06-01";204;123;19316;140;19579;62;679;79;820;121;6506;108;6735;8;102;30;140;314;26603;357;27274;"2025-09-25 11:25:51"
6132;"2022-06-01";205;84;18673;89;18846;87;889;78;1054;140;11803;806;12749;10;89;102;201;321;31454;1075;32850;"2025-09-25 11:25:51"
6133;"2022-06-01";206;80;17020;144;17244;41;661;48;750;85;7731;622;8438;10;77;131;218;216;25489;945;26650;"2025-09-25 11:25:51"
6134;"2022-06-01";207;58;9665;40;9763;64;449;44;557;73;5850;110;6033;3;59;15;77;198;16023;209;16430;"2025-09-25 11:25:51"
6135;"2022-06-01";208;117;54917;302;55336;66;1945;411;2422;108;12676;1477;14261;9;175;261;445;300;69713;2451;72464;"2025-09-25 11:25:51"
6136;"2022-06-01";209;137;102650;1345;104132;90;3149;796;4035;198;17514;4462;22174;11;345;1761;2117;436;123658;8364;132458;"2025-09-25 11:25:51"
6137;"2022-06-01";210;146;121143;2015;123304;83;3202;299;3584;93;17794;971;18858;17;327;278;622;339;142466;3563;146368;"2025-09-25 11:25:51"
6139;"2022-06-01";212;121;91850;1010;92981;93;3117;486;3696;137;11762;428;12327;11;261;157;429;362;106990;2081;109433;"2025-09-25 11:25:51"
6140;"2022-06-01";213;91;22888;187;23166;65;900;165;1130;103;9067;239;9409;12;62;167;241;271;32917;758;33946;"2025-09-25 11:25:51"
6142;"2022-06-01";215;241;232340;2297;234878;167;6769;559;7495;217;40137;4071;44425;27;614;566;1207;652;279860;7493;288005;"2025-09-25 11:25:51"
6143;"2022-06-01";216;94;13642;159;13895;57;580;110;747;120;6134;144;6398;6;57;31;94;277;20413;444;21134;"2025-09-25 11:25:51"
6144;"2022-06-01";217;110;41611;490;42211;92;1490;188;1770;102;13518;2609;16229;10;148;634;792;314;56767;3921;61002;"2025-09-25 11:25:51"
6145;"2022-06-01";218;97;45216;683;45996;74;1574;238;1886;133;10447;502;11082;11;143;109;263;315;57380;1532;59227;"2025-09-25 11:25:51"
6146;"2022-06-01";219;91;12863;100;13054;59;529;52;640;85;7023;479;7587;7;135;144;286;242;20550;775;21567;"2025-09-25 11:25:51"
6147;"2022-06-01";220;164;143543;1216;144923;99;4449;800;5348;141;22055;6960;29156;15;516;1633;2164;419;170563;10609;181591;"2025-09-25 11:25:51"
6148;"2022-06-01";221;60;9976;65;10101;51;432;43;526;88;4531;546;5165;7;46;97;150;206;14985;751;15942;"2025-09-25 11:25:51"
6149;"2022-06-01";222;208;138233;2706;141147;177;3608;1036;4821;235;26535;2314;29084;22;403;428;853;642;168779;6484;175905;"2025-09-25 11:25:51"
6150;"2022-06-01";223;69;24650;184;24903;67;1103;107;1277;85;10155;404;10644;8;128;62;198;229;36036;757;37022;"2025-09-25 11:25:51"
6151;"2022-06-01";224;132;81792;1293;83217;69;2081;482;2632;146;10553;948;11647;11;110;152;273;358;94536;2875;97769;"2025-09-25 11:25:51"
6152;"2022-06-01";225;71;86284;3301;89656;32;2031;444;2507;52;11000;1621;12673;3;159;234;396;158;99474;5600;105232;"2025-09-25 11:25:51"
6153;"2022-06-01";226;255;142393;49798;192446;221;2280;1135;3636;151;10364;959;11474;11;163;183;357;638;155200;52075;207913;"2025-09-25 11:25:51"
6154;"2022-06-01";227;170;98043;1572;99785;166;2464;247;2877;120;16569;1337;18026;9;240;318;567;465;117316;3474;121255;"2025-09-25 11:25:51"
6155;"2022-06-01";228;88;84788;731;85607;38;2126;176;2340;85;7722;859;8666;8;219;247;474;219;94855;2013;97087;"2025-09-25 11:25:51"
6156;"2022-06-01";229;103;41990;753;42846;81;1831;256;2168;118;8742;308;9168;8;132;71;211;310;52695;1388;54393;"2025-09-25 11:25:51"
6157;"2022-06-01";230;59;15909;99;16067;61;569;43;673;102;7681;166;7949;5;55;76;136;227;24214;384;24825;"2025-09-25 11:25:51"
6158;"2022-06-01";231;73;32280;27496;59849;56;1148;335;1539;67;10121;531;10719;6;223;228;457;202;43772;28590;72564;"2025-09-25 11:25:51"
6159;"2022-06-01";232;51;12893;165;13109;55;515;84;654;110;6392;152;6654;8;64;19;91;224;19864;420;20508;"2025-09-25 11:25:51"
6160;"2022-06-01";233;85;15120;101;15306;56;627;71;754;133;7897;392;8422;9;59;59;127;283;23703;623;24609;"2025-09-25 11:25:51"
6162;"2022-06-01";235;261;75524;973;76758;143;3124;153;3420;332;27149;614;28095;41;228;131;400;777;106025;1871;108673;"2025-09-25 11:25:51"
6163;"2022-06-01";236;565;236463;257999;495027;345;7596;6567;14508;670;53083;3296;57049;40;894;519;1453;1620;298036;268381;568037;"2025-09-25 11:25:51"
6165;"2022-07-01";1;155;206221;20089;226465;53;4216;608;4877;184;13694;1701;15579;15;295;156;466;407;224426;22554;247387;"2025-09-25 11:25:59"
6166;"2022-07-01";2;103;127450;5099;132652;41;3641;738;4420;154;12350;2469;14973;7;176;228;411;305;143617;8534;152456;"2025-09-25 11:25:59"
6167;"2022-07-01";3;104;60967;2147;63218;65;2450;717;3232;130;7234;1270;8634;14;109;108;231;313;70760;4242;75315;"2025-09-25 11:25:59"
6168;"2022-07-01";4;113;65556;1678;67347;82;1807;169;2058;117;15730;2117;17964;10;327;495;832;322;83420;4459;88201;"2025-09-25 11:25:59"
6169;"2022-07-01";5;97;99274;3124;102495;48;3468;305;3821;147;9452;2093;11692;11;148;175;334;303;112342;5697;118342;"2025-09-25 11:25:59"
6170;"2022-07-01";6;87;80443;3485;84015;42;2442;377;2861;159;10209;1705;12073;10;95;268;373;298;93189;5835;99322;"2025-09-25 11:25:59"
6171;"2022-07-01";7;100;113229;10094;123423;60;4575;579;5214;126;14018;2748;16892;6;275;160;441;292;132097;13581;145970;"2025-09-25 11:25:59"
6172;"2022-07-01";8;52;70658;3400;74110;29;3062;473;3564;74;10869;2298;13241;10;150;115;275;165;84739;6286;91190;"2025-09-25 11:25:59"
6173;"2022-07-01";9;88;129077;5575;134740;54;3806;847;4707;172;10287;2138;12597;10;195;267;472;324;143365;8827;152516;"2025-09-25 11:25:59"
6174;"2022-07-01";10;92;76882;4703;81677;52;2681;575;3308;125;8336;2041;10502;11;151;171;333;280;88050;7490;95820;"2025-09-25 11:25:59"
6175;"2022-07-01";11;106;80586;2252;82944;56;2943;139;3138;140;9892;2171;12203;10;125;102;237;312;93546;4664;98522;"2025-09-25 11:25:59"
6176;"2022-07-01";12;107;93970;1181;95258;50;2548;136;2734;131;6851;1206;8188;16;113;229;358;304;103482;2752;106538;"2025-09-25 11:25:59"
6177;"2022-07-01";13;104;100939;4578;105621;56;2824;655;3535;160;9724;2155;12039;19;210;157;386;339;113697;7545;121581;"2025-09-25 11:25:59"
6178;"2022-07-01";14;191;75359;3105;78655;108;2241;408;2757;133;5993;1861;7987;11;107;322;440;443;83700;5696;89839;"2025-09-25 11:25:59"
6179;"2022-07-01";15;204;150800;5041;156045;127;3218;750;4095;177;10810;4950;15937;12;249;163;424;520;165077;10904;176501;"2025-09-25 11:25:59"
6180;"2022-07-01";16;120;82853;8789;91762;46;2115;901;3062;193;8714;1937;10844;18;169;96;283;377;93851;11723;105951;"2025-09-25 11:25:59"
6181;"2022-07-01";17;94;105123;2138;107355;47;3198;1125;4370;151;8792;1738;10681;8;155;113;276;300;117268;5114;122682;"2025-09-25 11:25:59"
6182;"2022-07-01";18;125;205778;7078;212981;98;4516;1657;6271;157;24553;5423;30133;13;326;356;695;393;235173;14514;250080;"2025-09-25 11:25:59"
6183;"2022-07-01";19;120;127526;4456;132102;57;3452;759;4268;134;11567;2897;14598;7;244;440;691;318;142789;8552;151659;"2025-09-25 11:25:59"
6184;"2022-07-01";20;134;117576;3646;121356;58;4131;166;4355;171;14512;4376;19059;14;580;631;1225;377;136799;8819;145995;"2025-09-25 11:25:59"
6185;"2022-07-01";21;136;65406;1225;66767;63;2009;57;2129;137;5309;928;6374;11;111;35;157;347;72835;2245;75427;"2025-09-25 11:25:59"
6186;"2022-07-01";22;99;113092;4126;117317;44;3533;751;4328;145;10387;1965;12497;15;146;200;361;303;127158;7042;134503;"2025-09-25 11:25:59"
6187;"2022-07-01";23;1686;38956;952;41594;1760;1587;256;3603;361;3764;909;5034;102;78;74;254;3909;44385;2191;50485;"2025-09-25 11:25:59"
6188;"2022-07-01";63;118;87674;1143;88935;113;2010;306;2429;94;10187;851;11132;6;172;264;442;331;100043;2564;102938;"2025-09-25 11:25:59"
6189;"2022-07-01";25;77;90292;5800;96169;35;3512;546;4093;119;11914;2809;14842;16;176;336;528;247;105894;9491;115632;"2025-09-25 11:25:59"
6190;"2022-07-01";146;830;313176;260586;574592;500;10701;6703;17904;1011;80542;3900;85453;80;1161;652;1893;2421;405580;271841;679842;"2025-09-25 11:25:59"
6192;"2022-07-01";28;95;67229;2659;69983;62;2279;801;3142;103;9947;3186;13236;13;159;672;844;273;79614;7318;87205;"2025-09-25 11:25:59"
6193;"2022-07-01";29;75;69291;820;70186;58;2221;545;2824;116;10597;1111;11824;11;192;205;408;260;82301;2681;85242;"2025-09-25 11:25:59"
6194;"2022-07-01";77;277;135049;2885;138211;208;2895;530;3633;220;16206;3171;19597;16;304;592;912;721;154454;7178;162353;"2025-09-25 11:25:59"
6195;"2022-07-01";57;68;55997;680;56745;41;1304;145;1490;77;4562;302;4941;6;120;49;175;192;61983;1176;63351;"2025-09-25 11:25:59"
6196;"2022-07-01";32;75;84216;1571;85862;31;2148;336;2515;64;10278;1476;11818;1;168;248;417;171;96810;3631;100612;"2025-09-25 11:25:59"
6197;"2022-07-01";33;125;106832;18617;125574;67;2983;492;3542;170;13120;2237;15527;11;158;510;679;373;123093;21856;145322;"2025-09-25 11:25:59"
6198;"2022-07-01";79;85;105697;1425;107207;43;2244;274;2561;88;10727;1466;12281;9;203;335;547;225;118871;3500;122596;"2025-09-25 11:25:59"
6199;"2022-07-01";35;86;66007;2714;68807;72;2321;308;2701;114;14743;2294;17151;11;208;315;534;283;83279;5631;89193;"2025-09-25 11:25:59"
6200;"2022-07-01";36;100;91769;3602;95471;52;2924;336;3312;106;13075;1967;15148;9;173;283;465;267;107941;6188;114396;"2025-09-25 11:25:59"
6201;"2022-07-01";60;269;184228;6100;190597;313;4618;287;5218;204;18831;2195;21230;29;401;479;909;815;208078;9061;217954;"2025-09-25 11:25:59"
6202;"2022-07-01";38;50;58313;44700;103063;26;1511;929;2466;80;5794;1160;7034;10;123;359;492;166;65741;47148;113055;"2025-09-25 11:25:59"
6203;"2022-07-01";39;283;85326;9794;95403;475;1773;555;2803;182;8312;2217;10711;28;158;702;888;968;95569;13268;109805;"2025-09-25 11:25:59"
6204;"2022-07-01";40;83;26315;1290;27688;51;1039;296;1386;83;4146;355;4584;10;42;51;103;227;31542;1992;33761;"2025-09-25 11:25:59"
6206;"2022-07-01";42;126;148849;13426;162401;61;3465;290;3816;125;13238;2107;15470;9;260;499;768;321;165812;16322;182455;"2025-09-25 11:25:59"
6209;"2022-07-01";46;194;238577;8071;246842;111;5145;723;5979;187;29631;5368;35186;12;464;559;1035;504;273817;14721;289042;"2025-09-25 11:25:59"
6210;"2022-07-01";47;111;115301;1745;117157;116;3121;499;3736;290;19349;2736;22375;56;332;283;671;573;138103;5263;143939;"2025-09-25 11:25:59"
6214;"2022-07-01";51;161;191427;2641;194229;201;3266;638;4105;209;16602;1299;18110;13;365;151;529;584;211660;4729;216973;"2025-09-25 11:25:59"
6217;"2022-07-01";54;126;26242;8799;35167;60;1204;879;2143;163;9740;751;10654;9;104;88;201;358;37290;10517;48165;"2025-09-25 11:25:59"
6218;"2022-07-01";55;111;95614;172751;268476;64;3592;2508;6164;114;22136;2665;24915;17;492;310;819;306;121834;178234;300374;"2025-09-25 11:25:59"
6219;"2022-07-01";56;306;212316;39123;251745;379;5876;1321;7576;170;29787;3439;33396;21;429;540;990;876;248408;44423;293707;"2025-09-25 11:25:59"
6221;"2022-07-01";58;189;139229;3520;142938;99;4572;125;4796;132;17286;4457;21875;15;355;875;1245;435;161442;8977;170854;"2025-09-25 11:25:59"
6222;"2022-07-01";59;143;200060;32988;233191;89;5198;1070;6357;108;22839;3000;25947;11;317;317;645;351;228414;37375;266140;"2025-09-25 11:25:59"
6224;"2022-07-01";61;170;186814;4725;191709;100;3412;678;4190;146;12128;2892;15166;10;309;409;728;426;202663;8704;211793;"2025-09-25 11:25:59"
6225;"2022-07-01";62;65;8416;98;8579;42;517;62;621;116;3743;60;3919;2;34;16;52;225;12710;236;13171;"2025-09-25 11:25:59"
6228;"2022-07-01";65;175;168243;4114;172532;147;4634;444;5225;188;26313;7820;34321;23;559;896;1478;533;199749;13274;213556;"2025-09-25 11:25:59"
6234;"2022-07-01";71;82;71222;2651;73955;45;2417;552;3014;103;13887;3927;17917;10;260;462;732;240;87786;7592;95618;"2025-09-25 11:25:59"
6237;"2022-07-01";74;124;164251;2475;166850;101;3366;333;3800;419;15009;2337;17765;20;464;297;781;664;183090;5442;189196;"2025-09-25 11:25:59"
6243;"2022-07-01";80;163;103629;1413;105205;82;2739;680;3501;164;19621;4038;23823;9;335;1003;1347;418;126324;7134;133876;"2025-09-25 11:25:59"
6246;"2022-07-01";83;349;167833;1011;169193;232;3622;470;4324;253;14960;1776;16989;52;556;165;773;886;186971;3422;191279;"2025-09-25 11:25:59"
6248;"2022-07-01";85;133;24104;167;24404;83;1238;150;1471;156;6491;210;6857;14;114;43;171;386;31947;570;32903;"2025-09-25 11:25:59"
6249;"2022-07-01";86;294;162927;1171;164392;162;4585;346;5093;186;19256;2387;21829;23;327;222;572;665;187095;4126;191886;"2025-09-25 11:25:59"
6250;"2022-07-01";87;105;112294;3279;115678;76;2777;861;3714;81;12972;2048;15101;10;296;154;460;272;128339;6342;134953;"2025-09-25 11:25:59"
6251;"2022-07-01";88;70;104509;2196;106775;28;2385;490;2903;31;9714;1427;11172;1;187;139;327;130;116795;4252;121177;"2025-09-25 11:25:59"
6252;"2022-07-01";89;472;26860;310;27642;122;561;26;709;120;1809;367;2296;20;48;7;75;734;29278;710;30722;"2025-09-25 11:25:59"
6253;"2022-07-01";90;118;87771;1686;89575;76;2694;459;3229;98;10747;2174;13019;9;169;157;335;301;101381;4476;106158;"2025-09-25 11:25:59"
6254;"2022-07-01";91;180;163356;853;164389;99;5391;2645;8135;123;30093;4741;34957;13;526;349;888;415;199366;8588;208369;"2025-09-25 11:25:59"
6255;"2022-07-01";92;85;60041;1066;61192;77;1805;290;2172;99;8582;1290;9971;12;143;146;301;273;70571;2792;73636;"2025-09-25 11:25:59"
6256;"2022-07-01";93;125;87262;827;88214;72;2426;173;2671;93;9345;3971;13409;8;151;268;427;298;99184;5239;104721;"2025-09-25 11:25:59"
6257;"2022-07-01";94;231;195882;2206;198319;113;5666;1518;7297;188;30042;4101;34331;8;582;717;1307;540;232172;8542;241254;"2025-09-25 11:25:59"
6258;"2022-07-01";95;347;261201;1976;263524;191;8319;1082;9592;231;43209;5611;49051;27;896;475;1398;796;313625;9144;323565;"2025-09-25 11:25:59"
6259;"2022-07-01";96;79;32034;773;32886;42;1412;68;1522;82;5457;634;6173;12;90;50;152;215;38993;1525;40733;"2025-09-25 11:25:59"
6260;"2022-07-01";97;278;253344;5427;259049;220;8723;1170;10113;207;35203;5776;41186;30;493;558;1081;735;297763;12931;311429;"2025-09-25 11:25:59"
6261;"2022-07-01";101;178;178501;3928;182607;67;2779;1277;4123;112;8089;1994;10195;13;289;217;519;370;189658;7416;197444;"2025-09-25 11:25:59"
6262;"2022-07-01";102;168;67548;1011;68727;57;2318;218;2593;76;7767;1261;9104;3;163;142;308;304;77796;2632;80732;"2025-09-25 11:25:59"
6263;"2022-07-01";103;208;59373;2015;61596;64;2478;263;2805;107;9237;1559;10903;17;137;180;334;396;71225;4017;75638;"2025-09-25 11:25:59"
6264;"2022-07-01";104;134;178158;4622;182914;169;5155;1437;6761;165;21171;2911;24247;24;428;587;1039;492;204912;9557;214961;"2025-09-25 11:25:59"
6265;"2022-07-01";105;124;138309;1589;140022;82;2424;91;2597;62;6937;1489;8488;2;207;130;339;270;147877;3299;151446;"2025-09-25 11:25:59"
6266;"2022-07-01";106;193;92857;1027;94077;170;2987;641;3798;104;8448;2050;10602;14;171;104;289;481;104463;3822;108766;"2025-09-25 11:25:59"
6267;"2022-07-01";107;273;64482;1367;66122;89;2581;110;2780;103;6517;1641;8261;23;145;106;274;488;73725;3224;77437;"2025-09-25 11:25:59"
6268;"2022-07-01";108;179;213741;1791;215711;114;6919;454;7487;153;36843;5813;42809;21;525;417;963;467;258028;8475;266970;"2025-09-25 11:25:59"
6269;"2022-07-01";109;187;132500;2374;135061;160;5473;1127;6760;221;22863;3758;26842;13;305;343;661;581;161141;7602;169324;"2025-09-25 11:25:59"
6270;"2022-07-01";110;70;121846;2343;124259;40;4457;641;5138;36;18863;2498;21397;3;358;373;734;149;145524;5855;151528;"2025-09-25 11:25:59"
6271;"2022-07-01";111;152;87483;752;88387;98;3328;465;3891;140;18787;3271;22198;13;790;283;1086;403;110388;4771;115562;"2025-09-25 11:25:59"
6272;"2022-07-01";112;148;109333;2243;111724;112;2447;629;3188;127;9420;3521;13068;13;230;156;399;400;121430;6549;128379;"2025-09-25 11:25:59"
6273;"2022-07-01";113;89;72479;1323;73891;33;2501;906;3440;40;9298;1603;10941;0;147;133;280;162;84425;3965;88552;"2025-09-25 11:25:59"
6274;"2022-07-01";114;155;92069;665;92889;91;3862;449;4402;147;18106;2183;20436;14;376;200;590;407;114413;3497;118317;"2025-09-25 11:25:59"
6275;"2022-07-01";115;226;49325;388;49939;100;1866;681;2647;244;11864;802;12910;10;233;86;329;580;63288;1957;65825;"2025-09-25 11:25:59"
6276;"2022-07-01";116;173;49275;386;49834;82;2153;718;2953;195;13954;5798;19947;9;253;375;637;459;65635;7277;73371;"2025-09-25 11:25:59"
6277;"2022-07-01";117;84;17168;111;17363;72;807;120;999;149;6209;4518;10876;5;121;509;635;310;24305;5258;29873;"2025-09-25 11:25:59"
6278;"2022-07-01";118;82;97051;1156;98289;56;3045;530;3631;70;10311;2158;12539;9;252;152;413;217;110659;3996;114872;"2025-09-25 11:25:59"
6279;"2022-07-01";119;41;177135;2876;180052;34;3864;625;4523;34;11822;3350;15206;7;391;185;583;116;193212;7036;200364;"2025-09-25 11:25:59"
6280;"2022-07-01";120;20;141088;831;141939;16;2072;199;2287;23;4961;1363;6347;0;197;31;228;59;148318;2424;150801;"2025-09-25 11:25:59"
6281;"2022-07-01";121;361;111300;1607;113268;176;4176;1305;5657;238;20904;4685;25827;15;560;449;1024;790;136940;8046;145776;"2025-09-25 11:25:59"
6282;"2022-07-01";122;110;58399;436;58945;96;1479;118;1693;86;6023;2079;8188;10;115;312;437;302;66016;2945;69263;"2025-09-25 11:25:59"
6283;"2022-07-01";123;254;145867;2275;148396;271;4956;419;5646;200;18098;2724;21022;26;423;265;714;751;169344;5683;175778;"2025-09-25 11:25:59"
6284;"2022-07-01";124;199;96680;928;97807;84;3614;633;4331;126;18246;4337;22709;16;365;517;898;425;118905;6415;125745;"2025-09-25 11:25:59"
6285;"2022-07-01";125;243;194574;2407;197224;102;5972;2549;8623;173;29668;5558;35399;20;527;296;843;538;230741;10810;242089;"2025-09-25 11:25:59"
6286;"2022-07-01";126;329;264401;3489;268219;168;8395;1968;10531;245;34818;6864;41927;23;719;954;1696;765;308333;13275;322373;"2025-09-25 11:25:59"
6287;"2022-07-01";127;164;65222;4878;70264;73;3122;771;3966;148;20582;2835;23565;12;283;388;683;397;89209;8872;98478;"2025-09-25 11:25:59"
6288;"2022-07-01";128;193;116792;853;117838;89;2840;328;3257;134;15741;2192;18067;10;269;155;434;426;135642;3528;139596;"2025-09-25 11:25:59"
6289;"2022-07-01";129;377;404926;2997;408300;219;11032;2725;13976;289;60513;7062;67864;73;1376;560;2009;958;477847;13344;492149;"2025-09-25 11:25:59"
6291;"2022-07-01";238;143;90296;2467;92906;128;2829;512;3469;245;17912;1394;19551;27;323;373;723;543;111360;4746;116649;"2025-09-25 11:25:59"
6292;"2022-07-01";214;64;18898;208;19170;62;775;70;907;96;7174;206;7476;7;85;68;160;229;26932;552;27713;"2025-09-25 11:25:59"
6293;"2022-07-01";240;106;38257;653;39016;76;1332;153;1561;123;6905;462;7490;13;141;201;355;318;46635;1469;48422;"2025-09-25 11:25:59"
6294;"2022-07-01";241;115;25357;447;25919;107;921;128;1156;181;6684;169;7034;6;101;43;150;409;33063;787;34259;"2025-09-25 11:25:59"
6295;"2022-07-01";242;112;32896;887;33895;90;1178;140;1408;101;5468;287;5856;6;118;94;218;309;39660;1408;41377;"2025-09-25 11:25:59"
6296;"2022-07-01";243;53;8526;60;8639;49;334;29;412;96;3276;48;3420;7;44;11;62;205;12180;148;12533;"2025-09-25 11:25:59"
6297;"2022-07-01";244;42;11789;198;12029;34;442;28;504;109;4069;75;4253;6;63;19;88;191;16363;320;16874;"2025-09-25 11:25:59"
6298;"2022-07-01";245;124;14640;148;14912;84;711;53;848;121;6149;135;6405;8;88;45;141;337;21588;381;22306;"2025-09-25 11:25:59"
6299;"2022-07-01";246;211;151811;2626;154648;156;4733;507;5396;226;26256;2145;28627;23;513;340;876;616;183313;5618;189547;"2025-09-25 11:25:59"
6300;"2022-07-01";247;53;13874;129;14056;44;538;62;644;113;4837;88;5038;5;82;27;114;215;19331;306;19852;"2025-09-25 11:25:59"
6301;"2022-07-01";248;109;14022;206;14337;86;617;74;777;139;6142;164;6445;14;88;32;134;348;20869;476;21693;"2025-09-25 11:25:59"
6302;"2022-07-01";249;53;16621;138;16812;58;773;37;868;126;6934;139;7199;11;60;20;91;248;24388;334;24970;"2025-09-25 11:25:59"
6303;"2022-07-01";250;283;116234;2607;119124;275;3388;637;4300;268;18529;2755;21552;18;439;407;864;844;138590;6406;145840;"2025-09-25 11:25:59"
6304;"2022-07-01";251;56;15741;415;16212;57;678;156;891;106;3346;133;3585;7;90;39;136;226;19855;743;20824;"2025-09-25 11:25:59"
6305;"2022-07-01";252;99;16887;291;17277;81;818;70;969;115;8465;141;8721;14;76;34;124;309;26246;536;27091;"2025-09-25 11:25:59"
6306;"2022-07-01";253;120;26806;234;27160;104;1336;293;1733;174;11490;438;12102;22;116;78;216;420;39748;1043;41211;"2025-09-25 11:25:59"
6307;"2022-07-01";254;59;9611;64;9734;62;334;46;442;102;3276;52;3430;12;54;18;84;235;13275;180;13690;"2025-09-25 11:25:59"
6308;"2022-07-01";255;76;18412;485;18973;61;901;65;1027;116;8209;251;8576;10;87;47;144;263;27609;848;28720;"2025-09-25 11:25:59"
6310;"2022-07-01";131;72;14799;82;14953;56;820;49;925;81;7816;256;8153;11;65;26;102;220;23500;413;24133;"2025-09-25 11:25:59"
6311;"2022-07-01";132;72;10489;126;10687;44;490;73;607;113;4812;360;5285;4;64;218;286;233;15855;777;16865;"2025-09-25 11:25:59"
6312;"2022-07-01";133;69;11590;133;11792;54;647;89;790;97;6139;676;6912;13;62;74;149;233;18438;972;19643;"2025-09-25 11:25:59"
6313;"2022-07-01";134;83;16645;122;16850;54;736;91;881;112;7967;170;8249;9;67;30;106;258;25415;413;26086;"2025-09-25 11:25:59"
6314;"2022-07-01";135;71;19371;333;19775;55;856;97;1008;77;7704;651;8432;8;71;81;160;211;28002;1162;29375;"2025-09-25 11:25:59"
6315;"2022-07-01";136;78;44673;296;45047;65;2253;214;2532;110;13366;1350;14826;11;176;143;330;264;60468;2003;62735;"2025-09-25 11:25:59"
6316;"2022-07-01";137;102;52900;720;53722;75;1871;174;2120;152;13465;1694;15311;7;254;851;1112;336;68490;3439;72265;"2025-09-25 11:25:59"
6317;"2022-07-01";138;34;16242;136;16412;24;613;34;671;30;3165;569;3764;5;66;45;116;93;20086;784;20963;"2025-09-25 11:25:59"
6318;"2022-07-01";139;71;41712;244;42027;62;1597;90;1749;81;8880;979;9940;8;155;76;239;222;52344;1389;53955;"2025-09-25 11:25:59"
6319;"2022-07-01";140;1;8;0;9;0;3;0;3;0;8;0;8;0;0;0;0;1;19;0;20;"2025-09-25 11:25:59"
6320;"2022-07-01";141;208;81435;1046;82689;112;2346;334;2792;169;11844;1021;13034;14;255;243;512;503;95880;2644;99027;"2025-09-25 11:25:59"
6321;"2022-07-01";142;61;88163;1537;89761;112;2201;912;3225;63;11193;1762;13018;4;274;207;485;240;101831;4418;106489;"2025-09-25 11:25:59"
6322;"2022-07-01";143;139;89116;2015;91270;106;2632;451;3189;118;14059;2001;16178;9;333;214;556;372;106140;4681;111193;"2025-09-25 11:25:59"
6323;"2022-07-01";144;126;115951;4701;120778;93;3214;693;4000;129;15293;2023;17445;14;422;297;733;362;134880;7714;142956;"2025-09-25 11:25:59"
6324;"2022-07-01";145;211;89839;5233;95283;149;3095;416;3660;244;19650;1778;21672;26;376;286;688;630;112960;7713;121303;"2025-09-25 11:25:59"
6326;"2022-07-01";147;63;20582;63;20708;33;628;108;769;58;1923;367;2348;9;73;32;114;163;23206;570;23939;"2025-09-25 11:25:59"
6327;"2022-07-01";148;220;40730;1586;42536;120;1712;342;2174;222;12455;644;13321;23;168;115;306;585;55065;2687;58337;"2025-09-25 11:25:59"
6328;"2022-07-01";149;67;19330;1145;20542;40;1075;274;1389;87;8341;600;9028;7;93;61;161;201;28839;2080;31120;"2025-09-25 11:25:59"
6329;"2022-07-01";150;137;44346;870;45353;90;2173;374;2637;151;14993;1098;16242;28;165;78;271;406;61677;2420;64503;"2025-09-25 11:25:59"
6330;"2022-07-01";151;143;78252;639;79034;75;2577;343;2995;170;18203;2291;20664;13;353;782;1148;401;99385;4055;103841;"2025-09-25 11:25:59"
6331;"2022-07-01";152;127;38979;515;39621;75;1467;176;1718;180;12532;551;13263;31;150;148;329;413;53128;1390;54931;"2025-09-25 11:25:59"
6332;"2022-07-01";153;95;22330;367;22792;63;1193;345;1601;133;11009;380;11522;11;83;54;148;302;34615;1146;36063;"2025-09-25 11:25:59"
6333;"2022-07-01";154;157;77121;922;78200;87;2692;497;3276;160;18240;1824;20224;19;306;422;747;423;98359;3665;102447;"2025-09-25 11:25:59"
6334;"2022-07-01";155;80;19014;147;19241;39;775;115;929;107;7486;482;8075;10;78;74;162;236;27353;818;28407;"2025-09-25 11:25:59"
6335;"2022-07-01";156;177;152342;2753;155272;137;5062;540;5739;179;22892;3489;26560;41;518;374;933;534;180814;7156;188504;"2025-09-25 11:25:59"
6336;"2022-07-01";157;111;31256;296;31663;119;1422;303;1844;176;11277;693;12146;15;155;105;275;421;44110;1397;45928;"2025-09-25 11:25:59"
6337;"2022-07-01";158;96;111813;1728;113637;73;4031;611;4715;110;18925;2678;21713;10;392;391;793;289;135161;5408;140858;"2025-09-25 11:25:59"
6338;"2022-07-01";159;160;175857;2149;178166;145;4899;899;5943;215;20434;2287;22936;23;512;278;813;543;201702;5613;207858;"2025-09-25 11:25:59"
6339;"2022-07-01";160;68;10827;70;10965;53;514;67;634;120;5768;575;6463;13;57;82;152;254;17166;794;18214;"2025-09-25 11:25:59"
6340;"2022-07-01";161;75;23624;196;23895;43;1067;80;1190;178;10261;237;10676;17;121;43;181;313;35073;556;35942;"2025-09-25 11:25:59"
6341;"2022-07-01";162;159;40165;331;40655;90;1501;220;1811;135;11991;759;12885;19;185;123;327;403;53842;1433;55678;"2025-09-25 11:25:59"
6343;"2022-07-01";257;110;19200;187;19497;66;1362;93;1521;140;10375;264;10779;8;96;44;148;324;31033;588;31945;"2025-09-25 11:25:59"
6344;"2022-07-01";258;201;111164;2134;113499;128;3412;544;4084;207;18844;3109;22160;20;363;649;1032;556;133783;6436;140775;"2025-09-25 11:25:59"
6345;"2022-07-01";259;110;31497;729;32336;70;1542;171;1783;127;13156;1043;14326;7;221;121;349;314;46416;2064;48794;"2025-09-25 11:25:59"
6346;"2022-07-01";260;131;27955;2151;30237;94;1248;209;1551;168;12318;447;12933;16;144;62;222;409;41665;2869;44943;"2025-09-25 11:25:59"
6347;"2022-07-01";261;69;8439;59;8567;38;462;55;555;85;4310;249;4644;4;40;39;83;196;13251;402;13849;"2025-09-25 11:25:59"
6348;"2022-07-01";262;83;18272;191;18546;62;911;126;1099;113;8507;252;8872;10;91;47;148;268;27781;616;28665;"2025-09-25 11:25:59"
6349;"2022-07-01";263;66;9490;60;9616;59;420;23;502;98;4981;61;5140;7;39;16;62;230;14930;160;15320;"2025-09-25 11:25:59"
6350;"2022-07-01";264;105;39600;266;39971;109;1649;431;2189;185;11791;2244;14220;23;175;183;381;422;53215;3124;56761;"2025-09-25 11:25:59"
6351;"2022-07-01";265;177;109654;1922;111753;136;4301;484;4921;212;24112;3074;27398;15;312;440;767;540;138379;5920;144839;"2025-09-25 11:25:59"
6352;"2022-07-01";266;67;9281;59;9407;49;442;65;556;102;4774;277;5153;3;55;27;85;221;14552;428;15201;"2025-09-25 11:25:59"
6353;"2022-07-01";267;74;7639;33;7746;44;373;20;437;124;4362;109;4595;7;43;16;66;249;12417;178;12844;"2025-09-25 11:25:59"
6354;"2022-07-01";268;135;152041;3152;155328;103;3754;905;4762;90;19080;2454;21624;10;439;387;836;338;175314;6898;182550;"2025-09-25 11:25:59"
6355;"2022-07-01";269;288;134054;1979;136321;243;3502;589;4334;229;16045;1424;17698;25;253;244;522;785;153854;4236;158875;"2025-09-25 11:25:59"
6356;"2022-07-01";270;110;39039;2474;41623;103;1700;197;2000;138;14712;846;15696;6;208;120;334;357;55659;3637;59653;"2025-09-25 11:25:59"
6357;"2022-07-01";271;98;9099;38;9235;54;446;88;588;108;4877;96;5081;10;49;11;70;270;14471;233;14974;"2025-09-25 11:25:59"
6359;"2022-07-01";164;81;11837;167;12085;61;567;90;718;102;6375;748;7225;10;66;39;115;254;18845;1044;20143;"2025-09-25 11:25:59"
6360;"2022-07-01";165;94;19555;192;19841;76;1105;107;1288;137;12214;260;12611;6;87;34;127;313;32961;593;33867;"2025-09-25 11:25:59"
6361;"2022-07-01";166;62;9900;140;10102;35;442;67;544;64;4848;427;5339;0;48;63;111;161;15238;697;16096;"2025-09-25 11:25:59"
6362;"2022-07-01";167;94;70527;689;71310;71;2285;281;2637;83;13765;3480;17328;14;427;1635;2076;262;87004;6085;93351;"2025-09-25 11:25:59"
6363;"2022-07-01";168;48;8860;458;9366;34;441;61;536;64;3929;207;4200;1;45;22;68;147;13275;748;14170;"2025-09-25 11:25:59"
6364;"2022-07-01";169;140;49454;826;50420;123;1954;375;2452;194;15028;1674;16896;19;298;304;621;476;66734;3179;70389;"2025-09-25 11:25:59"
6365;"2022-07-01";170;82;19247;317;19646;48;829;259;1136;84;7739;965;8788;12;111;143;266;226;27926;1684;29836;"2025-09-25 11:25:59"
6366;"2022-07-01";171;137;79335;2349;81821;121;2925;428;3474;145;12898;2376;15419;9;267;369;645;412;95425;5522;101359;"2025-09-25 11:25:59"
6367;"2022-07-01";172;197;37560;143;37900;208;1561;46;1815;148;11280;807;12235;13;151;102;266;566;50552;1098;52216;"2025-09-25 11:25:59"
6368;"2022-07-01";173;75;13353;1946;15374;51;753;174;978;97;7626;349;8072;8;72;44;124;231;21804;2513;24548;"2025-09-25 11:25:59"
6369;"2022-07-01";174;173;117900;1814;119887;138;3196;651;3985;180;22249;1984;24413;16;378;914;1308;507;143723;5363;149593;"2025-09-25 11:25:59"
6370;"2022-07-01";175;103;12532;92420;105055;54;638;1953;2645;180;8852;447;9479;4;147;31;182;341;22169;94851;117361;"2025-09-25 11:25:59"
6371;"2022-07-01";176;197;108854;2430;111481;146;3523;690;4359;189;21076;3427;24692;17;355;842;1214;549;133808;7389;141746;"2025-09-25 11:25:59"
6372;"2022-07-01";177;71;19884;143;20098;40;820;91;951;92;7915;495;8502;6;85;43;134;209;28704;772;29685;"2025-09-25 11:25:59"
6373;"2022-07-01";178;98;22551;566;23215;64;1236;134;1434;118;10629;719;11466;9;160;129;298;289;34576;1548;36413;"2025-09-25 11:25:59"
6374;"2022-07-01";179;110;15555;217;15882;58;730;105;893;104;9416;200;9720;12;81;23;116;284;25782;545;26611;"2025-09-25 11:25:59"
6375;"2022-07-01";180;83;18465;241;18789;42;788;71;901;82;7950;856;8888;3;107;86;196;210;27310;1254;28774;"2025-09-25 11:25:59"
6376;"2022-07-01";181;88;12790;83;12961;74;601;49;724;98;6925;286;7309;7;52;29;88;267;20368;447;21082;"2025-09-25 11:25:59"
6377;"2022-07-01";182;75;10536;95;10706;46;566;56;668;83;6073;129;6285;8;47;19;74;212;17222;299;17733;"2025-09-25 11:25:59"
6378;"2022-07-01";183;64;11523;28711;40298;52;555;504;1111;86;6287;182;6555;10;72;20;102;212;18437;29417;48066;"2025-09-25 11:25:59"
6379;"2022-07-01";184;104;23457;49437;72998;80;1652;906;2638;131;14902;236;15269;11;109;34;154;326;40120;50613;91059;"2025-09-25 11:25:59"
6380;"2022-07-01";185;93;24612;439;25144;48;996;925;1969;94;8010;513;8617;6;109;146;261;241;33727;2023;35991;"2025-09-25 11:25:59"
6382;"2022-07-01";187;123;115515;973;116611;85;3234;390;3709;118;22039;2589;24746;15;323;381;719;341;141111;4333;145785;"2025-09-25 11:25:59"
6383;"2022-07-01";188;206;114337;1702;116245;149;3983;559;4691;225;25334;1964;27523;15;466;371;852;595;144120;4596;149311;"2025-09-25 11:25:59"
6384;"2022-07-01";189;61;13567;37;13665;35;678;54;767;66;6297;618;6981;13;76;39;128;175;20618;748;21541;"2025-09-25 11:25:59"
6385;"2022-07-01";190;191;184526;2546;187263;109;5422;791;6322;231;25528;3477;29236;17;526;446;989;548;216002;7260;223810;"2025-09-25 11:25:59"
6386;"2022-07-01";44;44;9767;35;9846;38;404;18;460;42;5291;195;5528;0;52;63;115;124;15514;311;15949;"2025-09-25 11:25:59"
6387;"2022-07-01";192;145;56646;636;57427;82;2172;252;2506;158;17522;995;18675;13;185;136;334;398;76525;2019;78942;"2025-09-25 11:25:59"
6388;"2022-07-01";193;88;26749;427;27264;59;1273;117;1449;123;10019;263;10405;9;118;75;202;279;38159;882;39320;"2025-09-25 11:25:59"
6389;"2022-07-01";194;94;10898;62;11054;48;453;39;540;84;6874;85;7043;8;52;15;75;234;18277;201;18712;"2025-09-25 11:25:59"
6390;"2022-07-01";195;116;35351;425;35892;91;1676;259;2026;170;16811;1035;18016;15;168;159;342;392;54006;1878;56276;"2025-09-25 11:25:59"
6391;"2022-07-01";196;65;19459;148;19672;47;836;39;922;83;11024;974;12081;6;116;149;271;201;31435;1310;32946;"2025-09-25 11:25:59"
6392;"2022-07-01";197;213;62079;1011;63303;227;2232;297;2756;248;19024;1167;20439;40;267;223;530;728;83602;2698;87028;"2025-09-25 11:25:59"
6393;"2022-07-01";198;78;12437;110;12625;50;635;49;734;113;5985;114;6212;10;58;24;92;251;19115;297;19663;"2025-09-25 11:25:59"
6394;"2022-07-01";199;55;5862;34;5951;34;286;27;347;58;3753;44;3855;1;29;7;37;148;9930;112;10190;"2025-09-25 11:25:59"
6395;"2022-07-01";200;126;39993;499;40618;74;1696;148;1918;131;14520;734;15385;28;188;140;356;359;56397;1521;58277;"2025-09-25 11:25:59"
6396;"2022-07-01";201;117;43218;457;43792;82;1790;246;2118;126;15910;1543;17579;11;202;340;553;336;61120;2586;64042;"2025-09-25 11:25:59"
6397;"2022-07-01";202;101;21849;183;22133;61;756;78;895;105;8259;191;8555;20;98;35;153;287;30962;487;31736;"2025-09-25 11:25:59"
6398;"2022-07-01";203;68;3876;399;4343;19;257;196;472;67;1349;29;1445;8;21;2;31;162;5503;626;6291;"2025-09-25 11:25:59"
6399;"2022-07-01";204;124;19416;121;19661;62;680;77;819;121;6531;108;6760;8;102;30;140;315;26729;336;27380;"2025-09-25 11:25:59"
6400;"2022-07-01";205;84;18710;89;18883;88;893;78;1059;140;11848;805;12793;13;89;103;205;325;31540;1075;32940;"2025-09-25 11:25:59"
6401;"2022-07-01";206;81;17087;146;17314;41;658;49;748;86;7739;622;8447;10;78;134;222;218;25562;951;26731;"2025-09-25 11:25:59"
6402;"2022-07-01";207;63;9638;40;9741;68;451;44;563;83;5860;112;6055;11;59;15;85;225;16008;211;16444;"2025-09-25 11:25:59"
6403;"2022-07-01";208;118;55039;303;55460;66;1954;411;2431;109;12691;1476;14276;9;181;262;452;302;69865;2452;72619;"2025-09-25 11:25:59"
6404;"2022-07-01";209;138;102805;1383;104326;90;3143;798;4031;197;17535;4461;22193;11;367;1759;2137;436;123850;8401;132687;"2025-09-25 11:25:59"
6405;"2022-07-01";210;149;121355;2020;123524;86;3172;299;3557;106;17813;975;18894;21;328;281;630;362;142668;3575;146605;"2025-09-25 11:25:59"
6407;"2022-07-01";212;124;91957;1007;93088;93;3103;488;3684;137;11782;450;12369;11;265;158;434;365;107107;2103;109575;"2025-09-25 11:25:59"
6408;"2022-07-01";213;92;22961;188;23241;67;899;165;1131;103;9099;239;9441;11;63;167;241;273;33022;759;34054;"2025-09-25 11:25:59"
6410;"2022-07-01";215;249;232830;2301;235380;168;6723;557;7448;219;40226;4088;44533;26;618;571;1215;662;280397;7517;288576;"2025-09-25 11:25:59"
6411;"2022-07-01";216;95;13679;158;13932;57;575;111;743;120;6116;144;6380;6;59;30;95;278;20429;443;21150;"2025-09-25 11:25:59"
6412;"2022-07-01";217;110;41723;489;42322;95;1481;185;1761;103;13564;2615;16282;10;145;634;789;318;56913;3923;61154;"2025-09-25 11:25:59"
6413;"2022-07-01";218;100;45393;669;46162;74;1561;236;1871;134;10456;505;11095;11;145;109;265;319;57555;1519;59393;"2025-09-25 11:25:59"
6414;"2022-07-01";219;91;12920;66;13077;59;523;52;634;86;7038;478;7602;7;134;143;284;243;20615;739;21597;"2025-09-25 11:25:59"
6415;"2022-07-01";220;164;143776;1216;145156;102;4425;800;5327;143;22068;6954;29165;14;525;1623;2162;423;170794;10593;181810;"2025-09-25 11:25:59"
6416;"2022-07-01";221;60;10024;63;10147;50;431;43;524;87;4543;544;5174;7;46;97;150;204;15044;747;15995;"2025-09-25 11:25:59"
6417;"2022-07-01";222;209;138430;2694;141333;177;3589;1031;4797;239;26521;2300;29060;24;412;427;863;649;168952;6452;176053;"2025-09-25 11:25:59"
6418;"2022-07-01";223;69;24651;184;24904;67;1104;107;1278;83;10153;403;10639;8;133;63;204;227;36041;757;37025;"2025-09-25 11:25:59"
6419;"2022-07-01";224;132;81714;1310;83156;69;2086;481;2636;145;10552;948;11645;11;114;154;279;357;94466;2893;97716;"2025-09-25 11:25:59"
6420;"2022-07-01";225;67;86668;3325;90060;32;2033;444;2509;52;11017;1615;12684;3;158;238;399;154;99876;5622;105652;"2025-09-25 11:25:59"
6421;"2022-07-01";226;255;143429;50458;194142;235;2265;1129;3629;152;10404;954;11510;10;167;184;361;652;156265;52725;209642;"2025-09-25 11:25:59"
6422;"2022-07-01";227;173;98296;1577;100046;165;2460;248;2873;122;16561;1340;18023;11;246;318;575;471;117563;3483;121517;"2025-09-25 11:25:59"
6423;"2022-07-01";228;86;84932;727;85745;38;2122;177;2337;85;7725;867;8677;9;225;247;481;218;95004;2018;97240;"2025-09-25 11:25:59"
6424;"2022-07-01";229;102;42090;752;42944;81;1831;255;2167;118;8750;305;9173;8;129;72;209;309;52800;1384;54493;"2025-09-25 11:25:59"
6425;"2022-07-01";230;59;15926;97;16082;61;567;42;670;101;7705;166;7972;6;56;76;138;227;24254;381;24862;"2025-09-25 11:25:59"
6426;"2022-07-01";231;74;32185;30228;62487;59;1148;320;1527;68;10084;527;10679;6;224;226;456;207;43641;31301;75149;"2025-09-25 11:25:59"
6427;"2022-07-01";232;52;12923;165;13140;56;513;84;653;112;6397;152;6661;8;66;19;93;228;19899;420;20547;"2025-09-25 11:25:59"
6428;"2022-07-01";233;86;15164;100;15350;58;630;69;757;132;7918;396;8446;9;60;59;128;285;23772;624;24681;"2025-09-25 11:25:59"
6430;"2022-07-01";235;262;75696;974;76932;145;3126;153;3424;335;27167;617;28119;40;230;132;402;782;106219;1876;108877;"2025-09-25 11:25:59"
6431;"2022-07-01";236;568;237480;259612;497660;355;7575;6550;14480;676;53375;3283;57334;40;931;520;1491;1639;299361;269965;570965;"2025-09-25 11:25:59"
6433;"2022-08-01";1;156;206124;20399;226679;58;4184;610;4852;186;13761;1697;15644;15;300;148;463;415;224369;22854;247638;"2025-09-25 11:26:06"
6434;"2022-08-01";2;104;127611;5113;132828;42;3602;747;4391;155;12351;2485;14991;7;173;228;408;308;143737;8573;152618;"2025-09-25 11:26:06"
6435;"2022-08-01";3;104;61034;2130;63268;65;2464;720;3249;130;7217;1278;8625;14;115;108;237;313;70830;4236;75379;"2025-09-25 11:26:06"
6436;"2022-08-01";4;112;65638;1752;67502;83;1789;170;2042;117;15782;2130;18029;10;326;496;832;322;83535;4548;88405;"2025-09-25 11:26:06"
6437;"2022-08-01";5;97;99159;3133;102389;49;3442;307;3798;147;9452;2104;11703;12;150;174;336;305;112203;5718;118226;"2025-09-25 11:26:06"
6438;"2022-08-01";6;87;80430;3526;84043;43;2425;377;2845;162;9966;1728;11856;10;98;269;377;302;92919;5900;99121;"2025-09-25 11:26:06"
6439;"2022-08-01";7;99;113217;10286;123602;62;4566;575;5203;125;14023;2765;16913;6;278;161;445;292;132084;13787;146163;"2025-09-25 11:26:06"
6440;"2022-08-01";8;52;70737;3490;74279;29;3048;474;3551;75;10878;2290;13243;10;156;118;284;166;84819;6372;91357;"2025-09-25 11:26:06"
6441;"2022-08-01";9;88;129128;5571;134787;55;3787;846;4688;172;10255;2142;12569;10;201;264;475;325;143371;8823;152519;"2025-09-25 11:26:06"
6442;"2022-08-01";10;94;76871;4706;81671;54;2657;575;3286;125;8337;2032;10494;11;151;170;332;284;88016;7483;95783;"2025-09-25 11:26:06"
6443;"2022-08-01";11;105;80672;2248;83025;57;2915;148;3120;140;9883;2169;12192;10;124;103;237;312;93594;4668;98574;"2025-09-25 11:26:06"
6444;"2022-08-01";12;109;93861;1185;95155;49;2538;137;2724;130;6827;1205;8162;16;118;229;363;304;103344;2756;106404;"2025-09-25 11:26:06"
6445;"2022-08-01";13;103;100895;4564;105562;59;2806;655;3520;160;9670;2160;11990;19;238;157;414;341;113609;7536;121486;"2025-09-25 11:26:06"
6446;"2022-08-01";14;197;75543;3125;78865;108;2240;429;2777;133;6013;1861;8007;10;127;336;473;448;83923;5751;90122;"2025-09-25 11:26:06"
6447;"2022-08-01";15;204;150325;5093;155622;130;3212;753;4095;176;10789;4946;15911;12;251;166;429;522;164577;10958;176057;"2025-09-25 11:26:06"
6448;"2022-08-01";16;124;82686;8812;91622;46;2098;905;3049;187;8741;1928;10856;18;171;97;286;375;93696;11742;105813;"2025-09-25 11:26:06"
6449;"2022-08-01";17;94;105174;2143;107411;48;3199;1123;4370;151;8783;1741;10675;8;161;112;281;301;117317;5119;122737;"2025-09-25 11:26:06"
6450;"2022-08-01";18;125;205829;7105;213059;97;4515;1658;6270;158;24558;5410;30126;13;333;359;705;393;235235;14532;250160;"2025-09-25 11:26:06"
6451;"2022-08-01";19;122;127458;4462;132042;59;3445;758;4262;138;11542;2892;14572;7;247;444;698;326;142692;8556;151574;"2025-09-25 11:26:06"
6452;"2022-08-01";20;133;117710;3651;121494;58;4110;163;4331;169;14463;4366;18998;14;577;621;1212;374;136860;8801;146035;"2025-09-25 11:26:06"
6453;"2022-08-01";21;244;65451;1227;66922;128;2005;57;2190;145;5290;813;6248;11;108;30;149;528;72854;2127;75509;"2025-09-25 11:26:06"
6454;"2022-08-01";22;100;113119;4116;117335;48;3504;750;4302;143;10328;1971;12442;15;151;196;362;306;127102;7033;134441;"2025-09-25 11:26:06"
6455;"2022-08-01";23;1515;38965;879;41359;1696;1589;254;3539;353;3752;905;5010;102;79;74;255;3666;44385;2112;50163;"2025-09-25 11:26:06"
6456;"2022-08-01";63;118;87533;1145;88796;110;2006;301;2417;94;10170;846;11110;6;172;265;443;328;99881;2557;102766;"2025-09-25 11:26:06"
6457;"2022-08-01";25;79;90350;5830;96259;38;3509;554;4101;119;11920;2853;14892;16;178;338;532;252;105957;9575;115784;"2025-09-25 11:26:06"
6458;"2022-08-01";146;830;314393;261628;576851;493;10706;6729;17928;1012;80961;3906;85879;80;1188;650;1918;2415;407248;272913;682576;"2025-09-25 11:26:06"
6460;"2022-08-01";28;95;67230;2621;69946;62;2270;797;3129;102;9931;3197;13230;13;163;670;846;272;79594;7285;87151;"2025-09-25 11:26:06"
6461;"2022-08-01";29;74;69374;807;70255;58;2219;546;2823;119;10610;1113;11842;11;199;204;414;262;82402;2670;85334;"2025-09-25 11:26:06"
6462;"2022-08-01";77;279;135069;2787;138135;204;2885;533;3622;221;16274;3169;19664;16;314;593;923;720;154542;7082;162344;"2025-09-25 11:26:06"
6463;"2022-08-01";57;68;56018;730;56816;42;1302;145;1489;77;4563;303;4943;6;122;49;177;193;62005;1227;63425;"2025-09-25 11:26:06"
6464;"2022-08-01";32;76;84354;1490;85920;31;2132;318;2481;65;10273;1470;11808;1;170;247;418;173;96929;3525;100627;"2025-09-25 11:26:06"
6465;"2022-08-01";33;126;107057;18785;125968;64;2973;494;3531;168;13114;2253;15535;11;165;512;688;369;123309;22044;145722;"2025-09-25 11:26:06"
6466;"2022-08-01";79;85;105659;1461;107205;43;2236;276;2555;89;10762;1463;12314;9;206;337;552;226;118863;3537;122626;"2025-09-25 11:26:06"
6467;"2022-08-01";35;87;65889;2705;68681;71;2312;310;2693;114;14784;2295;17193;11;205;317;533;283;83190;5627;89100;"2025-09-25 11:26:06"
6468;"2022-08-01";36;101;91725;3596;95422;52;2925;336;3313;104;13113;1958;15175;9;175;284;468;266;107938;6174;114378;"2025-09-25 11:26:06"
6469;"2022-08-01";60;267;185079;6211;191557;318;4601;287;5206;202;18875;2195;21272;29;409;478;916;816;208964;9171;218951;"2025-09-25 11:26:06"
6470;"2022-08-01";38;50;58190;45374;103614;26;1501;957;2484;81;5791;1160;7032;10;122;362;494;167;65604;47853;113624;"2025-09-25 11:26:06"
6471;"2022-08-01";39;282;85188;10007;95477;469;1767;554;2790;181;8296;2219;10696;28;160;706;894;960;95411;13486;109857;"2025-09-25 11:26:06"
6472;"2022-08-01";40;83;26361;1292;27736;51;1038;296;1385;83;4147;353;4583;10;43;53;106;227;31589;1994;33810;"2025-09-25 11:26:06"
6474;"2022-08-01";42;127;148760;13357;162244;61;3444;290;3795;125;13278;2115;15518;9;264;496;769;322;165746;16258;182326;"2025-09-25 11:26:06"
6477;"2022-08-01";46;195;239155;8170;247520;111;5139;727;5977;184;29663;5374;35221;11;471;564;1046;501;274428;14835;289764;"2025-09-25 11:26:06"
6478;"2022-08-01";47;111;115583;1746;117440;116;3109;501;3726;290;19363;2744;22397;56;339;282;677;573;138394;5273;144240;"2025-09-25 11:26:06"
6482;"2022-08-01";51;163;191761;2632;194556;201;3250;642;4093;209;16412;1300;17921;13;373;153;539;586;211796;4727;217109;"2025-09-25 11:26:06"
6485;"2022-08-01";54;122;26313;8320;34755;60;1193;850;2103;163;9839;750;10752;9;107;87;203;354;37452;10007;47813;"2025-09-25 11:26:06"
6486;"2022-08-01";55;111;95649;170513;266273;64;3574;2455;6093;114;22392;2671;25177;17;498;314;829;306;122113;175953;298372;"2025-09-25 11:26:06"
6487;"2022-08-01";56;307;212826;38931;252064;371;5830;1303;7504;169;29876;3405;33450;20;435;523;978;867;248967;44162;293996;"2025-09-25 11:26:06"
6489;"2022-08-01";58;189;139753;3519;143461;100;4565;125;4790;131;17264;4456;21851;15;361;865;1241;435;161943;8965;171343;"2025-09-25 11:26:06"
6490;"2022-08-01";59;143;201332;34147;235622;88;5193;1092;6373;108;22796;3030;25934;11;313;318;642;350;229634;38587;268571;"2025-09-25 11:26:06"
6492;"2022-08-01";61;170;187118;4760;192048;100;3404;682;4186;151;12148;3063;15362;10;320;433;763;431;202990;8938;212359;"2025-09-25 11:26:06"
6493;"2022-08-01";62;64;8419;102;8585;42;520;67;629;116;3767;61;3944;2;32;16;50;224;12738;246;13208;"2025-09-25 11:26:06"
6496;"2022-08-01";65;175;168420;4101;172696;146;4643;412;5201;188;26345;7808;34341;23;567;901;1491;532;199975;13222;213729;"2025-09-25 11:26:06"
6502;"2022-08-01";71;82;71294;2723;74099;44;2404;552;3000;103;13897;3924;17924;10;266;456;732;239;87861;7655;95755;"2025-09-25 11:26:06"
6505;"2022-08-01";74;125;163981;2484;166590;97;3363;332;3792;420;15048;2350;17818;20;473;296;789;662;182865;5462;188989;"2025-09-25 11:26:06"
6511;"2022-08-01";80;164;103875;1400;105439;84;2730;683;3497;164;19669;4037;23870;9;334;1001;1344;421;126608;7121;134150;"2025-09-25 11:26:06"
6514;"2022-08-01";83;345;168183;1030;169558;234;3616;469;4319;257;14982;1789;17028;52;561;161;774;888;187342;3449;191679;"2025-09-25 11:26:06"
6516;"2022-08-01";85;134;24136;165;24435;86;1221;150;1457;156;6521;211;6888;14;120;42;176;390;31998;568;32956;"2025-09-25 11:26:06"
6517;"2022-08-01";86;295;163507;1172;164974;162;4568;344;5074;188;19303;2393;21884;23;330;222;575;668;187708;4131;192507;"2025-09-25 11:26:06"
6518;"2022-08-01";87;105;112325;3384;115814;76;2757;823;3656;83;12997;2057;15137;10;299;156;465;274;128378;6420;135072;"2025-09-25 11:26:06"
6519;"2022-08-01";88;72;104477;2201;106750;28;2363;491;2882;33;9684;1431;11148;1;192;137;330;134;116716;4260;121110;"2025-09-25 11:26:06"
6520;"2022-08-01";89;438;26916;300;27654;120;567;26;713;121;1813;370;2304;20;49;7;76;699;29345;703;30747;"2025-09-25 11:26:06"
6521;"2022-08-01";90;119;87643;1609;89371;78;2695;449;3222;98;10758;2180;13036;9;174;158;341;304;101270;4396;105970;"2025-09-25 11:26:06"
6522;"2022-08-01";91;180;163846;785;164811;97;5394;2642;8133;123;30129;4769;35021;13;535;348;896;413;199904;8544;208861;"2025-09-25 11:26:06"
6523;"2022-08-01";92;87;60144;1053;61284;77;1797;289;2163;100;8582;1293;9975;12;146;145;303;276;70669;2780;73725;"2025-09-25 11:26:06"
6524;"2022-08-01";93;125;87299;801;88225;72;2427;173;2672;94;9309;3959;13362;8;156;265;429;299;99191;5198;104688;"2025-09-25 11:26:06"
6525;"2022-08-01";94;239;195598;2227;198064;112;5628;1555;7295;188;30230;4108;34526;8;577;715;1300;547;232033;8605;241185;"2025-09-25 11:26:06"
6526;"2022-08-01";95;353;261782;1982;264117;192;8263;1080;9535;231;43249;5621;49101;27;909;477;1413;803;314203;9160;324166;"2025-09-25 11:26:06"
6527;"2022-08-01";96;79;32083;768;32930;43;1404;68;1515;80;5463;636;6179;12;91;49;152;214;39041;1521;40776;"2025-09-25 11:26:06"
6528;"2022-08-01";97;281;252755;5423;258459;221;8660;1169;10050;207;35229;5800;41236;30;500;560;1090;739;297144;12952;310835;"2025-09-25 11:26:06"
6529;"2022-08-01";101;182;178423;3920;182525;67;2759;1273;4099;109;8060;2001;10170;13;306;220;539;371;189548;7414;197333;"2025-09-25 11:26:06"
6530;"2022-08-01";102;168;67513;1030;68711;57;2309;217;2583;76;7775;1265;9116;3;163;144;310;304;77760;2656;80720;"2025-09-25 11:26:06"
6531;"2022-08-01";103;206;59099;1996;61301;64;2450;266;2780;105;9194;1553;10852;17;143;178;338;392;70886;3993;75271;"2025-09-25 11:26:06"
6532;"2022-08-01";104;133;176094;4644;180871;169;5104;1440;6713;162;21338;2899;24399;24;444;581;1049;488;202980;9564;213032;"2025-09-25 11:26:06"
6533;"2022-08-01";105;127;138180;1522;139829;82;2411;93;2586;62;6926;1499;8487;2;202;130;334;273;147719;3244;151236;"2025-09-25 11:26:06"
6534;"2022-08-01";106;198;92818;1020;94036;170;2972;632;3774;104;8454;2061;10619;14;177;105;296;486;104421;3818;108725;"2025-09-25 11:26:06"
6535;"2022-08-01";107;272;66122;1425;67819;89;2592;114;2795;103;6577;1649;8329;23;148;110;281;487;75439;3298;79224;"2025-09-25 11:26:06"
6536;"2022-08-01";108;180;213821;1812;215813;114;6909;455;7478;153;36803;5819;42775;21;519;411;951;468;258052;8497;267017;"2025-09-25 11:26:06"
6537;"2022-08-01";109;189;132416;2396;135001;164;5468;1125;6757;223;22934;3761;26918;13;301;345;659;589;161119;7627;169335;"2025-09-25 11:26:06"
6538;"2022-08-01";110;72;122134;2381;124587;40;4423;641;5104;36;18808;2512;21356;3;365;371;739;151;145730;5905;151786;"2025-09-25 11:26:06"
6539;"2022-08-01";111;155;87580;756;88491;100;3308;466;3874;142;18807;3278;22227;13;787;282;1082;410;110482;4782;115674;"2025-09-25 11:26:06"
6540;"2022-08-01";112;148;109283;2336;111767;113;2420;628;3161;127;9380;3583;13090;13;232;158;403;401;121315;6705;128421;"2025-09-25 11:26:06"
6541;"2022-08-01";113;92;72484;1328;73904;33;2485;902;3420;40;9336;1598;10974;0;150;134;284;165;84455;3962;88582;"2025-09-25 11:26:06"
6542;"2022-08-01";114;157;92589;668;93414;92;3852;431;4375;147;18156;2207;20510;14;375;201;590;410;114972;3507;118889;"2025-09-25 11:26:06"
6543;"2022-08-01";115;231;49406;392;50029;102;1854;675;2631;244;11881;797;12922;10;237;86;333;587;63378;1950;65915;"2025-09-25 11:26:06"
6544;"2022-08-01";116;173;49423;383;49979;82;2148;712;2942;196;13984;5875;20055;9;250;381;640;460;65805;7351;73616;"2025-09-25 11:26:06"
6545;"2022-08-01";117;84;17195;102;17381;72;805;122;999;150;6212;4515;10877;5;123;508;636;311;24335;5247;29893;"2025-09-25 11:26:06"
6546;"2022-08-01";118;83;96966;1151;98200;57;3050;532;3639;70;10326;2180;12576;9;253;150;412;219;110595;4013;114827;"2025-09-25 11:26:06"
6547;"2022-08-01";119;46;176796;2777;179619;34;3845;639;4518;34;11879;3352;15265;9;404;186;599;123;192924;6954;200001;"2025-09-25 11:26:06"
6548;"2022-08-01";120;20;141465;826;142311;16;2057;200;2273;23;4961;1359;6343;0;204;31;235;59;148687;2416;151162;"2025-09-25 11:26:06"
6549;"2022-08-01";121;368;111450;1673;113491;176;4157;1305;5638;238;20907;4693;25838;15;563;447;1025;797;137077;8118;145992;"2025-09-25 11:26:06"
6550;"2022-08-01";122;110;58418;434;58962;95;1464;98;1657;86;6049;2085;8220;10;113;311;434;301;66044;2928;69273;"2025-09-25 11:26:06"
6551;"2022-08-01";123;252;146107;2316;148675;271;4955;419;5645;201;18078;2720;20999;26;428;263;717;750;169568;5718;176036;"2025-09-25 11:26:06"
6552;"2022-08-01";124;199;96891;943;98033;84;3606;622;4312;125;18268;4329;22722;16;375;525;916;424;119140;6419;125983;"2025-09-25 11:26:06"
6553;"2022-08-01";125;244;195473;2394;198111;102;5956;2680;8738;174;29778;5569;35521;20;538;297;855;540;231745;10940;243225;"2025-09-25 11:26:06"
6554;"2022-08-01";126;329;265854;3507;269690;167;8395;1964;10526;246;34940;6888;42074;23;734;962;1719;765;309923;13321;324009;"2025-09-25 11:26:06"
6555;"2022-08-01";127;164;65244;4736;70144;73;3109;774;3956;147;20637;2858;23642;12;286;386;684;396;89276;8754;98426;"2025-09-25 11:26:06"
6556;"2022-08-01";128;194;116783;884;117861;89;2826;328;3243;132;15717;2201;18050;10;274;158;442;425;135600;3571;139596;"2025-09-25 11:26:06"
6557;"2022-08-01";129;378;406256;3025;409659;219;10988;2722;13929;288;60604;7086;67978;73;1404;566;2043;958;479252;13399;493609;"2025-09-25 11:26:06"
6559;"2022-08-01";238;144;90448;2469;93061;124;2817;513;3454;243;17990;1398;19631;27;331;378;736;538;111586;4758;116882;"2025-09-25 11:26:06"
6560;"2022-08-01";214;64;18942;209;19215;62;772;71;905;96;7193;208;7497;7;86;68;161;229;26993;556;27778;"2025-09-25 11:26:06"
6561;"2022-08-01";240;106;38348;655;39109;76;1340;153;1569;123;6918;458;7499;13;145;200;358;318;46751;1466;48535;"2025-09-25 11:26:06"
6562;"2022-08-01";241;115;25365;443;25923;102;916;128;1146;181;6683;169;7033;7;101;44;152;405;33065;784;34254;"2025-09-25 11:26:06"
6563;"2022-08-01";242;112;32964;885;33961;90;1174;140;1404;103;5482;290;5875;6;119;94;219;311;39739;1409;41459;"2025-09-25 11:26:06"
6564;"2022-08-01";243;53;8542;60;8655;51;331;31;413;100;3276;48;3424;7;46;11;64;211;12195;150;12556;"2025-09-25 11:26:06"
6565;"2022-08-01";244;42;11862;199;12103;39;443;28;510;110;4073;75;4258;6;59;19;84;197;16437;321;16955;"2025-09-25 11:26:06"
6566;"2022-08-01";245;125;14630;151;14906;84;711;52;847;122;6163;137;6422;8;92;48;148;339;21596;388;22323;"2025-09-25 11:26:06"
6567;"2022-08-01";246;213;152267;2790;155270;156;4708;498;5362;227;26332;2141;28700;22;516;360;898;618;183823;5789;190230;"2025-09-25 11:26:06"
6568;"2022-08-01";247;53;13905;124;14082;44;532;62;638;114;4843;88;5045;5;82;27;114;216;19362;301;19879;"2025-09-25 11:26:06"
6569;"2022-08-01";248;112;14055;209;14376;86;614;73;773;139;6133;164;6436;14;87;32;133;351;20889;478;21718;"2025-09-25 11:26:06"
6570;"2022-08-01";249;53;16646;138;16837;58;767;37;862;125;6945;139;7209;11;63;20;94;247;24421;334;25002;"2025-09-25 11:26:06"
6571;"2022-08-01";250;284;116624;2605;119513;268;3368;615;4251;265;18586;2763;21614;16;442;407;865;833;139020;6390;146243;"2025-09-25 11:26:06"
6572;"2022-08-01";251;57;15737;416;16210;58;674;158;890;108;3336;133;3577;8;93;39;140;231;19840;746;20817;"2025-09-25 11:26:06"
6573;"2022-08-01";252;102;16903;305;17310;85;827;70;982;118;8472;143;8733;14;78;34;126;319;26280;552;27151;"2025-09-25 11:26:06"
6574;"2022-08-01";253;120;26879;236;27235;104;1336;293;1733;174;11493;441;12108;22;121;61;204;420;39829;1031;41280;"2025-09-25 11:26:06"
6575;"2022-08-01";254;60;9606;64;9730;62;332;46;440;102;3279;51;3432;11;54;19;84;235;13271;180;13686;"2025-09-25 11:26:06"
6576;"2022-08-01";255;83;18433;497;19013;67;899;66;1032;123;8240;254;8617;11;89;47;147;284;27661;864;28809;"2025-09-25 11:26:06"
6578;"2022-08-01";131;72;14810;83;14965;57;819;48;924;82;7829;254;8165;12;66;26;104;223;23524;411;24158;"2025-09-25 11:26:06"
6579;"2022-08-01";132;72;10510;129;10711;44;492;75;611;113;4809;368;5290;4;63;223;290;233;15874;795;16902;"2025-09-25 11:26:06"
6580;"2022-08-01";133;69;11593;130;11792;54;641;89;784;98;6142;676;6916;13;64;74;151;234;18440;969;19643;"2025-09-25 11:26:06"
6581;"2022-08-01";134;79;16681;122;16882;54;731;91;876;112;7984;172;8268;10;68;30;108;255;25464;415;26134;"2025-09-25 11:26:06"
6582;"2022-08-01";135;73;19400;331;19804;55;852;98;1005;77;7708;665;8450;8;71;81;160;213;28031;1175;29419;"2025-09-25 11:26:06"
6583;"2022-08-01";136;76;44814;294;45184;65;2249;215;2529;111;13409;1336;14856;12;186;142;340;264;60658;1987;62909;"2025-09-25 11:26:06"
6584;"2022-08-01";137;104;52972;718;53794;77;1866;174;2117;151;13512;1698;15361;7;259;852;1118;339;68609;3442;72390;"2025-09-25 11:26:06"
6585;"2022-08-01";138;34;16315;135;16484;24;620;34;678;29;3176;570;3775;5;65;45;115;92;20176;784;21052;"2025-09-25 11:26:06"
6586;"2022-08-01";139;72;41845;241;42158;63;1594;89;1746;81;8912;989;9982;8;154;76;238;224;52505;1395;54124;"2025-09-25 11:26:06"
6587;"2022-08-01";140;1;8;0;9;0;3;0;3;0;8;0;8;0;0;0;0;1;19;0;20;"2025-09-25 11:26:06"
6588;"2022-08-01";141;208;81644;1059;82911;112;2343;331;2786;169;11900;1016;13085;13;259;244;516;502;96146;2650;99298;"2025-09-25 11:26:06"
6589;"2022-08-01";142;61;88151;1535;89747;114;2213;910;3237;64;11197;1765;13026;4;281;210;495;243;101842;4420;106505;"2025-09-25 11:26:06"
6590;"2022-08-01";143;148;89309;2031;91488;105;2636;455;3196;124;14160;2018;16302;9;343;214;566;386;106448;4718;111552;"2025-09-25 11:26:06"
6591;"2022-08-01";144;129;116207;4713;121049;93;3201;699;3993;129;15333;2025;17487;14;424;291;729;365;135165;7728;143258;"2025-09-25 11:26:06"
6592;"2022-08-01";145;213;90104;5268;95585;149;3075;414;3638;246;19723;1776;21745;26;380;288;694;634;113282;7746;121662;"2025-09-25 11:26:06"
6594;"2022-08-01";147;64;20599;63;20726;32;620;108;760;59;2110;367;2536;9;74;33;116;164;23403;571;24138;"2025-09-25 11:26:06"
6595;"2022-08-01";148;220;40785;1554;42559;119;1686;362;2167;221;12498;644;13363;23;168;115;306;583;55137;2675;58395;"2025-09-25 11:26:06"
6596;"2022-08-01";149;67;19404;1188;20659;40;1074;275;1389;91;8356;597;9044;7;93;61;161;205;28927;2121;31253;"2025-09-25 11:26:06"
6597;"2022-08-01";150;137;44430;881;45448;90;2163;374;2627;151;15012;1094;16257;28;166;77;271;406;61771;2426;64603;"2025-09-25 11:26:06"
6598;"2022-08-01";151;145;78487;642;79274;77;2584;346;3007;172;18243;2286;20701;13;367;784;1164;407;99681;4058;104146;"2025-09-25 11:26:06"
6599;"2022-08-01";152;127;39061;518;39706;75;1459;176;1710;180;12547;555;13282;31;153;149;333;413;53220;1398;55031;"2025-09-25 11:26:06"
6600;"2022-08-01";153;95;22319;365;22779;63;1195;346;1604;134;11026;384;11544;11;85;54;150;303;34625;1149;36077;"2025-09-25 11:26:06"
6601;"2022-08-01";154;157;77379;923;78459;87;2654;519;3260;159;18281;1835;20275;19;309;425;753;422;98623;3702;102747;"2025-09-25 11:26:06"
6602;"2022-08-01";155;80;19042;146;19268;40;778;115;933;106;7490;477;8073;10;79;73;162;236;27389;811;28436;"2025-09-25 11:26:06"
6603;"2022-08-01";156;178;152924;2723;155825;137;5068;541;5746;180;22937;3477;26594;41;520;371;932;536;181449;7112;189097;"2025-09-25 11:26:06"
6604;"2022-08-01";157;111;31383;295;31789;119;1432;303;1854;176;11321;701;12198;16;159;105;280;422;44295;1404;46121;"2025-09-25 11:26:06"
6605;"2022-08-01";158;99;111859;1732;113690;73;4032;611;4716;112;19025;2663;21800;10;403;388;801;294;135319;5394;141007;"2025-09-25 11:26:06"
6606;"2022-08-01";159;161;176086;2125;178372;143;4874;897;5914;216;20489;2320;23025;23;532;280;835;543;201981;5622;208146;"2025-09-25 11:26:06"
6607;"2022-08-01";160;68;10842;69;10979;53;514;67;634;122;5795;571;6488;13;58;81;152;256;17209;788;18253;"2025-09-25 11:26:06"
6608;"2022-08-01";161;75;23686;195;23956;43;1070;80;1193;176;10305;240;10721;17;121;44;182;311;35182;559;36052;"2025-09-25 11:26:06"
6609;"2022-08-01";162;157;40219;330;40706;90;1493;219;1802;137;11995;764;12896;19;190;124;333;403;53897;1437;55737;"2025-09-25 11:26:06"
6611;"2022-08-01";257;110;19246;187;19543;66;1356;93;1515;139;10445;263;10847;8;97;45;150;323;31144;588;32055;"2025-09-25 11:26:06"
6612;"2022-08-01";258;195;111396;2163;113754;125;3406;544;4075;207;18788;3115;22110;20;363;655;1038;547;133953;6477;140977;"2025-09-25 11:26:06"
6613;"2022-08-01";259;111;31673;719;32503;70;1541;168;1779;127;13218;1037;14382;7;222;138;367;315;46654;2062;49031;"2025-09-25 11:26:06"
6614;"2022-08-01";260;132;27989;2008;30129;95;1243;202;1540;167;12349;445;12961;18;151;62;231;412;41732;2717;44861;"2025-09-25 11:26:06"
6615;"2022-08-01";261;66;8453;58;8577;38;465;55;558;85;4309;246;4640;4;39;39;82;193;13266;398;13857;"2025-09-25 11:26:06"
6616;"2022-08-01";262;83;18301;191;18575;61;915;126;1102;113;8520;254;8887;10;92;49;151;267;27828;620;28715;"2025-09-25 11:26:06"
6617;"2022-08-01";263;66;9501;61;9628;59;421;23;503;97;4991;61;5149;7;39;16;62;229;14952;161;15342;"2025-09-25 11:26:06"
6618;"2022-08-01";264;105;39757;264;40126;108;1645;431;2184;186;11791;2250;14227;23;175;186;384;422;53368;3131;56921;"2025-09-25 11:26:06"
6619;"2022-08-01";265;177;109732;1889;111798;136;4285;483;4904;215;24211;3080;27506;15;318;443;776;543;138546;5895;144984;"2025-09-25 11:26:06"
6620;"2022-08-01";266;67;9290;58;9415;48;447;64;559;101;4782;278;5161;3;55;27;85;219;14574;427;15220;"2025-09-25 11:26:06"
6621;"2022-08-01";267;73;7645;32;7750;46;378;20;444;125;4374;111;4610;8;43;17;68;252;12440;180;12872;"2025-09-25 11:26:06"
6622;"2022-08-01";268;137;151637;3175;154949;100;3747;898;4745;90;19203;2451;21744;10;448;384;842;337;175035;6908;182280;"2025-09-25 11:26:06"
6623;"2022-08-01";269;286;134573;1971;136830;241;3480;591;4312;230;16114;1426;17770;25;260;245;530;782;154427;4233;159442;"2025-09-25 11:26:06"
6624;"2022-08-01";270;110;39167;2527;41804;104;1700;197;2001;139;14775;850;15764;6;208;119;333;359;55850;3693;59902;"2025-09-25 11:26:06"
6625;"2022-08-01";271;99;9113;42;9254;52;444;88;584;105;4885;96;5086;11;49;11;71;267;14491;237;14995;"2025-09-25 11:26:06"
6627;"2022-08-01";164;82;11846;167;12095;61;560;90;711;102;6380;745;7227;10;66;39;115;255;18852;1041;20148;"2025-09-25 11:26:06"
6628;"2022-08-01";165;94;19610;190;19894;74;1101;108;1283;137;12254;261;12652;6;91;35;132;311;33056;594;33961;"2025-09-25 11:26:06"
6629;"2022-08-01";166;62;9904;137;10103;35;437;67;539;64;4860;427;5351;0;48;63;111;161;15249;694;16104;"2025-09-25 11:26:06"
6630;"2022-08-01";167;93;70881;711;71685;70;2286;281;2637;84;13833;3475;17392;14;434;1644;2092;261;87434;6111;93806;"2025-09-25 11:26:06"
6631;"2022-08-01";168;48;8896;457;9401;34;443;61;538;64;3935;208;4207;1;47;23;71;147;13321;749;14217;"2025-09-25 11:26:06"
6632;"2022-08-01";169;141;49479;859;50479;123;1946;387;2456;194;15045;1687;16926;19;295;281;595;477;66765;3214;70456;"2025-09-25 11:26:06"
6633;"2022-08-01";170;82;19260;321;19663;48;817;259;1124;85;7746;970;8801;12;112;145;269;227;27935;1695;29857;"2025-09-25 11:26:06"
6634;"2022-08-01";171;137;79574;2360;82071;121;2913;428;3462;147;12914;2388;15449;9;269;370;648;414;95670;5546;101630;"2025-09-25 11:26:06"
6635;"2022-08-01";172;198;37626;143;37967;208;1564;46;1818;149;11290;811;12250;14;154;102;270;569;50634;1102;52305;"2025-09-25 11:26:06"
6636;"2022-08-01";173;74;13367;1777;15218;51;751;157;959;97;7633;352;8082;8;75;44;127;230;21826;2330;24386;"2025-09-25 11:26:06"
6637;"2022-08-01";174;172;117969;1823;119964;139;3184;651;3974;183;22280;1993;24456;17;380;917;1314;511;143813;5384;149708;"2025-09-25 11:26:06"
6638;"2022-08-01";175;103;12571;93050;105724;57;638;2029;2724;180;8889;442;9511;4;149;30;183;344;22247;95551;118142;"2025-09-25 11:26:06"
6639;"2022-08-01";176;192;109178;2435;111805;147;3511;687;4345;192;21134;3438;24764;17;359;845;1221;548;134182;7405;142135;"2025-09-25 11:26:06"
6640;"2022-08-01";177;70;19983;146;20199;41;817;92;950;94;7934;494;8522;6;85;43;134;211;28819;775;29805;"2025-09-25 11:26:06"
6641;"2022-08-01";178;95;22563;461;23119;64;1241;134;1439;117;10630;720;11467;8;161;129;298;284;34595;1444;36323;"2025-09-25 11:26:06"
6642;"2022-08-01";179;110;15601;218;15929;58;732;106;896;104;9393;200;9697;12;92;27;131;284;25818;551;26653;"2025-09-25 11:26:06"
6643;"2022-08-01";180;81;18474;245;18800;42;788;71;901;83;7964;841;8888;3;110;86;199;209;27336;1243;28788;"2025-09-25 11:26:06"
6644;"2022-08-01";181;88;12802;83;12973;73;595;49;717;98;6937;285;7320;7;52;28;87;266;20386;445;21097;"2025-09-25 11:26:06"
6645;"2022-08-01";182;75;10582;94;10751;46;563;56;665;83;6078;130;6291;8;47;19;74;212;17270;299;17781;"2025-09-25 11:26:06"
6646;"2022-08-01";183;64;11542;27589;39195;52;557;493;1102;86;6274;184;6544;11;75;21;107;213;18448;28287;46948;"2025-09-25 11:26:06"
6647;"2022-08-01";184;105;23451;51253;74809;82;1640;959;2681;131;14954;239;15324;11;112;34;157;329;40157;52485;92971;"2025-09-25 11:26:06"
6648;"2022-08-01";185;92;24649;441;25182;48;1001;934;1983;94;8010;507;8611;6;113;148;267;240;33773;2030;36043;"2025-09-25 11:26:06"
6650;"2022-08-01";187;124;115882;1010;117016;88;3212;385;3685;114;22095;2591;24800;15;324;380;719;341;141513;4366;146220;"2025-09-25 11:26:06"
6651;"2022-08-01";188;206;114543;1698;116447;150;3974;558;4682;225;25330;1963;27518;15;467;374;856;596;144314;4593;149503;"2025-09-25 11:26:06"
6652;"2022-08-01";189;61;13564;38;13663;36;684;54;774;67;6315;618;7000;13;73;39;125;177;20636;749;21562;"2025-09-25 11:26:06"
6653;"2022-08-01";190;191;184595;2536;187322;112;5404;795;6311;229;25560;3456;29245;17;537;447;1001;549;216096;7234;223879;"2025-09-25 11:26:06"
6654;"2022-08-01";44;44;9776;35;9855;38;404;18;460;40;5287;194;5521;0;53;63;116;122;15520;310;15952;"2025-09-25 11:26:06"
6655;"2022-08-01";192;143;56777;632;57552;83;2167;251;2501;156;17581;997;18734;13;190;136;339;395;76715;2016;79126;"2025-09-25 11:26:06"
6656;"2022-08-01";193;88;26707;428;27223;60;1268;117;1445;123;10036;262;10421;9;122;75;206;280;38133;882;39295;"2025-09-25 11:26:06"
6657;"2022-08-01";194;95;10920;61;11076;47;448;39;534;84;6870;85;7039;8;52;16;76;234;18290;201;18725;"2025-09-25 11:26:06"
6658;"2022-08-01";195;116;35396;424;35936;92;1675;258;2025;166;16847;1041;18054;14;171;160;345;388;54089;1883;56360;"2025-09-25 11:26:06"
6659;"2022-08-01";196;65;19485;147;19697;48;828;39;915;83;11015;980;12078;6;119;148;273;202;31447;1314;32963;"2025-09-25 11:26:06"
6660;"2022-08-01";197;213;62101;1004;63318;227;2220;298;2745;249;19105;1167;20521;40;268;222;530;729;83694;2691;87114;"2025-09-25 11:26:06"
6661;"2022-08-01";198;78;12481;110;12669;52;636;48;736;113;6015;115;6243;10;58;23;91;253;19190;296;19739;"2025-09-25 11:26:06"
6662;"2022-08-01";199;55;5867;34;5956;34;290;27;351;58;3756;43;3857;1;29;7;37;148;9942;111;10201;"2025-09-25 11:26:06"
6663;"2022-08-01";200;125;40038;498;40661;73;1686;148;1907;132;14568;733;15433;28;187;142;357;358;56479;1521;58358;"2025-09-25 11:26:06"
6664;"2022-08-01";201;122;43386;453;43961;84;1788;246;2118;131;15967;1552;17650;11;201;342;554;348;61342;2593;64283;"2025-09-25 11:26:06"
6665;"2022-08-01";202;104;21972;183;22259;63;759;78;900;106;8266;192;8564;20;96;35;151;293;31093;488;31874;"2025-09-25 11:26:06"
6666;"2022-08-01";203;68;3927;401;4396;19;258;196;473;66;1370;29;1465;8;20;2;30;161;5575;628;6364;"2025-09-25 11:26:06"
6667;"2022-08-01";204;124;19421;121;19666;62;680;76;818;123;6505;107;6735;8;102;30;140;317;26708;334;27359;"2025-09-25 11:26:06"
6668;"2022-08-01";205;84;18715;89;18888;88;887;78;1053;140;11890;808;12838;13;89;103;205;325;31581;1078;32984;"2025-09-25 11:26:06"
6669;"2022-08-01";206;80;17130;144;17354;41;660;50;751;85;7756;615;8456;10;78;135;223;216;25624;944;26784;"2025-09-25 11:26:06"
6670;"2022-08-01";207;63;9636;40;9739;68;452;44;564;82;5877;114;6073;11;60;15;86;224;16025;213;16462;"2025-09-25 11:26:06"
6671;"2022-08-01";208;118;55172;303;55593;68;1953;412;2433;108;12778;1482;14368;9;189;266;464;303;70092;2463;72858;"2025-09-25 11:26:06"
6672;"2022-08-01";209;138;102882;1379;104399;92;3143;792;4027;197;17580;4441;22218;11;375;1756;2142;438;123980;8368;132786;"2025-09-25 11:26:06"
6673;"2022-08-01";210;150;121455;2024;123629;87;3166;301;3554;106;17832;979;18917;21;329;281;631;364;142782;3585;146731;"2025-09-25 11:26:06"
6675;"2022-08-01";212;126;92068;999;93193;92;3097;488;3677;136;11771;458;12365;11;265;158;434;365;107201;2103;109669;"2025-09-25 11:26:06"
6676;"2022-08-01";213;92;23038;188;23318;67;894;165;1126;103;9129;241;9473;11;64;167;242;273;33125;761;34159;"2025-09-25 11:26:06"
6678;"2022-08-01";215;249;233536;2317;236102;178;6715;558;7451;221;40316;4073;44610;26;626;567;1219;674;281193;7515;289382;"2025-09-25 11:26:06"
6679;"2022-08-01";216;96;13699;161;13956;55;572;113;740;121;6121;144;6386;6;60;30;96;278;20452;448;21178;"2025-09-25 11:26:06"
6680;"2022-08-01";217;110;41764;492;42366;94;1476;186;1756;103;13567;2614;16284;10;144;633;787;317;56951;3925;61193;"2025-09-25 11:26:06"
6681;"2022-08-01";218;100;45577;678;46355;75;1557;226;1858;135;10473;504;11112;11;145;108;264;321;57752;1516;59589;"2025-09-25 11:26:06"
6682;"2022-08-01";219;91;12963;66;13120;60;533;53;646;86;7043;477;7606;7;133;141;281;244;20672;737;21653;"2025-09-25 11:26:06"
6683;"2022-08-01";220;165;144110;1218;145493;102;4424;798;5324;144;22076;6947;29167;14;542;1627;2183;425;171152;10590;182167;"2025-09-25 11:26:06"
6684;"2022-08-01";221;60;10027;64;10151;50;429;43;522;89;4540;553;5182;7;48;99;154;206;15044;759;16009;"2025-09-25 11:26:06"
6685;"2022-08-01";222;210;138638;2683;141531;178;3588;1032;4798;240;26550;2306;29096;24;414;426;864;652;169190;6447;176289;"2025-09-25 11:26:06"
6686;"2022-08-01";223;69;24596;184;24849;68;1109;107;1284;83;10181;404;10668;8;136;64;208;228;36022;759;37009;"2025-09-25 11:26:06"
6687;"2022-08-01";224;133;81752;1310;83195;68;2074;483;2625;144;10564;958;11666;10;117;156;283;355;94507;2907;97769;"2025-09-25 11:26:06"
6688;"2022-08-01";225;67;86927;3374;90368;33;2023;446;2502;52;11081;1613;12746;3;160;236;399;155;100191;5669;106015;"2025-09-25 11:26:06"
6689;"2022-08-01";226;254;144552;51086;195892;225;2267;1129;3621;153;10430;949;11532;10;169;183;362;642;157418;53347;211407;"2025-09-25 11:26:06"
6690;"2022-08-01";227;173;98479;1569;100221;162;2435;244;2841;122;16637;1343;18102;11;250;319;580;468;117801;3475;121744;"2025-09-25 11:26:06"
6691;"2022-08-01";228;86;85146;732;85964;37;2111;175;2323;85;7769;873;8727;9;234;250;493;217;95260;2030;97507;"2025-09-25 11:26:06"
6692;"2022-08-01";229;101;42111;752;42964;81;1833;255;2169;119;8728;310;9157;8;133;72;213;309;52805;1389;54503;"2025-09-25 11:26:06"
6693;"2022-08-01";230;59;15900;97;16056;61;568;42;671;102;7692;167;7961;6;58;77;141;228;24218;383;24829;"2025-09-25 11:26:06"
6694;"2022-08-01";231;73;32054;30333;62460;56;1134;322;1512;68;10119;526;10713;6;226;227;459;203;43533;31408;75144;"2025-09-25 11:26:06"
6695;"2022-08-01";232;52;12970;165;13187;56;513;83;652;113;6426;155;6694;8;66;19;93;229;19975;422;20626;"2025-09-25 11:26:06"
6696;"2022-08-01";233;85;15178;100;15363;58;624;72;754;133;7941;394;8468;9;64;57;130;285;23807;623;24715;"2025-09-25 11:26:06"
6698;"2022-08-01";235;260;76020;972;77252;144;3130;153;3427;336;27197;616;28149;40;229;131;400;780;106576;1872;109228;"2025-09-25 11:26:06"
6699;"2022-08-01";236;570;238373;260656;499599;349;7576;6576;14501;676;53764;3290;57730;40;959;519;1518;1635;300672;271041;573348;"2025-09-25 11:26:06"
6701;"2022-09-01";1;156;206457;20038;226651;57;4164;607;4828;186;13839;1699;15724;16;306;148;470;415;224766;22492;247673;"2025-09-25 11:26:13"
6702;"2022-09-01";2;104;127777;5121;133002;44;3596;770;4410;156;12372;2474;15002;7;175;231;413;311;143920;8596;152827;"2025-09-25 11:26:13"
6703;"2022-09-01";3;103;60968;2101;63172;64;2448;720;3232;133;7228;1274;8635;14;116;109;239;314;70760;4204;75278;"2025-09-25 11:26:13"
6704;"2022-09-01";4;112;65721;1758;67591;84;1785;164;2033;115;15833;2133;18081;10;337;496;843;321;83676;4551;88548;"2025-09-25 11:26:13"
6705;"2022-09-01";5;96;99386;3144;102626;51;3432;307;3790;147;9462;2103;11712;12;152;176;340;306;112432;5730;118468;"2025-09-25 11:26:13"
6706;"2022-09-01";6;85;80477;3534;84096;43;2399;375;2817;162;9658;1728;11548;10;101;268;379;300;92635;5905;98840;"2025-09-25 11:26:13"
6707;"2022-09-01";7;99;113321;10367;123787;62;4553;564;5179;125;14106;2761;16992;6;278;160;444;292;132258;13852;146402;"2025-09-25 11:26:13"
6708;"2022-09-01";8;52;70794;3497;74343;30;3030;471;3531;75;10867;2284;13226;10;159;116;285;167;84850;6368;91385;"2025-09-25 11:26:13"
6709;"2022-09-01";9;88;129227;5537;134852;54;3767;840;4661;173;10251;2140;12564;10;208;261;479;325;143453;8778;152556;"2025-09-25 11:26:13"
6710;"2022-09-01";10;94;76798;4715;81607;54;2649;575;3278;126;8332;2032;10490;11;153;169;333;285;87932;7491;95708;"2025-09-25 11:26:13"
6711;"2022-09-01";11;105;81134;2251;83490;58;2911;149;3118;140;9914;2164;12218;10;135;103;248;313;94094;4667;99074;"2025-09-25 11:26:13"
6712;"2022-09-01";12;108;93850;1184;95142;50;2522;137;2709;130;6845;1206;8181;16;117;228;361;304;103334;2755;106393;"2025-09-25 11:26:13"
6713;"2022-09-01";13;102;100931;4549;105582;55;2806;667;3528;162;9658;2178;11998;19;252;392;663;338;113647;7786;121771;"2025-09-25 11:26:13"
6714;"2022-09-01";14;199;75705;3151;79055;110;2218;431;2759;133;5968;1844;7945;10;112;105;227;452;84003;5531;89986;"2025-09-25 11:26:13"
6715;"2022-09-01";15;202;150809;4993;156004;130;3190;737;4057;178;10862;4933;15973;12;252;162;426;522;165113;10825;176460;"2025-09-25 11:26:13"
6716;"2022-09-01";16;125;82754;8585;91464;46;2097;923;3066;185;8784;1925;10894;18;176;98;292;374;93811;11531;105716;"2025-09-25 11:26:13"
6717;"2022-09-01";17;94;105195;2137;107426;48;3179;1123;4350;153;8792;1734;10679;8;163;110;281;303;117329;5104;122736;"2025-09-25 11:26:13"
6718;"2022-09-01";18;128;206058;7153;213339;100;4478;1663;6241;158;24423;5402;29983;13;339;363;715;399;235298;14581;250278;"2025-09-25 11:26:13"
6719;"2022-09-01";19;121;127633;4443;132197;60;3411;759;4230;139;11532;2933;14604;7;257;444;708;327;142833;8579;151739;"2025-09-25 11:26:13"
6720;"2022-09-01";20;135;117615;3199;120949;57;4095;162;4314;169;13894;4349;18412;14;429;617;1060;375;136033;8327;144735;"2025-09-25 11:26:13"
6721;"2022-09-01";21;244;65460;1240;66944;128;2001;57;2186;145;5290;808;6243;11;109;29;149;528;72860;2134;75522;"2025-09-25 11:26:13"
6722;"2022-09-01";22;102;113076;4128;117306;48;3492;747;4287;140;10297;1975;12412;15;152;196;363;305;127017;7046;134368;"2025-09-25 11:26:13"
6723;"2022-09-01";23;1509;38925;858;41292;1696;1583;255;3534;353;3736;911;5000;102;81;74;257;3660;44325;2098;50083;"2025-09-25 11:26:13"
6724;"2022-09-01";63;119;87518;1144;88781;110;1995;300;2405;95;10162;856;11113;6;175;263;444;330;99850;2563;102743;"2025-09-25 11:26:13"
6725;"2022-09-01";25;80;90425;5861;96366;39;3491;551;4081;120;11895;2840;14855;17;181;338;536;256;105992;9590;115838;"2025-09-25 11:26:13"
6726;"2022-09-01";146;826;315548;261860;578234;490;10708;6700;17898;1010;81480;3915;86405;81;1196;653;1930;2407;408932;273128;684467;"2025-09-25 11:26:13"
6728;"2022-09-01";28;94;67152;2597;69843;62;2251;797;3110;102;9916;3203;13221;13;162;670;845;271;79481;7267;87019;"2025-09-25 11:26:13"
6729;"2022-09-01";29;74;69703;806;70583;58;2204;543;2805;121;10654;1121;11896;11;195;202;408;264;82756;2672;85692;"2025-09-25 11:26:13"
6730;"2022-09-01";77;284;135197;2765;138246;206;2861;535;3602;221;16299;3166;19686;16;318;594;928;727;154675;7060;162462;"2025-09-25 11:26:13"
6731;"2022-09-01";57;66;56008;724;56798;42;1293;146;1481;76;4591;305;4972;6;125;49;180;190;62017;1224;63431;"2025-09-25 11:26:13"
6732;"2022-09-01";32;76;84501;1482;86059;29;2118;340;2487;66;10255;1481;11802;1;171;252;424;172;97045;3555;100772;"2025-09-25 11:26:13"
6733;"2022-09-01";33;126;107228;18977;126331;64;2968;529;3561;168;13085;2245;15498;11;162;514;687;369;123443;22265;146077;"2025-09-25 11:26:13"
6734;"2022-09-01";79;85;105690;1470;107245;43;2224;269;2536;89;10858;1471;12418;9;212;340;561;226;118984;3550;122760;"2025-09-25 11:26:13"
6735;"2022-09-01";35;87;65842;2695;68624;71;2287;311;2669;113;14800;2294;17207;11;205;320;536;282;83134;5620;89036;"2025-09-25 11:26:13"
6736;"2022-09-01";36;102;91708;3580;95390;52;2919;336;3307;103;13110;1963;15176;9;177;287;473;266;107914;6166;114346;"2025-09-25 11:26:13"
6737;"2022-09-01";60;270;185614;6308;192192;321;4573;288;5182;205;18959;2215;21379;29;416;480;925;825;209562;9291;219678;"2025-09-25 11:26:13"
6738;"2022-09-01";38;50;58123;46118;104291;26;1500;969;2495;81;5803;1159;7043;10;123;357;490;167;65549;48603;114319;"2025-09-25 11:26:13"
6739;"2022-09-01";39;284;85138;10087;95509;468;1749;530;2747;179;8353;2213;10745;28;163;707;898;959;95403;13537;109899;"2025-09-25 11:26:13"
6740;"2022-09-01";40;82;26403;1275;27760;50;1038;296;1384;85;4135;355;4575;10;41;53;104;227;31617;1979;33823;"2025-09-25 11:26:13"
6742;"2022-09-01";42;128;148781;13436;162345;61;3429;288;3778;125;13326;2122;15573;9;273;496;778;323;165809;16342;182474;"2025-09-25 11:26:13"
6745;"2022-09-01";46;193;239462;8270;247925;112;5123;723;5958;186;29788;5374;35348;12;479;564;1055;503;274852;14931;290286;"2025-09-25 11:26:13"
6746;"2022-09-01";47;110;115749;1722;117581;117;3102;501;3720;292;19387;2755;22434;56;341;281;678;575;138579;5259;144413;"2025-09-25 11:26:13"
6750;"2022-09-01";51;163;192118;2638;194919;201;3241;642;4084;210;16386;1305;17901;13;380;158;551;587;212125;4743;217455;"2025-09-25 11:26:13"
6753;"2022-09-01";54;119;26342;7818;34279;61;1187;811;2059;165;9880;749;10794;9;110;87;206;354;37519;9465;47338;"2025-09-25 11:26:13"
6754;"2022-09-01";55;111;95624;166676;262411;64;3555;2343;5962;115;22652;2677;25444;17;501;314;832;307;122332;172010;294649;"2025-09-25 11:26:13"
6755;"2022-09-01";56;304;213506;38370;252180;371;5792;1290;7453;169;29980;3407;33556;20;443;518;981;864;249721;43585;294170;"2025-09-25 11:26:13"
6757;"2022-09-01";58;189;140135;3505;143829;100;4573;125;4798;131;17262;4497;21890;15;357;863;1235;435;162327;8990;171752;"2025-09-25 11:26:13"
6758;"2022-09-01";59;144;201614;34990;236748;88;5170;1104;6362;106;22733;3030;25869;11;318;315;644;349;229835;39439;269623;"2025-09-25 11:26:13"
6760;"2022-09-01";61;171;187997;4804;192972;100;3398;682;4180;151;12117;3078;15346;10;326;431;767;432;203838;8995;213265;"2025-09-25 11:26:13"
6761;"2022-09-01";62;63;8459;105;8627;42;518;69;629;115;3766;60;3941;2;33;15;50;222;12776;249;13247;"2025-09-25 11:26:13"
6764;"2022-09-01";65;175;168853;4107;173135;148;4637;412;5197;188;26641;7928;34757;23;576;896;1495;534;200707;13343;214584;"2025-09-25 11:26:13"
6770;"2022-09-01";71;82;71259;2738;74079;44;2381;551;2976;104;13921;3915;17940;10;274;455;739;240;87835;7659;95734;"2025-09-25 11:26:13"
6773;"2022-09-01";74;125;164258;2649;167032;97;3333;343;3773;421;15085;2351;17857;20;475;296;791;663;183151;5639;189453;"2025-09-25 11:26:13"
6779;"2022-09-01";80;165;104213;1354;105732;83;2726;687;3496;164;19773;4046;23983;9;335;995;1339;421;127047;7082;134550;"2025-09-25 11:26:13"
6782;"2022-09-01";83;345;168561;1085;169991;234;3607;468;4309;257;15006;1791;17054;55;569;159;783;891;187743;3503;192137;"2025-09-25 11:26:13"
6784;"2022-09-01";85;134;24206;163;24503;86;1220;150;1456;157;6534;208;6899;18;119;42;179;395;32079;563;33037;"2025-09-25 11:26:13"
6785;"2022-09-01";86;299;163955;1214;165468;162;4531;352;5045;186;19258;2412;21856;23;340;223;586;670;188084;4201;192955;"2025-09-25 11:26:13"
6786;"2022-09-01";87;106;112283;3530;115919;76;2729;811;3616;83;13009;2056;15148;10;299;154;463;275;128320;6551;135146;"2025-09-25 11:26:13"
6787;"2022-09-01";88;72;104471;2295;106838;28;2361;492;2881;33;9680;1427;11140;1;197;136;334;134;116709;4350;121193;"2025-09-25 11:26:13"
6788;"2022-09-01";89;444;26862;300;27606;121;562;23;706;121;1817;362;2300;20;50;7;77;706;29291;692;30689;"2025-09-25 11:26:13"
6789;"2022-09-01";90;117;87718;1627;89462;78;2683;450;3211;98;10805;2173;13076;9;177;159;345;302;101383;4409;106094;"2025-09-25 11:26:13"
6790;"2022-09-01";91;178;164587;827;165592;95;5381;2642;8118;122;30169;4769;35060;13;545;348;906;408;200682;8586;209676;"2025-09-25 11:26:13"
6791;"2022-09-01";92;87;60133;1070;61290;77;1797;290;2164;100;8578;1297;9975;12;148;146;306;276;70656;2803;73735;"2025-09-25 11:26:13"
6792;"2022-09-01";93;125;87458;796;88379;72;2415;172;2659;93;9296;3966;13355;8;157;269;434;298;99326;5203;104827;"2025-09-25 11:26:13"
6793;"2022-09-01";94;236;195791;2240;198267;112;5633;1569;7314;189;30285;4113;34587;8;586;709;1303;545;232295;8631;241471;"2025-09-25 11:26:13"
6794;"2022-09-01";95;355;262507;1964;264826;194;8218;1083;9495;231;43179;5680;49090;27;926;475;1428;807;314830;9202;324839;"2025-09-25 11:26:13"
6795;"2022-09-01";96;79;32127;764;32970;43;1395;68;1506;80;5500;636;6216;11;93;49;153;213;39115;1517;40845;"2025-09-25 11:26:13"
6796;"2022-09-01";97;277;252435;5471;258183;221;8616;1170;10007;207;35231;5809;41247;30;509;567;1106;735;296791;13017;310543;"2025-09-25 11:26:13"
6797;"2022-09-01";101;180;178822;4127;183129;67;2757;1270;4094;110;8104;2003;10217;13;302;223;538;370;189985;7623;197978;"2025-09-25 11:26:13"
6798;"2022-09-01";102;168;67541;1070;68779;57;2299;219;2575;76;7778;1268;9122;3;162;143;308;304;77780;2700;80784;"2025-09-25 11:26:13"
6799;"2022-09-01";103;208;58937;2011;61156;64;2436;266;2766;105;9126;1542;10773;17;143;182;342;394;70642;4001;75037;"2025-09-25 11:26:13"
6800;"2022-09-01";104;131;175495;4792;180418;169;5019;1441;6629;161;21362;2907;24430;24;454;575;1053;485;202330;9715;212530;"2025-09-25 11:26:13"
6801;"2022-09-01";105;252;138294;1539;140085;93;2394;90;2577;65;6920;1494;8479;2;211;129;342;412;147819;3252;151483;"2025-09-25 11:26:13"
6802;"2022-09-01";106;194;92762;1017;93973;166;2963;626;3755;104;8448;2032;10584;14;179;108;301;478;104352;3783;108613;"2025-09-25 11:26:13"
6803;"2022-09-01";107;143;67898;1434;69475;78;2611;113;2802;101;6638;1668;8407;23;151;110;284;345;77298;3325;80968;"2025-09-25 11:26:13"
6804;"2022-09-01";108;180;214092;1807;216079;114;6900;453;7467;153;36846;5853;42852;21;533;411;965;468;258371;8524;267363;"2025-09-25 11:26:13"
6805;"2022-09-01";109;188;132711;2431;135330;160;5440;1123;6723;221;23051;3767;27039;13;303;339;655;582;161505;7660;169747;"2025-09-25 11:26:13"
6806;"2022-09-01";110;73;122325;2503;124901;40;4400;640;5080;36;18850;2517;21403;3;373;380;756;152;145948;6040;152140;"2025-09-25 11:26:13"
6807;"2022-09-01";111;155;87385;760;88300;100;3279;466;3845;141;18866;3311;22318;13;791;280;1084;409;110321;4817;115547;"2025-09-25 11:26:13"
6808;"2022-09-01";112;147;109469;2310;111926;115;2403;617;3135;125;9404;3596;13125;13;237;157;407;400;121513;6680;128593;"2025-09-25 11:26:13"
6809;"2022-09-01";113;92;72796;1325;74213;33;2490;905;3428;38;9368;1598;11004;0;153;134;287;163;84807;3962;88932;"2025-09-25 11:26:13"
6810;"2022-09-01";114;156;93155;676;93987;92;3842;433;4367;150;18195;2224;20569;14;392;202;608;412;115584;3535;119531;"2025-09-25 11:26:13"
6811;"2022-09-01";115;230;49515;393;50138;101;1847;666;2614;265;11895;802;12962;10;235;85;330;606;63492;1946;66044;"2025-09-25 11:26:13"
6812;"2022-09-01";116;174;49656;390;50220;82;2138;702;2922;198;14031;5908;20137;9;251;378;638;463;66076;7378;73917;"2025-09-25 11:26:13"
6813;"2022-09-01";117;86;17225;99;17410;72;801;122;995;151;6225;4517;10893;6;124;514;644;315;24375;5252;29942;"2025-09-25 11:26:13"
6814;"2022-09-01";118;82;97138;1156;98376;57;3039;531;3627;69;10293;2191;12553;9;260;153;422;217;110730;4031;114978;"2025-09-25 11:26:13"
6815;"2022-09-01";119;46;177025;2651;179722;34;3846;642;4522;34;11869;3494;15397;9;413;181;603;123;193153;6968;200244;"2025-09-25 11:26:13"
6816;"2022-09-01";120;20;141530;647;142197;16;2046;199;2261;23;4935;1358;6316;0;207;32;239;59;148718;2236;151013;"2025-09-25 11:26:13"
6817;"2022-09-01";121;365;111575;1752;113692;181;4147;1300;5628;236;20938;4691;25865;15;568;451;1034;797;137228;8194;146219;"2025-09-25 11:26:13"
6818;"2022-09-01";122;112;58516;439;59067;96;1450;170;1716;86;6081;2089;8256;10;116;311;437;304;66163;3009;69476;"2025-09-25 11:26:13"
6819;"2022-09-01";123;254;146526;2333;149113;273;4947;423;5643;201;18109;2732;21042;26;435;263;724;754;170017;5751;176522;"2025-09-25 11:26:13"
6820;"2022-09-01";124;201;97065;936;98202;85;3590;625;4300;124;18304;4330;22758;16;378;532;926;426;119337;6423;126186;"2025-09-25 11:26:13"
6821;"2022-09-01";125;244;197072;2856;200172;101;5961;2668;8730;177;29858;5586;35621;20;548;300;868;542;233439;11410;245391;"2025-09-25 11:26:13"
6822;"2022-09-01";126;330;267125;3525;270980;167;8357;1982;10506;246;35016;6936;42198;23;759;974;1756;766;311257;13417;325440;"2025-09-25 11:26:13"
6823;"2022-09-01";127;165;65264;6082;71511;73;3098;787;3958;148;20682;2730;23560;12;292;385;689;398;89336;9984;99718;"2025-09-25 11:26:13"
6824;"2022-09-01";128;194;117251;877;118322;89;2817;328;3234;135;15779;2196;18110;10;277;159;446;428;136124;3560;140112;"2025-09-25 11:26:13"
6825;"2022-09-01";129;376;407567;3063;411006;220;10945;2636;13801;292;60754;7134;68180;73;1433;562;2068;961;480699;13395;495055;"2025-09-25 11:26:13"
6827;"2022-09-01";238;145;90711;2497;93353;129;2807;518;3454;244;18054;1402;19700;27;337;377;741;545;111909;4794;117248;"2025-09-25 11:26:13"
6828;"2022-09-01";214;64;19007;209;19280;62;766;75;903;97;7226;208;7531;7;86;69;162;230;27085;561;27876;"2025-09-25 11:26:13"
6829;"2022-09-01";240;106;38479;659;39244;76;1333;152;1561;123;6920;456;7499;13;144;201;358;318;46876;1468;48662;"2025-09-25 11:26:13"
6830;"2022-09-01";241;117;25378;443;25938;102;919;129;1150;180;6691;172;7043;7;105;43;155;406;33093;787;34286;"2025-09-25 11:26:13"
6831;"2022-09-01";242;111;33079;878;34068;90;1176;140;1406;103;5522;290;5915;6;119;94;219;310;39896;1402;41608;"2025-09-25 11:26:13"
6832;"2022-09-01";243;53;8569;60;8682;51;328;31;410;100;3282;48;3430;7;47;11;65;211;12226;150;12587;"2025-09-25 11:26:13"
6833;"2022-09-01";244;42;11897;197;12136;39;441;28;508;110;4076;74;4260;6;61;19;86;197;16475;318;16990;"2025-09-25 11:26:13"
6834;"2022-09-01";245;126;14642;151;14919;84;709;53;846;122;6158;138;6418;8;91;49;148;340;21600;391;22331;"2025-09-25 11:26:13"
6835;"2022-09-01";246;212;152861;2798;155871;161;4697;498;5356;229;26499;2153;28881;22;526;360;908;624;184583;5809;191016;"2025-09-25 11:26:13"
6836;"2022-09-01";247;53;13957;119;14129;44;536;62;642;115;4869;88;5072;5;80;27;112;217;19442;296;19955;"2025-09-25 11:26:13"
6837;"2022-09-01";248;112;14066;209;14387;86;616;73;775;139;6142;161;6442;15;88;32;135;352;20912;475;21739;"2025-09-25 11:26:13"
6838;"2022-09-01";249;54;16687;138;16879;58;756;37;851;126;6923;139;7188;11;64;19;94;249;24430;333;25012;"2025-09-25 11:26:13"
6839;"2022-09-01";250;284;116971;2612;119867;268;3370;613;4251;267;18637;2764;21668;16;435;404;855;835;139413;6393;146641;"2025-09-25 11:26:13"
6840;"2022-09-01";251;57;15750;426;16233;58;675;157;890;111;3350;129;3590;7;94;40;141;233;19869;752;20854;"2025-09-25 11:26:13"
6841;"2022-09-01";252;104;16922;288;17314;85;826;71;982;119;8469;142;8730;14;82;33;129;322;26299;534;27155;"2025-09-25 11:26:13"
6842;"2022-09-01";253;121;26900;238;27259;106;1326;294;1726;174;11504;445;12123;22;123;62;207;423;39853;1039;41315;"2025-09-25 11:26:13"
6843;"2022-09-01";254;60;9587;64;9711;62;330;46;438;102;3287;50;3439;10;53;19;82;234;13257;179;13670;"2025-09-25 11:26:13"
6844;"2022-09-01";255;83;18453;501;19037;67;898;65;1030;124;8271;255;8650;12;89;48;149;286;27711;869;28866;"2025-09-25 11:26:13"
6846;"2022-09-01";131;72;14809;76;14957;58;818;48;924;82;7852;251;8185;12;69;27;108;224;23548;402;24174;"2025-09-25 11:26:13"
6847;"2022-09-01";132;72;10524;131;10727;44;489;75;608;115;4815;369;5299;4;63;224;291;235;15891;799;16925;"2025-09-25 11:26:13"
6848;"2022-09-01";133;69;11635;131;11835;57;639;89;785;99;6143;677;6919;13;64;74;151;238;18481;971;19690;"2025-09-25 11:26:13"
6849;"2022-09-01";134;79;16734;123;16936;55;737;90;882;113;8005;171;8289;11;70;29;110;258;25546;413;26217;"2025-09-25 11:26:13"
6850;"2022-09-01";135;73;19379;331;19783;55;845;98;998;77;7713;670;8460;8;71;81;160;213;28008;1180;29401;"2025-09-25 11:26:13"
6851;"2022-09-01";136;77;45017;295;45389;67;2245;212;2524;111;13406;1350;14867;11;190;139;340;266;60858;1996;63120;"2025-09-25 11:26:13"
6852;"2022-09-01";137;104;53043;721;53868;74;1860;175;2109;153;13562;1706;15421;7;264;861;1132;338;68729;3463;72530;"2025-09-25 11:26:13"
6853;"2022-09-01";138;34;16365;135;16534;24;623;34;681;29;3186;572;3787;5;67;44;116;92;20241;785;21118;"2025-09-25 11:26:13"
6854;"2022-09-01";139;73;42043;241;42357;64;1604;90;1758;81;8938;981;10000;7;159;78;244;225;52744;1390;54359;"2025-09-25 11:26:13"
6855;"2022-09-01";140;1;8;0;9;0;3;0;3;0;8;0;8;0;0;0;0;1;19;0;20;"2025-09-25 11:26:13"
6856;"2022-09-01";141;210;82336;1074;83620;111;2352;332;2795;169;11924;1022;13115;14;264;246;524;504;96876;2674;100054;"2025-09-25 11:26:13"
6857;"2022-09-01";142;62;88004;1549;89615;115;2198;904;3217;64;11249;1781;13094;4;287;210;501;245;101738;4444;106427;"2025-09-25 11:26:13"
6858;"2022-09-01";143;148;89303;2048;91499;105;2629;446;3180;125;14208;2013;16346;9;347;216;572;387;106487;4723;111597;"2025-09-25 11:26:13"
6859;"2022-09-01";144;129;116333;4734;121196;93;3187;706;3986;129;15360;2027;17516;14;427;292;733;365;135307;7759;143431;"2025-09-25 11:26:13"
6860;"2022-09-01";145;204;90366;5293;95863;150;3069;416;3635;245;19776;1775;21796;28;377;292;697;627;113588;7776;121991;"2025-09-25 11:26:13"
6862;"2022-09-01";147;62;20836;63;20961;33;616;108;757;59;2131;365;2555;9;76;33;118;163;23659;569;24391;"2025-09-25 11:26:13"
6863;"2022-09-01";148;218;40814;1609;42641;121;1679;363;2163;216;12582;647;13445;23;168;116;307;578;55243;2735;58556;"2025-09-25 11:26:13"
6864;"2022-09-01";149;67;19452;1205;20724;40;1075;275;1390;93;8396;592;9081;7;95;62;164;207;29018;2134;31359;"2025-09-25 11:26:13"
6865;"2022-09-01";150;137;44459;887;45483;89;2152;375;2616;150;15002;1095;16247;29;167;78;274;405;61780;2435;64620;"2025-09-25 11:26:13"
6866;"2022-09-01";151;145;78820;638;79603;78;2584;345;3007;172;18258;2291;20721;13;375;784;1172;408;100037;4058;104503;"2025-09-25 11:26:13"
6867;"2022-09-01";152;128;39137;523;39788;75;1464;178;1717;181;12614;557;13352;31;156;148;335;415;53371;1406;55192;"2025-09-25 11:26:13"
6868;"2022-09-01";153;94;22428;362;22884;63;1194;347;1604;134;11038;388;11560;11;84;54;149;302;34744;1151;36197;"2025-09-25 11:26:13"
6869;"2022-09-01";154;157;77517;943;78617;87;2643;500;3230;161;18311;1837;20309;19;315;427;761;424;98786;3707;102917;"2025-09-25 11:26:13"
6870;"2022-09-01";155;80;19041;146;19267;39;774;115;928;106;7518;484;8108;10;77;73;160;235;27410;818;28463;"2025-09-25 11:26:13"
6871;"2022-09-01";156;177;153580;2659;156416;137;5067;536;5740;181;23000;3482;26663;41;538;372;951;536;182185;7049;189770;"2025-09-25 11:26:13"
6872;"2022-09-01";157;116;31579;295;31990;119;1438;303;1860;177;11315;705;12197;15;161;105;281;427;44493;1408;46328;"2025-09-25 11:26:13"
6873;"2022-09-01";158;98;111839;1741;113678;73;3997;603;4673;112;19086;2670;21868;10;409;392;811;293;135331;5406;141030;"2025-09-25 11:26:13"
6874;"2022-09-01";159;160;176524;2147;178831;144;4849;902;5895;217;20635;2328;23180;23;539;281;843;544;202547;5658;208749;"2025-09-25 11:26:13"
6875;"2022-09-01";160;68;10875;69;11012;53;513;68;634;122;5818;569;6509;13;61;81;155;256;17267;787;18310;"2025-09-25 11:26:13"
6876;"2022-09-01";161;75;23734;197;24006;42;1065;79;1186;179;10355;244;10778;17;123;44;184;313;35277;564;36154;"2025-09-25 11:26:13"
6877;"2022-09-01";162;156;40231;324;40711;88;1469;219;1776;136;11994;768;12898;21;190;123;334;401;53884;1434;55719;"2025-09-25 11:26:13"
6879;"2022-09-01";257;110;19244;186;19540;66;1347;93;1506;144;10427;263;10834;8;100;46;154;328;31118;588;32034;"2025-09-25 11:26:13"
6880;"2022-09-01";258;195;111713;2151;114059;125;3399;543;4067;207;18956;3105;22268;20;374;656;1050;547;134442;6455;141444;"2025-09-25 11:26:13"
6881;"2022-09-01";259;111;31823;716;32650;70;1541;169;1780;128;13218;1037;14383;7;225;139;371;316;46807;2061;49184;"2025-09-25 11:26:13"
6882;"2022-09-01";260;134;28042;1923;30099;94;1245;198;1537;171;12418;444;13033;18;153;61;232;417;41858;2626;44901;"2025-09-25 11:26:13"
6883;"2022-09-01";261;66;8469;58;8593;39;468;55;562;85;4316;248;4649;4;38;40;82;194;13291;401;13886;"2025-09-25 11:26:13"
6884;"2022-09-01";262;83;18301;191;18575;60;907;126;1093;111;8542;253;8906;10;93;49;152;264;27843;619;28726;"2025-09-25 11:26:13"
6885;"2022-09-01";263;65;9528;61;9654;60;418;23;501;97;5024;60;5181;7;39;16;62;229;15009;160;15398;"2025-09-25 11:26:13"
6886;"2022-09-01";264;105;39886;265;40256;106;1636;432;2174;185;11804;2247;14236;22;185;186;393;418;53511;3130;57059;"2025-09-25 11:26:13"
6887;"2022-09-01";265;181;109899;1879;111959;137;4279;484;4900;216;24250;3036;27502;15;316;439;770;549;138744;5838;145131;"2025-09-25 11:26:13"
6888;"2022-09-01";266;67;9300;58;9425;48;442;64;554;101;4790;278;5169;3;55;27;85;219;14587;427;15233;"2025-09-25 11:26:13"
6889;"2022-09-01";267;75;7661;32;7768;46;378;20;444;126;4383;110;4619;8;43;17;68;255;12465;179;12899;"2025-09-25 11:26:13"
6890;"2022-09-01";268;134;151618;3196;154948;102;3748;898;4748;87;19289;2459;21835;11;451;386;848;334;175106;6939;182379;"2025-09-25 11:26:13"
6891;"2022-09-01";269;290;134860;1930;137080;245;3470;589;4304;235;16097;1424;17756;25;265;246;536;795;154692;4189;159676;"2025-09-25 11:26:13"
6892;"2022-09-01";270;110;39257;2572;41939;104;1687;196;1987;138;14805;854;15797;6;216;119;341;358;55965;3741;60064;"2025-09-25 11:26:13"
6893;"2022-09-01";271;99;9099;42;9240;53;446;88;587;105;4874;96;5075;11;48;12;71;268;14467;238;14973;"2025-09-25 11:26:13"
6895;"2022-09-01";164;82;11891;169;12142;61;558;90;709;103;6395;746;7244;10;67;39;116;256;18911;1044;20211;"2025-09-25 11:26:13"
6896;"2022-09-01";165;93;19692;191;19976;74;1101;108;1283;137;12286;256;12679;6;89;35;130;310;33168;590;34068;"2025-09-25 11:26:13"
6897;"2022-09-01";166;62;9923;136;10121;35;436;67;538;63;4877;416;5356;0;50;65;115;160;15286;684;16130;"2025-09-25 11:26:13"
6898;"2022-09-01";167;93;71178;729;72000;70;2268;281;2619;86;13909;3486;17481;14;443;1644;2101;263;87798;6140;94201;"2025-09-25 11:26:13"
6899;"2022-09-01";168;48;8890;472;9410;34;443;61;538;64;3955;208;4227;1;47;23;71;147;13335;764;14246;"2025-09-25 11:26:13"
6900;"2022-09-01";169;141;49629;843;50613;122;1931;397;2450;194;15148;1696;17038;19;301;282;602;476;67009;3218;70703;"2025-09-25 11:26:13"
6901;"2022-09-01";170;82;19280;321;19683;48;817;262;1127;85;7740;965;8790;12;115;143;270;227;27952;1691;29870;"2025-09-25 11:26:13"
6902;"2022-09-01";171;135;79713;2362;82210;121;2903;424;3448;147;12963;2397;15507;9;271;373;653;412;95850;5556;101818;"2025-09-25 11:26:13"
6903;"2022-09-01";172;198;37656;154;38008;207;1552;48;1807;151;11288;807;12246;14;152;101;267;570;50648;1110;52328;"2025-09-25 11:26:13"
6904;"2022-09-01";173;74;13424;1592;15090;51;747;151;949;97;7654;348;8099;8;75;44;127;230;21900;2135;24265;"2025-09-25 11:26:13"
6905;"2022-09-01";174;172;118087;1804;120063;139;3178;644;3961;184;22321;1998;24503;18;390;921;1329;513;143976;5367;149856;"2025-09-25 11:26:13"
6906;"2022-09-01";175;103;12606;94294;107003;57;637;2059;2753;180;8937;445;9562;5;149;33;187;345;22329;96831;119505;"2025-09-25 11:26:13"
6907;"2022-09-01";176;190;109407;2413;112010;146;3495;688;4329;194;21223;3434;24851;17;365;840;1222;547;134490;7375;142412;"2025-09-25 11:26:13"
6908;"2022-09-01";177;70;20046;146;20262;41;823;92;956;95;7948;499;8542;6;85;42;133;212;28902;779;29893;"2025-09-25 11:26:13"
6909;"2022-09-01";178;95;22618;396;23109;64;1242;133;1439;119;10671;717;11507;8;168;127;303;286;34699;1373;36358;"2025-09-25 11:26:13"
6910;"2022-09-01";179;110;15622;217;15949;58;727;106;891;103;9398;198;9699;12;76;27;115;283;25823;548;26654;"2025-09-25 11:26:13"
6911;"2022-09-01";180;82;18518;253;18853;42;786;71;899;83;7980;847;8910;3;112;88;203;210;27396;1259;28865;"2025-09-25 11:26:13"
6912;"2022-09-01";181;87;12796;83;12966;73;594;49;716;98;6948;287;7333;7;52;29;88;265;20390;448;21103;"2025-09-25 11:26:13"
6913;"2022-09-01";182;75;10605;94;10774;46;564;56;666;84;6099;129;6312;8;48;19;75;213;17316;298;17827;"2025-09-25 11:26:13"
6914;"2022-09-01";183;64;11570;26929;38563;51;557;488;1096;86;6304;184;6574;11;76;22;109;212;18507;27623;46342;"2025-09-25 11:26:13"
6915;"2022-09-01";184;105;23472;53025;76602;78;1637;1053;2768;132;14945;236;15313;11;108;36;155;326;40162;54350;94838;"2025-09-25 11:26:13"
6916;"2022-09-01";185;92;24717;461;25270;48;999;956;2003;98;8016;507;8621;6;113;148;267;244;33845;2072;36161;"2025-09-25 11:26:13"
6918;"2022-09-01";187;124;115972;1006;117102;88;3214;384;3686;115;22078;2593;24786;15;331;380;726;342;141595;4363;146300;"2025-09-25 11:26:13"
6919;"2022-09-01";188;207;114608;1671;116486;155;3965;561;4681;231;25353;1950;27534;15;478;367;860;608;144404;4549;149561;"2025-09-25 11:26:13"
6920;"2022-09-01";189;61;13573;38;13672;35;676;54;765;67;6335;616;7018;13;74;39;126;176;20658;747;21581;"2025-09-25 11:26:13"
6921;"2022-09-01";190;190;184849;2522;187561;113;5377;794;6284;229;25533;3404;29166;17;546;448;1011;549;216305;7168;224022;"2025-09-25 11:26:13"
6922;"2022-09-01";44;44;9808;35;9887;38;404;18;460;40;5303;194;5537;0;54;63;117;122;15569;310;16001;"2025-09-25 11:26:13"
6923;"2022-09-01";192;142;56889;629;57660;84;2154;251;2489;154;17575;1002;18731;13;193;137;343;393;76811;2019;79223;"2025-09-25 11:26:13"
6924;"2022-09-01";193;88;26702;428;27218;60;1270;117;1447;123;10047;262;10432;9;126;76;211;280;38145;883;39308;"2025-09-25 11:26:13"
6925;"2022-09-01";194;95;10934;61;11090;45;442;39;526;85;6879;84;7048;8;54;16;78;233;18309;200;18742;"2025-09-25 11:26:13"
6926;"2022-09-01";195;117;35493;425;36035;92;1675;260;2027;166;16851;1037;18054;14;173;159;346;389;54192;1881;56462;"2025-09-25 11:26:13"
6927;"2022-09-01";196;65;19522;170;19757;48;831;39;918;86;11027;980;12093;6;122;150;278;205;31502;1339;33046;"2025-09-25 11:26:13"
6928;"2022-09-01";197;213;62184;995;63392;228;2223;298;2749;248;19147;1168;20563;40;272;223;535;729;83826;2684;87239;"2025-09-25 11:26:13"
6929;"2022-09-01";198;78;12466;111;12655;53;634;48;735;113;6029;114;6256;10;63;23;96;254;19192;296;19742;"2025-09-25 11:26:13"
6930;"2022-09-01";199;55;5870;34;5959;33;293;26;352;59;3761;44;3864;1;29;7;37;148;9953;111;10212;"2025-09-25 11:26:13"
6931;"2022-09-01";200;125;40128;496;40749;72;1681;147;1900;133;14595;735;15463;29;189;143;361;359;56593;1521;58473;"2025-09-25 11:26:13"
6932;"2022-09-01";201;122;43559;451;44132;85;1800;246;2131;132;15979;1538;17649;11;203;339;553;350;61541;2574;64465;"2025-09-25 11:26:13"
6933;"2022-09-01";202;104;22057;183;22344;63;755;79;897;107;8290;194;8591;20;95;35;150;294;31197;491;31982;"2025-09-25 11:26:13"
6934;"2022-09-01";203;65;3933;402;4400;19;263;198;480;66;1377;30;1473;8;21;2;31;158;5594;632;6384;"2025-09-25 11:26:13"
6935;"2022-09-01";204;124;19429;122;19675;62;681;77;820;123;6495;108;6726;8;104;31;143;317;26709;338;27364;"2025-09-25 11:26:13"
6936;"2022-09-01";205;84;18752;89;18925;87;881;80;1048;140;11904;808;12852;13;92;104;209;324;31629;1081;33034;"2025-09-25 11:26:13"
6937;"2022-09-01";206;81;17174;142;17397;41;657;50;748;85;7747;613;8445;10;76;140;226;217;25654;945;26816;"2025-09-25 11:26:13"
6938;"2022-09-01";207;63;9612;40;9715;69;447;44;560;83;5883;114;6080;11;61;15;87;226;16003;213;16442;"2025-09-25 11:26:13"
6939;"2022-09-01";208;119;55252;304;55675;68;1940;409;2417;109;12841;1490;14440;9;194;263;466;305;70227;2466;72998;"2025-09-25 11:26:13"
6940;"2022-09-01";209;136;100087;1364;101587;91;3079;789;3959;197;17315;4444;21956;11;383;1754;2148;435;120864;8351;129650;"2025-09-25 11:26:13"
6941;"2022-09-01";210;150;120892;2010;123052;87;3136;302;3525;105;17799;992;18896;21;335;285;641;363;142162;3589;146114;"2025-09-25 11:26:13"
6943;"2022-09-01";212;126;92246;992;93364;92;3085;488;3665;138;11799;458;12395;11;265;157;433;367;107395;2095;109857;"2025-09-25 11:26:13"
6944;"2022-09-01";213;92;23113;188;23393;66;886;165;1117;103;9163;241;9507;11;65;167;243;272;33227;761;34260;"2025-09-25 11:26:13"
6946;"2022-09-01";215;250;233933;2330;236513;168;6671;561;7400;221;40337;4076;44634;26;637;569;1232;665;281578;7536;289779;"2025-09-25 11:26:13"
6947;"2022-09-01";216;96;13707;159;13962;55;569;113;737;122;6124;146;6392;6;61;30;97;279;20461;448;21188;"2025-09-25 11:26:13"
6948;"2022-09-01";217;110;41846;493;42449;94;1474;186;1754;103;13604;2615;16322;10;151;633;794;317;57075;3927;61319;"2025-09-25 11:26:13"
6949;"2022-09-01";218;100;45602;687;46389;75;1556;209;1840;135;10490;503;11128;11;149;109;269;321;57797;1508;59626;"2025-09-25 11:26:13"
6950;"2022-09-01";219;91;13031;66;13188;61;532;53;646;86;7047;475;7608;7;136;141;284;245;20746;735;21726;"2025-09-25 11:26:13"
6951;"2022-09-01";220;165;144323;1234;145722;103;4417;798;5318;144;22172;6991;29307;15;545;1634;2194;427;171457;10657;182541;"2025-09-25 11:26:13"
6952;"2022-09-01";221;60;10034;63;10157;50;428;44;522;90;4535;552;5177;7;46;100;153;207;15043;759;16009;"2025-09-25 11:26:13"
6953;"2022-09-01";222;207;138935;2669;141811;175;3590;1029;4794;239;26649;2328;29216;24;419;424;867;645;169593;6450;176688;"2025-09-25 11:26:13"
6954;"2022-09-01";223;69;24602;184;24855;69;1099;104;1272;83;10232;403;10718;8;136;63;207;229;36069;754;37052;"2025-09-25 11:26:13"
6955;"2022-09-01";224;133;81817;1310;83260;73;2065;482;2620;145;10568;960;11673;11;119;155;285;362;94569;2907;97838;"2025-09-25 11:26:13"
6956;"2022-09-01";225;68;87281;3382;90731;33;2015;438;2486;52;11116;1604;12772;3;160;236;399;156;100572;5660;106388;"2025-09-25 11:26:13"
6957;"2022-09-01";226;254;145365;51280;196899;225;2271;1133;3629;153;10431;953;11537;10;172;186;368;642;158239;53552;212433;"2025-09-25 11:26:13"
6958;"2022-09-01";227;171;98502;1573;100246;163;2417;244;2824;122;16655;1347;18124;11;252;320;583;467;117826;3484;121777;"2025-09-25 11:26:13"
6959;"2022-09-01";228;86;85352;727;86165;37;2109;174;2320;85;7788;860;8733;9;240;247;496;217;95489;2008;97714;"2025-09-25 11:26:13"
6960;"2022-09-01";229;101;42174;746;43021;82;1815;254;2151;119;8780;309;9208;8;135;73;216;310;52904;1382;54596;"2025-09-25 11:26:13"
6961;"2022-09-01";230;59;15937;95;16091;61;565;40;666;102;7699;167;7968;6;57;77;140;228;24258;379;24865;"2025-09-25 11:26:13"
6962;"2022-09-01";231;73;31977;30001;62051;57;1134;314;1505;68;10134;526;10728;6;229;230;465;204;43474;31071;74749;"2025-09-25 11:26:13"
6963;"2022-09-01";232;52;12979;163;13194;57;508;83;648;114;6424;155;6693;8;66;20;94;231;19977;421;20629;"2025-09-25 11:26:13"
6964;"2022-09-01";233;84;15221;100;15405;60;625;72;757;133;7965;393;8491;9;65;58;132;286;23876;623;24785;"2025-09-25 11:26:13"
6966;"2022-09-01";235;258;76185;973;77416;143;3134;153;3430;334;27301;613;28248;40;232;131;403;775;106852;1870;109497;"2025-09-25 11:26:13"
6967;"2022-09-01";236;568;239363;260887;500818;347;7574;6547;14468;676;54179;3302;58157;41;964;522;1527;1632;302080;271258;574970;"2025-09-25 11:26:13"
6969;"2022-10-01";1;156;206392;19795;226343;52;4154;598;4804;185;13721;1831;15737;17;309;146;472;410;224576;22370;247356;"2025-09-25 11:26:20"
6970;"2022-10-01";2;104;127790;5133;133027;44;3598;789;4431;156;12367;2473;14996;7;176;228;411;311;143931;8623;152865;"2025-09-25 11:26:20"
6971;"2022-10-01";3;103;60975;2087;63165;65;2440;718;3223;137;7213;1272;8622;14;117;111;242;319;70745;4188;75252;"2025-09-25 11:26:20"
6972;"2022-10-01";4;115;65697;1758;67570;83;1787;167;2037;120;15897;2134;18151;10;345;493;848;328;83726;4552;88606;"2025-09-25 11:26:20"
6973;"2022-10-01";5;96;99613;3150;102859;47;3418;306;3771;148;9467;2109;11724;12;154;174;340;303;112652;5739;118694;"2025-09-25 11:26:20"
6974;"2022-10-01";6;87;80392;3515;83994;43;2391;362;2796;166;9576;1731;11473;10;103;268;381;306;92462;5876;98644;"2025-09-25 11:26:20"
6975;"2022-10-01";7;100;113876;10861;124837;62;4550;558;5170;128;14110;2755;16993;6;284;158;448;296;132820;14332;147448;"2025-09-25 11:26:20"
6976;"2022-10-01";8;51;70872;3417;74340;29;3022;467;3518;75;10886;2292;13253;10;159;118;287;165;84939;6294;91398;"2025-09-25 11:26:20"
6977;"2022-10-01";9;88;129250;5513;134851;53;3749;840;4642;174;10236;2136;12546;10;211;258;479;325;143446;8747;152518;"2025-09-25 11:26:20"
6978;"2022-10-01";10;94;76820;4737;81651;51;2639;575;3265;127;8325;2037;10489;11;152;166;329;283;87936;7515;95734;"2025-09-25 11:26:20"
6979;"2022-10-01";11;105;81274;2173;83552;58;2899;152;3109;143;9901;2168;12212;10;144;103;257;316;94218;4596;99130;"2025-09-25 11:26:20"
6980;"2022-10-01";12;108;93806;1173;95087;50;2514;136;2700;129;6819;1198;8146;16;117;229;362;303;103256;2736;106295;"2025-09-25 11:26:20"
6981;"2022-10-01";13;102;100951;4567;105620;55;2800;664;3519;165;9598;2183;11946;19;241;394;654;341;113590;7808;121739;"2025-09-25 11:26:20"
6982;"2022-10-01";14;201;75841;3171;79213;107;2211;433;2751;134;5968;1838;7940;10;117;104;231;452;84137;5546;90135;"2025-09-25 11:26:20"
6983;"2022-10-01";15;214;150886;4915;156015;130;3163;737;4030;179;10849;4937;15965;11;252;164;427;534;165150;10753;176437;"2025-09-25 11:26:20"
6984;"2022-10-01";16;123;82673;8504;91300;46;2077;929;3052;180;8765;1916;10861;18;175;98;291;367;93690;11447;105504;"2025-09-25 11:26:20"
6985;"2022-10-01";17;94;105178;2138;107410;47;3163;1125;4335;153;8778;1729;10660;8;163;110;281;302;117282;5102;122686;"2025-09-25 11:26:20"
6986;"2022-10-01";18;127;206104;7139;213370;97;4468;1673;6238;159;24291;5261;29711;13;334;365;712;396;235197;14438;250031;"2025-09-25 11:26:20"
6987;"2022-10-01";19;121;127511;4469;132101;58;3398;760;4216;140;11555;2931;14626;7;257;444;708;326;142721;8604;151651;"2025-09-25 11:26:20"
6988;"2022-10-01";20;135;117664;3157;120956;57;4071;160;4288;172;13825;4336;18333;16;431;638;1085;380;135991;8291;144662;"2025-09-25 11:26:20"
6989;"2022-10-01";21;246;65434;1269;66949;128;2003;57;2188;146;5275;805;6226;11;109;29;149;531;72821;2160;75512;"2025-09-25 11:26:20"
6990;"2022-10-01";22;102;113007;4134;117243;46;3459;748;4253;140;10298;1953;12391;15;151;192;358;303;126915;7027;134245;"2025-09-25 11:26:20"
6991;"2022-10-01";23;1538;38965;830;41333;1697;1574;255;3526;353;3721;913;4987;102;83;74;259;3690;44343;2072;50105;"2025-09-25 11:26:20"
6992;"2022-10-01";63;121;87577;1139;88837;109;1983;299;2391;96;10132;863;11091;5;176;265;446;331;99868;2566;102765;"2025-09-25 11:26:20"
6993;"2022-10-01";25;81;90415;5866;96362;39;3474;545;4058;121;11893;2782;14796;17;179;336;532;258;105961;9529;115748;"2025-09-25 11:26:20"
6994;"2022-10-01";146;829;316454;262695;579978;489;10628;6697;17814;1010;81870;3944;86824;81;1216;650;1947;2409;410168;273986;686563;"2025-09-25 11:26:20"
6996;"2022-10-01";28;97;67015;2585;69697;61;2240;795;3096;103;9883;3205;13191;13;165;668;846;274;79303;7253;86830;"2025-09-25 11:26:20"
6997;"2022-10-01";29;83;69907;805;70795;58;2196;543;2797;119;10679;1134;11932;11;201;203;415;271;82983;2685;85939;"2025-09-25 11:26:20"
6998;"2022-10-01";77;287;135411;2767;138465;210;2853;538;3601;222;16263;3183;19668;16;317;592;925;735;154844;7080;162659;"2025-09-25 11:26:20"
6999;"2022-10-01";57;66;56011;728;56805;42;1290;146;1478;77;4614;305;4996;6;125;49;180;191;62040;1228;63459;"2025-09-25 11:26:20"
7000;"2022-10-01";32;76;84552;1499;86127;29;2096;374;2499;66;10233;1480;11779;1;172;252;425;172;97053;3605;100830;"2025-09-25 11:26:20"
7001;"2022-10-01";33;125;108436;18947;127508;66;2971;528;3565;171;13089;2246;15506;11;164;511;686;373;124660;22232;147265;"2025-09-25 11:26:20"
7002;"2022-10-01";79;86;105945;1473;107504;43;2229;271;2543;89;10966;1471;12526;9;215;338;562;227;119355;3553;123135;"2025-09-25 11:26:20"
7003;"2022-10-01";35;89;65616;2631;68336;70;2271;313;2654;114;14814;2296;17224;11;207;321;539;284;82908;5561;88753;"2025-09-25 11:26:20"
7004;"2022-10-01";36;104;91913;3561;95578;53;2901;339;3293;105;13110;1969;15184;9;179;288;476;271;108103;6157;114531;"2025-09-25 11:26:20"
7005;"2022-10-01";60;272;185900;6346;192518;320;4561;296;5177;204;19023;2244;21471;29;424;479;932;825;209908;9365;220098;"2025-09-25 11:26:20"
7006;"2022-10-01";38;51;58177;47257;105485;26;1500;986;2512;84;5795;1161;7040;10;122;362;494;171;65594;49766;115531;"2025-09-25 11:26:20"
7007;"2022-10-01";39;293;85020;10242;95555;468;1724;532;2724;181;8370;2214;10765;28;167;704;899;970;95281;13692;109943;"2025-09-25 11:26:20"
7008;"2022-10-01";40;83;26387;1277;27747;50;1026;296;1372;85;4145;361;4591;10;41;54;105;228;31599;1988;33815;"2025-09-25 11:26:20"
7010;"2022-10-01";42;129;149042;13546;162717;62;3413;289;3764;126;13335;2132;15593;9;274;498;781;326;166064;16465;182855;"2025-09-25 11:26:20"
7013;"2022-10-01";46;196;239765;8356;248317;112;5119;724;5955;186;29894;5374;35454;13;489;564;1066;507;275267;15018;290792;"2025-09-25 11:26:20"
7014;"2022-10-01";47;110;116007;1706;117823;117;3091;500;3708;292;19413;2763;22468;56;350;281;687;575;138861;5250;144686;"2025-09-25 11:26:20"
7018;"2022-10-01";51;169;192077;2640;194886;201;3223;642;4066;209;16279;1307;17795;13;381;156;550;592;211960;4745;217297;"2025-09-25 11:26:20"
7021;"2022-10-01";54;119;26366;7301;33786;58;1179;786;2023;162;9911;752;10825;9;115;84;208;348;37571;8923;46842;"2025-09-25 11:26:20"
7022;"2022-10-01";55;112;95647;153211;248970;64;3515;2393;5972;116;22815;2675;25606;17;503;313;833;309;122480;158592;281381;"2025-09-25 11:26:20"
7023;"2022-10-01";56;311;214434;38000;252745;394;5763;1279;7436;170;30069;3423;33662;21;441;518;980;896;250707;43220;294823;"2025-09-25 11:26:20"
7025;"2022-10-01";58;191;140377;3509;144077;101;4538;125;4764;131;17263;4485;21879;17;364;861;1242;440;162542;8980;171962;"2025-09-25 11:26:20"
7026;"2022-10-01";59;147;202275;35511;237933;88;5156;1116;6360;105;22726;3032;25863;11;319;318;648;351;230476;39977;270804;"2025-09-25 11:26:20"
7028;"2022-10-01";61;170;188600;4840;193610;99;3386;685;4170;154;12127;3088;15369;10;337;435;782;433;204450;9048;213931;"2025-09-25 11:26:20"
7029;"2022-10-01";62;63;8493;102;8658;42;521;69;632;116;3771;61;3948;2;34;15;51;223;12819;247;13289;"2025-09-25 11:26:20"
7032;"2022-10-01";65;176;169018;4116;173310;148;4621;413;5182;188;26668;7929;34785;23;588;896;1507;535;200895;13354;214784;"2025-09-25 11:26:20"
7038;"2022-10-01";71;82;71407;2766;74255;45;2363;553;2961;102;13967;3931;18000;10;274;457;741;239;88011;7707;95957;"2025-09-25 11:26:20"
7041;"2022-10-01";74;125;164393;2675;167193;97;3325;345;3767;422;15167;2351;17940;20;487;302;809;664;183372;5673;189709;"2025-09-25 11:26:20"
7047;"2022-10-01";80;168;104320;1348;105836;84;2714;687;3485;164;19812;4035;24011;9;340;993;1342;425;127186;7063;134674;"2025-09-25 11:26:20"
7050;"2022-10-01";83;345;169044;1074;170463;220;3580;467;4267;257;14986;1801;17044;54;589;160;803;876;188199;3502;192577;"2025-09-25 11:26:20"
7052;"2022-10-01";85;133;24278;163;24574;85;1220;148;1453;158;6549;211;6918;20;118;42;180;396;32165;564;33125;"2025-09-25 11:26:20"
7053;"2022-10-01";86;298;164606;1294;166198;160;4508;356;5024;186;19262;2431;21879;23;349;228;600;667;188725;4309;193701;"2025-09-25 11:26:20"
7054;"2022-10-01";87;106;112341;3646;116093;76;2724;828;3628;85;13024;2060;15169;10;305;154;469;277;128394;6688;135359;"2025-09-25 11:26:20"
7055;"2022-10-01";88;69;104437;2413;106919;28;2334;494;2856;33;9685;1426;11144;1;199;135;335;131;116655;4468;121254;"2025-09-25 11:26:20"
7056;"2022-10-01";89;443;26781;304;27528;121;549;25;695;124;1815;363;2302;20;53;7;80;708;29198;699;30605;"2025-09-25 11:26:20"
7057;"2022-10-01";90;117;87772;1618;89507;76;2659;452;3187;99;10811;2186;13096;9;184;159;352;301;101426;4415;106142;"2025-09-25 11:26:20"
7058;"2022-10-01";91;177;164775;822;165774;95;5366;2631;8092;123;30257;4796;35176;13;556;345;914;408;200954;8594;209956;"2025-09-25 11:26:20"
7059;"2022-10-01";92;87;60104;1112;61303;77;1783;299;2159;100;8582;1310;9992;12;153;145;310;276;70622;2866;73764;"2025-09-25 11:26:20"
7060;"2022-10-01";93;124;87548;803;88475;72;2421;172;2665;95;9292;3940;13327;8;157;268;433;299;99418;5183;104900;"2025-09-25 11:26:20"
7061;"2022-10-01";94;234;196135;2250;198619;113;5619;1572;7304;192;30347;4134;34673;8;596;714;1318;547;232697;8670;241914;"2025-09-25 11:26:20"
7062;"2022-10-01";95;351;262930;2036;265317;194;8189;1085;9468;231;43208;5715;49154;27;942;476;1445;803;315269;9312;325384;"2025-09-25 11:26:20"
7063;"2022-10-01";96;79;32186;775;33040;43;1377;69;1489;80;5525;641;6246;11;87;50;148;213;39175;1535;40923;"2025-09-25 11:26:20"
7064;"2022-10-01";97;279;252251;5477;258007;220;8577;1173;9970;213;35300;5824;41337;30;512;568;1110;742;296640;13042;310424;"2025-09-25 11:26:20"
7065;"2022-10-01";101;181;178924;4411;183516;67;2733;1263;4063;111;8097;2005;10213;13;299;225;537;372;190053;7904;198329;"2025-09-25 11:26:20"
7066;"2022-10-01";102;169;67452;1064;68685;57;2284;219;2560;77;7750;1265;9092;3;166;143;312;306;77652;2691;80649;"2025-09-25 11:26:20"
7067;"2022-10-01";103;208;59577;2031;61816;64;2430;265;2759;105;9119;1535;10759;17;140;182;339;394;71266;4013;75673;"2025-09-25 11:26:20"
7068;"2022-10-01";104;131;174751;4716;179598;170;5004;1462;6636;163;21510;2909;24582;24;460;580;1064;488;201725;9667;211880;"2025-09-25 11:26:20"
7069;"2022-10-01";105;252;138456;1613;140321;93;2385;89;2567;67;6915;1498;8480;3;222;129;354;415;147978;3329;151722;"2025-09-25 11:26:20"
7070;"2022-10-01";106;191;92639;1010;93840;167;2932;624;3723;106;8413;2042;10561;14;178;109;301;478;104162;3785;108425;"2025-09-25 11:26:20"
7071;"2022-10-01";107;145;69004;1437;70586;78;2618;115;2811;99;6692;1667;8458;23;152;110;285;345;78466;3329;82140;"2025-09-25 11:26:20"
7072;"2022-10-01";108;180;214243;1806;216229;113;6910;449;7472;153;36922;5862;42937;21;542;415;978;467;258617;8532;267616;"2025-09-25 11:26:20"
7073;"2022-10-01";109;187;132611;2461;135259;161;5420;1120;6701;221;23084;3771;27076;13;304;362;679;582;161419;7714;169715;"2025-09-25 11:26:20"
7074;"2022-10-01";110;73;122287;2545;124905;40;4388;643;5071;35;18857;2526;21418;3;376;370;749;151;145908;6084;152143;"2025-09-25 11:26:20"
7075;"2022-10-01";111;155;87514;745;88414;97;3281;465;3843;140;18816;3297;22253;14;792;281;1087;406;110403;4788;115597;"2025-09-25 11:26:20"
7076;"2022-10-01";112;146;109573;2319;112038;115;2385;619;3119;124;9407;3714;13245;13;240;164;417;398;121605;6816;128819;"2025-09-25 11:26:20"
7077;"2022-10-01";113;91;73113;1322;74526;33;2471;907;3411;38;9367;1613;11018;0;156;134;290;162;85107;3976;89245;"2025-09-25 11:26:20"
7078;"2022-10-01";114;157;93667;676;94500;91;3822;433;4346;151;18327;2238;20716;14;396;204;614;413;116212;3551;120176;"2025-09-25 11:26:20"
7079;"2022-10-01";115;233;49656;389;50278;107;1842;661;2610;266;11931;798;12995;10;238;83;331;616;63667;1931;66214;"2025-09-25 11:26:20"
7080;"2022-10-01";116;174;49860;390;50424;81;2145;714;2940;197;14077;5916;20190;9;254;374;637;461;66336;7394;74191;"2025-09-25 11:26:20"
7081;"2022-10-01";117;85;17247;98;17430;72;799;123;994;154;6232;4520;10906;6;121;514;641;317;24399;5255;29971;"2025-09-25 11:26:20"
7082;"2022-10-01";118;82;97265;1158;98505;57;3045;518;3620;70;10366;2201;12637;9;258;155;422;218;110934;4032;115184;"2025-09-25 11:26:20"
7083;"2022-10-01";119;42;177565;2647;180254;36;3833;641;4510;34;11918;3490;15442;9;415;182;606;121;193731;6960;200812;"2025-09-25 11:26:20"
7084;"2022-10-01";120;20;141718;659;142397;16;2041;199;2256;24;4945;1365;6334;0;212;32;244;60;148916;2255;151231;"2025-09-25 11:26:20"
7085;"2022-10-01";121;365;111638;1768;113771;181;4124;1295;5600;237;20965;4692;25894;15;576;452;1043;798;137303;8207;146308;"2025-09-25 11:26:20"
7086;"2022-10-01";122;111;58487;437;59035;94;1462;170;1726;86;6078;2095;8259;10;121;309;440;301;66148;3011;69460;"2025-09-25 11:26:20"
7087;"2022-10-01";123;252;146802;2355;149409;271;4940;424;5635;204;18161;2743;21108;26;442;264;732;753;170345;5786;176884;"2025-09-25 11:26:20"
7088;"2022-10-01";124;197;97353;960;98510;85;3592;661;4338;125;18362;4203;22690;16;389;536;941;423;119696;6360;126479;"2025-09-25 11:26:20"
7089;"2022-10-01";125;242;198038;2801;201081;101;5953;2626;8680;178;30001;5622;35801;20;558;297;875;541;234550;11346;246437;"2025-09-25 11:26:20"
7090;"2022-10-01";126;331;268100;3524;271955;167;8326;1991;10484;245;35090;6957;42292;23;765;980;1768;766;312281;13452;326499;"2025-09-25 11:26:20"
7091;"2022-10-01";127;163;65338;5921;71422;72;3067;811;3950;148;20664;2749;23561;12;294;387;693;395;89363;9868;99626;"2025-09-25 11:26:20"
7092;"2022-10-01";128;194;117564;936;118694;89;2814;328;3231;135;15773;2196;18104;10;282;158;450;428;136433;3618;140479;"2025-09-25 11:26:20"
7093;"2022-10-01";129;375;409653;3085;413113;220;10919;2634;13773;291;61022;7190;68503;73;1460;565;2098;959;483054;13474;497487;"2025-09-25 11:26:20"
7095;"2022-10-01";238;149;90848;2466;93463;130;2793;518;3441;245;18038;1401;19684;28;340;376;744;552;112019;4761;117332;"2025-09-25 11:26:20"
7096;"2022-10-01";214;65;19048;205;19318;63;759;79;901;97;7229;208;7534;7;89;70;166;232;27125;562;27919;"2025-09-25 11:26:20"
7097;"2022-10-01";240;106;38505;661;39272;77;1328;155;1560;123;6927;458;7508;13;146;204;363;319;46906;1478;48703;"2025-09-25 11:26:20"
7098;"2022-10-01";241;117;25455;448;26020;102;914;132;1148;181;6710;170;7061;7;105;43;155;407;33184;793;34384;"2025-09-25 11:26:20"
7099;"2022-10-01";242;111;33116;877;34104;89;1165;141;1395;105;5509;288;5902;6;123;93;222;311;39913;1399;41623;"2025-09-25 11:26:20"
7100;"2022-10-01";243;53;8610;61;8724;51;324;31;406;104;3286;47;3437;7;47;11;65;215;12267;150;12632;"2025-09-25 11:26:20"
7101;"2022-10-01";244;42;11939;196;12177;39;440;28;507;110;4075;74;4259;6;63;19;88;197;16517;317;17031;"2025-09-25 11:26:20"
7102;"2022-10-01";245;127;14653;150;14930;81;708;53;842;123;6170;138;6431;8;92;48;148;339;21623;389;22351;"2025-09-25 11:26:20"
7103;"2022-10-01";246;213;153351;2794;156358;164;4679;499;5342;231;26642;2162;29035;22;537;362;921;630;185209;5817;191656;"2025-09-25 11:26:20"
7104;"2022-10-01";247;53;13959;115;14127;44;532;62;638;115;4880;90;5085;5;83;27;115;217;19454;294;19965;"2025-09-25 11:26:20"
7105;"2022-10-01";248;112;14088;207;14407;87;618;74;779;143;6145;162;6450;15;87;32;134;357;20938;475;21770;"2025-09-25 11:26:20"
7106;"2022-10-01";249;55;16715;138;16908;58;755;37;850;126;6912;138;7176;11;63;20;94;250;24445;333;25028;"2025-09-25 11:26:20"
7107;"2022-10-01";250;287;117207;2623;120117;267;3361;614;4242;269;18726;2766;21761;17;441;402;860;840;139735;6405;146980;"2025-09-25 11:26:20"
7108;"2022-10-01";251;57;15772;421;16250;58;672;145;875;112;3351;131;3594;7;92;39;138;234;19887;736;20857;"2025-09-25 11:26:20"
7109;"2022-10-01";252;104;16971;302;17377;80;820;71;971;122;8478;139;8739;14;84;33;131;320;26353;545;27218;"2025-09-25 11:26:20"
7110;"2022-10-01";253;120;26975;238;27333;106;1323;289;1718;175;11508;444;12127;22;121;62;205;423;39927;1033;41383;"2025-09-25 11:26:20"
7111;"2022-10-01";254;60;9569;64;9693;63;327;46;436;102;3293;53;3448;10;55;19;84;235;13244;182;13661;"2025-09-25 11:26:20"
7112;"2022-10-01";255;84;18526;505;19115;66;900;65;1031;122;8308;253;8683;12;90;48;150;284;27824;871;28979;"2025-09-25 11:26:20"
7114;"2022-10-01";131;73;14864;76;15013;55;809;48;912;82;7860;262;8204;11;71;25;107;221;23604;411;24236;"2025-09-25 11:26:20"
7115;"2022-10-01";132;73;10560;130;10763;44;488;80;612;117;4831;372;5320;4;63;226;293;238;15942;808;16988;"2025-09-25 11:26:20"
7116;"2022-10-01";133;69;11671;131;11871;57;633;90;780;99;6166;679;6944;13;65;74;152;238;18535;974;19747;"2025-09-25 11:26:20"
7117;"2022-10-01";134;79;16762;125;16966;55;742;90;887;113;8055;170;8338;11;73;30;114;258;25632;415;26305;"2025-09-25 11:26:20"
7118;"2022-10-01";135;73;19377;322;19772;55;845;99;999;77;7719;675;8471;8;71;83;162;213;28012;1179;29404;"2025-09-25 11:26:20"
7119;"2022-10-01";136;78;45092;294;45464;68;2253;206;2527;112;13423;1344;14879;11;193;139;343;269;60961;1983;63213;"2025-09-25 11:26:20"
7120;"2022-10-01";137;104;53049;713;53866;75;1852;174;2101;154;13590;1705;15449;7;271;860;1138;340;68762;3452;72554;"2025-09-25 11:26:20"
7121;"2022-10-01";138;34;16399;135;16568;24;626;34;684;30;3204;572;3806;5;69;44;118;93;20298;785;21176;"2025-09-25 11:26:20"
7122;"2022-10-01";139;72;42224;242;42538;64;1587;89;1740;83;8946;1020;10049;7;161;80;248;226;52918;1431;54575;"2025-09-25 11:26:20"
7123;"2022-10-01";140;1;8;0;9;0;3;0;3;0;8;0;8;0;0;0;0;1;19;0;20;"2025-09-25 11:26:20"
7124;"2022-10-01";141;210;82768;1078;84056;111;2336;333;2780;169;11949;1027;13145;13;267;245;525;503;97320;2683;100506;"2025-09-25 11:26:20"
7125;"2022-10-01";142;62;87958;1543;89563;115;2179;905;3199;63;11265;1756;13084;4;294;211;509;244;101696;4415;106355;"2025-09-25 11:26:20"
7126;"2022-10-01";143;147;89414;2051;91612;105;2619;464;3188;125;14252;2017;16394;9;346;213;568;386;106631;4745;111762;"2025-09-25 11:26:20"
7127;"2022-10-01";144;130;116433;4815;121378;91;3170;704;3965;129;15372;2036;17537;14;437;288;739;364;135412;7843;143619;"2025-09-25 11:26:20"
7128;"2022-10-01";145;199;90611;5366;96176;149;3067;416;3632;243;19866;1779;21888;27;379;291;697;618;113923;7852;122393;"2025-09-25 11:26:20"
7130;"2022-10-01";147;62;21059;63;21184;33;614;107;754;59;2158;371;2588;10;73;33;116;164;23904;574;24642;"2025-09-25 11:26:20"
7131;"2022-10-01";148;220;40944;1585;42749;121;1669;350;2140;216;12603;648;13467;23;168;117;308;580;55384;2700;58664;"2025-09-25 11:26:20"
7132;"2022-10-01";149;66;19474;1203;20743;40;1075;273;1388;92;8430;589;9111;7;96;63;166;205;29075;2128;31408;"2025-09-25 11:26:20"
7133;"2022-10-01";150;139;44602;893;45634;89;2158;375;2622;148;15046;1106;16300;29;164;80;273;405;61970;2454;64829;"2025-09-25 11:26:20"
7134;"2022-10-01";151;145;79055;641;79841;78;2583;346;3007;174;18285;2298;20757;13;394;786;1193;410;100317;4071;104798;"2025-09-25 11:26:20"
7135;"2022-10-01";152;129;39166;524;39819;75;1460;179;1714;179;12641;556;13376;32;159;151;342;415;53426;1410;55251;"2025-09-25 11:26:20"
7136;"2022-10-01";153;95;22474;356;22925;63;1195;350;1608;134;11058;389;11581;11;85;54;150;303;34812;1149;36264;"2025-09-25 11:26:20"
7137;"2022-10-01";154;161;77719;897;78777;89;2632;475;3196;160;18328;1834;20322;20;319;425;764;430;98998;3631;103059;"2025-09-25 11:26:20"
7138;"2022-10-01";155;80;19032;146;19258;39;774;115;928;106;7517;480;8103;10;79;75;164;235;27402;816;28453;"2025-09-25 11:26:20"
7139;"2022-10-01";156;183;154060;2618;156861;137;5063;537;5737;186;23070;3488;26744;41;547;369;957;547;182740;7012;190299;"2025-09-25 11:26:20"
7140;"2022-10-01";157;118;31823;293;32234;119;1442;302;1863;176;11390;705;12271;16;164;106;286;429;44819;1406;46654;"2025-09-25 11:26:20"
7141;"2022-10-01";158;100;111955;1737;113792;72;3990;603;4665;112;19214;2664;21990;10;415;397;822;294;135574;5401;141269;"2025-09-25 11:26:20"
7142;"2022-10-01";159;162;176981;2100;179243;143;4847;899;5889;215;20714;2344;23273;25;533;277;835;545;203075;5620;209240;"2025-09-25 11:26:20"
7143;"2022-10-01";160;68;10909;69;11046;55;514;68;637;122;5820;565;6507;13;60;81;154;258;17303;783;18344;"2025-09-25 11:26:20"
7144;"2022-10-01";161;75;23789;197;24061;42;1063;80;1185;179;10382;241;10802;17;125;43;185;313;35359;561;36233;"2025-09-25 11:26:20"
7145;"2022-10-01";162;157;40228;325;40710;88;1456;217;1761;137;11996;769;12902;21;190;130;341;403;53870;1441;55714;"2025-09-25 11:26:20"
7147;"2022-10-01";257;108;19284;186;19578;67;1339;94;1500;144;10423;265;10832;9;98;45;152;328;31144;590;32062;"2025-09-25 11:26:20"
7148;"2022-10-01";258;197;111884;2155;114236;126;3392;546;4064;206;18985;3097;22288;20;384;658;1062;549;134645;6456;141650;"2025-09-25 11:26:20"
7149;"2022-10-01";259;112;31937;709;32758;70;1549;169;1788;129;13239;1037;14405;7;234;141;382;318;46959;2056;49333;"2025-09-25 11:26:20"
7150;"2022-10-01";260;139;28082;1862;30083;98;1240;196;1534;171;12450;446;13067;18;153;63;234;426;41925;2567;44918;"2025-09-25 11:26:20"
7151;"2022-10-01";261;67;8457;59;8583;39;468;56;563;85;4329;247;4661;4;39;40;83;195;13293;402;13890;"2025-09-25 11:26:20"
7152;"2022-10-01";262;85;18353;191;18629;61;908;126;1095;113;8536;254;8903;10;95;49;154;269;27892;620;28781;"2025-09-25 11:26:20"
7153;"2022-10-01";263;66;9558;61;9685;60;421;24;505;97;5049;60;5206;7;37;16;60;230;15065;161;15456;"2025-09-25 11:26:20"
7154;"2022-10-01";264;105;39955;263;40323;107;1639;431;2177;185;11830;2238;14253;22;187;188;397;419;53611;3120;57150;"2025-09-25 11:26:20"
7155;"2022-10-01";265;177;109972;1870;112019;138;4253;486;4877;221;24282;3045;27548;15;319;440;774;551;138826;5841;145218;"2025-09-25 11:26:20"
7156;"2022-10-01";266;67;9318;60;9445;50;441;64;555;101;4800;275;5176;3;54;28;85;221;14613;427;15261;"2025-09-25 11:26:20"
7157;"2022-10-01";267;75;7683;32;7790;51;379;21;451;128;4394;110;4632;8;45;17;70;262;12501;180;12943;"2025-09-25 11:26:20"
7158;"2022-10-01";268;136;152006;3216;155358;104;3728;916;4748;87;19398;2458;21943;11;450;387;848;338;175582;6977;182897;"2025-09-25 11:26:20"
7159;"2022-10-01";269;294;134928;1940;137162;247;3459;574;4280;237;16085;1450;17772;25;270;249;544;803;154742;4213;159758;"2025-09-25 11:26:20"
7160;"2022-10-01";270;109;39328;2532;41969;105;1684;197;1986;138;14797;860;15795;6;221;120;347;358;56030;3709;60097;"2025-09-25 11:26:20"
7161;"2022-10-01";271;99;9083;42;9224;53;445;88;586;105;4870;97;5072;11;47;12;70;268;14445;239;14952;"2025-09-25 11:26:20"
7163;"2022-10-01";164;82;11923;172;12177;61;551;91;703;103;6379;739;7221;10;68;39;117;256;18921;1041;20218;"2025-09-25 11:26:20"
7164;"2022-10-01";165;94;19724;191;20009;74;1090;108;1272;138;12284;254;12676;7;93;35;135;313;33191;588;34092;"2025-09-25 11:26:20"
7165;"2022-10-01";166;62;9936;136;10134;35;435;67;537;63;4896;414;5373;0;51;65;116;160;15318;682;16160;"2025-09-25 11:26:20"
7166;"2022-10-01";167;94;71476;784;72354;70;2276;281;2627;86;13956;3493;17535;14;453;1644;2111;264;88161;6202;94627;"2025-09-25 11:26:20"
7167;"2022-10-01";168;48;8884;479;9411;34;438;59;531;64;3948;209;4221;1;47;23;71;147;13317;770;14234;"2025-09-25 11:26:20"
7168;"2022-10-01";169;144;49657;844;50645;122;1932;387;2441;198;15148;1699;17045;19;302;280;601;483;67039;3210;70732;"2025-09-25 11:26:20"
7169;"2022-10-01";170;82;19320;333;19735;48;815;261;1124;85;7726;1020;8831;12;115;143;270;227;27976;1757;29960;"2025-09-25 11:26:20"
7170;"2022-10-01";171;133;80007;2366;82506;120;2887;424;3431;148;12995;2394;15537;10;277;371;658;411;96166;5555;102132;"2025-09-25 11:26:20"
7171;"2022-10-01";172;197;37724;155;38076;206;1549;47;1802;153;11272;812;12237;14;152;101;267;570;50697;1115;52382;"2025-09-25 11:26:20"
7172;"2022-10-01";173;74;13450;1405;14929;52;754;147;953;97;7708;349;8154;8;79;44;131;231;21991;1945;24167;"2025-09-25 11:26:20"
7173;"2022-10-01";174;174;118220;1786;120180;139;3149;647;3935;184;22438;1992;24614;18;401;921;1340;515;144208;5346;150069;"2025-09-25 11:26:20"
7174;"2022-10-01";175;104;12652;95960;108716;57;635;2133;2825;181;8965;449;9595;5;151;33;189;347;22403;98575;121325;"2025-09-25 11:26:20"
7175;"2022-10-01";176;192;109569;2401;112162;145;3504;688;4337;194;21257;3436;24887;18;371;841;1230;549;134701;7366;142616;"2025-09-25 11:26:20"
7176;"2022-10-01";177;70;20096;145;20311;41;825;92;958;94;7951;502;8547;6;85;42;133;211;28957;781;29949;"2025-09-25 11:26:20"
7177;"2022-10-01";178;95;22681;358;23134;64;1243;141;1448;118;10729;720;11567;8;168;128;304;285;34821;1347;36453;"2025-09-25 11:26:20"
7178;"2022-10-01";179;112;15669;217;15998;58;735;107;900;104;9402;197;9703;12;76;28;116;286;25882;549;26717;"2025-09-25 11:26:20"
7179;"2022-10-01";180;82;18550;253;18885;42;784;70;896;81;7995;849;8925;3;117;88;208;208;27446;1260;28914;"2025-09-25 11:26:20"
7180;"2022-10-01";181;86;12809;83;12978;73;591;49;713;99;6953;287;7339;7;50;30;87;265;20403;449;21117;"2025-09-25 11:26:20"
7181;"2022-10-01";182;72;10616;94;10782;46;560;56;662;85;6113;129;6327;8;48;19;75;211;17337;298;17846;"2025-09-25 11:26:20"
7182;"2022-10-01";183;64;11589;26156;37809;51;559;471;1081;86;6315;183;6584;11;80;22;113;212;18543;26832;45587;"2025-09-25 11:26:20"
7183;"2022-10-01";184;105;23536;68362;92003;78;1637;1023;2738;133;14987;236;15356;11;110;36;157;327;40270;69657;110254;"2025-09-25 11:26:20"
7184;"2022-10-01";185;93;24740;462;25295;48;994;950;1992;99;8030;506;8635;7;116;149;272;247;33880;2067;36194;"2025-09-25 11:26:20"
7186;"2022-10-01";187;126;116021;1007;117154;86;3205;384;3675;116;22109;2596;24821;13;335;379;727;341;141670;4366;146377;"2025-09-25 11:26:20"
7187;"2022-10-01";188;208;114797;1679;116684;156;3952;560;4668;232;25408;1950;27590;15;484;367;866;611;144641;4556;149808;"2025-09-25 11:26:20"
7188;"2022-10-01";189;61;13608;38;13707;35;672;54;761;67;6342;618;7027;14;78;39;131;177;20700;749;21626;"2025-09-25 11:26:20"
7189;"2022-10-01";190;191;184952;2514;187657;112;5370;800;6282;228;25573;3394;29195;17;548;450;1015;548;216443;7158;224149;"2025-09-25 11:26:20"
7190;"2022-10-01";44;44;9802;35;9881;38;406;18;462;40;5305;193;5538;1;55;63;119;123;15568;309;16000;"2025-09-25 11:26:20"
7191;"2022-10-01";192;144;56950;627;57721;83;2148;251;2482;156;17603;999;18758;15;201;137;353;398;76902;2014;79314;"2025-09-25 11:26:20"
7192;"2022-10-01";193;88;26716;429;27233;60;1255;118;1433;123;10082;265;10470;9;128;77;214;280;38181;889;39350;"2025-09-25 11:26:20"
7193;"2022-10-01";194;96;10933;61;11090;45;443;40;528;86;6899;84;7069;8;55;15;78;235;18330;200;18765;"2025-09-25 11:26:20"
7194;"2022-10-01";195;117;35593;420;36130;88;1670;248;2006;166;16957;1036;18159;14;176;158;348;385;54396;1862;56643;"2025-09-25 11:26:20"
7195;"2022-10-01";196;65;19562;165;19792;48;824;41;913;86;11008;981;12075;6;125;152;283;205;31519;1339;33063;"2025-09-25 11:26:20"
7196;"2022-10-01";197;216;62267;993;63476;224;2222;300;2746;248;19187;1167;20602;44;275;225;544;732;83951;2685;87368;"2025-09-25 11:26:20"
7197;"2022-10-01";198;78;12519;111;12708;52;636;47;735;110;6019;115;6244;10;65;24;99;250;19239;297;19786;"2025-09-25 11:26:20"
7198;"2022-10-01";199;56;5878;34;5968;33;289;26;348;57;3785;42;3884;1;29;7;37;147;9981;109;10237;"2025-09-25 11:26:20"
7199;"2022-10-01";200;126;40175;496;40797;72;1664;146;1882;136;14602;732;15470;29;193;144;366;363;56634;1518;58515;"2025-09-25 11:26:20"
7200;"2022-10-01";201;123;43655;409;44187;87;1798;247;2132;135;16038;1532;17705;11;210;336;557;356;61701;2524;64581;"2025-09-25 11:26:20"
7201;"2022-10-01";202;103;22139;184;22426;63;755;79;897;109;8316;194;8619;20;97;35;152;295;31307;492;32094;"2025-09-25 11:26:20"
7202;"2022-10-01";203;65;3947;404;4416;19;255;198;472;68;1370;29;1467;8;21;2;31;160;5593;633;6386;"2025-09-25 11:26:20"
7203;"2022-10-01";204;124;19452;124;19700;61;679;77;817;123;6529;108;6760;8;104;31;143;316;26764;340;27420;"2025-09-25 11:26:20"
7204;"2022-10-01";205;85;18782;88;18955;87;880;80;1047;142;11923;811;12876;13;94;103;210;327;31679;1082;33088;"2025-09-25 11:26:20"
7205;"2022-10-01";206;81;17190;143;17414;41;654;50;745;87;7757;614;8458;10;79;140;229;219;25680;947;26846;"2025-09-25 11:26:20"
7206;"2022-10-01";207;65;9651;40;9756;71;451;44;566;85;5895;114;6094;11;60;15;86;232;16057;213;16502;"2025-09-25 11:26:20"
7207;"2022-10-01";208;121;55381;309;55811;70;1928;408;2406;108;12884;1490;14482;9;200;265;474;308;70393;2472;73173;"2025-09-25 11:26:20"
7208;"2022-10-01";209;129;100942;1433;102504;83;3066;793;3942;193;17415;4425;22033;10;391;1743;2144;415;121814;8394;130623;"2025-09-25 11:26:20"
7209;"2022-10-01";210;154;121027;2005;123186;85;3141;301;3527;104;17837;994;18935;21;341;285;647;364;142346;3585;146295;"2025-09-25 11:26:20"
7211;"2022-10-01";212;126;92313;990;93429;93;3083;488;3664;139;11797;469;12405;11;268;155;434;369;107461;2102;109932;"2025-09-25 11:26:20"
7212;"2022-10-01";213;91;23192;189;23472;65;887;164;1116;103;9178;241;9522;11;65;167;243;270;33322;761;34353;"2025-09-25 11:26:20"
7214;"2022-10-01";215;248;234298;2338;236884;169;6642;558;7369;226;40416;4103;44745;26;644;566;1236;669;282000;7565;290234;"2025-09-25 11:26:20"
7215;"2022-10-01";216;98;13737;158;13993;55;562;114;731;123;6139;144;6406;6;60;30;96;282;20498;446;21226;"2025-09-25 11:26:20"
7216;"2022-10-01";217;111;41929;498;42538;96;1479;187;1762;103;13628;2609;16340;10;157;631;798;320;57193;3925;61438;"2025-09-25 11:26:20"
7217;"2022-10-01";218;102;45689;744;46535;75;1561;208;1844;136;10504;508;11148;11;150;111;272;324;57904;1571;59799;"2025-09-25 11:26:20"
7218;"2022-10-01";219;91;13065;66;13222;62;529;54;645;85;7043;476;7604;7;135;142;284;245;20772;738;21755;"2025-09-25 11:26:20"
7219;"2022-10-01";220;166;144388;1248;145802;102;4414;797;5313;145;22214;6990;29349;15;551;1628;2194;428;171567;10663;182658;"2025-09-25 11:26:20"
7220;"2022-10-01";221;62;10045;63;10170;50;432;45;527;90;4548;553;5191;7;47;101;155;209;15072;762;16043;"2025-09-25 11:26:20"
7221;"2022-10-01";222;210;139332;2612;142154;175;3582;1016;4773;236;26758;2332;29326;24;417;424;865;645;170089;6384;177118;"2025-09-25 11:26:20"
7222;"2022-10-01";223;69;24631;183;24883;68;1097;104;1269;86;10256;405;10747;8;135;63;206;231;36119;755;37105;"2025-09-25 11:26:20"
7223;"2022-10-01";224;135;82067;1320;83522;70;2052;482;2604;145;10587;962;11694;11;120;152;283;361;94826;2916;98103;"2025-09-25 11:26:20"
7224;"2022-10-01";225;68;87757;3432;91257;33;1992;440;2465;53;11157;1607;12817;3;165;236;404;157;101071;5715;106943;"2025-09-25 11:26:20"
7225;"2022-10-01";226;255;146263;51527;198045;227;2260;1131;3618;155;10518;954;11627;10;171;185;366;647;159212;53797;213656;"2025-09-25 11:26:20"
7226;"2022-10-01";227;173;98725;1558;100456;163;2413;246;2822;121;16719;1348;18188;11;257;323;591;468;118114;3475;122057;"2025-09-25 11:26:20"
7227;"2022-10-01";228;87;85522;725;86334;37;2107;175;2319;85;7806;861;8752;9;242;252;503;218;95677;2013;97908;"2025-09-25 11:26:20"
7228;"2022-10-01";229;101;42209;742;43052;81;1810;255;2146;118;8806;319;9243;8;133;74;215;308;52958;1390;54656;"2025-09-25 11:26:20"
7229;"2022-10-01";230;60;15928;95;16083;61;563;41;665;103;7714;165;7982;6;59;76;141;230;24264;377;24871;"2025-09-25 11:26:20"
7230;"2022-10-01";231;75;32007;30573;62655;57;1134;308;1499;71;10170;526;10767;6;233;228;467;209;43544;31635;75388;"2025-09-25 11:26:20"
7231;"2022-10-01";232;52;13019;165;13236;56;515;83;654;117;6443;155;6715;8;65;20;93;233;20042;423;20698;"2025-09-25 11:26:20"
7232;"2022-10-01";233;84;15219;100;15403;59;624;72;755;131;7990;395;8516;9;65;60;134;283;23898;627;24808;"2025-09-25 11:26:20"
7234;"2022-10-01";235;260;76257;968;77485;137;3119;153;3409;334;27299;617;28250;40;231;132;403;771;106906;1870;109547;"2025-09-25 11:26:20"
7235;"2022-10-01";236;569;240197;261727;502493;352;7509;6544;14405;676;54571;3327;58574;41;985;518;1544;1638;303262;272116;577016;"2025-09-25 11:26:20"
7237;"2022-11-01";1;156;206959;19604;226719;52;4141;594;4787;190;13697;1842;15729;16;314;146;476;414;225111;22186;247711;"2025-09-25 11:26:27"
7238;"2022-11-01";2;105;128030;5138;133273;44;3599;797;4440;158;12364;2467;14989;6;178;227;411;313;144171;8629;153113;"2025-09-25 11:26:27"
7239;"2022-11-01";3;102;60982;2089;63173;65;2440;717;3222;136;7203;1266;8605;14;115;114;243;317;70740;4186;75243;"2025-09-25 11:26:27"
7240;"2022-11-01";4;113;65782;1749;67644;82;1785;168;2035;120;15936;2141;18197;10;362;493;865;325;83865;4551;88741;"2025-09-25 11:26:27"
7241;"2022-11-01";5;91;99744;3149;102984;46;3405;304;3755;147;9445;2110;11702;11;157;174;342;295;112751;5737;118783;"2025-09-25 11:26:27"
7242;"2022-11-01";6;86;80400;3458;83944;43;2373;367;2783;168;9576;1716;11460;10;110;265;385;307;92459;5806;98572;"2025-09-25 11:26:27"
7243;"2022-11-01";7;99;114286;10970;125355;65;4532;557;5154;136;14092;2746;16974;6;288;160;454;306;133198;14433;147937;"2025-09-25 11:26:27"
7244;"2022-11-01";8;50;70975;3417;74442;29;3003;464;3496;76;10854;2298;13228;10;158;116;284;165;84990;6295;91450;"2025-09-25 11:26:27"
7245;"2022-11-01";9;88;129348;5511;134947;53;3732;841;4626;176;10210;2134;12520;10;215;258;483;327;143505;8744;152576;"2025-09-25 11:26:27"
7246;"2022-11-01";10;94;76856;4727;81677;52;2620;572;3244;126;8305;2031;10462;12;157;166;335;284;87938;7496;95718;"2025-09-25 11:26:27"
7247;"2022-11-01";11;106;81405;2206;83717;57;2901;151;3109;141;9924;2162;12227;10;146;102;258;314;94376;4621;99311;"2025-09-25 11:26:27"
7248;"2022-11-01";12;108;93709;1175;94992;50;2504;138;2692;128;6771;1191;8090;16;119;227;362;302;103103;2731;106136;"2025-09-25 11:26:27"
7249;"2022-11-01";13;101;101016;4578;105695;55;2782;669;3506;166;9587;2195;11948;19;244;395;658;341;113629;7837;121807;"2025-09-25 11:26:27"
7250;"2022-11-01";14;203;76125;3176;79504;108;2211;432;2751;132;5962;1838;7932;9;123;104;236;452;84421;5550;90423;"2025-09-25 11:26:27"
7251;"2022-11-01";15;204;151178;4949;156331;128;3143;739;4010;176;10824;4865;15865;11;254;160;425;519;165399;10713;176631;"2025-09-25 11:26:27"
7252;"2022-11-01";16;119;82832;8099;91050;46;2063;930;3039;177;8769;1918;10864;18;168;97;283;360;93832;11044;105236;"2025-09-25 11:26:27"
7253;"2022-11-01";17;94;105238;2138;107470;47;3129;1124;4300;153;8758;1732;10643;7;165;111;283;301;117290;5105;122696;"2025-09-25 11:26:27"
7254;"2022-11-01";18;129;206249;7218;213596;95;4463;1675;6233;159;24137;5245;29541;13;338;370;721;396;235187;14508;250091;"2025-09-25 11:26:27"
7255;"2022-11-01";19;122;127627;4494;132243;58;3398;762;4218;139;11538;2939;14616;7;262;443;712;326;142825;8638;151789;"2025-09-25 11:26:27"
7256;"2022-11-01";20;135;117501;3138;120774;58;4064;160;4282;169;13860;4345;18374;15;432;631;1078;377;135857;8274;144508;"2025-09-25 11:26:27"
7257;"2022-11-01";21;246;65422;1337;67005;128;1990;58;2176;145;5286;795;6226;11;112;29;152;530;72810;2219;75559;"2025-09-25 11:26:27"
7258;"2022-11-01";22;98;112953;4106;117157;46;3443;747;4236;140;10287;1948;12375;15;152;193;360;299;126835;6994;134128;"2025-09-25 11:26:27"
7259;"2022-11-01";23;1538;39024;811;41373;1650;1559;256;3465;346;3706;913;4965;98;81;74;253;3632;44370;2054;50056;"2025-09-25 11:26:27"
7260;"2022-11-01";63;121;87657;1134;88912;106;1984;300;2390;97;10111;864;11072;6;177;267;450;330;99929;2565;102824;"2025-09-25 11:26:27"
7261;"2022-11-01";25;81;90559;5869;96509;38;3462;546;4046;121;11925;2772;14818;18;182;333;533;258;106128;9520;115906;"2025-09-25 11:26:27"
7262;"2022-11-01";146;825;317608;263559;581992;489;10596;6722;17807;1002;82565;3955;87522;82;1220;655;1957;2398;411989;274891;689278;"2025-09-25 11:26:27"
7264;"2022-11-01";28;97;66892;2572;69561;63;2230;800;3093;105;9840;3212;13157;13;166;672;851;278;79128;7256;86662;"2025-09-25 11:26:27"
7265;"2022-11-01";29;82;70155;807;71044;57;2192;541;2790;123;10676;1138;11937;11;197;204;412;273;83220;2690;86183;"2025-09-25 11:26:27"
7266;"2022-11-01";77;290;135628;2755;138673;217;2840;538;3595;223;16266;3151;19640;16;320;591;927;746;155054;7035;162835;"2025-09-25 11:26:27"
7267;"2022-11-01";57;67;56056;722;56845;41;1290;146;1477;77;4623;309;5009;6;129;48;183;191;62098;1225;63514;"2025-09-25 11:26:27"
7268;"2022-11-01";32;76;84596;1505;86177;29;2088;361;2478;65;10213;1475;11753;1;176;254;431;171;97073;3595;100839;"2025-09-25 11:26:27"
7269;"2022-11-01";33;126;109194;18952;128272;66;2966;526;3558;171;13075;2239;15485;11;168;518;697;374;125403;22235;148012;"2025-09-25 11:26:27"
7270;"2022-11-01";79;86;106201;1480;107767;43;2231;272;2546;89;11047;1471;12607;9;220;336;565;227;119699;3559;123485;"2025-09-25 11:26:27"
7271;"2022-11-01";35;88;65889;2627;68604;69;2267;314;2650;115;14806;2301;17222;11;209;322;542;283;83171;5564;89018;"2025-09-25 11:26:27"
7272;"2022-11-01";36;102;91967;3463;95532;52;2879;338;3269;106;13109;1967;15182;9;179;289;477;269;108134;6057;114460;"2025-09-25 11:26:27"
7273;"2022-11-01";60;272;186300;6355;192927;316;4549;307;5172;202;19037;2254;21493;30;431;478;939;820;210317;9394;220531;"2025-09-25 11:26:27"
7274;"2022-11-01";38;52;58198;48798;107048;25;1499;996;2520;82;5762;1163;7007;10;125;360;495;169;65584;51317;117070;"2025-09-25 11:26:27"
7275;"2022-11-01";39;304;85050;10342;95696;468;1692;536;2696;181;8353;2211;10745;28;170;701;899;981;95265;13790;110036;"2025-09-25 11:26:27"
7276;"2022-11-01";40;83;26389;1347;27819;50;1031;298;1379;84;4141;361;4586;10;44;53;107;227;31605;2059;33891;"2025-09-25 11:26:27"
7278;"2022-11-01";42;129;148846;13576;162551;62;3390;282;3734;125;13291;2142;15558;9;276;506;791;325;165803;16506;182634;"2025-09-25 11:26:27"
7281;"2022-11-01";46;194;240157;8533;248884;111;5113;736;5960;185;29974;5385;35544;14;498;566;1078;504;275742;15220;291466;"2025-09-25 11:26:27"
7282;"2022-11-01";47;110;116291;1714;118115;120;3078;498;3696;291;19471;2759;22521;56;354;281;691;577;139194;5252;145023;"2025-09-25 11:26:27"
7286;"2022-11-01";51;167;192033;2652;194852;201;3208;641;4050;210;16240;1303;17753;13;382;155;550;591;211863;4751;217205;"2025-09-25 11:26:27"
7289;"2022-11-01";54;119;26465;6893;33477;57;1190;754;2001;162;9935;750;10847;9;122;85;216;347;37712;8482;46541;"2025-09-25 11:26:27"
7290;"2022-11-01";55;111;95608;147324;243043;64;3487;2109;5660;116;22841;2695;25652;17;509;311;837;308;122445;152439;275192;"2025-09-25 11:26:27"
7291;"2022-11-01";56;316;215050;34824;250190;394;5728;1113;7235;170;29995;3454;33619;23;459;514;996;903;251232;39905;292040;"2025-09-25 11:26:27"
7293;"2022-11-01";58;190;140557;3511;144258;103;4523;124;4750;132;17286;4486;21904;18;366;870;1254;443;162732;8991;172166;"2025-09-25 11:26:27"
7294;"2022-11-01";59;148;202601;36386;239135;87;5110;1127;6324;105;22627;3047;25779;11;329;314;654;351;230667;40874;271892;"2025-09-25 11:26:27"
7296;"2022-11-01";61;169;189573;4930;194672;99;3382;690;4171;150;12143;3076;15369;10;339;438;787;428;205437;9134;214999;"2025-09-25 11:26:27"
7297;"2022-11-01";62;63;8541;107;8711;43;523;66;632;116;3781;61;3958;2;35;14;51;224;12880;248;13352;"2025-09-25 11:26:27"
7300;"2022-11-01";65;178;169289;4163;173630;151;4601;415;5167;193;26676;7915;34784;23;596;895;1514;545;201162;13388;215095;"2025-09-25 11:26:27"
7306;"2022-11-01";71;82;71485;2774;74341;44;2345;564;2953;103;14018;3930;18051;10;274;458;742;239;88122;7726;96087;"2025-09-25 11:26:27"
7309;"2022-11-01";74;126;165121;2652;167899;97;3331;350;3778;418;15419;2361;18198;20;494;305;819;661;184365;5668;190694;"2025-09-25 11:26:27"
7315;"2022-11-01";80;168;104644;1334;106146;83;2708;688;3479;163;19849;4081;24093;9;343;999;1351;423;127544;7102;135069;"2025-09-25 11:26:27"
7318;"2022-11-01";83;346;169645;1140;171131;221;3565;468;4254;257;14972;1811;17040;59;590;161;810;883;188772;3580;193235;"2025-09-25 11:26:27"
7320;"2022-11-01";85;133;24358;163;24654;87;1211;148;1446;158;6563;207;6928;20;120;41;181;398;32252;559;33209;"2025-09-25 11:26:27"
7321;"2022-11-01";86;300;165305;1351;166956;158;4492;365;5015;186;19243;2446;21875;23;353;228;604;667;189393;4390;194450;"2025-09-25 11:26:27"
7322;"2022-11-01";87;106;112512;3667;116285;76;2719;797;3592;85;13080;2077;15242;10;312;202;524;277;128623;6743;135643;"2025-09-25 11:26:27"
7323;"2022-11-01";88;69;104536;2397;107002;28;2328;495;2851;33;9714;1429;11176;1;204;132;337;131;116782;4453;121366;"2025-09-25 11:26:27"
7324;"2022-11-01";89;459;26868;304;27631;121;551;25;697;123;1819;361;2303;20;55;7;82;723;29293;697;30713;"2025-09-25 11:26:27"
7325;"2022-11-01";90;117;88071;1593;89781;76;2641;452;3169;100;10839;2179;13118;9;184;162;355;302;101735;4386;106423;"2025-09-25 11:26:27"
7326;"2022-11-01";91;176;165398;825;166399;95;5321;2619;8035;122;30312;4810;35244;13;575;353;941;406;201606;8607;210619;"2025-09-25 11:26:27"
7327;"2022-11-01";92;87;60180;1116;61383;76;1767;299;2142;99;8575;1309;9983;12;155;146;313;274;70677;2870;73821;"2025-09-25 11:26:27"
7328;"2022-11-01";93;126;87716;949;88791;71;2405;172;2648;96;9270;3973;13339;8;161;273;442;301;99552;5367;105220;"2025-09-25 11:26:27"
7329;"2022-11-01";94;233;196534;2247;199014;114;5578;1571;7263;193;30365;4165;34723;8;598;714;1320;548;233075;8697;242320;"2025-09-25 11:26:27"
7330;"2022-11-01";95;348;263496;2010;265854;194;8160;1084;9438;230;43254;5750;49234;27;951;479;1457;799;315861;9323;325983;"2025-09-25 11:26:27"
7331;"2022-11-01";96;79;32169;763;33011;41;1361;70;1472;80;5526;644;6250;11;86;50;147;211;39142;1527;40880;"2025-09-25 11:26:27"
7332;"2022-11-01";97;274;252261;5487;258022;204;8546;1178;9928;214;35288;5845;41347;30;528;564;1122;722;296623;13074;310419;"2025-09-25 11:26:27"
7333;"2022-11-01";101;180;179169;4445;183794;69;2728;1265;4062;110;8101;2009;10220;13;300;225;538;372;190298;7944;198614;"2025-09-25 11:26:27"
7334;"2022-11-01";102;168;67443;1070;68681;56;2275;218;2549;76;7754;1277;9107;3;163;143;309;303;77635;2708;80646;"2025-09-25 11:26:27"
7335;"2022-11-01";103;208;59856;2028;62092;65;2425;266;2756;105;9120;1537;10762;17;142;134;293;395;71543;3965;75903;"2025-09-25 11:26:27"
7336;"2022-11-01";104;130;175532;4740;180402;169;5013;1459;6641;167;21423;2932;24522;25;453;574;1052;491;202421;9705;212617;"2025-09-25 11:26:27"
7337;"2022-11-01";105;246;138575;1774;140595;92;2368;84;2544;66;6914;1482;8462;3;223;130;356;407;148080;3470;151957;"2025-09-25 11:26:27"
7338;"2022-11-01";106;212;92715;1019;93946;167;2925;624;3716;106;8398;2027;10531;14;180;112;306;499;104218;3782;108499;"2025-09-25 11:26:27"
7339;"2022-11-01";107;153;69528;1421;71102;82;2610;116;2808;98;6695;1672;8465;23;148;108;279;356;78981;3317;82654;"2025-09-25 11:26:27"
7340;"2022-11-01";108;174;215137;1800;217111;108;6912;446;7466;154;37058;5944;43156;21;552;409;982;457;259659;8599;268715;"2025-09-25 11:26:27"
7341;"2022-11-01";109;185;132497;2448;135130;161;5428;1122;6711;222;23088;3789;27099;13;306;355;674;581;161319;7714;169614;"2025-09-25 11:26:27"
7342;"2022-11-01";110;77;122260;2521;124858;40;4373;642;5055;35;18811;2495;21341;3;383;370;756;155;145827;6028;152010;"2025-09-25 11:26:27"
7343;"2022-11-01";111;152;87569;742;88463;98;3277;464;3839;140;18759;3278;22177;14;789;282;1085;404;110394;4766;115564;"2025-09-25 11:26:27"
7344;"2022-11-01";112;146;109851;2308;112305;115;2361;627;3103;125;9466;3767;13358;13;261;164;438;399;121939;6866;129204;"2025-09-25 11:26:27"
7345;"2022-11-01";113;91;73235;1326;74652;32;2474;907;3413;37;9374;1605;11016;0;159;133;292;160;85242;3971;89373;"2025-09-25 11:26:27"
7346;"2022-11-01";114;157;94631;669;95457;89;3829;435;4353;151;18383;2263;20797;13;398;206;617;410;117241;3573;121224;"2025-09-25 11:26:27"
7347;"2022-11-01";115;234;49810;391;50435;107;1850;664;2621;264;11967;799;13030;11;238;83;332;616;63865;1937;66418;"2025-09-25 11:26:27"
7348;"2022-11-01";116;175;50072;387;50634;81;2139;708;2928;196;14068;5933;20197;9;259;375;643;461;66538;7403;74402;"2025-09-25 11:26:27"
7349;"2022-11-01";117;85;17231;98;17414;71;803;122;996;154;6248;4516;10918;6;122;512;640;316;24404;5248;29968;"2025-09-25 11:26:27"
7350;"2022-11-01";118;82;97351;1149;98582;57;3028;519;3604;69;10344;2181;12594;9;263;157;429;217;110986;4006;115209;"2025-09-25 11:26:27"
7351;"2022-11-01";119;43;177939;2707;180689;36;3823;645;4504;34;11914;3503;15451;9;417;182;608;122;194093;7037;201252;"2025-09-25 11:26:27"
7352;"2022-11-01";120;20;142031;676;142727;15;2036;199;2250;24;4943;1374;6341;0;216;33;249;59;149226;2282;151567;"2025-09-25 11:26:27"
7353;"2022-11-01";121;365;111963;1732;114060;181;4119;1291;5591;238;21015;4687;25940;15;588;460;1063;799;137685;8170;146654;"2025-09-25 11:26:27"
7354;"2022-11-01";122;111;58545;314;58970;94;1462;165;1721;86;6069;2097;8252;10;122;310;442;301;66198;2886;69385;"2025-09-25 11:26:27"
7355;"2022-11-01";123;259;147398;2330;149987;267;4908;422;5597;206;18219;2744;21169;26;449;266;741;758;170974;5762;177494;"2025-09-25 11:26:27"
7356;"2022-11-01";124;195;97828;954;98977;85;3603;667;4355;125;18428;4193;22746;16;393;540;949;421;120252;6354;127027;"2025-09-25 11:26:27"
7357;"2022-11-01";125;241;199027;2737;202005;100;5942;2608;8650;178;30035;5641;35854;20;553;302;875;539;235557;11288;247384;"2025-09-25 11:26:27"
7358;"2022-11-01";126;334;269363;3582;273279;167;8301;2005;10473;244;35252;6984;42480;23;778;981;1782;768;313694;13552;328014;"2025-09-25 11:26:27"
7359;"2022-11-01";127;160;65366;5689;71215;70;3058;808;3936;143;20687;2751;23581;12;300;387;699;385;89411;9635;99431;"2025-09-25 11:26:27"
7360;"2022-11-01";128;193;117950;936;119079;89;2813;328;3230;136;15769;2203;18108;10;285;158;453;428;136817;3625;140870;"2025-09-25 11:26:27"
7361;"2022-11-01";129;376;412213;3077;415666;208;10917;2654;13779;291;61270;7249;68810;73;1480;578;2131;948;485880;13558;500386;"2025-09-25 11:26:27"
7363;"2022-11-01";238;145;91123;2443;93711;130;2796;519;3445;251;18061;1402;19714;29;344;375;748;555;112324;4739;117618;"2025-09-25 11:26:27"
7364;"2022-11-01";214;65;19106;206;19377;63;757;82;902;94;7233;206;7533;7;92;71;170;229;27188;565;27982;"2025-09-25 11:26:27"
7365;"2022-11-01";240;107;38603;665;39375;76;1330;157;1563;124;6943;466;7533;14;144;204;362;321;47020;1492;48833;"2025-09-25 11:26:27"
7366;"2022-11-01";241;116;25485;452;26053;102;911;134;1147;182;6701;168;7051;8;108;43;159;408;33205;797;34410;"2025-09-25 11:26:27"
7367;"2022-11-01";242;108;33284;873;34265;89;1165;140;1394;104;5495;285;5884;6;123;93;222;307;40067;1391;41765;"2025-09-25 11:26:27"
7368;"2022-11-01";243;51;8578;61;8690;51;323;31;405;104;3278;48;3430;7;47;13;67;213;12226;153;12592;"2025-09-25 11:26:27"
7369;"2022-11-01";244;41;12031;197;12269;39;435;30;504;111;4077;74;4262;8;64;19;91;199;16607;320;17126;"2025-09-25 11:26:27"
7370;"2022-11-01";245;134;14696;151;14981;81;708;53;842;123;6176;141;6440;9;93;49;151;347;21673;394;22414;"2025-09-25 11:26:27"
7371;"2022-11-01";246;212;153661;2788;156661;161;4667;501;5329;233;26767;2157;29157;22;546;362;930;628;185641;5808;192077;"2025-09-25 11:26:27"
7372;"2022-11-01";247;54;14022;110;14186;44;528;63;635;120;4885;92;5097;6;82;27;115;224;19517;292;20033;"2025-09-25 11:26:27"
7373;"2022-11-01";248;113;14075;206;14394;87;619;76;782;142;6143;161;6446;16;90;32;138;358;20927;475;21760;"2025-09-25 11:26:27"
7374;"2022-11-01";249;54;16780;140;16974;59;762;37;858;134;6911;136;7181;11;64;20;95;258;24517;333;25108;"2025-09-25 11:26:27"
7375;"2022-11-01";250;289;117662;2620;120571;268;3351;608;4227;269;18846;2762;21877;17;449;403;869;843;140308;6393;147544;"2025-09-25 11:26:27"
7376;"2022-11-01";251;58;15836;431;16325;58;669;146;873;113;3350;131;3594;7;94;41;142;236;19949;749;20934;"2025-09-25 11:26:27"
7377;"2022-11-01";252;104;17093;324;17521;79;815;69;963;117;8498;137;8752;15;86;34;135;315;26492;564;27371;"2025-09-25 11:26:27"
7378;"2022-11-01";253;127;27142;237;27506;106;1325;290;1721;176;11519;441;12136;23;124;62;209;432;40110;1030;41572;"2025-09-25 11:26:27"
7379;"2022-11-01";254;59;9569;63;9691;62;323;46;431;103;3303;50;3456;10;54;18;82;234;13249;177;13660;"2025-09-25 11:26:27"
7380;"2022-11-01";255;83;18519;510;19112;66;898;68;1032;122;8308;251;8681;14;92;48;154;285;27817;877;28979;"2025-09-25 11:26:27"
7382;"2022-11-01";131;73;14941;75;15089;55;813;48;916;81;7879;261;8221;11;71;26;108;220;23704;410;24334;"2025-09-25 11:26:27"
7383;"2022-11-01";132;73;10596;130;10799;44;491;86;621;116;4832;374;5322;4;65;229;298;237;15984;819;17040;"2025-09-25 11:26:27"
7384;"2022-11-01";133;69;11724;130;11923;56;648;90;794;100;6171;680;6951;14;68;74;156;239;18611;974;19824;"2025-09-25 11:26:27"
7385;"2022-11-01";134;78;16818;125;17021;54;736;90;880;112;8090;173;8375;10;74;32;116;254;25718;420;26392;"2025-09-25 11:26:27"
7386;"2022-11-01";135;72;19450;316;19838;55;849;99;1003;78;7720;677;8475;8;72;83;163;213;28091;1175;29479;"2025-09-25 11:26:27"
7387;"2022-11-01";136;77;45199;295;45571;66;2225;210;2501;112;13508;1367;14987;11;196;140;347;266;61128;2012;63406;"2025-09-25 11:26:27"
7388;"2022-11-01";137;103;53208;724;54035;71;1852;174;2097;152;13684;1706;15542;7;276;861;1144;333;69020;3465;72818;"2025-09-25 11:26:27"
7389;"2022-11-01";138;33;16460;134;16627;24;626;34;684;29;3190;569;3788;5;70;45;120;91;20346;782;21219;"2025-09-25 11:26:27"
7390;"2022-11-01";139;71;42375;242;42688;64;1600;91;1755;84;8954;1023;10061;6;164;79;249;225;53093;1435;54753;"2025-09-25 11:26:27"
7391;"2022-11-01";140;1;8;0;9;0;3;0;3;0;8;0;8;0;0;0;0;1;19;0;20;"2025-09-25 11:26:27"
7392;"2022-11-01";141;211;82977;1076;84264;111;2336;337;2784;166;11972;1037;13175;13;266;241;520;501;97551;2691;100743;"2025-09-25 11:26:27"
7393;"2022-11-01";142;61;87908;1535;89504;115;2175;900;3190;64;11243;1744;13051;4;295;210;509;244;101621;4389;106254;"2025-09-25 11:26:27"
7394;"2022-11-01";143;149;89798;2053;92000;105;2600;469;3174;125;14307;2030;16462;9;347;215;571;388;107052;4767;112207;"2025-09-25 11:26:27"
7395;"2022-11-01";144;150;116733;4789;121672;91;3173;704;3968;131;15335;2027;17493;14;442;288;744;386;135683;7808;143877;"2025-09-25 11:26:27"
7396;"2022-11-01";145;197;90790;5421;96408;149;3064;413;3626;245;19911;1766;21922;27;385;293;705;618;114150;7893;122661;"2025-09-25 11:26:27"
7398;"2022-11-01";147;65;21201;63;21329;36;616;109;761;59;2180;369;2608;10;72;33;115;170;24069;574;24813;"2025-09-25 11:26:27"
7399;"2022-11-01";148;227;41052;1561;42840;124;1690;358;2172;218;12580;649;13447;25;173;116;314;594;55495;2684;58773;"2025-09-25 11:26:27"
7400;"2022-11-01";149;66;19588;1225;20879;41;1081;272;1394;93;8449;590;9132;7;100;63;170;207;29218;2150;31575;"2025-09-25 11:26:27"
7401;"2022-11-01";150;140;44733;891;45764;92;2154;377;2623;147;15098;1090;16335;29;163;82;274;408;62148;2440;64996;"2025-09-25 11:26:27"
7402;"2022-11-01";151;146;79453;639;80238;81;2572;339;2992;176;18317;2297;20790;13;400;779;1192;416;100742;4054;105212;"2025-09-25 11:26:27"
7403;"2022-11-01";152;129;39280;524;39933;76;1461;179;1716;179;12638;554;13371;31;162;150;343;415;53541;1407;55363;"2025-09-25 11:26:27"
7404;"2022-11-01";153;94;22476;351;22921;65;1191;351;1607;133;11057;406;11596;11;88;56;155;303;34812;1164;36279;"2025-09-25 11:26:27"
7405;"2022-11-01";154;162;78031;897;79090;95;2620;484;3199;161;18347;1829;20337;20;323;421;764;438;99321;3631;103390;"2025-09-25 11:26:27"
7406;"2022-11-01";155;79;19056;145;19280;39;773;114;926;106;7548;473;8127;12;81;75;168;236;27458;807;28501;"2025-09-25 11:26:27"
7407;"2022-11-01";156;186;154932;2578;157696;142;5070;537;5749;186;23155;3491;26832;42;556;375;973;556;183713;6981;191250;"2025-09-25 11:26:27"
7408;"2022-11-01";157;118;32023;291;32432;118;1441;301;1860;176;11395;709;12280;16;168;108;292;428;45027;1409;46864;"2025-09-25 11:26:27"
7409;"2022-11-01";158;100;112304;1725;114129;75;3964;600;4639;113;19270;2659;22042;10;416;397;823;298;135954;5381;141633;"2025-09-25 11:26:27"
7410;"2022-11-01";159;163;177488;2073;179724;150;4832;899;5881;217;20744;2341;23302;24;536;275;835;554;203600;5588;209742;"2025-09-25 11:26:27"
7411;"2022-11-01";160;68;10943;69;11080;54;513;67;634;121;5823;562;6506;13;58;80;151;256;17337;778;18371;"2025-09-25 11:26:27"
7412;"2022-11-01";161;75;23854;193;24122;46;1066;80;1192;178;10422;242;10842;17;124;44;185;316;35466;559;36341;"2025-09-25 11:26:27"
7413;"2022-11-01";162;155;40333;329;40817;91;1456;210;1757;136;12021;771;12928;21;190;144;355;403;54000;1454;55857;"2025-09-25 11:26:27"
7415;"2022-11-01";257;108;19305;182;19595;66;1345;99;1510;144;10428;267;10839;9;97;45;151;327;31175;593;32095;"2025-09-25 11:26:27"
7416;"2022-11-01";258;197;112111;2133;114441;119;3382;545;4046;205;19015;3116;22336;20;384;666;1070;541;134892;6460;141893;"2025-09-25 11:26:27"
7417;"2022-11-01";259;121;32094;706;32921;70;1550;169;1789;130;13249;1037;14416;7;236;140;383;328;47129;2052;49509;"2025-09-25 11:26:27"
7418;"2022-11-01";260;142;28149;1767;30058;96;1247;190;1533;173;12487;443;13103;18;155;63;236;429;42038;2463;44930;"2025-09-25 11:26:27"
7419;"2022-11-01";261;67;8485;60;8612;39;467;57;563;86;4335;250;4671;4;40;40;84;196;13327;407;13930;"2025-09-25 11:26:27"
7420;"2022-11-01";262;85;18440;190;18715;61;901;126;1088;124;8540;253;8917;10;95;50;155;280;27976;619;28875;"2025-09-25 11:26:27"
7421;"2022-11-01";263;66;9596;61;9723;59;415;24;498;97;5065;61;5223;8;39;16;63;230;15115;162;15507;"2025-09-25 11:26:27"
7422;"2022-11-01";264;105;40114;261;40480;107;1624;430;2161;186;11886;2260;14332;22;191;188;401;420;53815;3139;57374;"2025-09-25 11:26:27"
7423;"2022-11-01";265;180;110269;1854;112303;134;4245;484;4863;220;24305;3055;27580;15;331;440;786;549;139150;5833;145532;"2025-09-25 11:26:27"
7424;"2022-11-01";266;67;9343;59;9469;47;437;67;551;101;4804;270;5175;4;54;28;86;219;14638;424;15281;"2025-09-25 11:26:27"
7425;"2022-11-01";267;76;7710;32;7818;47;379;21;447;130;4396;79;4605;8;44;17;69;261;12529;149;12939;"2025-09-25 11:26:27"
7426;"2022-11-01";268;140;152694;3200;156034;106;3727;918;4751;127;19434;2475;22036;13;466;387;866;386;176321;6980;183687;"2025-09-25 11:26:27"
7427;"2022-11-01";269;292;134910;1921;137123;254;3448;577;4279;202;16060;1445;17707;24;273;250;547;772;154691;4193;159656;"2025-09-25 11:26:27"
7428;"2022-11-01";270;108;39448;2483;42039;103;1681;200;1984;140;14815;859;15814;6;230;120;356;357;56174;3662;60193;"2025-09-25 11:26:27"
7429;"2022-11-01";271;99;9052;42;9193;53;447;88;588;105;4864;97;5066;11;46;13;70;268;14409;240;14917;"2025-09-25 11:26:27"
7431;"2022-11-01";164;82;11959;176;12217;61;548;89;698;101;6400;739;7240;10;67;39;116;254;18974;1043;20271;"2025-09-25 11:26:27"
7432;"2022-11-01";165;94;19775;192;20061;73;1081;108;1262;138;12309;258;12705;7;93;35;135;312;33258;593;34163;"2025-09-25 11:26:27"
7433;"2022-11-01";166;62;9979;136;10177;36;435;67;538;63;4895;407;5365;0;52;65;117;161;15361;675;16197;"2025-09-25 11:26:27"
7434;"2022-11-01";167;91;71814;833;72738;69;2266;284;2619;85;13977;3494;17556;14;467;1643;2124;259;88524;6254;95037;"2025-09-25 11:26:27"
7435;"2022-11-01";168;48;8917;493;9458;34;439;60;533;67;3942;207;4216;1;48;23;72;150;13346;783;14279;"2025-09-25 11:26:27"
7436;"2022-11-01";169;145;50010;844;50999;122;1944;387;2453;198;15173;1699;17070;19;311;280;610;484;67438;3210;71132;"2025-09-25 11:26:27"
7437;"2022-11-01";170;82;19399;347;19828;48;810;258;1116;86;7734;1030;8850;12;117;144;273;228;28060;1779;30067;"2025-09-25 11:26:27"
7438;"2022-11-01";171;132;80288;2398;82818;120;2874;425;3419;150;13044;2391;15585;10;275;364;649;412;96481;5578;102471;"2025-09-25 11:26:27"
7439;"2022-11-01";172;201;37775;156;38132;206;1553;49;1808;151;11298;822;12271;14;152;100;266;572;50778;1127;52477;"2025-09-25 11:26:27"
7440;"2022-11-01";173;74;13511;1201;14786;52;749;138;939;97;7710;351;8158;8;82;43;133;231;22052;1733;24016;"2025-09-25 11:26:27"
7441;"2022-11-01";174;174;118467;1809;120450;140;3116;646;3902;189;22507;2006;24702;19;399;922;1340;522;144489;5383;150394;"2025-09-25 11:26:27"
7442;"2022-11-01";175;104;12665;97526;110295;56;641;2187;2884;181;8984;448;9613;4;152;34;190;345;22442;100195;122982;"2025-09-25 11:26:27"
7443;"2022-11-01";176;191;109810;2369;112370;150;3503;690;4343;198;21295;3437;24930;18;376;844;1238;557;134984;7340;142881;"2025-09-25 11:26:27"
7444;"2022-11-01";177;70;20168;145;20383;41;825;93;959;94;7947;501;8542;7;86;42;135;212;29026;781;30019;"2025-09-25 11:26:27"
7445;"2022-11-01";178;95;22771;353;23219;62;1249;139;1450;117;10751;723;11591;8;175;129;312;282;34946;1344;36572;"2025-09-25 11:26:27"
7446;"2022-11-01";179;112;15666;213;15991;58;729;106;893;104;9420;197;9721;12;76;28;116;286;25891;544;26721;"2025-09-25 11:26:27"
7447;"2022-11-01";180;82;18565;251;18898;42;792;69;903;80;7998;846;8924;3;120;87;210;207;27475;1253;28935;"2025-09-25 11:26:27"
7448;"2022-11-01";181;86;12799;86;12971;73;591;47;711;99;6977;291;7367;7;54;30;91;265;20421;454;21140;"2025-09-25 11:26:27"
7449;"2022-11-01";182;72;10679;94;10845;45;555;57;657;84;6119;130;6333;8;48;20;76;209;17401;301;17911;"2025-09-25 11:26:27"
7450;"2022-11-01";183;64;11652;25025;36741;50;557;463;1070;84;6339;184;6607;11;80;22;113;209;18628;25694;44531;"2025-09-25 11:26:27"
7451;"2022-11-01";184;105;23646;74701;98452;77;1633;1287;2997;133;15030;238;15401;11;111;37;159;326;40420;76263;117009;"2025-09-25 11:26:27"
7452;"2022-11-01";185;96;24828;458;25382;48;995;957;2000;97;8003;505;8605;7;118;148;273;248;33944;2068;36260;"2025-09-25 11:26:27"
7454;"2022-11-01";187;127;116187;998;117312;86;3188;384;3658;114;22077;2600;24791;13;343;381;737;340;141795;4363;146498;"2025-09-25 11:26:27"
7455;"2022-11-01";188;214;115153;1662;117029;157;3951;560;4668;230;25496;1955;27681;15;484;373;872;616;145084;4550;150250;"2025-09-25 11:26:27"
7456;"2022-11-01";189;61;13725;38;13824;36;671;52;759;67;6371;608;7046;14;84;35;133;178;20851;733;21762;"2025-09-25 11:26:27"
7457;"2022-11-01";190;191;185339;2500;188030;113;5348;802;6263;234;25599;3408;29241;17;555;450;1022;555;216841;7160;224556;"2025-09-25 11:26:27"
7458;"2022-11-01";44;44;9820;36;9900;38;413;18;469;40;5301;191;5532;1;58;63;122;123;15592;308;16023;"2025-09-25 11:26:27"
7459;"2022-11-01";192;142;57048;622;57812;83;2137;256;2476;157;17690;999;18846;15;204;137;356;397;77079;2014;79490;"2025-09-25 11:26:27"
7460;"2022-11-01";193;91;26734;429;27254;59;1257;119;1435;124;10123;266;10513;9;130;77;216;283;38244;891;39418;"2025-09-25 11:26:27"
7461;"2022-11-01";194;98;10948;61;11107;46;438;40;524;86;6921;84;7091;8;54;15;77;238;18361;200;18799;"2025-09-25 11:26:27"
7462;"2022-11-01";195;118;35676;417;36211;88;1664;247;1999;166;16942;1037;18145;13;177;157;347;385;54459;1858;56702;"2025-09-25 11:26:27"
7463;"2022-11-01";196;66;19592;166;19824;49;830;41;920;85;11023;974;12082;6;125;153;284;206;31570;1334;33110;"2025-09-25 11:26:27"
7464;"2022-11-01";197;221;62383;980;63584;222;2212;301;2735;256;19205;1166;20627;46;276;225;547;745;84076;2672;87493;"2025-09-25 11:26:27"
7465;"2022-11-01";198;79;12537;111;12727;52;636;46;734;111;6028;116;6255;10;67;25;102;252;19268;298;19818;"2025-09-25 11:26:27"
7466;"2022-11-01";199;56;5895;34;5985;33;291;26;350;56;3791;41;3888;2;29;7;38;147;10006;108;10261;"2025-09-25 11:26:27"
7467;"2022-11-01";200;126;40276;497;40899;72;1657;145;1874;136;14654;727;15517;29;199;145;373;363;56786;1514;58663;"2025-09-25 11:26:27"
7468;"2022-11-01";201;124;43778;404;44306;86;1791;248;2125;130;16044;1527;17701;11;214;339;564;351;61827;2518;64696;"2025-09-25 11:26:27"
7469;"2022-11-01";202;103;22228;184;22515;62;749;79;890;109;8343;197;8649;20;99;35;154;294;31419;495;32208;"2025-09-25 11:26:27"
7470;"2022-11-01";203;65;3933;359;4357;20;255;197;472;68;1376;29;1473;9;21;2;32;162;5585;587;6334;"2025-09-25 11:26:27"
7471;"2022-11-01";204;125;19485;121;19731;61;678;77;816;124;6556;108;6788;8;107;32;147;318;26826;338;27482;"2025-09-25 11:26:27"
7472;"2022-11-01";205;87;18812;88;18987;87;883;80;1050;142;11927;813;12882;13;96;103;212;329;31718;1084;33131;"2025-09-25 11:26:27"
7473;"2022-11-01";206;80;17275;142;17497;41;658;50;749;86;7764;617;8467;11;80;140;231;218;25777;949;26944;"2025-09-25 11:26:27"
7474;"2022-11-01";207;66;9686;40;9792;71;448;44;563;85;5885;116;6086;10;62;16;88;232;16081;216;16529;"2025-09-25 11:26:27"
7475;"2022-11-01";208;120;55531;309;55960;68;1928;405;2401;100;12878;1491;14469;9;212;266;487;297;70549;2471;73317;"2025-09-25 11:26:27"
7476;"2022-11-01";209;128;101563;1421;103112;83;3061;796;3940;195;17527;4427;22149;10;404;1747;2161;416;122555;8391;131362;"2025-09-25 11:26:27"
7477;"2022-11-01";210;156;121357;2006;123519;85;3152;299;3536;102;17871;993;18966;20;344;283;647;363;142724;3581;146668;"2025-09-25 11:26:27"
7479;"2022-11-01";212;127;92513;975;93615;92;3062;487;3641;138;11797;472;12407;13;267;153;433;370;107639;2087;110096;"2025-09-25 11:26:27"
7480;"2022-11-01";213;91;23296;190;23577;65;891;164;1120;105;9195;242;9542;11;63;168;242;272;33445;764;34481;"2025-09-25 11:26:27"
7482;"2022-11-01";215;247;234713;2324;237284;167;6629;557;7353;225;40434;4118;44777;26;653;564;1243;665;282429;7563;290657;"2025-09-25 11:26:27"
7483;"2022-11-01";216;98;13786;155;14039;55;561;114;730;126;6146;146;6418;7;60;30;97;286;20553;445;21284;"2025-09-25 11:26:27"
7484;"2022-11-01";217;107;42148;493;42748;92;1478;187;1757;104;13628;2613;16345;10;160;632;802;313;57414;3925;61652;"2025-09-25 11:26:27"
7485;"2022-11-01";218;100;45841;740;46681;75;1551;211;1837;137;10502;509;11148;11;150;111;272;323;58044;1571;59938;"2025-09-25 11:26:27"
7486;"2022-11-01";219;90;13134;65;13289;62;529;55;646;86;7057;477;7620;7;136;142;285;245;20856;739;21840;"2025-09-25 11:26:27"
7487;"2022-11-01";220;165;145023;1254;146442;101;4401;795;5297;146;22287;6971;29404;17;561;1623;2201;429;172272;10643;183344;"2025-09-25 11:26:27"
7488;"2022-11-01";221;63;10071;63;10197;50;437;45;532;90;4565;552;5207;7;48;102;157;210;15121;762;16093;"2025-09-25 11:26:27"
7489;"2022-11-01";222;212;139776;2677;142665;176;3582;1014;4772;236;26773;2332;29341;24;417;426;867;648;170548;6449;177645;"2025-09-25 11:26:27"
7490;"2022-11-01";223;69;24607;185;24861;68;1089;104;1261;86;10256;400;10742;8;132;63;203;231;36084;752;37067;"2025-09-25 11:26:27"
7491;"2022-11-01";224;142;82843;1319;84304;70;2053;480;2603;146;10546;960;11652;11;117;150;278;369;95559;2909;98837;"2025-09-25 11:26:27"
7492;"2022-11-01";225;71;88256;3431;91758;32;1996;440;2468;54;11184;1606;12844;3;167;236;406;160;101603;5713;107476;"2025-09-25 11:26:27"
7493;"2022-11-01";226;257;146974;54616;201847;226;2248;1286;3760;153;10522;963;11638;10;176;185;371;646;159920;57050;217616;"2025-09-25 11:26:27"
7494;"2022-11-01";227;182;99117;1548;100847;162;2389;242;2793;123;16749;1349;18221;11;253;325;589;478;118508;3464;122450;"2025-09-25 11:26:27"
7495;"2022-11-01";228;90;85757;725;86572;37;2106;174;2317;85;7793;867;8745;9;247;251;507;221;95903;2017;98141;"2025-09-25 11:26:27"
7496;"2022-11-01";229;99;42272;730;43101;81;1806;254;2141;120;8822;310;9252;8;134;74;216;308;53034;1368;54710;"2025-09-25 11:26:27"
7497;"2022-11-01";230;60;15921;95;16076;61;565;41;667;104;7721;165;7990;6;61;77;144;231;24268;378;24877;"2025-09-25 11:26:27"
7498;"2022-11-01";231;76;32554;30404;63034;56;1127;308;1491;70;10183;527;10780;6;235;226;467;208;44099;31465;75772;"2025-09-25 11:26:27"
7499;"2022-11-01";232;52;13061;168;13281;56;518;84;658;118;6443;151;6712;8;67;20;95;234;20089;423;20746;"2025-09-25 11:26:27"
7500;"2022-11-01";233;80;15264;100;15444;54;622;72;748;131;8019;397;8547;9;64;61;134;274;23969;630;24873;"2025-09-25 11:26:27"
7502;"2022-11-01";235;254;76516;967;77737;137;3109;153;3399;327;27399;618;28344;41;229;131;401;759;107253;1869;109881;"2025-09-25 11:26:27"
7503;"2022-11-01";236;571;241092;262592;504255;352;7487;6569;14408;675;55166;3337;59178;41;991;524;1556;1639;304736;273022;579397;"2025-09-25 11:26:27"
7505;"2022-12-01";1;154;207377;19810;227341;53;4115;593;4761;178;13687;1864;15729;17;323;149;489;402;225502;22416;248320;"2025-09-25 11:26:35"
7506;"2022-12-01";2;104;128197;5093;133394;43;3573;810;4426;158;12334;2460;14952;6;185;223;414;311;144289;8586;153186;"2025-09-25 11:26:35"
7507;"2022-12-01";3;103;60943;2068;63114;70;2431;718;3219;133;7200;1262;8595;14;124;114;252;320;70698;4162;75180;"2025-09-25 11:26:35"
7508;"2022-12-01";4;113;65853;1864;67830;84;1787;169;2040;117;15971;2137;18225;10;360;499;869;324;83971;4669;88964;"2025-09-25 11:26:35"
7509;"2022-12-01";5;92;99640;3136;102868;46;3360;301;3707;147;9441;2112;11700;12;154;174;340;297;112595;5723;118615;"2025-09-25 11:26:35"
7510;"2022-12-01";6;87;80403;3435;83925;44;2359;364;2767;166;9595;1700;11461;10;109;263;382;307;92466;5762;98535;"2025-09-25 11:26:35"
7511;"2022-12-01";7;108;114713;11322;126143;64;4504;562;5130;135;14047;2742;16924;7;292;163;462;314;133556;14789;148659;"2025-09-25 11:26:35"
7512;"2022-12-01";8;51;71122;3498;74671;29;2986;471;3486;76;10857;2306;13239;10;154;116;280;166;85119;6391;91676;"2025-09-25 11:26:35"
7513;"2022-12-01";9;87;129347;5522;134956;52;3708;836;4596;176;10179;2137;12492;10;218;257;485;325;143452;8752;152529;"2025-09-25 11:26:35"
7514;"2022-12-01";10;94;76886;4699;81679;51;2600;569;3220;127;8307;2024;10458;12;156;165;333;284;87949;7457;95690;"2025-09-25 11:26:35"
7515;"2022-12-01";11;106;81388;2388;83882;56;2880;151;3087;141;9920;2152;12213;10;150;105;265;313;94338;4796;99447;"2025-09-25 11:26:35"
7516;"2022-12-01";12;105;93620;1185;94910;50;2498;136;2684;129;6752;1200;8081;16;119;227;362;300;102989;2748;106037;"2025-09-25 11:26:35"
7517;"2022-12-01";13;94;101279;4571;105944;54;2768;667;3489;164;9563;2199;11926;20;210;429;659;332;113820;7866;122018;"2025-09-25 11:26:35"
7518;"2022-12-01";14;219;76550;3232;80001;108;2209;434;2751;131;5975;1836;7942;10;125;103;238;468;84859;5605;90932;"2025-09-25 11:26:35"
7519;"2022-12-01";15;217;151437;4892;156546;130;3155;739;4024;174;10778;4849;15801;12;254;162;428;533;165624;10642;176799;"2025-09-25 11:26:35"
7520;"2022-12-01";16;119;82795;7320;90234;48;2037;924;3009;183;8806;1917;10906;18;170;97;285;368;93808;10258;104434;"2025-09-25 11:26:35"
7521;"2022-12-01";17;95;105252;2131;107478;47;3118;1124;4289;149;8716;1731;10596;8;163;110;281;299;117249;5096;122644;"2025-09-25 11:26:35"
7522;"2022-12-01";18;129;206371;7217;213717;94;4445;1685;6224;160;24069;5237;29466;14;348;373;735;397;235233;14512;250142;"2025-09-25 11:26:35"
7523;"2022-12-01";19;121;127739;4503;132363;59;3374;759;4192;137;11506;2942;14585;7;255;444;706;324;142874;8648;151846;"2025-09-25 11:26:35"
7524;"2022-12-01";20;140;117615;3133;120888;57;4047;158;4262;170;13832;4358;18360;15;444;627;1086;382;135938;8276;144596;"2025-09-25 11:26:35"
7525;"2022-12-01";21;239;65407;1330;66976;125;1985;66;2176;144;5282;772;6198;12;114;29;155;520;72788;2197;75505;"2025-09-25 11:26:35"
7526;"2022-12-01";22;97;112672;4082;116851;45;3409;747;4201;138;10251;1951;12340;16;149;201;366;296;126481;6981;133758;"2025-09-25 11:26:35"
7527;"2022-12-01";23;1703;39056;798;41557;1659;1558;255;3472;344;3695;1011;5050;105;79;74;258;3811;44388;2138;50337;"2025-09-25 11:26:35"
7528;"2022-12-01";63;124;87635;1133;88892;107;1970;298;2375;93;10081;876;11050;6;175;267;448;330;99861;2574;102765;"2025-09-25 11:26:35"
7529;"2022-12-01";25;80;90730;5938;96748;35;3440;546;4021;121;11895;2783;14799;18;179;329;526;254;106244;9596;116094;"2025-09-25 11:26:35"
7530;"2022-12-01";146;827;318293;263211;582331;491;10593;6679;17763;1004;82884;3966;87854;82;1232;662;1976;2404;413002;274518;689924;"2025-09-25 11:26:35"
7532;"2022-12-01";28;95;66898;2556;69549;61;2211;800;3072;103;9796;3226;13125;14;168;668;850;273;79073;7250;86596;"2025-09-25 11:26:35"
7533;"2022-12-01";29;80;70315;801;71196;54;2184;553;2791;117;10655;1143;11915;10;202;208;420;261;83356;2705;86322;"2025-09-25 11:26:35"
7534;"2022-12-01";77;287;135828;2746;138861;217;2833;528;3578;215;16246;3151;19612;16;320;588;924;735;155227;7013;162975;"2025-09-25 11:26:35"
7535;"2022-12-01";57;66;56088;717;56871;41;1290;147;1478;72;4626;314;5012;6;135;48;189;185;62139;1226;63550;"2025-09-25 11:26:35"
7536;"2022-12-01";32;80;84606;1494;86180;29;2078;354;2461;65;10176;1466;11707;1;180;254;435;175;97040;3568;100783;"2025-09-25 11:26:35"
7537;"2022-12-01";33;129;109584;18652;128365;62;2946;523;3531;168;13037;2234;15439;11;168;524;703;370;125735;21933;148038;"2025-09-25 11:26:35"
7538;"2022-12-01";79;86;106167;1477;107730;43;2232;272;2547;89;11049;1487;12625;8;222;337;567;226;119670;3573;123469;"2025-09-25 11:26:35"
7539;"2022-12-01";35;89;66098;2602;68789;70;2252;313;2635;115;14770;2303;17188;11;212;322;545;285;83332;5540;89157;"2025-09-25 11:26:35"
7540;"2022-12-01";36;101;91997;3448;95546;53;2857;337;3247;103;13061;1968;15132;9;178;288;475;266;108093;6041;114400;"2025-09-25 11:26:35"
7541;"2022-12-01";60;274;186264;6299;192837;316;4512;303;5131;201;18995;2257;21453;31;429;478;938;822;210200;9337;220359;"2025-09-25 11:26:35"
7542;"2022-12-01";38;52;58087;50328;108467;24;1499;1010;2533;80;5764;1162;7006;11;126;364;501;167;65476;52864;118507;"2025-09-25 11:26:35"
7543;"2022-12-01";39;304;99285;10384;109973;468;1720;536;2724;178;8453;2208;10839;28;169;701;898;978;109627;13829;124434;"2025-09-25 11:26:35"
7544;"2022-12-01";40;85;26388;1339;27812;49;1014;299;1362;85;4130;358;4573;10;45;54;109;229;31577;2050;33856;"2025-09-25 11:26:35"
7546;"2022-12-01";42;134;149104;13781;163019;61;3350;287;3698;124;13256;2152;15532;9;280;508;797;328;165990;16728;183046;"2025-09-25 11:26:35"
7549;"2022-12-01";46;192;240457;8915;249564;113;5103;736;5952;185;30004;5392;35581;14;506;568;1088;504;276070;15611;292185;"2025-09-25 11:26:35"
7550;"2022-12-01";47;110;116422;1708;118240;122;3070;498;3690;291;19487;2763;22541;56;356;280;692;579;139335;5249;145163;"2025-09-25 11:26:35"
7554;"2022-12-01";51;166;192515;2656;195337;201;3199;639;4039;210;16212;1306;17728;13;390;158;561;590;212316;4759;217665;"2025-09-25 11:26:35"
7557;"2022-12-01";54;121;26498;6581;33200;54;1194;735;1983;162;9926;748;10836;9;136;84;229;346;37754;8148;46248;"2025-09-25 11:26:35"
7558;"2022-12-01";55;114;95454;147080;242648;66;3471;2119;5656;114;23082;2709;25905;17;511;317;845;311;122518;152225;275054;"2025-09-25 11:26:35"
7559;"2022-12-01";56;313;216056;30917;247286;392;5676;922;6990;176;29993;3453;33622;23;463;518;1004;904;252188;35810;288902;"2025-09-25 11:26:35"
7561;"2022-12-01";58;191;140485;3519;144195;101;4491;125;4717;136;17250;4513;21899;22;378;867;1267;450;162604;9024;172078;"2025-09-25 11:26:35"
7562;"2022-12-01";59;150;202353;36658;239161;87;5068;1123;6278;106;22551;2943;25600;12;339;313;664;355;230311;41037;271703;"2025-09-25 11:26:35"
7564;"2022-12-01";61;173;190441;5010;195624;99;3373;690;4162;149;12134;3083;15366;10;344;438;792;431;206292;9221;215944;"2025-09-25 11:26:35"
7565;"2022-12-01";62;62;8528;114;8704;42;521;66;629;115;3787;60;3962;2;39;14;55;221;12875;254;13350;"2025-09-25 11:26:35"
7568;"2022-12-01";65;184;169643;4064;173891;151;4588;416;5155;189;26724;7930;34843;23;602;900;1525;547;201557;13310;215414;"2025-09-25 11:26:35"
7574;"2022-12-01";71;84;71585;2822;74491;44;2338;566;2948;103;14031;3923;18057;10;277;454;741;241;88231;7765;96237;"2025-09-25 11:26:35"
7577;"2022-12-01";74;127;166145;2615;168887;99;3345;339;3783;408;15542;2395;18345;20;505;307;832;654;185537;5656;191847;"2025-09-25 11:26:35"
7583;"2022-12-01";80;170;104889;1300;106359;84;2697;686;3467;163;19896;4081;24140;9;348;997;1354;426;127830;7064;135320;"2025-09-25 11:26:35"
7586;"2022-12-01";83;342;170149;1145;171636;221;3550;480;4251;255;14942;1816;17013;59;591;161;811;877;189232;3602;193711;"2025-09-25 11:26:35"
7588;"2022-12-01";85;132;24451;161;24744;85;1210;146;1441;159;6562;206;6927;20;120;41;181;396;32343;554;33293;"2025-09-25 11:26:35"
7589;"2022-12-01";86;299;166584;1350;168233;172;4487;354;5013;185;19289;2447;21921;24;358;230;612;680;190718;4381;195779;"2025-09-25 11:26:35"
7590;"2022-12-01";87;106;112583;3648;116337;77;2717;802;3596;85;13072;2087;15244;10;311;200;521;278;128683;6737;135698;"2025-09-25 11:26:35"
7591;"2022-12-01";88;69;104559;2370;106998;29;2328;494;2851;34;9706;1436;11176;1;209;134;344;133;116802;4434;121369;"2025-09-25 11:26:35"
7592;"2022-12-01";89;459;27099;305;27863;118;542;25;685;125;1839;367;2331;18;58;8;84;720;29538;705;30963;"2025-09-25 11:26:35"
7593;"2022-12-01";90;117;88225;1592;89934;79;2637;451;3167;101;10779;2178;13058;9;187;162;358;306;101828;4383;106517;"2025-09-25 11:26:35"
7594;"2022-12-01";91;175;165791;819;166785;95;5305;2623;8023;126;30352;4816;35294;13;576;353;942;409;202024;8611;211044;"2025-09-25 11:26:35"
7595;"2022-12-01";92;86;60275;1144;61505;77;1746;298;2121;101;8574;1308;9983;12;163;145;320;276;70758;2895;73929;"2025-09-25 11:26:35"
7596;"2022-12-01";93;128;87838;959;88925;73;2383;172;2628;96;9258;3975;13329;9;161;274;444;306;99640;5380;105326;"2025-09-25 11:26:35"
7597;"2022-12-01";94;236;196911;2195;199342;113;5580;1572;7265;195;30349;4160;34704;8;609;716;1333;552;233449;8643;242644;"2025-09-25 11:26:35"
7598;"2022-12-01";95;346;264014;2143;266503;199;8132;1088;9419;228;43266;5767;49261;27;964;476;1467;800;316376;9474;326650;"2025-09-25 11:26:35"
7599;"2022-12-01";96;81;32163;756;33000;42;1357;70;1469;82;5533;640;6255;11;90;50;151;216;39143;1516;40875;"2025-09-25 11:26:35"
7600;"2022-12-01";97;282;252383;5487;258152;206;8520;1187;9913;210;35190;5856;41256;29;533;558;1120;727;296626;13088;310441;"2025-09-25 11:26:35"
7601;"2022-12-01";101;184;179217;4490;183891;68;2718;1279;4065;110;8078;2012;10200;13;309;225;547;375;190322;8006;198703;"2025-09-25 11:26:35"
7602;"2022-12-01";102;167;67032;1053;68252;70;2249;222;2541;76;7705;1257;9038;3;166;139;308;316;77152;2671;80139;"2025-09-25 11:26:35"
7603;"2022-12-01";103;212;61593;2047;63852;59;2426;265;2750;105;9169;1543;10817;17;141;135;293;393;73329;3990;77712;"2025-09-25 11:26:35"
7604;"2022-12-01";104;135;175835;4825;180795;172;5073;1468;6713;167;21261;2930;24358;25;458;574;1057;499;202627;9797;212923;"2025-09-25 11:26:35"
7605;"2022-12-01";105;251;138835;1762;140848;95;2358;85;2538;66;6886;1472;8424;3;221;133;357;415;148300;3452;152167;"2025-09-25 11:26:35"
7606;"2022-12-01";106;206;92762;1015;93983;169;2910;620;3699;107;8373;2039;10519;14;183;121;318;496;104228;3795;108519;"2025-09-25 11:26:35"
7607;"2022-12-01";107;153;69841;1377;71371;82;2608;119;2809;97;6702;1680;8479;23;150;109;282;355;79301;3285;82941;"2025-09-25 11:26:35"
7608;"2022-12-01";108;175;215889;1784;217848;114;6932;420;7466;154;37045;5988;43187;21;553;409;983;464;260419;8601;269484;"2025-09-25 11:26:35"
7609;"2022-12-01";109;184;132803;2454;135441;167;5440;1132;6739;223;23112;3791;27126;13;306;351;670;587;161661;7728;169976;"2025-09-25 11:26:35"
7610;"2022-12-01";110;78;122298;2522;124898;40;4356;639;5035;36;18823;2488;21347;3;387;376;766;157;145864;6025;152046;"2025-09-25 11:26:35"
7611;"2022-12-01";111;150;87831;749;88730;99;3271;462;3832;139;18711;3376;22226;14;787;283;1084;402;110600;4870;115872;"2025-09-25 11:26:35"
7612;"2022-12-01";112;147;110101;2310;112558;119;2344;632;3095;123;9462;3770;13355;13;280;162;455;402;122187;6874;129463;"2025-09-25 11:26:35"
7613;"2022-12-01";113;93;73446;1318;74857;28;2452;904;3384;38;9356;1631;11025;0;161;135;296;159;85415;3988;89562;"2025-09-25 11:26:35"
7614;"2022-12-01";114;159;95690;667;96516;91;3848;439;4378;153;18458;2272;20883;15;404;211;630;418;118400;3589;122407;"2025-09-25 11:26:35"
7615;"2022-12-01";115;236;49932;387;50555;108;1853;663;2624;261;11997;802;13060;11;238;86;335;616;64020;1938;66574;"2025-09-25 11:26:35"
7616;"2022-12-01";116;175;50266;370;50811;84;2144;712;2940;198;14033;5964;20195;9;268;361;638;466;66711;7407;74584;"2025-09-25 11:26:35"
7617;"2022-12-01";117;85;17245;96;17426;73;798;127;998;155;6245;4502;10902;7;122;511;640;320;24410;5236;29966;"2025-09-25 11:26:35"
7618;"2022-12-01";118;83;97514;1149;98746;57;3022;518;3597;67;10305;2196;12568;9;267;158;434;216;111108;4021;115345;"2025-09-25 11:26:35"
7619;"2022-12-01";119;42;178297;2713;181052;37;3821;648;4506;33;11939;3501;15473;9;424;183;616;121;194481;7045;201647;"2025-09-25 11:26:35"
7620;"2022-12-01";120;20;142301;684;143005;15;2041;197;2253;24;4966;1385;6375;0;219;33;252;59;149527;2299;151885;"2025-09-25 11:26:35"
7621;"2022-12-01";121;369;112213;1736;114318;188;4142;1299;5629;240;21044;4712;25996;16;591;457;1064;813;137990;8204;147007;"2025-09-25 11:26:35"
7622;"2022-12-01";122;112;58608;310;59030;97;1468;164;1729;87;6044;2109;8240;10;123;307;440;306;66243;2890;69439;"2025-09-25 11:26:35"
7623;"2022-12-01";123;251;147666;2331;150248;268;4877;425;5570;201;18234;2759;21194;26;451;266;743;746;171228;5781;177755;"2025-09-25 11:26:35"
7624;"2022-12-01";124;195;98052;951;99198;85;3617;662;4364;126;18440;4163;22729;16;399;541;956;422;120508;6317;127247;"2025-09-25 11:26:35"
7625;"2022-12-01";125;241;199557;2674;202472;104;5929;2610;8643;178;30108;5688;35974;20;565;300;885;543;236159;11272;247974;"2025-09-25 11:26:35"
7626;"2022-12-01";126;339;270524;3571;274434;170;8317;2023;10510;247;35335;6979;42561;25;800;975;1800;781;314976;13548;329305;"2025-09-25 11:26:35"
7627;"2022-12-01";127;160;65410;5487;71057;72;3042;797;3911;142;20716;2745;23603;12;305;382;699;386;89473;9411;99270;"2025-09-25 11:26:35"
7628;"2022-12-01";128;199;118453;930;119582;90;2802;332;3224;137;15746;2211;18094;10;293;159;462;436;137294;3632;141362;"2025-09-25 11:26:35"
7629;"2022-12-01";129;378;414412;3061;417851;210;10915;2668;13793;292;61443;7308;69043;74;1490;579;2143;954;488260;13616;502830;"2025-09-25 11:26:35"
7631;"2022-12-01";238;146;91267;2503;93916;127;2777;513;3417;250;18051;1401;19702;31;348;378;757;554;112443;4795;117792;"2025-09-25 11:26:35"
7632;"2022-12-01";214;70;19518;203;19791;64;758;82;904;95;7263;207;7565;7;92;71;170;236;27631;563;28430;"2025-09-25 11:26:35"
7633;"2022-12-01";240;108;38714;663;39485;76;1325;157;1558;125;6937;465;7527;14;145;206;365;323;47121;1491;48935;"2025-09-25 11:26:35"
7634;"2022-12-01";241;116;25559;461;26136;103;899;137;1139;182;6696;169;7047;8;108;44;160;409;33262;811;34482;"2025-09-25 11:26:35"
7635;"2022-12-01";242;109;33395;865;34369;90;1165;138;1393;103;5496;290;5889;6;121;92;219;308;40177;1385;41870;"2025-09-25 11:26:35"
7636;"2022-12-01";243;51;8637;61;8749;52;323;30;405;105;3304;47;3456;7;47;13;67;215;12311;151;12677;"2025-09-25 11:26:35"
7637;"2022-12-01";244;41;12058;195;12294;41;434;31;506;113;4089;74;4276;8;69;19;96;203;16650;319;17172;"2025-09-25 11:26:35"
7638;"2022-12-01";245;134;14740;151;15025;81;708;53;842;121;6163;142;6426;9;94;45;148;345;21705;391;22441;"2025-09-25 11:26:35"
7639;"2022-12-01";246;219;153974;2771;156964;163;4653;501;5317;232;26831;2161;29224;22;547;363;932;636;186005;5796;192437;"2025-09-25 11:26:35"
7640;"2022-12-01";247;53;14067;123;14243;47;524;63;634;119;4891;92;5102;6;82;27;115;225;19564;305;20094;"2025-09-25 11:26:35"
7641;"2022-12-01";248;109;14117;205;14431;86;624;76;786;142;6129;160;6431;16;88;33;137;353;20958;474;21785;"2025-09-25 11:26:35"
7642;"2022-12-01";249;53;16738;140;16931;59;760;37;856;134;6923;138;7195;11;66;20;97;257;24487;335;25079;"2025-09-25 11:26:35"
7643;"2022-12-01";250;289;118004;2645;120938;272;3337;603;4212;269;18858;2757;21884;17;452;401;870;847;140651;6406;147904;"2025-09-25 11:26:35"
7644;"2022-12-01";251;58;15861;411;16330;59;663;145;867;111;3349;132;3592;8;94;41;143;236;19967;729;20932;"2025-09-25 11:26:35"
7645;"2022-12-01";252;105;17137;342;17584;81;815;69;965;120;8518;137;8775;14;85;34;133;320;26555;582;27457;"2025-09-25 11:26:35"
7646;"2022-12-01";253;130;27211;237;27578;108;1316;288;1712;178;11558;440;12176;22;126;62;210;438;40211;1027;41676;"2025-09-25 11:26:35"
7647;"2022-12-01";254;59;9506;62;9627;62;318;45;425;104;3278;51;3433;10;54;19;83;235;13156;177;13568;"2025-09-25 11:26:35"
7648;"2022-12-01";255;84;18587;523;19194;66;899;69;1034;124;8304;251;8679;14;95;49;158;288;27885;892;29065;"2025-09-25 11:26:35"
7650;"2022-12-01";131;74;15034;81;15189;55;812;51;918;81;7880;269;8230;11;72;28;111;221;23798;429;24448;"2025-09-25 11:26:35"
7651;"2022-12-01";132;74;10595;127;10796;44;484;87;615;116;4834;373;5323;4;68;227;299;238;15981;814;17033;"2025-09-25 11:26:35"
7652;"2022-12-01";133;69;11776;126;11971;55;644;90;789;98;6181;680;6959;13;66;75;154;235;18667;971;19873;"2025-09-25 11:26:35"
7653;"2022-12-01";134;77;16852;126;17055;54;731;91;876;111;8092;174;8377;10;80;33;123;252;25755;424;26431;"2025-09-25 11:26:35"
7654;"2022-12-01";135;73;19496;314;19883;55;853;99;1007;77;7811;675;8563;8;74;84;166;213;28234;1172;29619;"2025-09-25 11:26:35"
7655;"2022-12-01";136;79;45314;292;45685;66;2222;211;2499;112;13538;1374;15024;11;198;141;350;268;61272;2018;63558;"2025-09-25 11:26:35"
7656;"2022-12-01";137;103;53358;724;54185;72;1841;172;2085;150;13669;1707;15526;8;288;868;1164;333;69156;3471;72960;"2025-09-25 11:26:35"
7657;"2022-12-01";138;33;16479;136;16648;24;620;34;678;29;3189;568;3786;5;70;44;119;91;20358;782;21231;"2025-09-25 11:26:35"
7658;"2022-12-01";139;72;42466;239;42777;63;1606;90;1759;85;8955;1024;10064;6;171;81;258;226;53198;1434;54858;"2025-09-25 11:26:35"
7659;"2022-12-01";140;1;8;0;9;0;3;0;3;0;8;0;8;0;0;0;0;1;19;0;20;"2025-09-25 11:26:35"
7660;"2022-12-01";141;212;83521;1071;84804;111;2331;335;2777;168;11964;1051;13183;13;268;246;527;504;98084;2703;101291;"2025-09-25 11:26:35"
7661;"2022-12-01";142;61;87763;1535;89359;111;2185;898;3194;65;11158;1747;12970;4;287;214;505;241;101393;4394;106028;"2025-09-25 11:26:35"
7662;"2022-12-01";143;154;89864;2040;92058;105;2609;470;3184;128;14340;2035;16503;9;353;213;575;396;107166;4758;112320;"2025-09-25 11:26:35"
7663;"2022-12-01";144;133;116914;4732;121779;92;3157;694;3943;131;15361;2043;17535;15;462;287;764;371;135894;7756;144021;"2025-09-25 11:26:35"
7664;"2022-12-01";145;200;91024;5328;96552;151;3061;408;3620;241;19883;1764;21888;27;383;294;704;619;114351;7794;122764;"2025-09-25 11:26:35"
7666;"2022-12-01";147;65;21342;62;21469;37;624;108;769;56;2179;372;2607;10;70;32;112;168;24215;574;24957;"2025-09-25 11:26:35"
7667;"2022-12-01";148;226;41072;1584;42882;125;1664;372;2161;217;12578;646;13441;25;175;118;318;593;55489;2720;58802;"2025-09-25 11:26:35"
7668;"2022-12-01";149;67;19649;1249;20965;43;1077;274;1394;93;8461;592;9146;7;102;63;172;210;29289;2178;31677;"2025-09-25 11:26:35"
7669;"2022-12-01";150;139;44780;886;45805;90;2157;377;2624;151;15097;1084;16332;29;165;86;280;409;62199;2433;65041;"2025-09-25 11:26:35"
7670;"2022-12-01";151;148;79789;603;80540;82;2557;338;2977;176;18290;2296;20762;13;405;780;1198;419;101041;4017;105477;"2025-09-25 11:26:35"
7671;"2022-12-01";152;132;39389;520;40041;77;1472;179;1728;177;12636;556;13369;31;166;150;347;417;53663;1405;55485;"2025-09-25 11:26:35"
7672;"2022-12-01";153;94;22545;343;22982;66;1185;346;1597;134;11082;391;11607;11;88;54;153;305;34900;1134;36339;"2025-09-25 11:26:35"
7673;"2022-12-01";154;162;78203;914;79279;93;2616;501;3210;167;18384;1839;20390;23;327;421;771;445;99530;3675;103650;"2025-09-25 11:26:35"
7674;"2022-12-01";155;80;19074;145;19299;40;764;114;918;106;7557;472;8135;12;79;80;171;238;27474;811;28523;"2025-09-25 11:26:35"
7675;"2022-12-01";156;180;155674;2508;158362;141;5066;536;5743;183;23198;3520;26901;42;564;374;980;546;184502;6938;191986;"2025-09-25 11:26:35"
7676;"2022-12-01";157;115;32157;291;32563;115;1427;300;1842;178;11450;699;12327;16;169;107;292;424;45203;1397;47024;"2025-09-25 11:26:35"
7677;"2022-12-01";158;105;112610;1685;114400;71;3977;660;4708;115;19291;2673;22079;11;416;398;825;302;136294;5416;142012;"2025-09-25 11:26:35"
7678;"2022-12-01";159;165;177625;2056;179846;146;4804;841;5791;216;20748;2339;23303;25;539;280;844;552;203716;5516;209784;"2025-09-25 11:26:35"
7679;"2022-12-01";160;72;10986;69;11127;54;514;67;635;121;5848;559;6528;14;59;79;152;261;17407;774;18442;"2025-09-25 11:26:35"
7680;"2022-12-01";161;75;23888;190;24153;42;1062;80;1184;181;10410;240;10831;18;123;45;186;316;35483;555;36354;"2025-09-25 11:26:35"
7681;"2022-12-01";162;153;40399;331;40883;92;1450;211;1753;137;12016;778;12931;21;190;146;357;403;54055;1466;55924;"2025-09-25 11:26:35"
7683;"2022-12-01";257;108;19310;172;19590;65;1340;91;1496;144;10380;265;10789;9;96;45;150;326;31126;573;32025;"2025-09-25 11:26:35"
7684;"2022-12-01";258;206;112394;2132;114732;122;3365;544;4031;207;19006;3119;22332;20;394;664;1078;555;135159;6459;142173;"2025-09-25 11:26:35"
7685;"2022-12-01";259;122;32233;746;33101;69;1548;172;1789;132;13249;1059;14440;7;241;141;389;330;47271;2118;49719;"2025-09-25 11:26:35"
7686;"2022-12-01";260;142;28205;1661;30008;98;1246;190;1534;172;12491;443;13106;16;154;63;233;428;42096;2357;44881;"2025-09-25 11:26:35"
7687;"2022-12-01";261;69;8512;60;8641;39;466;56;561;86;4324;252;4662;4;39;41;84;198;13341;409;13948;"2025-09-25 11:26:35"
7688;"2022-12-01";262;87;18465;187;18739;60;906;125;1091;115;8547;257;8919;10;101;51;162;272;28019;620;28911;"2025-09-25 11:26:35"
7689;"2022-12-01";263;69;9610;61;9740;58;415;24;497;97;5087;61;5245;8;43;16;67;232;15155;162;15549;"2025-09-25 11:26:35"
7690;"2022-12-01";264;109;40532;261;40902;109;1630;424;2163;189;11920;2270;14379;23;200;189;412;430;54282;3144;57856;"2025-09-25 11:26:35"
7691;"2022-12-01";265;184;110429;1842;112455;134;4243;480;4857;222;24297;3046;27565;15;334;440;789;555;139303;5808;145666;"2025-09-25 11:26:35"
7692;"2022-12-01";266;67;9379;59;9505;49;437;67;553;101;4821;270;5192;4;61;28;93;221;14698;424;15343;"2025-09-25 11:26:35"
7693;"2022-12-01";267;78;7691;32;7801;47;375;21;443;131;4402;79;4612;8;40;17;65;264;12508;149;12921;"2025-09-25 11:26:35"
7694;"2022-12-01";268;149;152922;3222;156293;102;3690;935;4727;127;19482;2461;22070;14;471;387;872;392;176565;7005;183962;"2025-09-25 11:26:35"
7695;"2022-12-01";269;298;134902;1913;137113;251;3449;590;4290;197;16001;1443;17641;26;271;251;548;772;154623;4197;159592;"2025-09-25 11:26:35"
7696;"2022-12-01";270;113;39522;2546;42181;103;1683;206;1992;140;14828;847;15815;6;226;135;367;362;56259;3734;60355;"2025-09-25 11:26:35"
7697;"2022-12-01";271;101;9047;42;9190;53;453;88;594;105;4874;100;5079;11;46;13;70;270;14420;243;14933;"2025-09-25 11:26:35"
7699;"2022-12-01";164;82;11986;175;12243;63;550;89;702;102;6419;758;7279;10;67;43;120;257;19022;1065;20344;"2025-09-25 11:26:35"
7700;"2022-12-01";165;95;19791;189;20075;75;1068;107;1250;136;12299;255;12690;7;96;35;138;313;33254;586;34153;"2025-09-25 11:26:35"
7701;"2022-12-01";166;64;9979;135;10178;37;434;67;538;63;4906;405;5374;1;44;64;109;165;15363;671;16199;"2025-09-25 11:26:35"
7702;"2022-12-01";167;92;72108;839;73039;74;2258;284;2616;86;13998;3499;17583;14;469;1646;2129;266;88833;6268;95367;"2025-09-25 11:26:35"
7703;"2022-12-01";168;49;8941;488;9478;34;435;60;529;65;3938;205;4208;1;49;21;71;149;13363;774;14286;"2025-09-25 11:26:35"
7704;"2022-12-01";169;144;50326;826;51296;122;1943;387;2452;195;15207;1706;17108;18;310;277;605;479;67786;3196;71461;"2025-09-25 11:26:35"
7705;"2022-12-01";170;84;19522;348;19954;48;803;257;1108;85;7770;1020;8875;12;117;142;271;229;28212;1767;30208;"2025-09-25 11:26:35"
7706;"2022-12-01";171;137;80522;2375;83034;119;2867;422;3408;151;13064;2395;15610;10;278;365;653;417;96731;5557;102705;"2025-09-25 11:26:35"
7707;"2022-12-01";172;203;37796;156;38155;206;1562;50;1818;151;11356;824;12331;14;154;102;270;574;50868;1132;52574;"2025-09-25 11:26:35"
7708;"2022-12-01";173;76;13511;1019;14606;52;751;137;940;96;7735;349;8180;9;79;44;132;233;22076;1549;23858;"2025-09-25 11:26:35"
7709;"2022-12-01";174;175;118750;1776;120701;142;3110;644;3896;192;22484;2006;24682;20;391;919;1330;529;144735;5345;150609;"2025-09-25 11:26:35"
7710;"2022-12-01";175;105;12759;98576;111440;56;643;2213;2912;179;9001;448;9628;4;152;34;190;344;22555;101271;124170;"2025-09-25 11:26:35"
7711;"2022-12-01";176;195;110061;2340;112596;149;3494;690;4333;201;21351;3454;25006;18;372;848;1238;563;135278;7332;143173;"2025-09-25 11:26:35"
7712;"2022-12-01";177;71;20241;144;20456;41;826;93;960;94;7964;499;8557;7;92;44;143;213;29123;780;30116;"2025-09-25 11:26:35"
7713;"2022-12-01";178;95;22827;341;23263;62;1245;136;1443;117;10799;725;11641;8;183;129;320;282;35054;1331;36667;"2025-09-25 11:26:35"
7714;"2022-12-01";179;115;15724;207;16046;58;734;107;899;106;9442;197;9745;13;73;29;115;292;25973;540;26805;"2025-09-25 11:26:35"
7715;"2022-12-01";180;86;18633;249;18968;43;787;69;899;81;8040;847;8968;3;123;89;215;213;27583;1254;29050;"2025-09-25 11:26:35"
7716;"2022-12-01";181;86;12813;85;12984;73;588;47;708;100;6984;289;7373;7;53;32;92;266;20438;453;21157;"2025-09-25 11:26:35"
7717;"2022-12-01";182;70;10699;93;10862;46;553;57;656;82;6131;131;6344;8;50;20;78;206;17433;301;17940;"2025-09-25 11:26:35"
7718;"2022-12-01";183;66;11656;24203;35925;50;565;456;1071;84;6335;184;6603;11;77;23;111;211;18633;24866;43710;"2025-09-25 11:26:35"
7719;"2022-12-01";184;107;23731;73615;97453;79;1641;1236;2956;131;15077;237;15445;10;108;39;157;327;40557;75127;116011;"2025-09-25 11:26:35"
7720;"2022-12-01";185;98;24864;461;25423;48;983;947;1978;97;8012;506;8615;7;121;151;279;250;33980;2065;36295;"2025-09-25 11:26:35"
7722;"2022-12-01";187;122;116318;945;117385;85;3182;383;3650;113;22050;2606;24769;13;351;380;744;333;141901;4314;146548;"2025-09-25 11:26:35"
7723;"2022-12-01";188;216;115405;1652;117273;153;3956;556;4665;223;25538;1957;27718;15;491;370;876;607;145390;4535;150532;"2025-09-25 11:26:35"
7724;"2022-12-01";189;63;13749;38;13850;36;675;51;762;67;6387;608;7062;15;85;35;135;181;20896;732;21809;"2025-09-25 11:26:35"
7725;"2022-12-01";190;199;185598;2501;188298;114;5324;799;6237;233;25602;3393;29228;17;567;452;1036;563;217091;7145;224799;"2025-09-25 11:26:35"
7726;"2022-12-01";44;44;9844;36;9924;38;413;18;469;40;5295;189;5524;1;59;63;123;123;15611;306;16040;"2025-09-25 11:26:35"
7727;"2022-12-01";192;142;57209;615;57966;84;2128;257;2469;155;17722;1021;18898;15;209;139;363;396;77268;2032;79696;"2025-09-25 11:26:35"
7728;"2022-12-01";193;94;26730;429;27253;60;1255;118;1433;124;10126;266;10516;9;131;76;216;287;38242;889;39418;"2025-09-25 11:26:35"
7729;"2022-12-01";194;98;10966;61;11125;46;436;40;522;87;6936;85;7108;8;51;14;73;239;18389;200;18828;"2025-09-25 11:26:35"
7730;"2022-12-01";195;122;35790;413;36325;88;1670;250;2008;166;16904;1043;18113;15;178;158;351;391;54542;1864;56797;"2025-09-25 11:26:35"
7731;"2022-12-01";196;66;19608;167;19841;49;835;41;925;85;11031;976;12092;6;124;151;281;206;31598;1335;33139;"2025-09-25 11:26:35"
7732;"2022-12-01";197;224;62440;1004;63668;225;2215;301;2741;260;19220;1165;20645;46;281;225;552;755;84156;2695;87606;"2025-09-25 11:26:35"
7733;"2022-12-01";198;76;12574;111;12761;52;636;51;739;110;6025;116;6251;10;64;25;99;248;19299;303;19850;"2025-09-25 11:26:35"
7734;"2022-12-01";199;56;5913;34;6003;33;287;26;346;56;3784;42;3882;2;31;7;40;147;10015;109;10271;"2025-09-25 11:26:35"
7735;"2022-12-01";200;127;40336;494;40957;70;1648;145;1863;133;14680;726;15539;27;204;145;376;357;56868;1510;58735;"2025-09-25 11:26:35"
7736;"2022-12-01";201;125;43943;399;44467;86;1790;248;2124;130;16032;1523;17685;12;220;339;571;353;61985;2509;64847;"2025-09-25 11:26:35"
7737;"2022-12-01";202;100;22262;178;22540;62;751;80;893;106;8352;196;8654;20;94;36;150;288;31459;490;32237;"2025-09-25 11:26:35"
7738;"2022-12-01";203;65;3963;359;4387;21;253;196;470;68;1384;29;1481;9;20;2;31;163;5620;586;6369;"2025-09-25 11:26:35"
7739;"2022-12-01";204;128;19561;120;19809;61;675;77;813;125;6543;109;6777;8;112;32;152;322;26891;338;27551;"2025-09-25 11:26:35"
7740;"2022-12-01";205;87;18920;88;19095;87;882;80;1049;142;11948;811;12901;13;99;103;215;329;31849;1082;33260;"2025-09-25 11:26:35"
7741;"2022-12-01";206;82;17320;144;17546;42;657;51;750;84;7758;617;8459;11;82;142;235;219;25817;954;26990;"2025-09-25 11:26:35"
7742;"2022-12-01";207;68;9672;40;9780;71;438;44;553;85;5891;115;6091;10;65;16;91;234;16066;215;16515;"2025-09-25 11:26:35"
7743;"2022-12-01";208;119;55585;310;56014;66;1934;403;2403;100;12884;1491;14475;8;210;270;488;293;70613;2474;73380;"2025-09-25 11:26:35"
7744;"2022-12-01";209;130;101919;1406;103455;86;3058;794;3938;197;17584;4410;22191;10;403;1748;2161;423;122964;8358;131745;"2025-09-25 11:26:35"
7745;"2022-12-01";210;159;121614;2001;123774;85;3147;302;3534;100;17904;990;18994;20;347;283;650;364;143012;3576;146952;"2025-09-25 11:26:35"
7747;"2022-12-01";212;127;92740;969;93836;92;3049;485;3626;133;11819;468;12420;12;271;157;440;364;107879;2079;110322;"2025-09-25 11:26:35"
7748;"2022-12-01";213;92;23376;187;23655;67;884;165;1116;105;9221;241;9567;11;64;170;245;275;33545;763;34583;"2025-09-25 11:26:35"
7750;"2022-12-01";215;251;235184;2450;237885;168;6616;555;7339;225;40525;4146;44896;26;651;567;1244;670;282976;7718;291364;"2025-09-25 11:26:35"
7751;"2022-12-01";216;101;13857;153;14111;56;563;115;734;129;6148;150;6427;8;60;29;97;294;20628;447;21369;"2025-09-25 11:26:35"
7752;"2022-12-01";217;109;42278;492;42879;92;1460;187;1739;105;13645;2623;16373;10;164;631;805;316;57547;3933;61796;"2025-09-25 11:26:35"
7753;"2022-12-01";218;102;45922;733;46757;77;1526;211;1814;136;10518;509;11163;11;157;109;277;326;58123;1562;60011;"2025-09-25 11:26:35"
7754;"2022-12-01";219;89;13159;66;13314;60;534;56;650;86;7063;476;7625;7;132;144;283;242;20888;742;21872;"2025-09-25 11:26:35"
7755;"2022-12-01";220;168;145133;1250;146551;104;4378;796;5278;145;22343;6976;29464;17;570;1611;2198;434;172424;10633;183491;"2025-09-25 11:26:35"
7756;"2022-12-01";221;64;10097;63;10224;50;438;45;533;90;4550;549;5189;7;49;103;159;211;15134;760;16105;"2025-09-25 11:26:35"
7757;"2022-12-01";222;215;140085;2893;143193;177;3568;1011;4756;237;26776;2328;29341;25;426;425;876;654;170855;6657;178166;"2025-09-25 11:26:35"
7758;"2022-12-01";223;71;24670;187;24928;68;1093;104;1265;86;10266;402;10754;8;129;64;201;233;36158;757;37148;"2025-09-25 11:26:35"
7759;"2022-12-01";224;143;84493;1310;85946;70;2036;478;2584;146;10534;962;11642;11;118;149;278;370;97181;2899;100450;"2025-09-25 11:26:35"
7760;"2022-12-01";225;77;88529;3498;92104;32;1984;442;2458;54;11151;1602;12807;3;169;235;407;166;101833;5777;107776;"2025-09-25 11:26:35"
7761;"2022-12-01";226;257;147614;57880;205751;226;2217;1455;3898;153;10506;964;11623;10;175;186;371;646;160512;60485;221643;"2025-09-25 11:26:35"
7762;"2022-12-01";227;180;99157;1550;100887;171;2387;243;2801;123;16779;1351;18253;11;265;329;605;485;118588;3473;122546;"2025-09-25 11:26:35"
7763;"2022-12-01";228;89;85827;722;86638;37;2095;173;2305;86;7789;874;8749;9;245;253;507;221;95956;2022;98199;"2025-09-25 11:26:35"
7764;"2022-12-01";229;105;42260;730;43095;81;1793;253;2127;118;8830;305;9253;8;141;74;223;312;53024;1362;54698;"2025-09-25 11:26:35"
7765;"2022-12-01";230;60;15924;96;16080;62;569;40;671;104;7708;166;7978;5;60;77;142;231;24261;379;24871;"2025-09-25 11:26:35"
7766;"2022-12-01";231;76;32582;30579;63237;57;1132;307;1496;70;10186;527;10783;6;236;230;472;209;44136;31643;75988;"2025-09-25 11:26:35"
7767;"2022-12-01";232;54;13076;165;13295;57;517;84;658;118;6440;150;6708;8;68;20;96;237;20101;419;20757;"2025-09-25 11:26:35"
7768;"2022-12-01";233;82;15330;97;15509;56;612;72;740;137;8012;396;8545;10;63;63;136;285;24017;628;24930;"2025-09-25 11:26:35"
7770;"2022-12-01";235;252;76557;963;77772;140;3097;152;3389;326;27420;622;28368;41;228;138;407;759;107302;1875;109936;"2025-09-25 11:26:35"
7771;"2022-12-01";236;575;241736;262248;504559;351;7496;6527;14374;678;55464;3344;59486;41;1004;524;1569;1645;305700;272643;579988;"2025-09-25 11:26:35"
7773;"2023-01-01";1;154;207692;19642;227488;54;4112;587;4753;176;13669;1861;15706;17;325;148;490;401;225798;22238;248437;"2025-09-25 11:26:42"
7774;"2023-01-01";2;102;128422;5111;133635;43;3569;819;4431;159;12337;2465;14961;6;188;225;419;310;144516;8620;153446;"2025-09-25 11:26:42"
7775;"2023-01-01";3;103;60998;2066;63167;66;2411;716;3193;132;7195;1271;8598;14;123;113;250;315;70727;4166;75208;"2025-09-25 11:26:42"
7776;"2023-01-01";4;112;66017;1906;68035;84;1777;170;2031;118;15998;2134;18250;10;364;499;873;324;84156;4709;89189;"2025-09-25 11:26:42"
7777;"2023-01-01";5;91;99804;3123;103018;46;3334;300;3680;147;9439;2112;11698;12;159;175;346;296;112736;5710;118742;"2025-09-25 11:26:42"
7778;"2023-01-01";6;87;80441;3408;83936;44;2356;359;2759;169;9049;1716;10934;11;110;263;384;311;91956;5746;98013;"2025-09-25 11:26:42"
7779;"2023-01-01";7;102;114998;11203;126303;63;4491;558;5112;131;14079;2735;16945;7;294;164;465;303;133862;14660;148825;"2025-09-25 11:26:42"
7780;"2023-01-01";8;51;71348;3529;74928;29;2971;470;3470;76;10893;2302;13271;10;156;113;279;166;85368;6414;91948;"2025-09-25 11:26:42"
7781;"2023-01-01";9;86;129513;5497;135096;52;3695;836;4583;175;10186;2137;12498;11;217;256;484;324;143611;8726;152661;"2025-09-25 11:26:42"
7782;"2023-01-01";10;93;76966;4654;81713;51;2579;585;3215;126;8278;2022;10426;12;153;167;332;282;87976;7428;95686;"2025-09-25 11:26:42"
7783;"2023-01-01";11;107;81610;2392;84109;57;2856;155;3068;141;9931;2153;12225;10;150;105;265;315;94547;4805;99667;"2025-09-25 11:26:42"
7784;"2023-01-01";12;106;93744;1183;95033;51;2485;136;2672;128;6732;1202;8062;16;119;219;354;301;103080;2740;106121;"2025-09-25 11:26:42"
7785;"2023-01-01";13;92;101497;4540;106129;54;2730;668;3452;164;9554;2206;11924;20;212;431;663;330;113993;7845;122168;"2025-09-25 11:26:42"
7786;"2023-01-01";14;209;76981;3248;80438;108;2214;437;2759;131;5988;1846;7965;9;123;105;237;457;85306;5636;91399;"2025-09-25 11:26:42"
7787;"2023-01-01";15;200;151621;4927;156748;130;3138;734;4002;174;10723;4827;15724;12;257;167;436;516;165739;10655;176910;"2025-09-25 11:26:42"
7788;"2023-01-01";16;119;82773;7129;90021;48;2029;928;3005;183;8820;1917;10920;18;171;97;286;368;93793;10071;104232;"2025-09-25 11:26:42"
7789;"2023-01-01";17;95;105359;2126;107580;47;3114;1126;4287;149;8722;1735;10606;8;166;109;283;299;117361;5096;122756;"2025-09-25 11:26:42"
7790;"2023-01-01";18;132;206606;7258;213996;94;4426;1693;6213;158;23884;5225;29267;14;344;372;730;398;235260;14548;250206;"2025-09-25 11:26:42"
7791;"2023-01-01";19;121;127782;4501;132404;59;3360;758;4177;137;11528;2946;14611;7;258;443;708;324;142928;8648;151900;"2025-09-25 11:26:42"
7792;"2023-01-01";20;141;117788;3115;121044;57;4046;156;4259;170;13813;4367;18350;15;436;632;1083;383;136083;8270;144736;"2025-09-25 11:26:42"
7793;"2023-01-01";21;239;65440;1338;67017;125;1989;67;2181;143;5291;776;6210;11;115;28;154;518;72835;2209;75562;"2025-09-25 11:26:42"
7794;"2023-01-01";22;97;112746;4073;116916;44;3387;747;4178;135;10211;1946;12292;16;154;200;370;292;126498;6966;133756;"2025-09-25 11:26:42"
7795;"2023-01-01";23;1717;39066;773;41556;1674;1555;255;3484;346;3705;1600;5651;105;79;91;275;3842;44405;2719;50966;"2025-09-25 11:26:42"
7796;"2023-01-01";63;124;87807;1125;89056;107;1964;303;2374;93;10093;877;11063;6;178;268;452;330;100042;2573;102945;"2025-09-25 11:26:42"
7797;"2023-01-01";25;80;90969;5956;97005;35;3431;541;4007;119;11871;2793;14783;18;177;329;524;252;106448;9619;116319;"2025-09-25 11:26:42"
7798;"2023-01-01";146;821;318984;264065;583870;494;10573;6671;17738;1002;83064;3965;88031;82;1258;659;1999;2399;413879;275360;691638;"2025-09-25 11:26:42"
7800;"2023-01-01";28;95;66857;2543;69495;62;2201;776;3039;103;9796;3232;13131;14;170;666;850;274;79024;7217;86515;"2025-09-25 11:26:42"
7801;"2023-01-01";29;80;70565;785;71430;54;2185;552;2791;117;10700;1137;11954;11;207;209;427;262;83657;2683;86602;"2025-09-25 11:26:42"
7802;"2023-01-01";77;288;136258;2732;139278;216;2832;527;3575;214;16271;3158;19643;16;319;586;921;734;155680;7003;163417;"2025-09-25 11:26:42"
7803;"2023-01-01";57;66;56187;711;56964;41;1288;146;1475;73;4643;317;5033;6;137;48;191;186;62255;1222;63663;"2025-09-25 11:26:42"
7804;"2023-01-01";32;81;84762;1505;86348;29;2069;354;2452;65;10190;1468;11723;1;185;253;439;176;97206;3580;100962;"2025-09-25 11:26:42"
7805;"2023-01-01";33;129;109974;18511;128614;62;2949;550;3561;168;13039;2225;15432;11;174;520;705;370;126136;21806;148312;"2025-09-25 11:26:42"
7806;"2023-01-01";79;86;106587;1490;108163;44;2221;272;2537;89;11060;1497;12646;8;224;335;567;227;120092;3594;123913;"2025-09-25 11:26:42"
7807;"2023-01-01";35;89;66137;2588;68814;70;2245;312;2627;116;14780;2312;17208;11;214;324;549;286;83376;5536;89198;"2025-09-25 11:26:42"
7808;"2023-01-01";36;101;92226;3466;95793;53;2857;338;3248;103;13106;1972;15181;9;179;290;478;266;108368;6066;114700;"2025-09-25 11:26:42"
7809;"2023-01-01";60;278;186741;6337;193356;312;4493;302;5107;195;19030;2264;21489;33;437;482;952;818;210701;9385;220904;"2025-09-25 11:26:42"
7810;"2023-01-01";38;52;57993;51608;109653;25;1487;1019;2531;80;5752;1149;6981;11;127;363;501;168;65359;54139;119666;"2025-09-25 11:26:42"
7811;"2023-01-01";39;305;98965;10326;109596;469;1707;535;2711;178;8391;2223;10792;29;172;702;903;981;109235;13786;124002;"2025-09-25 11:26:42"
7812;"2023-01-01";40;85;26388;1334;27807;49;1015;299;1363;85;4145;368;4598;10;47;54;111;229;31595;2055;33879;"2025-09-25 11:26:42"
7814;"2023-01-01";42;134;149068;13876;163078;61;3341;266;3668;124;13244;2149;15517;9;285;504;798;328;165938;16795;183061;"2025-09-25 11:26:42"
7817;"2023-01-01";46;189;241077;9284;250550;112;5108;742;5962;183;30019;5384;35586;13;510;568;1091;497;276714;15978;293189;"2025-09-25 11:26:42"
7818;"2023-01-01";47;110;116724;1700;118534;117;3060;497;3674;289;19496;2778;22563;57;357;282;696;573;139637;5257;145467;"2025-09-25 11:26:42"
7822;"2023-01-01";51;167;192852;3049;196068;198;3189;643;4030;211;16187;1303;17701;13;393;158;564;589;212621;5153;218363;"2025-09-25 11:26:42"
7825;"2023-01-01";54;122;26595;6019;32736;53;1195;654;1902;161;9934;750;10845;9;138;84;231;345;37862;7507;45714;"2025-09-25 11:26:42"
7826;"2023-01-01";55;114;95507;146763;242384;66;3460;2104;5630;114;23152;2717;25983;16;515;320;851;310;122634;151904;274848;"2025-09-25 11:26:42"
7827;"2023-01-01";56;311;216552;30720;247583;393;5638;922;6953;174;30021;3450;33645;22;468;516;1006;900;252679;35608;289187;"2025-09-25 11:26:42"
7829;"2023-01-01";58;192;140425;3508;144125;104;4467;125;4696;135;17244;4542;21921;21;376;868;1265;452;162512;9043;172007;"2025-09-25 11:26:42"
7830;"2023-01-01";59;151;203131;36904;240186;86;5058;1126;6270;106;22429;2945;25480;12;344;317;673;355;230962;41292;272609;"2025-09-25 11:26:42"
7832;"2023-01-01";61;174;191123;5068;196365;98;3369;695;4162;151;12133;3095;15379;10;347;442;799;433;206972;9300;216705;"2025-09-25 11:26:42"
7833;"2023-01-01";62;62;8569;119;8750;42;514;67;623;119;3789;62;3970;2;40;15;57;225;12912;263;13400;"2025-09-25 11:26:42"
7836;"2023-01-01";65;184;169902;4055;174141;150;4612;418;5180;191;26732;7953;34876;23;606;901;1530;548;201852;13327;215727;"2025-09-25 11:26:42"
7842;"2023-01-01";71;82;71497;2798;74377;44;2320;567;2931;103;14064;3929;18096;10;278;452;740;239;88159;7746;96144;"2025-09-25 11:26:42"
7845;"2023-01-01";74;128;166731;2596;169455;101;3350;337;3788;411;15535;2399;18345;22;510;302;834;662;186126;5634;192422;"2025-09-25 11:26:42"
7851;"2023-01-01";80;170;105328;1284;106782;85;2698;686;3469;164;19976;4082;24222;9;353;999;1361;428;128355;7051;135834;"2025-09-25 11:26:42"
7854;"2023-01-01";83;341;170928;1157;172426;222;3528;479;4229;256;14983;1823;17062;59;594;164;817;878;190033;3623;194534;"2025-09-25 11:26:42"
7856;"2023-01-01";85;132;24517;164;24813;84;1204;147;1435;160;6585;205;6950;20;122;41;183;396;32428;557;33381;"2025-09-25 11:26:42"
7857;"2023-01-01";86;298;167866;1312;169476;162;4487;352;5001;185;19371;2458;22014;24;366;233;623;669;192090;4355;197114;"2025-09-25 11:26:42"
7858;"2023-01-01";87;108;112596;3573;116277;78;2708;803;3589;85;13087;2089;15261;10;314;201;525;281;128705;6666;135652;"2025-09-25 11:26:42"
7859;"2023-01-01";88;69;104644;2346;107059;30;2321;491;2842;34;9704;1399;11137;1;212;133;346;134;116881;4369;121384;"2025-09-25 11:26:42"
7860;"2023-01-01";89;460;27266;306;28032;120;539;26;685;125;1842;366;2333;18;57;8;83;723;29704;706;31133;"2025-09-25 11:26:42"
7861;"2023-01-01";90;121;88261;1594;89976;77;2621;447;3145;101;10763;2235;13099;9;192;163;364;308;101837;4439;106584;"2025-09-25 11:26:42"
7862;"2023-01-01";91;175;166044;821;167040;96;5295;2619;8010;126;30466;4830;35422;13;586;354;953;410;202391;8624;211425;"2025-09-25 11:26:42"
7863;"2023-01-01";92;87;60432;1155;61674;74;1735;299;2108;102;8587;1320;10009;12;161;147;320;275;70915;2921;74111;"2025-09-25 11:26:42"
7864;"2023-01-01";93;127;88067;964;89158;73;2374;170;2617;94;9270;3968;13332;9;163;275;447;303;99874;5377;105554;"2025-09-25 11:26:42"
7865;"2023-01-01";94;237;197122;2247;199606;113;5564;1524;7201;196;30431;4187;34814;8;605;715;1328;554;233722;8673;242949;"2025-09-25 11:26:42"
7866;"2023-01-01";95;353;264673;2134;267160;200;8102;1085;9387;227;43370;5800;49397;27;971;482;1480;807;317116;9501;327424;"2025-09-25 11:26:42"
7867;"2023-01-01";96;81;32179;755;33015;42;1354;69;1465;82;5537;651;6270;11;94;50;155;216;39164;1525;40905;"2025-09-25 11:26:42"
7868;"2023-01-01";97;280;252108;5507;257895;206;8458;1190;9854;211;35125;5853;41189;29;541;558;1128;726;296232;13108;310066;"2025-09-25 11:26:42"
7869;"2023-01-01";101;183;179459;4386;184028;63;2685;1261;4009;111;8085;2016;10212;13;311;231;555;370;190540;7894;198804;"2025-09-25 11:26:42"
7870;"2023-01-01";102;167;66964;1050;68181;69;2240;219;2528;76;7689;1279;9044;3;170;148;321;315;77063;2696;80074;"2025-09-25 11:26:42"
7871;"2023-01-01";103;212;62589;2056;64857;58;2414;266;2738;105;9166;1552;10823;17;146;135;298;392;74315;4009;78716;"2025-09-25 11:26:42"
7872;"2023-01-01";104;135;173662;4713;178510;167;5036;1481;6684;164;21196;2929;24289;25;463;576;1064;491;200357;9699;210547;"2025-09-25 11:26:42"
7873;"2023-01-01";105;250;139272;1752;141274;96;2340;84;2520;65;6858;1471;8394;3;220;134;357;414;148690;3441;152545;"2025-09-25 11:26:42"
7874;"2023-01-01";106;203;92996;941;94140;170;2909;596;3675;107;8362;2055;10524;14;186;122;322;494;104453;3714;108661;"2025-09-25 11:26:42"
7875;"2023-01-01";107;153;70150;1379;71682;82;2604;121;2807;97;6719;1686;8502;23;152;108;283;355;79625;3294;83274;"2025-09-25 11:26:42"
7876;"2023-01-01";108;174;216676;1781;218631;116;6893;424;7433;157;37187;6031;43375;21;566;408;995;468;261322;8644;270434;"2025-09-25 11:26:42"
7877;"2023-01-01";109;187;132745;2456;135388;167;5442;1133;6742;223;23094;3778;27095;13;309;351;673;590;161590;7718;169898;"2025-09-25 11:26:42"
7878;"2023-01-01";110;75;122564;2525;125164;39;4334;634;5007;34;18854;2495;21383;3;389;373;765;151;146141;6027;152319;"2025-09-25 11:26:42"
7879;"2023-01-01";111;151;88007;749;88907;100;3267;459;3826;139;18769;3416;22324;14;812;284;1110;404;110855;4908;116167;"2025-09-25 11:26:42"
7880;"2023-01-01";112;146;110198;2308;112652;122;2337;629;3088;123;9995;3764;13882;13;284;161;458;404;122814;6862;130080;"2025-09-25 11:26:42"
7881;"2023-01-01";113;92;73671;1307;75070;28;2444;901;3373;38;9359;1638;11035;0;162;132;294;158;85636;3978;89772;"2025-09-25 11:26:42"
7882;"2023-01-01";114;159;96731;671;97561;91;3846;441;4378;153;18556;2296;21005;15;406;212;633;418;119539;3620;123577;"2025-09-25 11:26:42"
7883;"2023-01-01";115;237;50087;393;50717;109;1844;662;2615;261;12040;830;13131;11;238;90;339;618;64209;1975;66802;"2025-09-25 11:26:42"
7884;"2023-01-01";116;174;50528;369;51071;86;2139;701;2926;199;14104;5957;20260;9;270;358;637;468;67041;7385;74894;"2025-09-25 11:26:42"
7885;"2023-01-01";117;85;17302;95;17482;73;794;128;995;156;6272;4464;10892;7;120;510;637;321;24488;5197;30006;"2025-09-25 11:26:42"
7886;"2023-01-01";118;84;97766;1146;98996;58;3006;517;3581;68;10267;2206;12541;9;269;158;436;219;111308;4027;115554;"2025-09-25 11:26:42"
7887;"2023-01-01";119;42;178144;2760;180946;37;3804;645;4486;33;11895;3532;15460;9;441;184;634;121;194284;7121;201526;"2025-09-25 11:26:42"
7888;"2023-01-01";120;20;142596;690;143306;18;2032;195;2245;24;4973;1393;6390;0;224;35;259;62;149825;2313;152200;"2025-09-25 11:26:42"
7889;"2023-01-01";121;368;112595;1724;114687;185;4115;1300;5600;240;21157;4716;26113;16;588;460;1064;809;138455;8200;147464;"2025-09-25 11:26:42"
7890;"2023-01-01";122;112;58749;311;59172;97;1475;169;1741;86;6029;2110;8225;10;128;308;446;305;66381;2898;69584;"2025-09-25 11:26:42"
7891;"2023-01-01";123;251;148063;2281;150595;268;4877;424;5569;199;18273;2758;21230;26;449;266;741;744;171662;5729;178135;"2025-09-25 11:26:42"
7892;"2023-01-01";124;196;98505;979;99680;85;3606;655;4346;127;18508;4173;22808;16;401;540;957;424;121020;6347;127791;"2025-09-25 11:26:42"
7893;"2023-01-01";125;241;200308;2609;203158;105;5929;2651;8685;175;30207;5712;36094;20;577;302;899;541;237021;11274;248836;"2025-09-25 11:26:42"
7894;"2023-01-01";126;337;272261;3568;276166;169;8341;2051;10561;248;35406;7003;42657;25;802;976;1803;779;316810;13598;331187;"2025-09-25 11:26:42"
7895;"2023-01-01";127;160;65439;5306;70905;73;3038;798;3909;144;20756;2743;23643;12;306;384;702;389;89539;9231;99159;"2025-09-25 11:26:42"
7896;"2023-01-01";128;199;118969;927;120095;90;2781;331;3202;137;15817;2223;18177;10;298;157;465;436;137865;3638;141939;"2025-09-25 11:26:42"
7897;"2023-01-01";129;378;417188;3068;420634;210;10921;2680;13811;292;61760;7325;69377;74;1505;571;2150;954;491374;13644;505972;"2025-09-25 11:26:42"
7899;"2023-01-01";238;145;91558;2483;94186;132;2770;510;3412;250;18113;1410;19773;32;346;388;766;559;112787;4791;118137;"2025-09-25 11:26:42"
7900;"2023-01-01";214;70;19581;200;19851;64;755;82;901;95;7302;209;7606;7;96;71;174;236;27734;562;28532;"2025-09-25 11:26:42"
7901;"2023-01-01";240;109;38827;663;39599;77;1331;158;1566;125;6942;462;7529;14;142;208;364;325;47242;1491;49058;"2025-09-25 11:26:42"
7902;"2023-01-01";241;115;25615;458;26188;102;895;138;1135;180;6715;172;7067;8;110;44;162;405;33335;812;34552;"2025-09-25 11:26:42"
7903;"2023-01-01";242;109;33518;876;34503;91;1162;139;1392;102;5515;295;5912;6;121;94;221;308;40316;1404;42028;"2025-09-25 11:26:42"
7904;"2023-01-01";243;51;8687;59;8797;53;320;31;404;105;3309;47;3461;7;46;13;66;216;12362;150;12728;"2025-09-25 11:26:42"
7905;"2023-01-01";244;41;12081;195;12317;41;434;31;506;111;4104;74;4289;9;70;19;98;202;16689;319;17210;"2025-09-25 11:26:42"
7906;"2023-01-01";245;128;14777;154;15059;81;710;53;844;120;6172;143;6435;10;94;48;152;339;21753;398;22490;"2025-09-25 11:26:42"
7907;"2023-01-01";246;220;154331;2751;157302;163;4636;501;5300;232;26907;2166;29305;23;552;361;936;638;186426;5779;192843;"2025-09-25 11:26:42"
7908;"2023-01-01";247;53;14151;122;14326;47;523;63;633;120;4911;92;5123;6;83;27;116;226;19668;304;20198;"2025-09-25 11:26:42"
7909;"2023-01-01";248;109;14160;201;14470;90;623;76;789;143;6169;162;6474;16;87;33;136;358;21039;472;21869;"2025-09-25 11:26:42"
7910;"2023-01-01";249;53;16762;140;16955;58;755;37;850;134;6944;138;7216;12;66;20;98;257;24527;335;25119;"2025-09-25 11:26:42"
7911;"2023-01-01";250;290;118338;2647;121275;270;3325;606;4201;270;18901;2760;21931;17;449;405;871;847;141013;6418;148278;"2025-09-25 11:26:42"
7912;"2023-01-01";251;58;15873;409;16340;60;658;145;863;111;3360;131;3602;8;95;41;144;237;19986;726;20949;"2025-09-25 11:26:42"
7913;"2023-01-01";252;105;17149;380;17634;81;822;70;973;120;8545;134;8799;14;86;34;134;320;26602;618;27540;"2025-09-25 11:26:42"
7914;"2023-01-01";253;131;27306;239;27676;106;1307;280;1693;176;11612;441;12229;22;129;62;213;435;40354;1022;41811;"2025-09-25 11:26:42"
7915;"2023-01-01";254;59;9534;62;9655;62;319;45;426;104;3286;51;3441;10;57;19;86;235;13196;177;13608;"2025-09-25 11:26:42"
7916;"2023-01-01";255;83;18703;545;19331;66;900;69;1035;123;8365;251;8739;13;100;49;162;285;28068;914;29267;"2025-09-25 11:26:42"
7918;"2023-01-01";131;74;15049;80;15203;55;812;51;918;80;7916;259;8255;11;76;27;114;220;23853;417;24490;"2025-09-25 11:26:42"
7919;"2023-01-01";132;74;10633;130;10837;44;485;89;618;116;4849;374;5339;4;69;227;300;238;16036;820;17094;"2025-09-25 11:26:42"
7920;"2023-01-01";133;69;11843;126;12038;55;645;89;789;97;6218;679;6994;13;64;74;151;234;18770;968;19972;"2025-09-25 11:26:42"
7921;"2023-01-01";134;77;16928;126;17131;55;727;94;876;114;8148;174;8436;10;77;32;119;256;25880;426;26562;"2025-09-25 11:26:42"
7922;"2023-01-01";135;73;19552;311;19936;57;852;100;1009;80;7876;677;8633;8;79;84;171;218;28359;1172;29749;"2025-09-25 11:26:42"
7923;"2023-01-01";136;79;45485;296;45860;66;2223;210;2499;112;13588;1365;15065;11;197;142;350;268;61493;2013;63774;"2025-09-25 11:26:42"
7924;"2023-01-01";137;103;53464;719;54286;72;1842;172;2086;152;13671;1709;15532;8;294;867;1169;335;69271;3467;73073;"2025-09-25 11:26:42"
7925;"2023-01-01";138;33;16565;136;16734;24;620;34;678;29;3180;570;3779;5;71;43;119;91;20436;783;21310;"2025-09-25 11:26:42"
7926;"2023-01-01";139;72;42629;238;42939;63;1601;83;1747;86;8979;1032;10097;6;177;78;261;227;53386;1431;55044;"2025-09-25 11:26:42"
7927;"2023-01-01";140;1;8;0;9;0;3;0;3;0;8;0;8;0;0;0;0;1;19;0;20;"2025-09-25 11:26:42"
7928;"2023-01-01";141;213;84126;1077;85416;115;2328;332;2775;170;12037;1053;13260;14;273;247;534;512;98764;2709;101985;"2025-09-25 11:26:42"
7929;"2023-01-01";142;61;87690;1805;89556;111;2179;901;3191;65;11173;1755;12993;4;295;213;512;241;101337;4674;106252;"2025-09-25 11:26:42"
7930;"2023-01-01";143;154;89994;2057;92205;105;2611;482;3198;129;14428;2035;16592;8;356;214;578;396;107389;4788;112573;"2025-09-25 11:26:42"
7931;"2023-01-01";144;129;117247;4518;121894;93;3160;681;3934;130;15375;2039;17544;14;461;288;763;366;136243;7526;144135;"2025-09-25 11:26:42"
7932;"2023-01-01";145;200;91374;5755;97329;152;3060;408;3620;241;19958;1761;21960;27;387;294;708;620;114779;8218;123617;"2025-09-25 11:26:42"
7934;"2023-01-01";147;66;21320;62;21448;37;621;108;766;56;2172;371;2599;9;74;33;116;168;24187;574;24929;"2025-09-25 11:26:42"
7935;"2023-01-01";148;226;41151;1549;42926;125;1665;372;2162;217;12641;645;13503;25;180;120;325;593;55637;2686;58916;"2025-09-25 11:26:42"
7936;"2023-01-01";149;68;19777;1271;21116;43;1076;274;1393;92;8493;596;9181;7;102;64;173;210;29448;2205;31863;"2025-09-25 11:26:42"
7937;"2023-01-01";150;140;44919;872;45931;93;2154;384;2631;151;15147;1083;16381;29;167;83;279;413;62387;2422;65222;"2025-09-25 11:26:42"
7938;"2023-01-01";151;147;80225;605;80977;80;2542;341;2963;171;18375;2298;20844;13;409;783;1205;411;101551;4027;105989;"2025-09-25 11:26:42"
7939;"2023-01-01";152;132;39470;523;40125;78;1477;178;1733;178;12654;553;13385;31;163;153;347;419;53764;1407;55590;"2025-09-25 11:26:42"
7940;"2023-01-01";153;96;22637;342;23075;67;1184;347;1598;135;11130;390;11655;11;85;54;150;309;35036;1133;36478;"2025-09-25 11:26:42"
7941;"2023-01-01";154;162;78525;911;79598;92;2618;499;3209;167;18481;1841;20489;21;331;422;774;442;99955;3673;104070;"2025-09-25 11:26:42"
7942;"2023-01-01";155;79;19173;145;19397;41;767;104;912;105;7554;474;8133;12;77;81;170;237;27571;804;28612;"2025-09-25 11:26:42"
7943;"2023-01-01";156;181;156963;2467;159611;144;5052;533;5729;184;23290;3529;27003;42;559;375;976;551;185864;6904;193319;"2025-09-25 11:26:42"
7944;"2023-01-01";157;115;32358;291;32764;114;1438;311;1863;179;11481;705;12365;16;169;106;291;424;45446;1413;47283;"2025-09-25 11:26:42"
7945;"2023-01-01";158;105;112961;1930;114996;71;4015;664;4750;116;19353;2683;22152;11;420;403;834;303;136749;5680;142732;"2025-09-25 11:26:42"
7946;"2023-01-01";159;166;177746;1871;179783;147;4793;833;5773;215;20745;2353;23313;23;531;277;831;551;203815;5334;209700;"2025-09-25 11:26:42"
7947;"2023-01-01";160;73;11018;68;11159;53;505;67;625;122;5867;566;6555;14;59;80;153;262;17449;781;18492;"2025-09-25 11:26:42"
7948;"2023-01-01";161;76;23913;191;24180;44;1056;80;1180;182;10446;238;10866;17;124;44;185;319;35539;553;36411;"2025-09-25 11:26:42"
7949;"2023-01-01";162;153;40584;330;41067;94;1445;211;1750;137;12063;778;12978;21;185;147;353;405;54277;1466;56148;"2025-09-25 11:26:42"
7951;"2023-01-01";257;108;19404;169;19681;65;1336;93;1494;143;10423;265;10831;13;96;46;155;329;31259;573;32161;"2025-09-25 11:26:42"
7952;"2023-01-01";258;205;112656;2133;114994;123;3347;540;4010;204;19072;3115;22391;20;406;668;1094;552;135481;6456;142489;"2025-09-25 11:26:42"
7953;"2023-01-01";259;122;32435;738;33295;70;1551;163;1784;132;13313;1064;14509;7;242;146;395;331;47541;2111;49983;"2025-09-25 11:26:42"
7954;"2023-01-01";260;142;28304;1544;29990;97;1242;184;1523;173;12514;444;13131;16;150;64;230;428;42210;2236;44874;"2025-09-25 11:26:42"
7955;"2023-01-01";261;69;8539;60;8668;40;468;57;565;87;4349;252;4688;4;39;41;84;200;13395;410;14005;"2025-09-25 11:26:42"
7956;"2023-01-01";262;89;18565;189;18843;61;901;124;1086;116;8572;256;8944;10;106;51;167;276;28144;620;29040;"2025-09-25 11:26:42"
7957;"2023-01-01";263;69;9629;61;9759;58;411;24;493;97;5098;62;5257;8;43;16;67;232;15181;163;15576;"2025-09-25 11:26:42"
7958;"2023-01-01";264;107;41003;260;41370;110;1635;429;2174;192;11982;2282;14456;24;205;189;418;433;54825;3160;58418;"2025-09-25 11:26:42"
7959;"2023-01-01";265;182;110698;1860;112740;134;4234;477;4845;217;24336;3055;27608;15;334;438;787;548;139602;5830;145980;"2025-09-25 11:26:42"
7960;"2023-01-01";266;67;9394;59;9520;49;439;67;555;101;4848;272;5221;4;61;27;92;221;14742;425;15388;"2025-09-25 11:26:42"
7961;"2023-01-01";267;78;7726;32;7836;47;373;21;441;131;4424;79;4634;8;43;17;68;264;12566;149;12979;"2025-09-25 11:26:42"
7962;"2023-01-01";268;147;152962;3241;156350;104;3695;936;4735;126;19579;2450;22155;14;472;385;871;391;176708;7012;184111;"2025-09-25 11:26:42"
7963;"2023-01-01";269;302;135180;1904;137386;252;3447;589;4288;198;16002;1447;17647;26;273;250;549;778;154902;4190;159870;"2025-09-25 11:26:42"
7964;"2023-01-01";270;117;39656;2493;42266;109;1668;204;1981;157;14842;846;15845;6;229;127;362;389;56395;3670;60454;"2025-09-25 11:26:42"
7965;"2023-01-01";271;101;9085;42;9228;52;451;90;593;105;4886;100;5091;11;51;13;75;269;14473;245;14987;"2025-09-25 11:26:42"
7967;"2023-01-01";164;83;12074;176;12333;62;554;87;703;102;6453;736;7291;10;70;43;123;257;19151;1042;20450;"2025-09-25 11:26:42"
7968;"2023-01-01";165;95;19890;186;20171;74;1061;107;1242;134;12349;258;12741;7;99;37;143;310;33399;588;34297;"2025-09-25 11:26:42"
7969;"2023-01-01";166;63;10044;133;10240;39;437;66;542;64;4924;403;5391;1;43;65;109;167;15448;667;16282;"2025-09-25 11:26:42"
7970;"2023-01-01";167;91;72408;838;73337;74;2248;285;2607;87;14047;3508;17642;15;475;1647;2137;267;89178;6278;95723;"2025-09-25 11:26:42"
7971;"2023-01-01";168;49;8983;494;9526;34;433;60;527;65;3932;205;4202;1;51;20;72;149;13399;779;14327;"2025-09-25 11:26:42"
7972;"2023-01-01";169;142;50569;830;51541;119;1936;387;2442;195;15228;1723;17146;19;316;284;619;475;68049;3224;71748;"2025-09-25 11:26:42"
7973;"2023-01-01";170;83;19625;353;20061;52;803;257;1112;85;7802;1016;8903;12;115;142;269;232;28345;1768;30345;"2025-09-25 11:26:42"
7974;"2023-01-01";171;136;80816;2375;83327;121;2865;423;3409;153;13129;2393;15675;10;278;364;652;420;97088;5555;103063;"2025-09-25 11:26:42"
7975;"2023-01-01";172;203;38011;156;38370;205;1547;53;1805;152;11434;827;12413;14;157;102;273;574;51149;1138;52861;"2025-09-25 11:26:42"
7976;"2023-01-01";173;76;13636;134;13846;51;750;70;871;96;7765;348;8209;9;80;45;134;232;22231;597;23060;"2025-09-25 11:26:42"
7977;"2023-01-01";174;173;119004;1777;120954;144;3110;636;3890;198;22553;2007;24758;20;397;917;1334;535;145064;5337;150936;"2025-09-25 11:26:42"
7978;"2023-01-01";175;104;12809;99414;112327;56;647;2194;2897;179;9023;447;9649;4;155;34;193;343;22634;102089;125066;"2025-09-25 11:26:42"
7979;"2023-01-01";176;193;110486;2338;113017;149;3478;686;4313;202;21397;3443;25042;17;373;848;1238;561;135734;7315;143610;"2025-09-25 11:26:42"
7980;"2023-01-01";177;69;20301;144;20514;40;830;94;964;93;7993;500;8586;7;94;45;146;209;29218;783;30210;"2025-09-25 11:26:42"
7981;"2023-01-01";178;93;22954;335;23382;60;1248;134;1442;117;10852;726;11695;8;184;131;323;278;35238;1326;36842;"2025-09-25 11:26:42"
7982;"2023-01-01";179;114;15789;207;16110;59;735;108;902;107;9456;199;9762;13;72;29;114;293;26052;543;26888;"2025-09-25 11:26:42"
7983;"2023-01-01";180;85;18703;248;19036;44;779;69;892;81;8049;848;8978;3;119;87;209;213;27650;1252;29115;"2025-09-25 11:26:42"
7984;"2023-01-01";181;85;12881;85;13051;73;594;48;715;101;7008;287;7396;7;54;33;94;266;20537;453;21256;"2025-09-25 11:26:42"
7985;"2023-01-01";182;71;10771;93;10935;46;549;57;652;82;6175;129;6386;8;50;20;78;207;17545;299;18051;"2025-09-25 11:26:42"
7986;"2023-01-01";183;66;11750;23974;35790;50;565;501;1116;84;6383;182;6649;11;78;22;111;211;18776;24679;43666;"2025-09-25 11:26:42"
7987;"2023-01-01";184;106;23861;71954;95921;78;1638;1170;2886;132;15150;236;15518;11;108;41;160;327;40757;73401;114485;"2025-09-25 11:26:42"
7988;"2023-01-01";185;97;24973;462;25532;48;981;947;1976;97;8035;504;8636;7;127;152;286;249;34116;2065;36430;"2025-09-25 11:26:42"
7990;"2023-01-01";187;130;116519;942;117591;86;3191;390;3667;119;22067;2613;24799;13;357;380;750;348;142134;4325;146807;"2025-09-25 11:26:42"
7991;"2023-01-01";188;213;115720;1643;117576;153;3948;553;4654;222;25631;1947;27800;16;499;372;887;604;145798;4515;150917;"2025-09-25 11:26:42"
7992;"2023-01-01";189;63;13784;38;13885;36;683;51;770;67;6400;607;7074;15;84;36;135;181;20951;732;21864;"2025-09-25 11:26:42"
7993;"2023-01-01";190;199;186249;2488;188936;114;5305;794;6213;233;25685;3395;29313;18;568;454;1040;564;217807;7131;225502;"2025-09-25 11:26:42"
7994;"2023-01-01";44;44;9883;36;9963;38;413;18;469;40;5310;189;5539;1;59;63;123;123;15665;306;16094;"2025-09-25 11:26:42"
7995;"2023-01-01";192;142;57404;617;58163;84;2121;259;2464;155;17777;1021;18953;15;210;138;363;396;77512;2035;79943;"2025-09-25 11:26:42"
7996;"2023-01-01";193;94;26744;429;27267;60;1254;118;1432;125;10163;268;10556;9;132;77;218;288;38293;892;39473;"2025-09-25 11:26:42"
7997;"2023-01-01";194;103;10974;61;11138;48;433;40;521;92;6944;84;7120;12;50;14;76;255;18401;199;18855;"2025-09-25 11:26:42"
7998;"2023-01-01";195;122;35964;418;36504;88;1673;249;2010;167;17000;1040;18207;15;180;158;353;392;54817;1865;57074;"2025-09-25 11:26:42"
7999;"2023-01-01";196;66;19718;169;19953;48;837;41;926;86;11059;986;12131;7;127;152;286;207;31741;1348;33296;"2025-09-25 11:26:42"
8000;"2023-01-01";197;224;62614;1017;63855;223;2205;302;2730;257;19272;1168;20697;42;286;224;552;746;84377;2711;87834;"2025-09-25 11:26:42"
8001;"2023-01-01";198;76;12628;112;12816;52;634;53;739;110;6034;116;6260;12;63;26;101;250;19359;307;19916;"2025-09-25 11:26:42"
8002;"2023-01-01";199;56;5919;34;6009;33;283;27;343;57;3791;42;3890;2;31;7;40;148;10024;110;10282;"2025-09-25 11:26:42"
8003;"2023-01-01";200;126;40481;489;41096;71;1647;145;1863;138;14694;725;15557;28;202;145;375;363;57024;1504;58891;"2025-09-25 11:26:42"
8004;"2023-01-01";201;126;44115;395;44636;86;1789;248;2123;129;16105;1528;17762;12;223;341;576;353;62232;2512;65097;"2025-09-25 11:26:42"
8005;"2023-01-01";202;99;22314;178;22591;61;741;80;882;105;8379;196;8680;21;96;36;153;286;31530;490;32306;"2025-09-25 11:26:42"
8006;"2023-01-01";203;60;3969;360;4389;21;254;197;472;67;1376;29;1472;9;19;2;30;157;5618;588;6363;"2025-09-25 11:26:42"
8007;"2023-01-01";204;128;19650;120;19898;61;672;77;810;129;6574;108;6811;10;113;32;155;328;27009;337;27674;"2025-09-25 11:26:42"
8008;"2023-01-01";205;87;18986;89;19162;88;880;81;1049;142;11971;815;12928;13;97;102;212;330;31934;1087;33351;"2025-09-25 11:26:42"
8009;"2023-01-01";206;82;17364;143;17589;42;654;51;747;84;7769;615;8468;11;87;144;242;219;25874;953;27046;"2025-09-25 11:26:42"
8010;"2023-01-01";207;68;9710;40;9818;69;442;44;555;85;5902;114;6101;10;63;15;88;232;16117;213;16562;"2025-09-25 11:26:42"
8011;"2023-01-01";208;118;55670;311;56099;66;1925;391;2382;100;12922;1488;14510;9;211;272;492;293;70728;2462;73483;"2025-09-25 11:26:42"
8012;"2023-01-01";209;131;102389;1407;103927;89;3065;797;3951;198;17651;4408;22257;10;403;1745;2158;428;123508;8357;132293;"2025-09-25 11:26:42"
8013;"2023-01-01";210;158;122001;2005;124164;86;3146;302;3534;100;17969;992;19061;20;346;283;649;364;143462;3582;147408;"2025-09-25 11:26:42"
8015;"2023-01-01";212;126;92904;969;93999;93;3052;483;3628;133;11833;468;12434;12;274;161;447;364;108063;2081;110508;"2025-09-25 11:26:42"
8016;"2023-01-01";213;92;23498;191;23781;66;874;170;1110;105;9241;242;9588;11;66;169;246;274;33679;772;34725;"2025-09-25 11:26:42"
8018;"2023-01-01";215;251;235909;2436;238596;168;6603;523;7294;224;40647;4163;45034;26;656;566;1248;669;283815;7688;292172;"2025-09-25 11:26:42"
8019;"2023-01-01";216;101;13899;153;14153;56;558;115;729;129;6163;150;6442;8;62;29;99;294;20682;447;21423;"2025-09-25 11:26:42"
8020;"2023-01-01";217;109;42400;495;43004;93;1453;190;1736;107;13692;2625;16424;10;167;633;810;319;57712;3943;61974;"2025-09-25 11:26:42"
8021;"2023-01-01";218;102;46108;691;46901;78;1528;205;1811;136;10555;516;11207;11;156;110;277;327;58347;1522;60196;"2025-09-25 11:26:42"
8022;"2023-01-01";219;89;13276;64;13429;60;533;56;649;86;7082;479;7647;7;132;144;283;242;21023;743;22008;"2025-09-25 11:26:42"
8023;"2023-01-01";220;167;145394;1258;146819;105;4359;803;5267;146;22325;6980;29451;17;574;1620;2211;435;172652;10661;183748;"2025-09-25 11:26:42"
8024;"2023-01-01";221;64;10136;62;10262;51;439;44;534;92;4576;554;5222;7;53;103;163;214;15204;763;16181;"2025-09-25 11:26:42"
8025;"2023-01-01";222;215;140397;2941;143553;178;3568;1010;4756;239;26837;2325;29401;25;427;428;880;657;171229;6704;178590;"2025-09-25 11:26:42"
8026;"2023-01-01";223;72;24715;188;24975;69;1093;104;1266;86;10295;402;10783;8;131;64;203;235;36234;758;37227;"2025-09-25 11:26:42"
8027;"2023-01-01";224;137;84676;1301;86114;70;2034;478;2582;140;10565;965;11670;11;120;151;282;358;97395;2895;100648;"2025-09-25 11:26:42"
8028;"2023-01-01";225;75;88800;3503;92378;32;1987;442;2461;53;11117;1608;12778;3;169;235;407;163;102073;5788;108024;"2025-09-25 11:26:42"
8029;"2023-01-01";226;250;148330;57390;205970;225;2223;1463;3911;148;10524;961;11633;10;179;184;373;633;161256;59998;221887;"2025-09-25 11:26:42"
8030;"2023-01-01";227;177;99335;1546;101058;173;2377;245;2795;128;16795;1349;18272;12;268;329;609;490;118775;3469;122734;"2025-09-25 11:26:42"
8031;"2023-01-01";228;90;86056;724;86870;37;2089;171;2297;91;7823;880;8794;9;247;254;510;227;96215;2029;98471;"2025-09-25 11:26:42"
8032;"2023-01-01";229;105;42365;728;43198;81;1789;253;2123;118;8815;308;9241;8;135;73;216;312;53104;1362;54778;"2025-09-25 11:26:42"
8033;"2023-01-01";230;59;16003;96;16158;62;565;39;666;104;7722;166;7992;5;62;77;144;230;24352;378;24960;"2025-09-25 11:26:42"
8034;"2023-01-01";231;76;32553;30857;63486;57;1124;300;1481;70;10216;529;10815;6;237;231;474;209;44130;31917;76256;"2025-09-25 11:26:42"
8035;"2023-01-01";232;54;13115;168;13337;56;519;85;660;118;6459;148;6725;8;68;21;97;236;20161;422;20819;"2025-09-25 11:26:42"
8036;"2023-01-01";233;82;15375;97;15554;56;621;75;752;138;8035;393;8566;10;65;63;138;286;24096;628;25010;"2025-09-25 11:26:42"
8038;"2023-01-01";235;247;76683;961;77891;143;3097;153;3393;325;27453;621;28399;41;229;136;406;756;107462;1871;110089;"2025-09-25 11:26:42"
8039;"2023-01-01";236;574;242301;263104;505979;351;7476;6518;14345;677;55611;3344;59632;41;1029;523;1593;1643;306417;273489;581549;"2025-09-25 11:26:42"
8041;"2023-02-01";1;153;207975;19749;227877;54;4102;570;4726;177;13669;1993;15839;18;328;145;491;402;226074;22457;248933;"2025-09-25 11:26:52"
8042;"2023-02-01";2;102;128583;5117;133802;43;3548;822;4413;155;12344;2475;14974;6;191;223;420;306;144666;8637;153609;"2025-09-25 11:26:52"
8043;"2023-02-01";3;102;60949;2058;63109;66;2389;716;3171;132;7197;1278;8607;14;122;111;247;314;70657;4163;75134;"2025-09-25 11:26:52"
8044;"2023-02-01";4;112;66043;1899;68054;86;1775;173;2034;116;16068;2129;18313;10;362;502;874;324;84248;4703;89275;"2025-09-25 11:26:52"
8045;"2023-02-01";5;91;99826;3134;103051;46;3316;298;3660;147;9431;2108;11686;11;161;178;350;295;112734;5718;118747;"2025-09-25 11:26:52"
8046;"2023-02-01";6;87;80402;3408;83897;44;2352;352;2748;168;9037;1717;10922;11;109;263;383;310;91900;5740;97950;"2025-09-25 11:26:52"
8047;"2023-02-01";7;100;115081;10705;125886;63;4464;553;5080;128;14102;2730;16960;7;296;162;465;298;133943;14150;148391;"2025-09-25 11:26:52"
8048;"2023-02-01";8;50;71468;3554;75072;29;2957;466;3452;75;10920;2299;13294;10;160;111;281;164;85505;6430;92099;"2025-09-25 11:26:52"
8049;"2023-02-01";9;84;129453;5494;135031;52;3685;835;4572;176;10165;2133;12474;11;219;256;486;323;143522;8718;152563;"2025-09-25 11:26:52"
8050;"2023-02-01";10;93;76999;4643;81735;51;2551;596;3198;124;8240;2008;10372;12;156;166;334;280;87946;7413;95639;"2025-09-25 11:26:52"
8051;"2023-02-01";11;103;81695;2401;84199;57;2842;160;3059;142;9923;2163;12228;10;157;106;273;312;94617;4830;99759;"2025-09-25 11:26:52"
8052;"2023-02-01";12;106;93586;1177;94869;50;2471;136;2657;128;6699;1207;8034;16;122;218;356;300;102878;2738;105916;"2025-09-25 11:26:52"
8053;"2023-02-01";13;92;101638;4491;106221;54;2714;667;3435;164;9501;2198;11863;20;216;428;664;330;114069;7784;122183;"2025-09-25 11:26:52"
8054;"2023-02-01";14;206;77261;3248;80715;108;2219;439;2766;131;6012;1838;7981;9;129;105;243;454;85621;5630;91705;"2025-09-25 11:26:52"
8055;"2023-02-01";15;185;151070;4873;156128;125;3124;717;3966;173;10716;4756;15645;12;257;160;429;495;165167;10506;176168;"2025-09-25 11:26:52"
8056;"2023-02-01";16;119;82402;7042;89563;47;2015;927;2989;182;8766;1918;10866;17;175;97;289;365;93358;9984;103707;"2025-09-25 11:26:52"
8057;"2023-02-01";17;95;105416;2127;107638;47;3082;1127;4256;148;8742;1737;10627;8;169;106;283;298;117409;5097;122804;"2025-09-25 11:26:52"
8058;"2023-02-01";18;132;206826;7270;214228;93;4401;1703;6197;158;22891;5161;28210;14;349;374;737;397;234467;14508;249372;"2025-09-25 11:26:52"
8059;"2023-02-01";19;121;127815;4496;132432;59;3339;755;4153;136;11532;2946;14614;7;259;440;706;323;142945;8637;151905;"2025-09-25 11:26:52"
8060;"2023-02-01";20;136;117819;3098;121053;57;4012;162;4231;169;13778;4375;18322;15;436;637;1088;377;136045;8272;144694;"2025-09-25 11:26:52"
8061;"2023-02-01";21;238;65483;1321;67042;124;1978;69;2171;143;5265;775;6183;11;118;28;157;516;72844;2193;75553;"2025-09-25 11:26:52"
8062;"2023-02-01";22;93;112607;4072;116772;43;3375;745;4163;135;10167;1949;12251;16;154;202;372;287;126303;6968;133558;"2025-09-25 11:26:52"
8063;"2023-02-01";23;1722;39111;741;41574;1678;1557;255;3490;345;3697;1592;5634;103;80;90;273;3848;44445;2678;50971;"2025-09-25 11:26:52"
8064;"2023-02-01";63;120;87969;1125;89214;107;1956;296;2359;92;10087;879;11058;6;181;264;451;325;100193;2564;103082;"2025-09-25 11:26:52"
8065;"2023-02-01";25;80;91064;5975;97119;34;3418;542;3994;118;11865;2795;14778;17;182;327;526;249;106529;9639;116417;"2025-09-25 11:26:52"
8066;"2023-02-01";146;820;319924;264582;585326;497;10548;6667;17712;1010;83657;4004;88671;82;1269;656;2007;2409;415398;275909;693716;"2025-09-25 11:26:52"
8068;"2023-02-01";28;96;66781;2555;69432;62;2193;784;3039;102;9785;3229;13116;14;172;665;851;274;78931;7233;86438;"2025-09-25 11:26:52"
8069;"2023-02-01";29;80;70924;795;71799;54;2181;546;2781;117;10742;1133;11992;11;208;207;426;262;84055;2681;86998;"2025-09-25 11:26:52"
8070;"2023-02-01";77;288;136623;2714;139625;218;2830;532;3580;215;16400;3172;19787;16;325;587;928;737;156178;7005;163920;"2025-09-25 11:26:52"
8071;"2023-02-01";57;66;56235;710;57011;41;1290;146;1477;73;4653;314;5040;6;128;49;183;186;62306;1219;63711;"2025-09-25 11:26:52"
8072;"2023-02-01";32;81;84943;1494;86518;29;2063;367;2459;66;10196;1478;11740;1;187;256;444;177;97389;3595;101161;"2025-09-25 11:26:52"
8073;"2023-02-01";33;130;110868;18647;129645;62;2957;558;3577;165;13105;2244;15514;11;176;519;706;368;127106;21968;149442;"2025-09-25 11:26:52"
8074;"2023-02-01";79;85;106894;1492;108471;44;2213;272;2529;90;11193;1493;12776;8;229;335;572;227;120529;3592;124348;"2025-09-25 11:26:52"
8075;"2023-02-01";35;90;66028;2555;68673;70;2230;317;2617;113;14818;2304;17235;11;204;325;540;284;83280;5501;89065;"2025-09-25 11:26:52"
8076;"2023-02-01";36;101;92303;3460;95864;53;2833;336;3222;103;13117;1977;15197;9;187;289;485;266;108440;6062;114768;"2025-09-25 11:26:52"
8077;"2023-02-01";60;276;186803;6392;193471;310;4477;309;5096;194;18980;2255;21429;33;443;481;957;813;210703;9437;220953;"2025-09-25 11:26:52"
8078;"2023-02-01";38;52;58043;52460;110555;25;1492;1027;2544;79;5748;1153;6980;11;125;364;500;167;65408;55004;120579;"2025-09-25 11:26:52"
8079;"2023-02-01";39;305;98876;10633;109814;469;1684;536;2689;177;8409;2228;10814;29;171;701;901;980;109140;14098;124218;"2025-09-25 11:26:52"
8080;"2023-02-01";40;85;26372;1322;27779;49;1014;299;1362;84;4139;368;4591;10;47;53;110;228;31572;2042;33842;"2025-09-25 11:26:52"
8082;"2023-02-01";42;132;149127;13571;162830;61;3323;266;3650;125;13266;2146;15537;9;292;500;801;327;166008;16483;182818;"2025-09-25 11:26:52"
8085;"2023-02-01";46;190;241550;9538;251278;113;5092;738;5943;177;30176;5380;35733;13;514;570;1097;493;277332;16226;294051;"2025-09-25 11:26:52"
8086;"2023-02-01";47;110;116812;1699;118621;117;3055;495;3667;290;19568;2782;22640;57;354;282;693;574;139789;5258;145621;"2025-09-25 11:26:52"
8090;"2023-02-01";51;167;193365;3032;196564;197;3179;634;4010;211;16107;1304;17622;13;393;158;564;588;213044;5128;218760;"2025-09-25 11:26:52"
8093;"2023-02-01";54;122;26690;5422;32234;53;1197;585;1835;159;9982;752;10893;9;143;84;236;343;38012;6843;45198;"2025-09-25 11:26:52"
8094;"2023-02-01";55;115;95425;147046;242586;65;3463;2148;5676;112;23334;2726;26172;16;536;316;868;308;122758;152236;275302;"2025-09-25 11:26:52"
8095;"2023-02-01";56;311;217282;30432;248025;393;5598;926;6917;177;29999;3459;33635;22;470;512;1004;903;253349;35329;289581;"2025-09-25 11:26:52"
8097;"2023-02-01";58;187;140252;3507;143946;100;4442;125;4667;129;17212;4564;21905;17;372;879;1268;433;162278;9075;171786;"2025-09-25 11:26:52"
8098;"2023-02-01";59;150;202736;36750;239636;86;5058;1111;6255;104;22321;2965;25390;12;348;320;680;352;230463;41146;271961;"2025-09-25 11:26:52"
8100;"2023-02-01";61;175;192135;4679;196989;98;3366;680;4144;155;12149;3175;15479;10;358;463;831;438;208008;8997;217443;"2025-09-25 11:26:52"
8101;"2023-02-01";62;62;8641;120;8823;44;519;66;629;119;3812;62;3993;2;42;15;59;227;13014;263;13504;"2025-09-25 11:26:52"
8104;"2023-02-01";65;183;170292;4035;174510;148;4616;414;5178;191;26824;7986;35001;23;623;908;1554;545;202355;13343;216243;"2025-09-25 11:26:52"
8110;"2023-02-01";71;82;71548;2807;74437;44;2317;568;2929;103;14092;3988;18183;10;284;454;748;239;88241;7817;96297;"2025-09-25 11:26:52"
8113;"2023-02-01";74;128;166985;2805;169918;101;3348;350;3799;410;15575;2407;18392;22;520;299;841;661;186428;5861;192950;"2025-09-25 11:26:52"
8119;"2023-02-01";80;168;105642;1284;107094;85;2692;685;3462;165;20148;4098;24411;9;357;1001;1367;427;128839;7068;136334;"2025-09-25 11:26:52"
8122;"2023-02-01";83;342;171646;1150;173138;224;3510;464;4198;259;15005;1835;17099;60;592;167;819;885;190753;3616;195254;"2025-09-25 11:26:52"
8124;"2023-02-01";85;137;24585;163;24885;83;1195;148;1426;158;6597;203;6958;20;121;42;183;398;32498;556;33452;"2025-09-25 11:26:52"
8125;"2023-02-01";86;297;168907;1330;170534;162;4474;352;4988;186;19395;2459;22040;24;372;233;629;669;193148;4374;198191;"2025-09-25 11:26:52"
8126;"2023-02-01";87;107;112557;3474;116138;78;2691;777;3546;84;13144;2095;15323;10;319;198;527;279;128711;6544;135534;"2025-09-25 11:26:52"
8127;"2023-02-01";88;69;104682;2328;107079;27;2313;525;2865;34;9726;1401;11161;1;216;142;359;131;116937;4396;121464;"2025-09-25 11:26:52"
8128;"2023-02-01";89;460;27357;308;28125;122;543;26;691;128;1836;364;2328;18;56;8;82;728;29792;706;31226;"2025-09-25 11:26:52"
8129;"2023-02-01";90;119;87990;1585;89694;77;2601;443;3121;103;10719;2237;13059;9;194;162;365;308;101504;4427;106239;"2025-09-25 11:26:52"
8130;"2023-02-01";91;173;166080;813;167066;97;5256;2616;7969;126;30483;4941;35550;13;592;357;962;409;202411;8727;211547;"2025-09-25 11:26:52"
8131;"2023-02-01";92;88;60539;1141;61768;74;1724;292;2090;102;8561;1322;9985;12;162;146;320;276;70986;2901;74163;"2025-09-25 11:26:52"
8132;"2023-02-01";93;126;88150;962;89238;72;2369;167;2608;94;9261;3982;13337;10;162;273;445;302;99942;5384;105628;"2025-09-25 11:26:52"
8133;"2023-02-01";94;236;196947;2278;199461;114;5542;1497;7153;196;30596;4210;35002;8;613;708;1329;554;233698;8693;242945;"2025-09-25 11:26:52"
8134;"2023-02-01";95;352;264849;2126;267327;200;8089;1082;9371;229;43316;5813;49358;27;980;482;1489;808;317234;9503;327545;"2025-09-25 11:26:52"
8135;"2023-02-01";96;81;32142;753;32976;43;1351;68;1462;82;5517;652;6251;12;94;52;158;218;39104;1525;40847;"2025-09-25 11:26:52"
8136;"2023-02-01";97;272;251492;5494;257258;206;8417;1172;9795;211;35105;5851;41167;29;539;556;1124;718;295553;13073;309344;"2025-09-25 11:26:52"
8137;"2023-02-01";101;181;179541;4245;183967;63;2679;1258;4000;110;8078;2014;10202;13;310;230;553;367;190608;7747;198722;"2025-09-25 11:26:52"
8138;"2023-02-01";102;166;67001;1044;68211;70;2232;217;2519;76;7672;1272;9020;3;168;149;320;315;77073;2682;80070;"2025-09-25 11:26:52"
8139;"2023-02-01";103;210;63233;2062;65505;57;2407;267;2731;104;9166;1562;10832;17;146;138;301;388;74952;4029;79369;"2025-09-25 11:26:52"
8140;"2023-02-01";104;130;171138;4693;175961;165;5017;1496;6678;157;20911;2942;24010;23;459;577;1059;475;197525;9708;207708;"2025-09-25 11:26:52"
8141;"2023-02-01";105;246;139935;1894;142075;92;2336;84;2512;65;6847;1466;8378;3;224;131;358;406;149342;3575;153323;"2025-09-25 11:26:52"
8142;"2023-02-01";106;200;93086;939;94225;169;2899;602;3670;105;8354;2039;10498;14;184;123;321;488;104523;3703;108714;"2025-09-25 11:26:52"
8143;"2023-02-01";107;152;70494;1345;71991;83;2601;111;2795;96;6746;1691;8533;24;153;107;284;355;79994;3254;83603;"2025-09-25 11:26:52"
8144;"2023-02-01";108;171;217694;1774;219639;115;6914;421;7450;157;37274;6051;43482;21;572;407;1000;464;262454;8653;271571;"2025-09-25 11:26:52"
8145;"2023-02-01";109;182;132279;2458;134919;162;5451;1138;6751;223;22989;3790;27002;13;348;352;713;580;161067;7738;169385;"2025-09-25 11:26:52"
8146;"2023-02-01";110;69;122522;2501;125092;40;4308;634;4982;33;18821;2507;21361;3;388;373;764;145;146039;6015;152199;"2025-09-25 11:26:52"
8147;"2023-02-01";111;151;88144;686;88981;100;3248;462;3810;139;18780;3276;22195;14;796;282;1092;404;110968;4706;116078;"2025-09-25 11:26:52"
8148;"2023-02-01";112;146;110346;2302;112794;122;2328;625;3075;123;9990;3885;13998;13;292;159;464;404;122956;6971;130331;"2025-09-25 11:26:52"
8149;"2023-02-01";113;92;73734;1303;75129;28;2429;900;3357;38;9327;1638;11003;0;164;132;296;158;85654;3973;89785;"2025-09-25 11:26:52"
8150;"2023-02-01";114;159;98051;668;98878;91;3845;431;4367;151;18775;2465;21391;15;415;218;648;416;121086;3782;125284;"2025-09-25 11:26:52"
8151;"2023-02-01";115;237;50255;393;50885;109;1848;660;2617;260;12111;832;13203;11;242;89;342;617;64456;1974;67047;"2025-09-25 11:26:52"
8152;"2023-02-01";116;174;50732;368;51274;84;2146;700;2930;202;14122;5972;20296;9;271;356;636;469;67271;7396;75136;"2025-09-25 11:26:52"
8153;"2023-02-01";117;85;17294;94;17473;72;786;126;984;153;6278;4477;10908;7;127;511;645;317;24485;5208;30010;"2025-09-25 11:26:52"
8154;"2023-02-01";118;83;98000;1151;99234;57;2994;516;3567;68;10379;2209;12656;9;271;154;434;217;111644;4030;115891;"2025-09-25 11:26:52"
8155;"2023-02-01";119;42;177938;2775;180755;36;3747;658;4441;33;11852;3509;15394;9;451;187;647;120;193988;7129;201237;"2025-09-25 11:26:52"
8156;"2023-02-01";120;20;142882;700;143602;17;2026;196;2239;22;4975;1395;6392;0;225;33;258;59;150108;2324;152491;"2025-09-25 11:26:52"
8157;"2023-02-01";121;366;112731;1711;114808;188;4070;1286;5544;250;21202;4720;26172;19;577;460;1056;823;138580;8177;147580;"2025-09-25 11:26:52"
8158;"2023-02-01";122;113;58719;310;59142;97;1468;174;1739;84;6018;2123;8225;10;133;312;455;304;66338;2919;69561;"2025-09-25 11:26:52"
8159;"2023-02-01";123;251;148156;2330;150737;270;4862;425;5557;200;18272;2764;21236;26;451;267;744;747;171741;5786;178274;"2025-09-25 11:26:52"
8160;"2023-02-01";124;197;98845;978;100020;85;3608;659;4352;127;18737;4232;23096;16;407;544;967;425;121597;6413;128435;"2025-09-25 11:26:52"
8161;"2023-02-01";125;242;201093;2530;203865;102;5935;2652;8689;175;30340;5786;36301;20;585;306;911;539;237953;11274;249766;"2025-09-25 11:26:52"
8162;"2023-02-01";126;337;273572;3565;277474;168;8355;2091;10614;247;35522;6995;42764;26;807;979;1812;778;318256;13630;332664;"2025-09-25 11:26:52"
8163;"2023-02-01";127;160;65359;5153;70672;72;3034;799;3905;144;20889;2749;23782;12;310;385;707;388;89592;9086;99066;"2025-09-25 11:26:52"
8164;"2023-02-01";128;198;119254;1007;120459;91;2788;330;3209;137;15818;2219;18174;10;297;157;464;436;138157;3713;142306;"2025-09-25 11:26:52"
8165;"2023-02-01";129;376;419825;3056;423257;214;10955;2683;13852;295;62158;7360;69813;73;1458;572;2103;958;494396;13671;509025;"2025-09-25 11:26:52"
8167;"2023-02-01";238;145;91729;2390;94264;138;2770;503;3411;252;18180;1407;19839;33;359;390;782;568;113038;4690;118296;"2025-09-25 11:26:52"
8168;"2023-02-01";214;70;19582;200;19852;64;750;84;898;95;7352;206;7653;7;97;71;175;236;27781;561;28578;"2025-09-25 11:26:52"
8169;"2023-02-01";240;108;38900;661;39669;77;1321;159;1557;125;6964;463;7552;15;143;208;366;325;47328;1491;49144;"2025-09-25 11:26:52"
8170;"2023-02-01";241;115;25684;461;26260;101;896;135;1132;179;6770;171;7120;8;109;44;161;403;33459;811;34673;"2025-09-25 11:26:52"
8171;"2023-02-01";242;109;33551;874;34534;91;1155;139;1385;102;5540;295;5937;6;122;94;222;308;40368;1402;42078;"2025-09-25 11:26:52"
8172;"2023-02-01";243;51;8715;59;8825;53;324;30;407;104;3319;47;3470;8;47;13;68;216;12405;149;12770;"2025-09-25 11:26:52"
8173;"2023-02-01";244;41;12145;196;12382;41;434;32;507;111;4133;75;4319;9;70;19;98;202;16782;322;17306;"2025-09-25 11:26:52"
8174;"2023-02-01";245;128;14787;154;15069;81;709;53;843;118;6206;144;6468;10;94;47;151;337;21796;398;22531;"2025-09-25 11:26:52"
8175;"2023-02-01";246;219;154860;2756;157835;163;4638;504;5305;231;26923;2173;29327;23;566;360;949;636;186987;5793;193416;"2025-09-25 11:26:52"
8176;"2023-02-01";247;53;14177;118;14348;47;525;63;635;120;4914;90;5124;6;83;27;116;226;19699;298;20223;"2025-09-25 11:26:52"
8177;"2023-02-01";248;109;14202;202;14513;90;615;76;781;143;6198;165;6506;17;85;32;134;359;21100;475;21934;"2025-09-25 11:26:52"
8178;"2023-02-01";249;53;16839;140;17032;58;756;37;851;135;6985;139;7259;13;66;19;98;259;24646;335;25240;"2025-09-25 11:26:52"
8179;"2023-02-01";250;289;118575;2633;121497;271;3321;613;4205;272;18935;2761;21968;18;455;405;878;850;141286;6412;148548;"2025-09-25 11:26:52"
8180;"2023-02-01";251;58;15919;408;16385;61;660;144;865;111;3371;130;3612;8;96;41;145;238;20046;723;21007;"2025-09-25 11:26:52"
8181;"2023-02-01";252;104;17199;322;17625;82;822;70;974;120;8577;134;8831;14;85;34;133;320;26683;560;27563;"2025-09-25 11:26:52"
8182;"2023-02-01";253;131;27398;247;27776;106;1301;271;1678;178;11701;444;12323;22;126;62;210;437;40526;1024;41987;"2025-09-25 11:26:52"
8183;"2023-02-01";254;59;9556;62;9677;62;315;55;432;105;3302;50;3457;10;59;19;88;236;13232;186;13654;"2025-09-25 11:26:52"
8184;"2023-02-01";255;81;18762;535;19378;66;904;71;1041;122;8409;254;8785;12;104;48;164;281;28179;908;29368;"2025-09-25 11:26:52"
8186;"2023-02-01";131;74;15125;95;15294;55;815;51;921;79;7964;259;8302;11;76;27;114;219;23980;432;24631;"2025-09-25 11:26:52"
8187;"2023-02-01";132;74;10627;129;10830;44;483;92;619;116;4861;381;5358;4;70;229;303;238;16041;831;17110;"2025-09-25 11:26:52"
8188;"2023-02-01";133;69;11871;126;12066;55;649;89;793;98;6230;674;7002;13;64;74;151;235;18814;963;20012;"2025-09-25 11:26:52"
8189;"2023-02-01";134;77;16975;125;17177;56;726;94;876;114;8186;175;8475;10;76;32;118;257;25963;426;26646;"2025-09-25 11:26:52"
8190;"2023-02-01";135;72;19585;309;19966;57;851;100;1008;80;7916;680;8676;8;86;84;178;217;28438;1173;29828;"2025-09-25 11:26:52"
8191;"2023-02-01";136;78;45691;296;46065;66;2234;211;2511;111;13662;1365;15138;11;197;142;350;266;61784;2014;64064;"2025-09-25 11:26:52"
8192;"2023-02-01";137;102;53647;713;54462;73;1836;171;2080;152;13694;1707;15553;8;303;872;1183;335;69480;3463;73278;"2025-09-25 11:26:52"
8193;"2023-02-01";138;33;16658;137;16828;25;619;34;678;29;3198;568;3795;5;73;43;121;92;20548;782;21422;"2025-09-25 11:26:52"
8194;"2023-02-01";139;72;42684;249;43005;63;1591;90;1744;84;9058;1035;10177;6;179;77;262;225;53512;1451;55188;"2025-09-25 11:26:52"
8195;"2023-02-01";140;1;8;0;9;0;3;0;3;0;8;0;8;0;0;0;0;1;19;0;20;"2025-09-25 11:26:52"
8196;"2023-02-01";141;212;84641;1077;85930;112;2316;294;2722;171;12086;1056;13313;14;279;250;543;509;99322;2677;102508;"2025-09-25 11:26:52"
8197;"2023-02-01";142;61;87531;1807;89399;115;2185;941;3241;65;11156;1735;12956;4;304;212;520;245;101176;4695;106116;"2025-09-25 11:26:52"
8198;"2023-02-01";143;144;90091;2064;92299;110;2605;477;3192;129;14548;2031;16708;8;356;213;577;391;107600;4785;112776;"2025-09-25 11:26:52"
8199;"2023-02-01";144;129;117665;4504;122298;94;3141;685;3920;130;15437;2113;17680;14;454;291;759;367;136697;7593;144657;"2025-09-25 11:26:52"
8200;"2023-02-01";145;200;91696;6055;97951;152;3039;412;3603;246;19985;1757;21988;27;387;294;708;625;115107;8518;124250;"2025-09-25 11:26:52"
8202;"2023-02-01";147;67;21414;62;21543;37;619;109;765;55;2177;376;2608;9;77;32;118;168;24287;579;25034;"2025-09-25 11:26:52"
8203;"2023-02-01";148;226;41258;1544;43028;128;1660;349;2137;217;12679;647;13543;25;177;124;326;596;55774;2664;59034;"2025-09-25 11:26:52"
8204;"2023-02-01";149;69;19893;1283;21245;43;1074;269;1386;92;8552;596;9240;7;105;65;177;211;29624;2213;32048;"2025-09-25 11:26:52"
8205;"2023-02-01";150;140;44973;867;45980;96;2144;387;2627;151;15190;1089;16430;29;169;81;279;416;62476;2424;65316;"2025-09-25 11:26:52"
8206;"2023-02-01";151;147;80621;604;81372;79;2537;345;2961;171;18534;2296;21001;13;410;782;1205;410;102102;4027;106539;"2025-09-25 11:26:52"
8207;"2023-02-01";152;131;39527;537;40195;78;1476;181;1735;179;12694;550;13423;31;168;153;352;419;53865;1421;55705;"2025-09-25 11:26:52"
8208;"2023-02-01";153;96;22722;339;23157;67;1182;353;1602;136;11161;388;11685;11;84;55;150;310;35149;1135;36594;"2025-09-25 11:26:52"
8209;"2023-02-01";154;162;78822;906;79890;92;2606;496;3194;168;18541;1844;20553;21;337;423;781;443;100306;3669;104418;"2025-09-25 11:26:52"
8210;"2023-02-01";155;77;19241;145;19463;41;769;105;915;105;7574;475;8154;12;78;81;171;235;27662;806;28703;"2025-09-25 11:26:52"
8211;"2023-02-01";156;180;157706;2888;160774;145;5066;535;5746;185;23386;3585;27156;42;555;378;975;552;186713;7386;194651;"2025-09-25 11:26:52"
8212;"2023-02-01";157;116;32803;293;33212;121;1431;313;1865;177;11510;707;12394;16;172;108;296;430;45916;1421;47767;"2025-09-25 11:26:52"
8213;"2023-02-01";158;104;113442;1843;115389;72;4021;654;4747;116;19404;2675;22195;11;427;399;837;303;137294;5571;143168;"2025-09-25 11:26:52"
8214;"2023-02-01";159;169;177833;1933;179935;147;4771;849;5767;214;20809;2362;23385;23;522;282;827;553;203935;5426;209914;"2025-09-25 11:26:52"
8215;"2023-02-01";160;74;11054;68;11196;54;505;67;626;120;5896;511;6527;14;57;78;149;262;17512;724;18498;"2025-09-25 11:26:52"
8216;"2023-02-01";161;76;23934;191;24201;44;1048;81;1173;185;10474;240;10899;17;124;44;185;322;35580;556;36458;"2025-09-25 11:26:52"
8217;"2023-02-01";162;153;40564;331;41048;96;1443;209;1748;137;12063;779;12979;21;187;144;352;407;54257;1463;56127;"2025-09-25 11:26:52"
8219;"2023-02-01";257;108;19399;169;19676;65;1344;90;1499;145;10465;265;10875;13;98;49;160;331;31306;573;32210;"2025-09-25 11:26:52"
8220;"2023-02-01";258;206;112850;2119;115175;122;3345;540;4007;200;19140;3128;22468;20;408;672;1100;548;135743;6459;142750;"2025-09-25 11:26:52"
8221;"2023-02-01";259;122;32658;612;33392;70;1551;163;1784;132;13393;1063;14588;7;243;148;398;331;47845;1986;50162;"2025-09-25 11:26:52"
8222;"2023-02-01";260;142;28409;1420;29971;95;1247;181;1523;172;12552;442;13166;16;153;64;233;425;42361;2107;44893;"2025-09-25 11:26:52"
8223;"2023-02-01";261;70;8568;61;8699;40;471;56;567;87;4354;251;4692;4;41;41;86;201;13434;409;14044;"2025-09-25 11:26:52"
8224;"2023-02-01";262;89;18673;187;18949;63;901;124;1088;113;8598;257;8968;10;106;52;168;275;28278;620;29173;"2025-09-25 11:26:52"
8225;"2023-02-01";263;69;9709;60;9838;58;412;25;495;96;5137;63;5296;9;42;16;67;232;15300;164;15696;"2025-09-25 11:26:52"
8226;"2023-02-01";264;107;41344;259;41710;109;1646;427;2182;190;12041;2289;14520;24;204;192;420;430;55235;3167;58832;"2025-09-25 11:26:52"
8227;"2023-02-01";265;182;110911;1859;112952;134;4239;479;4852;215;24470;3054;27739;15;340;436;791;546;139960;5828;146334;"2025-09-25 11:26:52"
8228;"2023-02-01";266;67;9427;59;9553;48;435;67;550;100;4870;273;5243;4;61;28;93;219;14793;427;15439;"2025-09-25 11:26:52"
8229;"2023-02-01";267;79;7736;33;7848;46;376;20;442;132;4425;78;4635;8;45;17;70;265;12582;148;12995;"2025-09-25 11:26:52"
8230;"2023-02-01";268;146;152712;3281;156139;104;3663;930;4697;126;19620;2491;22237;14;474;387;875;390;176469;7089;183948;"2025-09-25 11:26:52"
8231;"2023-02-01";269;305;135465;1901;137671;254;3438;590;4282;199;16018;1457;17674;26;278;247;551;784;155199;4195;160178;"2025-09-25 11:26:52"
8232;"2023-02-01";270;113;39808;2433;42354;110;1673;206;1989;159;14883;841;15883;6;226;130;362;388;56590;3610;60588;"2025-09-25 11:26:52"
8233;"2023-02-01";271;101;9190;42;9333;53;450;90;593;111;4918;102;5131;11;53;15;79;276;14611;249;15136;"2025-09-25 11:26:52"
8235;"2023-02-01";164;83;12109;178;12370;63;556;88;707;102;6502;735;7339;10;72;44;126;258;19239;1045;20542;"2025-09-25 11:26:52"
8236;"2023-02-01";165;95;19961;187;20243;74;1066;107;1247;135;12399;257;12791;7;103;38;148;311;33529;589;34429;"2025-09-25 11:26:52"
8237;"2023-02-01";166;63;10058;132;10253;39;436;66;541;64;4949;401;5414;1;44;65;110;167;15487;664;16318;"2025-09-25 11:26:52"
8238;"2023-02-01";167;90;72658;838;73586;75;2246;268;2589;89;14096;3501;17686;14;474;1646;2134;268;89474;6253;95995;"2025-09-25 11:26:52"
8239;"2023-02-01";168;49;9000;478;9527;34;432;62;528;65;3928;204;4197;1;52;20;73;149;13412;764;14325;"2025-09-25 11:26:52"
8240;"2023-02-01";169;143;50799;837;51779;122;1936;388;2446;196;15279;1721;17196;19;324;274;617;480;68338;3220;72038;"2025-09-25 11:26:52"
8241;"2023-02-01";170;83;19672;346;20101;52;809;258;1119;84;7839;1017;8940;12;117;141;270;231;28437;1762;30430;"2025-09-25 11:26:52"
8242;"2023-02-01";171;136;81048;2351;83535;120;2856;413;3389;149;13183;2387;15719;10;282;365;657;415;97369;5516;103300;"2025-09-25 11:26:52"
8243;"2023-02-01";172;203;38071;155;38429;207;1548;54;1809;156;11473;826;12455;15;158;103;276;581;51250;1138;52969;"2025-09-25 11:26:52"
8244;"2023-02-01";173;79;13628;186;13893;50;755;71;876;96;7793;352;8241;9;78;46;133;234;22254;655;23143;"2025-09-25 11:26:52"
8245;"2023-02-01";174;174;119359;1777;121310;144;3112;627;3883;198;22630;2015;24843;20;402;923;1345;536;145503;5342;151381;"2025-09-25 11:26:52"
8246;"2023-02-01";175;104;12963;100459;113526;56;652;2195;2903;180;9063;445;9688;4;151;34;189;344;22829;103133;126306;"2025-09-25 11:26:52"
8247;"2023-02-01";176;194;110840;2333;113367;146;3466;701;4313;203;21456;3473;25132;17;372;853;1242;560;136134;7360;144054;"2025-09-25 11:26:52"
8248;"2023-02-01";177;68;20397;143;20608;40;827;95;962;95;8067;503;8665;7;93;46;146;210;29384;787;30381;"2025-09-25 11:26:52"
8249;"2023-02-01";178;93;23101;313;23507;60;1248;131;1439;117;10919;728;11764;8;188;130;326;278;35456;1302;37036;"2025-09-25 11:26:52"
8250;"2023-02-01";179;113;15873;205;16191;59;734;110;903;109;9491;198;9798;13;73;26;112;294;26171;539;27004;"2025-09-25 11:26:52"
8251;"2023-02-01";180;85;18801;248;19134;44;780;70;894;81;8080;892;9053;3;120;87;210;213;27781;1297;29291;"2025-09-25 11:26:52"
8252;"2023-02-01";181;85;12883;85;13053;73;588;47;708;100;7025;287;7412;7;54;33;94;265;20550;452;21267;"2025-09-25 11:26:52"
8253;"2023-02-01";182;71;10784;93;10948;47;549;58;654;82;6201;130;6413;8;50;20;78;208;17584;301;18093;"2025-09-25 11:26:52"
8254;"2023-02-01";183;66;11829;22542;34437;50;561;484;1095;85;6418;181;6684;11;80;22;113;212;18888;23229;42329;"2025-09-25 11:26:52"
8255;"2023-02-01";184;106;23915;71027;95048;78;1634;1128;2840;133;15233;237;15603;10;107;41;158;327;40889;72433;113649;"2025-09-25 11:26:52"
8256;"2023-02-01";185;96;25051;466;25613;49;981;944;1974;100;8076;508;8684;7;127;152;286;252;34235;2070;36557;"2025-09-25 11:26:52"
8258;"2023-02-01";187;130;116857;945;117932;86;3164;393;3643;118;22139;2617;24874;13;367;381;761;347;142527;4336;147210;"2025-09-25 11:26:52"
8259;"2023-02-01";188;213;115961;1639;117813;152;3938;554;4644;220;25677;1942;27839;16;498;373;887;601;146074;4508;151183;"2025-09-25 11:26:52"
8260;"2023-02-01";189;64;13857;38;13959;35;681;51;767;67;6413;608;7088;14;83;38;135;180;21034;735;21949;"2025-09-25 11:26:52"
8261;"2023-02-01";190;198;186688;2486;189372;114;5273;788;6175;229;25783;3424;29436;18;569;455;1042;559;218313;7153;226025;"2025-09-25 11:26:52"
8262;"2023-02-01";44;44;9911;36;9991;38;419;20;477;40;5329;190;5559;2;61;63;126;124;15720;309;16153;"2025-09-25 11:26:52"
8263;"2023-02-01";192;142;57551;620;58313;84;2125;273;2482;153;17843;1023;19019;14;206;139;359;393;77725;2055;80173;"2025-09-25 11:26:52"
8264;"2023-02-01";193;96;26793;432;27321;60;1263;119;1442;126;10205;273;10604;10;131;74;215;292;38392;898;39582;"2025-09-25 11:26:52"
8265;"2023-02-01";194;103;11016;62;11181;48;433;40;521;92;6982;84;7158;13;49;14;76;256;18480;200;18936;"2025-09-25 11:26:52"
8266;"2023-02-01";195;122;36001;417;36540;88;1672;251;2011;167;17069;1042;18278;15;181;159;355;392;54923;1869;57184;"2025-09-25 11:26:52"
8267;"2023-02-01";196;65;19770;166;20001;48;839;41;928;86;11097;983;12166;7;127;150;284;206;31833;1340;33379;"2025-09-25 11:26:52"
8268;"2023-02-01";197;224;62836;1008;64068;229;2204;301;2734;251;19318;1168;20737;42;289;225;556;746;84647;2702;88095;"2025-09-25 11:26:52"
8269;"2023-02-01";198;74;12671;112;12857;53;636;54;743;108;6059;116;6283;12;64;26;102;247;19430;308;19985;"2025-09-25 11:26:52"
8270;"2023-02-01";199;55;5901;34;5990;33;285;27;345;57;3792;42;3891;2;31;7;40;147;10009;110;10266;"2025-09-25 11:26:52"
8271;"2023-02-01";200;126;40554;490;41170;72;1646;144;1862;137;14762;726;15625;26;204;145;375;361;57166;1505;59032;"2025-09-25 11:26:52"
8272;"2023-02-01";201;126;44168;393;44687;88;1793;247;2128;128;16153;1533;17814;13;225;339;577;355;62339;2512;65206;"2025-09-25 11:26:52"
8273;"2023-02-01";202;99;22368;178;22645;61;750;81;892;105;8411;194;8710;21;99;36;156;286;31628;489;32403;"2025-09-25 11:26:52"
8274;"2023-02-01";203;60;4048;362;4470;21;254;198;473;67;1387;28;1482;9;20;2;31;157;5709;590;6456;"2025-09-25 11:26:52"
8275;"2023-02-01";204;128;19677;119;19924;61;669;76;806;126;6597;106;6829;10;113;31;154;325;27056;332;27713;"2025-09-25 11:26:52"
8276;"2023-02-01";205;87;19094;90;19271;88;881;80;1049;142;12034;815;12991;13;98;102;213;330;32107;1087;33524;"2025-09-25 11:26:52"
8277;"2023-02-01";206;82;17466;145;17693;42;656;49;747;84;7824;615;8523;11;90;150;251;219;26036;959;27214;"2025-09-25 11:26:52"
8278;"2023-02-01";207;68;9732;40;9840;69;444;44;557;83;5942;112;6137;10;66;14;90;230;16184;210;16624;"2025-09-25 11:26:52"
8279;"2023-02-01";208;118;55797;309;56224;66;1925;385;2376;101;12952;1522;14575;9;210;276;495;294;70884;2492;73670;"2025-09-25 11:26:52"
8280;"2023-02-01";209;132;102724;1405;104261;88;3076;788;3952;196;17728;4417;22341;10;412;1751;2173;426;123940;8361;132727;"2025-09-25 11:26:52"
8281;"2023-02-01";210;159;122370;1997;124526;87;3126;310;3523;99;18064;993;19156;20;347;286;653;365;143907;3586;147858;"2025-09-25 11:26:52"
8283;"2023-02-01";212;124;93000;972;94096;95;3047;489;3631;134;11859;472;12465;12;275;162;449;365;108181;2095;110641;"2025-09-25 11:26:52"
8284;"2023-02-01";213;92;23591;191;23874;66;875;174;1115;103;9327;244;9674;11;67;169;247;272;33860;778;34910;"2025-09-25 11:26:52"
8286;"2023-02-01";215;251;236301;2431;238983;167;6593;509;7269;223;40781;4170;45174;27;665;573;1265;668;284340;7683;292691;"2025-09-25 11:26:52"
8287;"2023-02-01";216;101;13972;153;14226;57;558;114;729;127;6184;152;6463;7;62;29;98;292;20776;448;21516;"2025-09-25 11:26:52"
8288;"2023-02-01";217;108;42486;492;43086;93;1459;191;1743;107;13761;2632;16500;10;166;638;814;318;57872;3953;62143;"2025-09-25 11:26:52"
8289;"2023-02-01";218;100;46239;691;47030;78;1531;203;1812;133;10625;515;11273;11;160;112;283;322;58555;1521;60398;"2025-09-25 11:26:52"
8290;"2023-02-01";219;89;13332;65;13486;59;528;57;644;88;7096;481;7665;7;134;144;285;243;21090;747;22080;"2025-09-25 11:26:52"
8291;"2023-02-01";220;165;145850;1254;147269;105;4370;796;5271;148;22383;6983;29514;17;573;1614;2204;435;173176;10647;184258;"2025-09-25 11:26:52"
8292;"2023-02-01";221;63;10184;63;10310;52;437;48;537;91;4592;556;5239;7;54;102;163;213;15267;769;16249;"2025-09-25 11:26:52"
8293;"2023-02-01";222;214;140735;2925;143874;178;3560;1008;4746;236;27046;2329;29611;25;426;428;879;653;171767;6690;179110;"2025-09-25 11:26:52"
8294;"2023-02-01";223;72;24801;189;25062;70;1102;105;1277;86;10330;405;10821;8;132;63;203;236;36365;762;37363;"2025-09-25 11:26:52"
8295;"2023-02-01";224;135;85523;1294;86952;70;2028;479;2577;139;10582;969;11690;11;124;150;285;355;98257;2892;101504;"2025-09-25 11:26:52"
8296;"2023-02-01";225;75;89020;3517;92612;32;1995;440;2467;54;11127;1615;12796;3;169;239;411;164;102311;5811;108286;"2025-09-25 11:26:52"
8297;"2023-02-01";226;244;149059;57083;206386;225;2231;1462;3918;146;10505;967;11618;10;178;184;372;625;161973;59696;222294;"2025-09-25 11:26:52"
8298;"2023-02-01";227;178;99446;1532;101156;175;2368;243;2786;129;16797;1353;18279;12;270;328;610;494;118881;3456;122831;"2025-09-25 11:26:52"
8299;"2023-02-01";228;90;86171;723;86984;37;2092;168;2297;91;7828;885;8804;9;248;257;514;227;96339;2033;98599;"2025-09-25 11:26:52"
8300;"2023-02-01";229;105;42419;724;43248;83;1789;252;2124;117;8814;308;9239;10;136;73;219;315;53158;1357;54830;"2025-09-25 11:26:52"
8301;"2023-02-01";230;59;16031;99;16189;61;565;40;666;105;7727;165;7997;5;63;77;145;230;24386;381;24997;"2025-09-25 11:26:52"
8302;"2023-02-01";231;76;32500;30656;63232;57;1126;297;1480;70;10226;529;10825;6;243;231;480;209;44095;31713;76017;"2025-09-25 11:26:52"
8303;"2023-02-01";232;54;13134;168;13356;56;520;87;663;115;6485;148;6748;8;67;23;98;233;20206;426;20865;"2025-09-25 11:26:52"
8304;"2023-02-01";233;82;15369;97;15548;56;623;75;754;139;8086;396;8621;12;65;63;140;289;24143;631;25063;"2025-09-25 11:26:52"
8306;"2023-02-01";235;247;76922;959;78128;145;3092;153;3390;331;27538;619;28488;41;233;136;410;764;107785;1867;110416;"2025-09-25 11:26:52"
8307;"2023-02-01";236;573;243002;263623;507198;352;7456;6514;14322;679;56119;3385;60183;41;1036;520;1597;1645;307613;274042;583300;"2025-09-25 11:26:52"
8309;"2023-03-01";1;155;209267;19559;228981;54;4084;566;4704;177;13709;2371;16257;18;339;146;503;404;227399;22642;250445;"2025-09-25 11:27:02"
8310;"2023-03-01";2;109;128708;5113;133930;42;3523;822;4387;154;12309;2473;14936;6;195;224;425;311;144735;8632;153678;"2025-09-25 11:27:02"
8311;"2023-03-01";3;102;60992;2064;63158;66;2364;716;3146;130;7207;1276;8613;14;123;112;249;312;70686;4168;75166;"2025-09-25 11:27:02"
8312;"2023-03-01";4;111;66207;1881;68199;86;1751;175;2012;117;16056;2402;18575;10;359;504;873;324;84373;4962;89659;"2025-09-25 11:27:02"
8313;"2023-03-01";5;91;99914;3165;103170;46;3288;342;3676;147;9430;2115;11692;11;161;176;348;295;112793;5798;118886;"2025-09-25 11:27:02"
8314;"2023-03-01";6;89;80447;3372;83908;43;2339;357;2739;170;9022;1715;10907;11;109;262;382;313;91917;5706;97936;"2025-09-25 11:27:02"
8315;"2023-03-01";7;101;115314;10707;126122;63;4443;567;5073;129;14179;2749;17057;7;296;164;467;300;134232;14187;148719;"2025-09-25 11:27:02"
8316;"2023-03-01";8;53;71586;3550;75189;29;2934;465;3428;75;10949;2301;13325;10;160;111;281;167;85629;6427;92223;"2025-09-25 11:27:02"
8317;"2023-03-01";9;84;129504;5538;135126;52;3646;836;4534;176;10173;2136;12485;12;225;251;488;324;143548;8761;152633;"2025-09-25 11:27:02"
8318;"2023-03-01";10;92;77030;4623;81745;51;2529;593;3173;124;8229;2011;10364;12;163;166;341;279;87951;7393;95623;"2025-09-25 11:27:02"
8319;"2023-03-01";11;101;81859;2434;84394;56;2830;160;3046;139;9930;2158;12227;10;164;106;280;306;94783;4858;99947;"2025-09-25 11:27:02"
8320;"2023-03-01";12;106;93889;1172;95167;50;2454;135;2639;128;6681;1183;7992;16;123;213;352;300;103147;2703;106150;"2025-09-25 11:27:02"
8321;"2023-03-01";13;92;101858;4465;106415;54;2706;670;3430;166;9531;2200;11897;20;216;437;673;332;114311;7772;122415;"2025-09-25 11:27:02"
8322;"2023-03-01";14;206;77411;3262;80879;108;2214;439;2761;131;6002;1845;7978;9;130;105;244;454;85757;5651;91862;"2025-09-25 11:27:02"
8323;"2023-03-01";15;179;151151;4845;156175;114;3117;713;3944;172;10696;4722;15590;11;257;160;428;476;165221;10440;176137;"2025-09-25 11:27:02"
8324;"2023-03-01";16;118;82308;8297;90723;46;1990;899;2935;181;8740;1909;10830;17;181;96;294;362;93219;11201;104782;"2025-09-25 11:27:02"
8325;"2023-03-01";17;96;105432;2127;107655;47;3063;1129;4239;148;8736;1746;10630;8;172;107;287;299;117403;5109;122811;"2025-09-25 11:27:02"
8326;"2023-03-01";18;133;206859;7213;214205;95;4367;1712;6174;158;19231;5083;24472;14;348;384;746;400;230805;14392;245597;"2025-09-25 11:27:02"
8327;"2023-03-01";19;121;127697;4505;132323;59;3324;756;4139;136;11415;2945;14496;7;264;439;710;323;142700;8645;151668;"2025-09-25 11:27:02"
8328;"2023-03-01";20;124;117820;3075;121019;56;3981;163;4200;168;13813;4383;18364;14;436;629;1079;362;136050;8250;144662;"2025-09-25 11:27:02"
8329;"2023-03-01";21;236;65412;1305;66953;123;1962;68;2153;142;5258;773;6173;11;119;27;157;512;72751;2173;75436;"2025-09-25 11:27:02"
8330;"2023-03-01";22;94;112555;4061;116710;43;3337;746;4126;135;10181;1949;12265;16;153;199;368;288;126226;6955;133469;"2025-09-25 11:27:02"
8331;"2023-03-01";23;1770;39117;729;41616;1660;1553;257;3470;343;3701;1596;5640;103;80;91;274;3876;44451;2673;51000;"2025-09-25 11:27:02"
8332;"2023-03-01";63;123;88146;1119;89388;107;1938;295;2340;91;10021;874;10986;6;185;261;452;327;100290;2549;103166;"2025-09-25 11:27:02"
8333;"2023-03-01";25;80;91210;5984;97274;34;3371;536;3941;118;11874;2787;14779;18;187;324;529;250;106642;9631;116523;"2025-09-25 11:27:02"
8334;"2023-03-01";146;816;320771;264795;586382;497;10518;6655;17670;1011;84076;4091;89178;81;1296;651;2028;2405;416661;276192;695258;"2025-09-25 11:27:02"
8336;"2023-03-01";28;96;66733;2553;69382;63;2174;789;3026;102;9761;3222;13085;14;173;663;850;275;78841;7227;86343;"2025-09-25 11:27:02"
8337;"2023-03-01";29;80;71236;785;72101;54;2167;553;2774;119;10781;1269;12169;11;213;208;432;264;84397;2815;87476;"2025-09-25 11:27:02"
8338;"2023-03-01";77;289;136887;2705;139881;218;2802;541;3561;216;16351;3178;19745;17;325;586;928;740;156365;7010;164115;"2025-09-25 11:27:02"
8339;"2023-03-01";57;68;56306;709;57083;41;1270;151;1462;71;4630;313;5014;6;129;47;182;186;62335;1220;63741;"2025-09-25 11:27:02"
8340;"2023-03-01";32;78;85110;1482;86670;29;2049;350;2428;65;10191;1477;11733;1;192;256;449;173;97542;3565;101280;"2025-09-25 11:27:02"
8341;"2023-03-01";33;129;111300;18510;129939;62;2940;564;3566;165;13090;2236;15491;11;177;513;701;367;127507;21823;149697;"2025-09-25 11:27:02"
8342;"2023-03-01";79;86;107377;1499;108962;44;2221;273;2538;89;11182;1686;12957;8;235;338;581;227;121015;3796;125038;"2025-09-25 11:27:02"
8343;"2023-03-01";35;89;65934;2573;68596;67;2220;317;2604;112;14829;2299;17240;11;206;327;544;279;83189;5516;88984;"2025-09-25 11:27:02"
8344;"2023-03-01";36;102;92504;3423;96029;53;2819;337;3209;103;13115;1984;15202;9;186;287;482;267;108624;6031;114922;"2025-09-25 11:27:02"
8345;"2023-03-01";60;272;186774;6439;193485;310;4440;319;5069;194;18988;2249;21431;32;445;480;957;808;210647;9487;220942;"2025-09-25 11:27:02"
8346;"2023-03-01";38;51;58136;53776;111963;24;1489;1032;2545;80;5736;1161;6977;11;128;368;507;166;65489;56337;121992;"2025-09-25 11:27:02"
8347;"2023-03-01";39;302;98985;10642;109929;470;1677;537;2684;180;8442;2229;10851;29;173;699;901;981;109277;14107;124365;"2025-09-25 11:27:02"
8348;"2023-03-01";40;85;26385;1315;27785;49;1009;299;1357;84;4134;368;4586;10;47;53;110;228;31575;2035;33838;"2025-09-25 11:27:02"
8350;"2023-03-01";42;131;149086;13370;162587;61;3285;264;3610;126;13277;2151;15554;9;296;500;805;327;165944;16285;182556;"2025-09-25 11:27:02"
8353;"2023-03-01";46;195;241665;9831;251691;113;5070;742;5925;178;30121;5409;35708;13;509;566;1088;499;277365;16548;294412;"2025-09-25 11:27:02"
8354;"2023-03-01";47;112;117041;1701;118854;117;3038;497;3652;288;19585;2791;22664;57;355;283;695;574;140019;5272;145865;"2025-09-25 11:27:02"
8358;"2023-03-01";51;167;193259;2875;196301;197;3141;631;3969;209;16134;1304;17647;13;402;157;572;586;212936;4967;218489;"2025-09-25 11:27:02"
8361;"2023-03-01";54;120;26706;5085;31911;53;1188;524;1765;153;9998;754;10905;9;146;84;239;335;38038;6447;44820;"2025-09-25 11:27:02"
8362;"2023-03-01";55;111;95262;145626;240999;65;3421;2150;5636;112;23422;2725;26259;15;563;317;895;303;122668;150818;273789;"2025-09-25 11:27:02"
8363;"2023-03-01";56;308;217484;30125;247917;393;5551;920;6864;175;30052;3477;33704;22;477;512;1011;898;253564;35034;289496;"2025-09-25 11:27:02"
8365;"2023-03-01";58;187;140447;3569;144203;101;4399;125;4625;128;17176;4615;21919;18;378;884;1280;434;162400;9193;172027;"2025-09-25 11:27:02"
8366;"2023-03-01";59;150;202959;36789;239898;86;5007;1116;6209;104;22166;2980;25250;12;358;319;689;352;230490;41204;272046;"2025-09-25 11:27:02"
8368;"2023-03-01";61;172;193250;4744;198166;98;3354;683;4135;155;12150;3170;15475;10;356;472;838;435;209110;9069;218614;"2025-09-25 11:27:02"
8369;"2023-03-01";62;63;8665;120;8848;48;515;70;633;119;3804;60;3983;2;42;9;53;232;13026;259;13517;"2025-09-25 11:27:02"
8372;"2023-03-01";65;185;170647;4000;174832;148;4618;411;5177;188;26867;8013;35068;23;630;918;1571;544;202762;13342;216648;"2025-09-25 11:27:02"
8378;"2023-03-01";71;83;71554;2852;74489;45;2287;569;2901;102;14085;4006;18193;10;281;457;748;240;88207;7884;96331;"2025-09-25 11:27:02"
8381;"2023-03-01";74;127;167618;2780;170525;102;3309;348;3759;410;15599;2414;18423;22;522;301;845;661;187048;5843;193552;"2025-09-25 11:27:02"
8387;"2023-03-01";80;170;105869;1267;107306;85;2657;684;3426;167;20157;4092;24416;9;361;1000;1370;431;129044;7043;136518;"2025-09-25 11:27:02"
8390;"2023-03-01";83;344;172323;1082;173749;244;3515;461;4220;258;15068;1850;17176;61;597;166;824;907;191503;3559;195969;"2025-09-25 11:27:02"
8392;"2023-03-01";85;137;24595;163;24895;83;1189;147;1419;158;6621;206;6985;20;122;42;184;398;32527;558;33483;"2025-09-25 11:27:02"
8393;"2023-03-01";86;297;169886;1325;171508;161;4439;348;4948;186;19409;2489;22084;24;387;234;645;668;194121;4396;199185;"2025-09-25 11:27:02"
8394;"2023-03-01";87;107;112431;3383;115921;77;2663;758;3498;84;13150;2223;15457;10;318;199;527;278;128562;6563;135403;"2025-09-25 11:27:02"
8395;"2023-03-01";88;69;104891;2309;107269;25;2309;523;2857;34;9708;1410;11152;1;212;138;351;129;117120;4380;121629;"2025-09-25 11:27:02"
8396;"2023-03-01";89;467;27507;308;28282;124;536;25;685;128;1843;367;2338;18;57;9;84;737;29943;709;31389;"2025-09-25 11:27:02"
8397;"2023-03-01";90;123;87882;1611;89616;76;2566;443;3085;103;10687;2230;13020;9;197;162;368;311;101332;4446;106089;"2025-09-25 11:27:02"
8398;"2023-03-01";91;176;166600;833;167609;97;5222;2630;7949;126;30525;5023;35674;13;589;355;957;412;202936;8841;212189;"2025-09-25 11:27:02"
8399;"2023-03-01";92;88;60738;1135;61961;74;1714;292;2080;102;8606;1393;10101;12;161;147;320;276;71219;2967;74462;"2025-09-25 11:27:02"
8400;"2023-03-01";93;126;88233;962;89321;71;2342;166;2579;94;9274;4234;13602;10;163;265;438;301;100012;5627;105940;"2025-09-25 11:27:02"
8401;"2023-03-01";94;237;197312;2247;199796;112;5489;1507;7108;195;30702;4224;35121;8;622;703;1333;552;234125;8681;243358;"2025-09-25 11:27:02"
8402;"2023-03-01";95;351;265149;2068;267568;197;7997;1084;9278;232;43484;5873;49589;27;991;480;1498;807;317621;9505;327933;"2025-09-25 11:27:02"
8403;"2023-03-01";96;81;32069;737;32887;42;1332;68;1442;82;5541;649;6272;12;95;52;159;217;39037;1506;40760;"2025-09-25 11:27:02"
8404;"2023-03-01";97;275;252183;5492;257950;203;8333;1173;9709;211;35064;5873;41148;30;542;560;1132;719;296122;13098;309939;"2025-09-25 11:27:02"
8405;"2023-03-01";101;181;179576;4166;183923;63;2658;1267;3988;111;8032;2001;10144;13;311;228;552;368;190577;7662;198607;"2025-09-25 11:27:02"
8406;"2023-03-01";102;167;67235;1044;68446;70;2214;216;2500;77;7654;1284;9015;3;172;147;322;317;77275;2691;80283;"2025-09-25 11:27:02"
8407;"2023-03-01";103;210;63561;2060;65831;56;2403;268;2727;104;9201;1566;10871;17;149;134;300;387;75314;4028;79729;"2025-09-25 11:27:02"
8408;"2023-03-01";104;130;171607;4662;176399;163;5036;1505;6704;157;20785;2958;23900;23;466;577;1066;473;197894;9702;208069;"2025-09-25 11:27:02"
8409;"2023-03-01";105;247;140247;1875;142369;92;2304;84;2480;63;6834;1476;8373;3;226;134;363;405;149611;3569;153585;"2025-09-25 11:27:02"
8410;"2023-03-01";106;203;93271;939;94413;168;2880;600;3648;105;8390;2026;10521;14;188;124;326;490;104729;3689;108908;"2025-09-25 11:27:02"
8411;"2023-03-01";107;152;70593;1316;72061;84;2575;112;2771;96;6730;1699;8525;24;152;105;281;356;80050;3232;83638;"2025-09-25 11:27:02"
8412;"2023-03-01";108;174;219068;1768;221010;110;6887;421;7418;155;37366;6092;43613;21;585;413;1019;460;263906;8694;273060;"2025-09-25 11:27:02"
8413;"2023-03-01";109;182;132672;2463;135317;162;5394;1142;6698;226;23057;3779;27062;13;359;355;727;583;161482;7739;169804;"2025-09-25 11:27:02"
8414;"2023-03-01";110;69;122512;2493;125074;39;4281;639;4959;33;18807;2513;21353;3;391;375;769;144;145991;6020;152155;"2025-09-25 11:27:02"
8415;"2023-03-01";111;152;88345;690;89187;105;3241;461;3807;138;18923;3285;22346;14;805;281;1100;409;111314;4717;116440;"2025-09-25 11:27:02"
8416;"2023-03-01";112;146;110565;2286;112997;120;2309;625;3054;123;9983;3887;13993;13;306;160;479;402;123163;6958;130523;"2025-09-25 11:27:02"
8417;"2023-03-01";113;95;73899;1294;75288;29;2409;898;3336;39;9326;1645;11010;0;167;132;299;163;85801;3969;89933;"2025-09-25 11:27:02"
8418;"2023-03-01";114;158;99178;669;100005;90;3833;433;4356;151;18833;2728;21712;15;425;223;663;414;122269;4053;126736;"2025-09-25 11:27:02"
8419;"2023-03-01";115;235;50557;392;51184;106;1833;595;2534;258;12149;840;13247;11;247;90;348;610;64786;1917;67313;"2025-09-25 11:27:02"
8420;"2023-03-01";116;174;50882;366;51422;83;2113;698;2894;205;14143;6016;20364;9;269;359;637;471;67407;7439;75317;"2025-09-25 11:27:02"
8421;"2023-03-01";117;85;17334;90;17509;73;782;186;1041;154;6311;4473;10938;7;127;513;647;319;24554;5262;30135;"2025-09-25 11:27:02"
8422;"2023-03-01";118;86;98123;1144;99353;57;2950;517;3524;70;10382;2219;12671;9;273;152;434;222;111728;4032;115982;"2025-09-25 11:27:02"
8423;"2023-03-01";119;42;177987;2777;180806;36;3728;651;4415;34;11876;3661;15571;9;454;187;650;121;194045;7276;201442;"2025-09-25 11:27:02"
8424;"2023-03-01";120;20;143113;723;143856;17;2027;196;2240;22;5006;1398;6426;0;223;34;257;59;150369;2351;152779;"2025-09-25 11:27:02"
8425;"2023-03-01";121;367;113128;1709;115204;181;4022;1313;5516;249;21269;4685;26203;19;582;460;1061;816;139001;8167;147984;"2025-09-25 11:27:02"
8426;"2023-03-01";122;114;58748;308;59170;96;1447;174;1717;84;6013;2127;8224;10;134;314;458;304;66342;2923;69569;"2025-09-25 11:27:02"
8427;"2023-03-01";123;251;148339;2317;150907;271;4818;425;5514;200;18265;2772;21237;26;456;259;741;748;171878;5773;178399;"2025-09-25 11:27:02"
8428;"2023-03-01";124;194;99060;962;100216;85;3564;666;4315;128;18708;4233;23069;16;409;545;970;423;121741;6406;128570;"2025-09-25 11:27:02"
8429;"2023-03-01";125;242;201979;2459;204680;102;5864;2653;8619;177;30437;6215;36829;18;591;304;913;539;238871;11631;251041;"2025-09-25 11:27:02"
8430;"2023-03-01";126;336;275264;3524;279124;162;8317;2113;10592;248;35700;7090;43038;26;830;987;1843;772;320111;13714;334597;"2025-09-25 11:27:02"
8431;"2023-03-01";127;160;65398;4907;70465;74;2995;806;3875;146;20851;2759;23756;12;317;387;716;392;89561;8859;98812;"2025-09-25 11:27:02"
8432;"2023-03-01";128;196;119431;1011;120638;91;2770;330;3191;137;15812;2220;18169;10;299;157;466;434;138312;3718;142464;"2025-09-25 11:27:02"
8433;"2023-03-01";129;382;422690;3059;426131;211;10864;2676;13751;293;62259;7390;69942;73;1475;579;2127;959;497288;13704;511951;"2025-09-25 11:27:02"
8435;"2023-03-01";238;159;92056;2465;94680;135;2762;501;3398;250;18257;1409;19916;34;362;390;786;578;113437;4765;118780;"2025-09-25 11:27:02"
8436;"2023-03-01";214;65;19628;200;19893;64;749;86;899;94;7392;206;7692;8;99;71;178;231;27868;563;28662;"2025-09-25 11:27:02"
8437;"2023-03-01";240;107;39019;663;39789;78;1313;162;1553;125;6989;468;7582;15;147;208;370;325;47468;1501;49294;"2025-09-25 11:27:02"
8438;"2023-03-01";241;115;25817;464;26396;101;897;135;1133;181;6759;170;7110;8;111;45;164;405;33584;814;34803;"2025-09-25 11:27:02"
8439;"2023-03-01";242;109;33664;876;34649;89;1131;138;1358;105;5530;294;5929;6;122;94;222;309;40447;1402;42158;"2025-09-25 11:27:02"
8440;"2023-03-01";243;51;8736;60;8847;50;314;31;395;105;3292;48;3445;8;49;13;70;214;12391;152;12757;"2025-09-25 11:27:02"
8441;"2023-03-01";244;41;12184;194;12419;40;433;33;506;110;4148;76;4334;11;72;19;102;202;16837;322;17361;"2025-09-25 11:27:02"
8442;"2023-03-01";245;129;14831;154;15114;80;695;54;829;119;6184;141;6444;10;96;47;153;338;21806;396;22540;"2025-09-25 11:27:02"
8443;"2023-03-01";246;213;155503;2772;158488;168;4656;504;5328;231;27075;2180;29486;23;571;364;958;635;187805;5820;194260;"2025-09-25 11:27:02"
8444;"2023-03-01";247;53;14234;112;14399;47;515;61;623;123;4896;91;5110;6;82;27;115;229;19727;291;20247;"2025-09-25 11:27:02"
8445;"2023-03-01";248;109;14233;202;14544;90;618;76;784;143;6220;163;6526;17;85;32;134;359;21156;473;21988;"2025-09-25 11:27:02"
8446;"2023-03-01";249;53;16905;141;17099;59;754;37;850;131;7031;139;7301;13;66;18;97;256;24756;335;25347;"2025-09-25 11:27:02"
8447;"2023-03-01";250;286;118834;2622;121742;276;3299;621;4196;270;18929;2776;21975;18;476;404;898;850;141538;6423;148811;"2025-09-25 11:27:02"
8448;"2023-03-01";251;58;15950;394;16402;60;656;131;847;110;3384;131;3625;8;98;43;149;236;20088;699;21023;"2025-09-25 11:27:02"
8449;"2023-03-01";252;105;17189;344;17638;81;815;85;981;120;8578;134;8832;14;87;34;135;320;26669;597;27586;"2025-09-25 11:27:02"
8450;"2023-03-01";253;124;27502;242;27868;105;1293;276;1674;177;11728;447;12352;23;125;63;211;429;40648;1028;42105;"2025-09-25 11:27:02"
8451;"2023-03-01";254;59;9536;60;9655;62;313;54;429;106;3310;51;3467;10;59;19;88;237;13218;184;13639;"2025-09-25 11:27:02"
8452;"2023-03-01";255;80;18822;546;19448;68;910;71;1049;122;8451;253;8826;12;101;48;161;282;28284;918;29484;"2025-09-25 11:27:02"
8454;"2023-03-01";131;74;15157;96;15327;55;813;48;916;79;7943;257;8279;11;77;28;116;219;23990;429;24638;"2025-09-25 11:27:02"
8455;"2023-03-01";132;73;10669;134;10876;44;483;93;620;115;4837;379;5331;4;69;229;302;236;16058;835;17129;"2025-09-25 11:27:02"
8456;"2023-03-01";133;70;11897;127;12094;56;644;90;790;100;6229;675;7004;15;65;73;153;241;18835;965;20041;"2025-09-25 11:27:02"
8457;"2023-03-01";134;78;17004;125;17207;56;724;94;874;116;8178;176;8470;10;76;33;119;260;25982;428;26670;"2025-09-25 11:27:02"
8458;"2023-03-01";135;70;19673;294;20037;57;850;100;1007;78;8018;677;8773;9;90;85;184;214;28631;1156;30001;"2025-09-25 11:27:02"
8459;"2023-03-01";136;76;45853;290;46219;68;2229;214;2511;110;13712;1370;15192;11;202;145;358;265;61996;2019;64280;"2025-09-25 11:27:02"
8460;"2023-03-01";137;103;53774;711;54588;73;1818;171;2062;151;13705;1713;15569;8;307;877;1192;335;69604;3472;73411;"2025-09-25 11:27:02"
8461;"2023-03-01";138;33;16722;136;16891;25;608;35;668;29;3223;570;3822;5;70;42;117;92;20623;783;21498;"2025-09-25 11:27:02"
8462;"2023-03-01";139;71;42880;250;43201;62;1589;88;1739;83;9082;1036;10201;6;185;78;269;222;53736;1452;55410;"2025-09-25 11:27:02"
8463;"2023-03-01";140;1;8;0;9;0;3;0;3;0;8;0;8;0;0;0;0;1;19;0;20;"2025-09-25 11:27:02"
8464;"2023-03-01";141;209;84978;1077;86264;111;2317;283;2711;172;12156;1042;13370;14;281;249;544;506;99732;2651;102889;"2025-09-25 11:27:02"
8465;"2023-03-01";142;61;87190;1800;89051;115;2175;935;3225;66;11181;1745;12992;4;319;213;536;246;100865;4693;105804;"2025-09-25 11:27:02"
8466;"2023-03-01";143;140;90279;2054;92473;110;2601;479;3190;128;14677;2037;16842;8;357;214;579;386;107914;4784;113084;"2025-09-25 11:27:02"
8467;"2023-03-01";144;140;118653;4555;123348;94;3141;696;3931;129;15589;2278;17996;14;457;293;764;377;137840;7822;146039;"2025-09-25 11:27:02"
8468;"2023-03-01";145;210;92030;5981;98221;153;3034;410;3597;243;20040;1761;22044;27;384;294;705;633;115488;8446;124567;"2025-09-25 11:27:02"
8470;"2023-03-01";147;67;21732;61;21860;36;624;108;768;56;2178;381;2615;9;79;32;120;168;24613;582;25363;"2025-09-25 11:27:02"
8471;"2023-03-01";148;227;41391;1559;43177;127;1658;365;2150;218;12750;644;13612;25;179;127;331;597;55978;2695;59270;"2025-09-25 11:27:02"
8472;"2023-03-01";149;69;20013;1287;21369;42;1065;269;1376;92;8590;592;9274;7;105;66;178;210;29773;2214;32197;"2025-09-25 11:27:02"
8473;"2023-03-01";150;140;45018;860;46018;95;2148;390;2633;152;15234;1086;16472;29;174;84;287;416;62574;2420;65410;"2025-09-25 11:27:02"
8474;"2023-03-01";151;148;80983;600;81731;77;2523;340;2940;171;18575;2292;21038;13;414;780;1207;409;102495;4012;106916;"2025-09-25 11:27:02"
8475;"2023-03-01";152;133;39724;543;40400;78;1468;183;1729;178;12749;529;13456;31;168;154;353;420;54109;1409;55938;"2025-09-25 11:27:02"
8476;"2023-03-01";153;96;22771;337;23204;65;1186;354;1605;135;11268;387;11790;11;85;55;151;307;35310;1133;36750;"2025-09-25 11:27:02"
8477;"2023-03-01";154;162;79144;904;80210;90;2610;500;3200;168;18718;1842;20728;21;338;423;782;441;100810;3669;104920;"2025-09-25 11:27:02"
8478;"2023-03-01";155;76;19299;145;19520;41;766;106;913;106;7627;483;8216;12;77;81;170;235;27769;815;28819;"2025-09-25 11:27:02"
8479;"2023-03-01";156;179;158399;2840;161418;144;5051;516;5711;190;23510;3680;27380;42;550;377;969;555;187510;7413;195478;"2025-09-25 11:27:02"
8480;"2023-03-01";157;117;33200;293;33610;121;1439;314;1874;179;11583;701;12463;17;174;108;299;434;46396;1416;48246;"2025-09-25 11:27:02"
8481;"2023-03-01";158;104;114035;1820;115959;71;3983;656;4710;116;19538;2699;22353;11;427;402;840;302;137983;5577;143862;"2025-09-25 11:27:02"
8482;"2023-03-01";159;170;178193;1896;180259;146;4754;848;5748;213;20907;2374;23494;23;516;278;817;552;204370;5396;210318;"2025-09-25 11:27:02"
8483;"2023-03-01";160;75;11076;68;11219;53;501;70;624;121;5936;512;6569;14;58;76;148;263;17571;726;18560;"2025-09-25 11:27:02"
8484;"2023-03-01";161;76;24017;188;24281;44;1043;79;1166;189;10593;238;11020;19;125;44;188;328;35778;549;36655;"2025-09-25 11:27:02"
8485;"2023-03-01";162;153;40507;329;40989;92;1433;211;1736;140;12127;779;13046;21;189;143;353;406;54256;1462;56124;"2025-09-25 11:27:02"
8487;"2023-03-01";257;108;19502;168;19778;65;1331;88;1484;142;10561;266;10969;13;98;49;160;328;31492;571;32391;"2025-09-25 11:27:02"
8488;"2023-03-01";258;205;113138;2108;115451;124;3347;527;3998;199;19318;3129;22646;20;412;677;1109;548;136215;6441;143204;"2025-09-25 11:27:02"
8489;"2023-03-01";259;122;32834;607;33563;70;1551;163;1784;132;13470;1057;14659;7;238;149;394;331;48093;1976;50400;"2025-09-25 11:27:02"
8490;"2023-03-01";260;142;28538;1229;29909;95;1246;179;1520;173;12650;441;13264;16;155;66;237;426;42589;1915;44930;"2025-09-25 11:27:02"
8491;"2023-03-01";261;69;8612;61;8742;39;478;56;573;88;4378;249;4715;4;40;42;86;200;13508;408;14116;"2025-09-25 11:27:02"
8492;"2023-03-01";262;89;18762;186;19037;63;893;122;1078;113;8606;258;8977;10;103;53;166;275;28364;619;29258;"2025-09-25 11:27:02"
8493;"2023-03-01";263;69;9739;60;9868;58;413;24;495;96;5142;62;5300;9;42;16;67;232;15336;162;15730;"2025-09-25 11:27:02"
8494;"2023-03-01";264;107;41979;259;42345;110;1658;423;2191;190;12130;2278;14598;24;211;194;429;431;55978;3154;59563;"2025-09-25 11:27:02"
8495;"2023-03-01";265;181;111094;1849;113124;134;4232;478;4844;214;24587;3055;27856;15;342;437;794;544;140255;5819;146618;"2025-09-25 11:27:02"
8496;"2023-03-01";266;68;9499;59;9626;48;428;67;543;101;4876;273;5250;4;61;29;94;221;14864;428;15513;"2025-09-25 11:27:02"
8497;"2023-03-01";267;80;7773;33;7886;47;376;21;444;131;4447;90;4668;8;49;17;74;266;12645;161;13072;"2025-09-25 11:27:02"
8498;"2023-03-01";268;155;152509;3265;155929;101;3635;935;4671;126;19801;2577;22504;14;475;390;879;396;176420;7167;183983;"2025-09-25 11:27:02"
8499;"2023-03-01";269;306;135823;1899;138028;245;3414;589;4248;199;16109;1464;17772;26;284;244;554;776;155630;4196;160602;"2025-09-25 11:27:02"
8500;"2023-03-01";270;113;39935;2506;42554;109;1670;206;1985;161;14925;839;15925;6;224;132;362;389;56754;3683;60826;"2025-09-25 11:27:02"
8501;"2023-03-01";271;101;9255;42;9398;53;453;90;596;108;4966;103;5177;11;50;16;77;273;14724;251;15248;"2025-09-25 11:27:02"
8503;"2023-03-01";164;84;12100;179;12363;63;548;88;699;100;6472;735;7307;10;71;44;125;257;19191;1046;20494;"2025-09-25 11:27:02"
8504;"2023-03-01";165;94;20020;190;20304;74;1057;105;1236;136;12433;258;12827;7;104;39;150;311;33614;592;34517;"2025-09-25 11:27:02"
8505;"2023-03-01";166;61;10129;132;10322;39;441;66;546;65;4979;401;5445;1;43;65;109;166;15592;664;16422;"2025-09-25 11:27:02"
8506;"2023-03-01";167;87;72972;827;73886;75;2254;273;2602;87;14208;3487;17782;14;476;1650;2140;263;89910;6237;96410;"2025-09-25 11:27:02"
8507;"2023-03-01";168;48;9016;476;9540;34;432;60;526;65;3948;201;4214;1;55;22;78;148;13451;759;14358;"2025-09-25 11:27:02"
8508;"2023-03-01";169;145;51091;837;52073;123;1918;392;2433;196;15359;1741;17296;19;323;273;615;483;68691;3243;72417;"2025-09-25 11:27:02"
8509;"2023-03-01";170;82;19768;344;20194;52;807;259;1118;85;7867;958;8910;12;120;142;274;231;28562;1703;30496;"2025-09-25 11:27:02"
8510;"2023-03-01";171;132;81252;2319;83703;121;2862;413;3396;164;13153;2389;15706;11;284;363;658;428;97551;5484;103463;"2025-09-25 11:27:02"
8511;"2023-03-01";172;206;38239;157;38602;207;1546;54;1807;154;11548;830;12532;15;165;102;282;582;51498;1143;53223;"2025-09-25 11:27:02"
8512;"2023-03-01";173;81;13703;165;13949;50;755;70;875;96;7800;354;8250;9;74;47;130;236;22332;636;23204;"2025-09-25 11:27:02"
8513;"2023-03-01";174;170;119922;1775;121867;142;3105;626;3873;197;22751;2019;24967;20;415;920;1355;529;146193;5340;152062;"2025-09-25 11:27:02"
8514;"2023-03-01";175;102;13005;100827;113934;59;656;2219;2934;178;9103;449;9730;4;151;33;188;343;22915;103528;126786;"2025-09-25 11:27:02"
8515;"2023-03-01";176;189;111153;2308;113650;144;3468;702;4314;200;21629;3478;25307;17;380;851;1248;550;136630;7339;144519;"2025-09-25 11:27:02"
8516;"2023-03-01";177;70;20525;143;20738;39;830;95;964;95;8116;504;8715;7;94;46;147;211;29565;788;30564;"2025-09-25 11:27:02"
8517;"2023-03-01";178;94;23348;290;23732;60;1250;127;1437;116;11013;729;11858;8;187;130;325;278;35798;1276;37352;"2025-09-25 11:27:02"
8518;"2023-03-01";179;115;15908;194;16217;58;723;109;890;107;9521;198;9826;13;76;26;115;293;26228;527;27048;"2025-09-25 11:27:02"
8519;"2023-03-01";180;80;18845;244;19169;44;773;71;888;82;8072;930;9084;3;122;87;212;209;27812;1332;29353;"2025-09-25 11:27:02"
8520;"2023-03-01";181;84;12921;85;13090;73;591;47;711;103;7056;287;7446;7;54;33;94;267;20622;452;21341;"2025-09-25 11:27:02"
8521;"2023-03-01";182;71;10798;91;10960;47;539;58;644;82;6197;130;6409;8;53;20;81;208;17587;299;18094;"2025-09-25 11:27:02"
8522;"2023-03-01";183;64;11899;20374;32337;50;565;435;1050;85;6456;182;6723;11;77;23;111;210;18997;21014;40221;"2025-09-25 11:27:02"
8523;"2023-03-01";184;106;23974;71033;95113;78;1644;1201;2923;135;15327;234;15696;10;106;41;157;329;41051;72509;113889;"2025-09-25 11:27:02"
8524;"2023-03-01";185;93;25140;465;25698;49;977;950;1976;97;8091;507;8695;8;128;152;288;247;34336;2074;36657;"2025-09-25 11:27:02"
8526;"2023-03-01";187;130;117098;935;118163;86;3121;401;3608;118;22163;2616;24897;13;367;382;762;347;142749;4334;147430;"2025-09-25 11:27:02"
8527;"2023-03-01";188;215;116283;1629;118127;151;3957;548;4656;225;25878;1942;28045;16;496;376;888;607;146614;4495;151716;"2025-09-25 11:27:02"
8528;"2023-03-01";189;64;13942;39;14045;35;688;51;774;67;6478;611;7156;15;82;39;136;181;21190;740;22111;"2025-09-25 11:27:02"
8529;"2023-03-01";190;199;187162;2476;189837;115;5274;782;6171;228;25964;3504;29696;18;578;456;1052;560;218978;7218;226756;"2025-09-25 11:27:02"
8530;"2023-03-01";44;45;9926;36;10007;38;416;20;474;41;5331;190;5562;2;61;63;126;126;15734;309;16169;"2025-09-25 11:27:02"
8531;"2023-03-01";192;144;57729;617;58490;84;2134;272;2490;154;17904;1026;19084;14;210;143;367;396;77977;2058;80431;"2025-09-25 11:27:02"
8532;"2023-03-01";193;96;26889;432;27417;58;1264;120;1442;128;10260;274;10662;10;132;72;214;292;38545;898;39735;"2025-09-25 11:27:02"
8533;"2023-03-01";194;101;11043;62;11206;46;432;40;518;86;6978;84;7148;13;48;14;75;246;18501;200;18947;"2025-09-25 11:27:02"
8534;"2023-03-01";195;123;36194;418;36735;88;1672;256;2016;168;17177;1045;18390;15;183;159;357;394;55226;1878;57498;"2025-09-25 11:27:02"
8535;"2023-03-01";196;65;19853;161;20079;48;836;41;925;86;11240;987;12313;7;130;151;288;206;32059;1340;33605;"2025-09-25 11:27:02"
8536;"2023-03-01";197;225;62880;998;64103;229;2180;304;2713;249;19284;1181;20714;43;290;227;560;746;84634;2710;88090;"2025-09-25 11:27:02"
8537;"2023-03-01";198;74;12723;113;12910;49;636;55;740;108;6081;114;6303;12;64;26;102;243;19504;308;20055;"2025-09-25 11:27:02"
8538;"2023-03-01";199;54;5898;34;5986;32;288;27;347;58;3823;44;3925;2;31;7;40;146;10040;112;10298;"2025-09-25 11:27:02"
8539;"2023-03-01";200;127;40640;490;41257;72;1634;145;1851;137;14691;720;15548;26;208;146;380;362;57173;1501;59036;"2025-09-25 11:27:02"
8540;"2023-03-01";201;126;44302;393;44821;88;1795;251;2134;128;16237;1532;17897;13;225;341;579;355;62559;2517;65431;"2025-09-25 11:27:02"
8541;"2023-03-01";202;98;22439;178;22715;61;748;82;891;106;8487;195;8788;21;104;36;161;286;31778;491;32555;"2025-09-25 11:27:02"
8542;"2023-03-01";203;60;4111;373;4544;21;258;202;481;67;1401;28;1496;9;21;2;32;157;5791;605;6553;"2025-09-25 11:27:02"
8543;"2023-03-01";204;129;19727;119;19975;61;663;77;801;123;6580;106;6809;10;116;31;157;323;27086;333;27742;"2025-09-25 11:27:02"
8544;"2023-03-01";205;87;19193;91;19371;88;891;79;1058;143;12131;815;13089;13;98;102;213;331;32313;1087;33731;"2025-09-25 11:27:02"
8545;"2023-03-01";206;82;17562;145;17789;42;659;49;750;84;7815;616;8515;11;89;154;254;219;26125;964;27308;"2025-09-25 11:27:02"
8546;"2023-03-01";207;68;9765;40;9873;69;448;44;561;83;5967;112;6162;10;68;14;92;230;16248;210;16688;"2025-09-25 11:27:02"
8547;"2023-03-01";208;118;55924;314;56356;66;1915;380;2361;104;12978;1530;14612;10;216;281;507;298;71033;2505;73836;"2025-09-25 11:27:02"
8548;"2023-03-01";209;135;103069;1398;104602;93;3051;789;3933;194;17740;4413;22347;10;399;1756;2165;432;124259;8356;133047;"2025-09-25 11:27:02"
8549;"2023-03-01";210;161;122392;2002;124555;88;3075;309;3472;98;18003;992;19093;22;355;289;666;369;143825;3592;147786;"2025-09-25 11:27:02"
8551;"2023-03-01";212;125;93182;986;94293;92;3029;477;3598;128;11930;472;12530;13;273;161;447;358;108414;2096;110868;"2025-09-25 11:27:02"
8552;"2023-03-01";213;92;23664;193;23949;64;870;175;1109;100;9275;248;9623;12;66;171;249;268;33875;787;34930;"2025-09-25 11:27:02"
8554;"2023-03-01";215;250;236755;2480;239485;170;6514;506;7190;225;40807;4409;45441;29;672;575;1276;674;284748;7970;293392;"2025-09-25 11:27:02"
8555;"2023-03-01";216;102;13999;157;14258;57;555;114;726;127;6197;155;6479;8;61;29;98;294;20812;455;21561;"2025-09-25 11:27:02"
8556;"2023-03-01";217;105;42633;493;43231;92;1465;189;1746;109;13814;2632;16555;11;166;639;816;317;58078;3953;62348;"2025-09-25 11:27:02"
8557;"2023-03-01";218;99;46306;704;47109;77;1513;210;1800;134;10553;515;11202;12;160;111;283;322;58532;1540;60394;"2025-09-25 11:27:02"
8558;"2023-03-01";219;89;13409;66;13564;59;527;58;644;89;7129;482;7700;8;133;145;286;245;21198;751;22194;"2025-09-25 11:27:02"
8559;"2023-03-01";220;164;146297;1260;147721;104;4334;801;5239;148;22361;6982;29491;19;561;1612;2192;435;173553;10655;184643;"2025-09-25 11:27:02"
8560;"2023-03-01";221;64;10187;64;10315;51;433;47;531;90;4585;554;5229;10;54;102;166;215;15259;767;16241;"2025-09-25 11:27:02"
8561;"2023-03-01";222;213;141072;2967;144252;179;3543;1014;4736;239;27091;2333;29663;26;434;428;888;657;172140;6742;179539;"2025-09-25 11:27:02"
8562;"2023-03-01";223;71;24861;186;25118;69;1105;104;1278;86;10402;404;10892;9;136;62;207;235;36504;756;37495;"2025-09-25 11:27:02"
8563;"2023-03-01";224;136;85677;1290;87103;70;2026;477;2573;138;10614;983;11735;11;128;152;291;355;98445;2902;101702;"2025-09-25 11:27:02"
8564;"2023-03-01";225;75;89290;3549;92914;32;1989;442;2463;54;11179;1620;12853;3;173;242;418;164;102631;5853;108648;"2025-09-25 11:27:02"
8565;"2023-03-01";226;242;150225;56900;207367;222;2209;1462;3893;144;10552;970;11666;10;189;181;380;618;163175;59513;223306;"2025-09-25 11:27:02"
8566;"2023-03-01";227;175;99646;1578;101399;168;2364;243;2775;130;16823;1364;18317;14;265;330;609;487;119098;3515;123100;"2025-09-25 11:27:02"
8567;"2023-03-01";228;91;86282;721;87094;37;2083;170;2290;92;7848;879;8819;9;247;258;514;229;96460;2028;98717;"2025-09-25 11:27:02"
8568;"2023-03-01";229;103;42466;727;43296;83;1781;256;2120;117;8828;306;9251;12;136;74;222;315;53211;1363;54889;"2025-09-25 11:27:02"
8569;"2023-03-01";230;58;16084;99;16241;61;559;39;659;104;7761;165;8030;6;64;77;147;229;24468;380;25077;"2025-09-25 11:27:02"
8570;"2023-03-01";231;75;32537;28912;61524;57;1123;289;1469;71;10306;533;10910;7;240;228;475;210;44206;29962;74378;"2025-09-25 11:27:02"
8571;"2023-03-01";232;54;13199;171;13424;55;519;88;662;114;6511;146;6771;9;71;23;103;232;20300;428;20960;"2025-09-25 11:27:02"
8572;"2023-03-01";233;80;15412;97;15589;55;614;76;745;134;8139;395;8668;13;68;65;146;282;24233;633;25148;"2025-09-25 11:27:02"
8574;"2023-03-01";235;249;77062;962;78273;143;3081;153;3377;330;27574;620;28524;41;238;136;415;763;107955;1871;110589;"2025-09-25 11:27:02"
8575;"2023-03-01";236;567;243709;263833;508109;354;7437;6502;14293;681;56502;3471;60654;40;1058;515;1613;1642;308706;274321;584669;"2025-09-25 11:27:02"
8577;"2023-04-01";1;152;210122;19345;229619;54;4067;566;4687;178;13689;2362;16229;18;346;147;511;402;228224;22420;251046;"2025-09-25 11:27:15"
8578;"2023-04-01";2;110;128775;5092;133977;42;3519;806;4367;154;12289;2486;14929;6;198;220;424;312;144781;8604;153697;"2025-09-25 11:27:15"
8579;"2023-04-01";3;102;61021;2070;63193;66;2348;717;3131;129;7187;1282;8598;14;126;113;253;311;70682;4182;75175;"2025-09-25 11:27:15"
8580;"2023-04-01";4;113;66367;2092;68572;85;1739;185;2009;118;16056;2413;18587;10;358;510;878;326;84520;5200;90046;"2025-09-25 11:27:15"
8581;"2023-04-01";5;91;99899;3093;103083;46;3285;342;3673;146;9443;2130;11719;11;164;174;349;294;112791;5739;118824;"2025-09-25 11:27:15"
8582;"2023-04-01";6;89;80492;3329;83910;43;2325;355;2723;176;9013;1721;10910;11;112;261;384;319;91942;5666;97927;"2025-09-25 11:27:15"
8583;"2023-04-01";7;102;115538;10280;125920;62;4403;559;5024;130;14145;2736;17011;7;301;166;474;301;134387;13741;148429;"2025-09-25 11:27:15"
8584;"2023-04-01";8;53;71663;3541;75257;29;2913;464;3406;75;10962;2312;13349;10;159;110;279;167;85697;6427;92291;"2025-09-25 11:27:15"
8585;"2023-04-01";9;84;129535;5522;135141;52;3604;835;4491;175;10155;2143;12473;12;226;252;490;323;143520;8752;152595;"2025-09-25 11:27:15"
8586;"2023-04-01";10;93;76998;4602;81693;51;2526;595;3172;123;8184;2021;10328;12;166;166;344;279;87874;7384;95537;"2025-09-25 11:27:15"
8587;"2023-04-01";11;101;82008;2450;84559;56;2808;155;3019;138;9939;2174;12251;10;163;101;274;305;94918;4880;100103;"2025-09-25 11:27:15"
8588;"2023-04-01";12;107;94169;1176;95452;50;2438;135;2623;128;6658;1184;7970;16;122;207;345;301;103387;2702;106390;"2025-09-25 11:27:15"
8589;"2023-04-01";13;93;101904;4441;106438;54;2687;670;3411;166;9580;2198;11944;20;222;442;684;333;114393;7751;122477;"2025-09-25 11:27:15"
8590;"2023-04-01";14;205;77529;3266;81000;108;2197;440;2745;131;6005;1842;7978;9;133;106;248;453;85864;5654;91971;"2025-09-25 11:27:15"
8591;"2023-04-01";15;185;151051;4785;156021;130;3099;710;3939;179;10680;4728;15587;16;259;161;436;510;165089;10384;175983;"2025-09-25 11:27:15"
8592;"2023-04-01";16;118;82277;8314;90709;46;1958;883;2887;181;8740;1878;10799;17;188;97;302;362;93163;11172;104697;"2025-09-25 11:27:15"
8593;"2023-04-01";17;91;105530;2128;107749;48;3048;1132;4228;145;8728;1746;10619;8;173;108;289;292;117479;5114;122885;"2025-09-25 11:27:15"
8594;"2023-04-01";18;132;206996;7158;214286;94;4308;1710;6112;160;18981;5017;24158;14;356;386;756;400;230641;14271;245312;"2025-09-25 11:27:15"
8595;"2023-04-01";19;125;127794;4430;132349;59;3322;758;4139;136;11392;2953;14481;7;255;439;701;327;142763;8580;151670;"2025-09-25 11:27:15"
8596;"2023-04-01";20;125;117759;3048;120932;56;3976;170;4202;168;13777;4383;18328;14;439;623;1076;363;135951;8224;144538;"2025-09-25 11:27:15"
8597;"2023-04-01";21;237;65421;1305;66963;123;1962;68;2153;143;5259;778;6180;11;117;27;155;514;72759;2178;75451;"2025-09-25 11:27:15"
8598;"2023-04-01";22;93;112577;4058;116728;43;3320;744;4107;136;10141;1968;12245;16;151;201;368;288;126189;6971;133448;"2025-09-25 11:27:15"
8599;"2023-04-01";23;1753;39131;714;41598;1572;1545;257;3374;341;3688;1591;5620;100;83;91;274;3766;44447;2653;50866;"2025-09-25 11:27:15"
8600;"2023-04-01";63;122;88244;1111;89477;107;1921;297;2325;91;10018;881;10990;6;186;261;453;326;100369;2550;103245;"2025-09-25 11:27:15"
8601;"2023-04-01";25;80;91294;6004;97378;33;3354;539;3926;118;11850;2808;14776;16;189;323;528;247;106687;9674;116608;"2025-09-25 11:27:15"
8602;"2023-04-01";146;814;321446;265375;587635;497;10512;6723;17732;1011;84063;4100;89174;79;1333;654;2066;2401;417354;276852;696607;"2025-09-25 11:27:15"
8604;"2023-04-01";28;96;66691;2518;69305;63;2153;789;3005;104;9749;3219;13072;14;172;660;846;277;78765;7186;86228;"2025-09-25 11:27:15"
8605;"2023-04-01";29;78;71539;788;72405;53;2149;556;2758;119;10780;1279;12178;11;216;208;435;261;84684;2831;87776;"2025-09-25 11:27:15"
8606;"2023-04-01";77;290;137170;2787;140247;217;2774;549;3540;217;16272;3178;19667;17;328;588;933;741;156544;7102;164387;"2025-09-25 11:27:15"
8607;"2023-04-01";57;67;56402;759;57228;40;1256;153;1449;73;4618;314;5005;6;136;48;190;186;62412;1274;63872;"2025-09-25 11:27:15"
8608;"2023-04-01";32;78;85300;1471;86849;29;2032;344;2405;65;10175;1468;11708;1;196;256;453;173;97703;3539;101415;"2025-09-25 11:27:15"
8609;"2023-04-01";33;128;111632;18261;130021;61;2909;563;3533;165;13126;2237;15528;11;180;525;716;365;127847;21586;149798;"2025-09-25 11:27:15"
8610;"2023-04-01";79;86;107679;1502;109267;43;2220;275;2538;91;11190;1686;12967;8;241;341;590;228;121330;3804;125362;"2025-09-25 11:27:15"
8611;"2023-04-01";35;91;66150;2493;68734;65;2210;319;2594;113;14761;2296;17170;11;196;328;535;280;83317;5436;89033;"2025-09-25 11:27:15"
8612;"2023-04-01";36;103;92586;3459;96148;53;2823;338;3214;103;13076;1999;15178;9;185;285;479;268;108670;6081;115019;"2025-09-25 11:27:15"
8613;"2023-04-01";60;271;186562;6580;193413;306;4394;324;5024;195;18971;2250;21416;32;446;478;956;804;210373;9632;220809;"2025-09-25 11:27:15"
8614;"2023-04-01";38;51;58073;54824;112948;24;1477;1050;2551;80;5693;1169;6942;11;126;368;505;166;65369;57411;122946;"2025-09-25 11:27:15"
8615;"2023-04-01";39;301;99553;10910;110764;465;1659;540;2664;179;8391;2236;10806;29;177;699;905;974;109780;14385;125139;"2025-09-25 11:27:15"
8616;"2023-04-01";40;86;26411;1363;27860;49;1015;305;1369;84;4145;368;4597;10;46;54;110;229;31617;2090;33936;"2025-09-25 11:27:15"
8618;"2023-04-01";42;134;148937;13135;162206;61;3264;262;3587;124;13242;2155;15521;9;301;497;807;328;165744;16049;182121;"2025-09-25 11:27:15"
8621;"2023-04-01";46;212;241664;10007;251883;111;5047;745;5903;179;30015;5401;35595;13;521;565;1099;515;277247;16718;294480;"2025-09-25 11:27:15"
8622;"2023-04-01";47;112;117412;1705;119229;117;3024;500;3641;288;19650;2800;22738;57;358;284;699;574;140444;5289;146307;"2025-09-25 11:27:15"
8626;"2023-04-01";51;169;193134;2955;196258;197;3103;633;3933;208;16087;1296;17591;13;402;153;568;587;212726;5037;218350;"2025-09-25 11:27:15"
8629;"2023-04-01";54;120;26794;6649;33563;52;1177;516;1745;153;10050;758;10961;9;148;81;238;334;38169;8004;46507;"2025-09-25 11:27:15"
8630;"2023-04-01";55;111;95160;144535;239806;65;3369;2104;5538;112;23353;2730;26195;15;563;314;892;303;122445;149683;272431;"2025-09-25 11:27:15"
8631;"2023-04-01";56;311;217423;29716;247450;392;5523;913;6828;175;30000;3494;33669;22;488;483;993;900;253434;34606;288940;"2025-09-25 11:27:15"
8633;"2023-04-01";58;188;140596;3552;144336;101;4378;125;4604;129;17142;4687;21958;18;380;884;1282;436;162496;9248;172180;"2025-09-25 11:27:15"
8634;"2023-04-01";59;150;203155;36998;240303;86;4975;1129;6190;104;21952;2996;25052;12;360;319;691;352;230442;41442;272236;"2025-09-25 11:27:15"
8636;"2023-04-01";61;173;194074;4846;199093;97;3312;684;4093;161;12178;3191;15530;10;362;500;872;441;209926;9221;219588;"2025-09-25 11:27:15"
8637;"2023-04-01";62;64;8669;122;8855;48;511;70;629;122;3813;60;3995;2;45;9;56;236;13038;261;13535;"2025-09-25 11:27:15"
8640;"2023-04-01";65;182;170903;4019;175104;146;4587;414;5147;189;26792;8035;35016;23;629;915;1567;540;202911;13383;216834;"2025-09-25 11:27:15"
8646;"2023-04-01";71;83;71505;2850;74438;46;2267;577;2890;102;14024;4023;18149;10;283;456;749;241;88079;7906;96226;"2025-09-25 11:27:15"
8649;"2023-04-01";74;127;168570;2825;171522;101;3294;351;3746;412;15644;2400;18456;22;544;306;872;662;188052;5882;194596;"2025-09-25 11:27:15"
8655;"2023-04-01";80;171;106166;1251;107588;84;2657;684;3425;166;20182;4096;24444;9;360;1003;1372;430;129365;7034;136829;"2025-09-25 11:27:15"
8658;"2023-04-01";83;345;172708;1087;174140;236;3489;464;4189;253;15057;1859;17169;61;593;164;818;895;191847;3574;196316;"2025-09-25 11:27:15"
8660;"2023-04-01";85;136;24628;162;24926;82;1189;147;1418;161;6602;205;6968;20;119;42;181;399;32538;556;33493;"2025-09-25 11:27:15"
8661;"2023-04-01";86;297;170580;1314;172191;161;4411;350;4922;187;19436;2501;22124;24;388;235;647;669;194815;4400;199884;"2025-09-25 11:27:15"
8662;"2023-04-01";87;107;112515;3368;115990;76;2649;759;3484;86;13137;2227;15450;10;325;201;536;279;128626;6555;135460;"2025-09-25 11:27:15"
8663;"2023-04-01";88;69;105006;2435;107510;25;2293;526;2844;34;9649;1411;11094;1;206;143;350;129;117154;4515;121798;"2025-09-25 11:27:15"
8664;"2023-04-01";89;453;27767;292;28512;110;545;25;680;120;1877;364;2361;14;62;9;85;697;30251;690;31638;"2025-09-25 11:27:15"
8665;"2023-04-01";90;123;87596;1646;89365;76;2548;447;3071;103;10612;2239;12954;9;198;160;367;311;100954;4492;105757;"2025-09-25 11:27:15"
8666;"2023-04-01";91;176;166718;829;167723;97;5195;2628;7920;125;30460;5032;35617;13;590;350;953;411;202963;8839;212213;"2025-09-25 11:27:15"
8667;"2023-04-01";92;89;60860;1160;62109;79;1711;292;2082;102;8569;1409;10080;12;166;147;325;282;71306;3008;74596;"2025-09-25 11:27:15"
8668;"2023-04-01";93;127;88304;959;89390;71;2320;169;2560;94;9228;4242;13564;10;162;263;435;302;100014;5633;105949;"2025-09-25 11:27:15"
8669;"2023-04-01";94;241;197642;2654;200537;111;5473;1503;7087;195;30743;4270;35208;8;627;706;1341;555;234485;9133;244173;"2025-09-25 11:27:15"
8670;"2023-04-01";95;352;265485;2051;267888;197;7943;1077;9217;226;43511;5913;49650;27;999;485;1511;802;317938;9526;328266;"2025-09-25 11:27:15"
8671;"2023-04-01";96;83;32034;758;32875;42;1312;72;1426;83;5520;665;6268;12;94;52;158;220;38960;1547;40727;"2025-09-25 11:27:15"
8672;"2023-04-01";97;278;253122;5570;258970;204;8301;1172;9677;211;35027;5910;41148;29;555;562;1146;722;297005;13214;310941;"2025-09-25 11:27:15"
8673;"2023-04-01";101;181;179633;4149;183963;63;2636;1269;3968;110;8016;2013;10139;13;319;230;562;367;190604;7661;198632;"2025-09-25 11:27:15"
8674;"2023-04-01";102;168;67720;1079;68967;70;2193;216;2479;77;7663;1291;9031;3;170;146;319;318;77746;2732;80796;"2025-09-25 11:27:15"
8675;"2023-04-01";103;210;63609;2062;65881;56;2369;272;2697;104;9174;1579;10857;17;149;135;301;387;75301;4048;79736;"2025-09-25 11:27:15"
8676;"2023-04-01";104;126;172297;4745;177168;163;4993;1502;6658;162;20815;2959;23936;23;482;578;1083;474;198587;9784;208845;"2025-09-25 11:27:15"
8677;"2023-04-01";105;248;140576;1956;142780;92;2293;67;2452;63;6823;1471;8357;3;227;133;363;406;149919;3627;153952;"2025-09-25 11:27:15"
8678;"2023-04-01";106;214;93331;942;94487;167;2870;600;3637;105;8350;2036;10491;14;190;125;329;500;104741;3703;108944;"2025-09-25 11:27:15"
8679;"2023-04-01";107;154;70847;1311;72312;91;2580;113;2784;97;6708;1718;8523;24;154;106;284;366;80289;3248;83903;"2025-09-25 11:27:15"
8680;"2023-04-01";108;174;220119;1791;222084;106;6829;434;7369;156;37358;6155;43669;21;593;419;1033;457;264899;8799;274155;"2025-09-25 11:27:15"
8681;"2023-04-01";109;183;133151;2516;135850;162;5366;1145;6673;227;23081;3801;27109;12;358;357;727;584;161956;7819;170359;"2025-09-25 11:27:15"
8682;"2023-04-01";110;69;122402;2467;124938;39;4244;644;4927;34;18752;2531;21317;3;395;374;772;145;145793;6016;151954;"2025-09-25 11:27:15"
8683;"2023-04-01";111;152;88919;692;89763;105;3208;462;3775;137;18934;3293;22364;13;827;279;1119;407;111888;4726;117021;"2025-09-25 11:27:15"
8684;"2023-04-01";112;151;110630;2403;113184;120;2315;623;3058;121;9966;3897;13984;11;307;160;478;403;123218;7083;130704;"2025-09-25 11:27:15"
8685;"2023-04-01";113;95;73933;1283;75311;29;2403;888;3320;38;9316;1646;11000;0;169;133;302;162;85821;3950;89933;"2025-09-25 11:27:15"
8686;"2023-04-01";114;162;100039;667;100868;90;3806;433;4329;152;18884;2768;21804;15;424;221;660;419;123153;4089;127661;"2025-09-25 11:27:15"
8687;"2023-04-01";115;235;50650;390;51275;102;1825;592;2519;255;12177;837;13269;11;248;87;346;603;64900;1906;67409;"2025-09-25 11:27:15"
8688;"2023-04-01";116;180;51083;362;51625;83;2103;701;2887;208;14144;6021;20373;9;267;359;635;480;67597;7443;75520;"2025-09-25 11:27:15"
8689;"2023-04-01";117;85;17323;91;17499;72;771;186;1029;154;6295;4468;10917;7;128;518;653;318;24517;5263;30098;"2025-09-25 11:27:15"
8690;"2023-04-01";118;86;98330;1159;99575;59;2947;533;3539;69;10384;2236;12689;9;278;151;438;223;111939;4079;116241;"2025-09-25 11:27:15"
8691;"2023-04-01";119;42;178125;2740;180907;36;3702;652;4390;34;11881;3675;15590;9;462;182;653;121;194170;7249;201540;"2025-09-25 11:27:15"
8692;"2023-04-01";120;20;143305;723;144048;17;2031;195;2243;22;5010;1401;6433;0;222;35;257;59;150568;2354;152981;"2025-09-25 11:27:15"
8693;"2023-04-01";121;369;113802;1706;115877;180;4023;1320;5523;247;21348;4688;26283;22;586;463;1071;818;139759;8177;148754;"2025-09-25 11:27:15"
8694;"2023-04-01";122;115;58749;313;59177;96;1436;171;1703;84;6005;2128;8217;9;138;312;459;304;66328;2924;69556;"2025-09-25 11:27:15"
8695;"2023-04-01";123;260;148458;2333;151051;268;4782;424;5474;200;18219;2790;21209;26;462;259;747;754;171921;5806;178481;"2025-09-25 11:27:15"
8696;"2023-04-01";124;194;99299;1003;100496;85;3569;672;4326;127;18692;4232;23051;16;411;554;981;422;121971;6461;128854;"2025-09-25 11:27:15"
8697;"2023-04-01";125;250;202555;2424;205229;102;5833;2658;8593;178;30494;6250;36922;18;590;304;912;548;239472;11636;251656;"2025-09-25 11:27:15"
8698;"2023-04-01";126;338;276402;3608;280348;163;8292;2138;10593;249;35706;7125;43080;26;833;996;1855;776;321233;13867;335876;"2025-09-25 11:27:15"
8699;"2023-04-01";127;186;65495;4725;70406;74;2982;803;3859;149;20827;2744;23720;11;320;389;720;420;89624;8661;98705;"2025-09-25 11:27:15"
8700;"2023-04-01";128;198;119711;1006;120915;91;2748;329;3168;143;15800;2237;18180;10;302;157;469;442;138561;3729;142732;"2025-09-25 11:27:15"
8701;"2023-04-01";129;385;424967;3144;428496;211;10766;2656;13633;293;62322;7451;70066;73;1494;579;2146;962;499549;13830;514341;"2025-09-25 11:27:15"
8703;"2023-04-01";238;161;92123;2482;94766;135;2729;500;3364;251;18194;1420;19865;34;373;392;799;581;113419;4794;118794;"2025-09-25 11:27:15"
8704;"2023-04-01";214;65;19614;199;19878;64;745;87;896;94;7388;209;7691;8;101;71;180;231;27848;566;28645;"2025-09-25 11:27:15"
8705;"2023-04-01";240;107;39096;660;39863;77;1297;164;1538;124;6975;467;7566;14;151;211;376;322;47519;1502;49343;"2025-09-25 11:27:15"
8706;"2023-04-01";241;115;25810;462;26387;102;882;135;1119;181;6756;170;7107;8;114;42;164;406;33562;809;34777;"2025-09-25 11:27:15"
8707;"2023-04-01";242;107;33750;890;34747;89;1126;139;1354;105;5517;295;5917;6;127;94;227;307;40520;1418;42245;"2025-09-25 11:27:15"
8708;"2023-04-01";243;52;8784;60;8896;50;318;31;399;105;3322;48;3475;8;50;13;71;215;12474;152;12841;"2025-09-25 11:27:15"
8709;"2023-04-01";244;41;12223;195;12459;40;426;33;499;110;4145;75;4330;11;74;18;103;202;16868;321;17391;"2025-09-25 11:27:15"
8710;"2023-04-01";245;130;14862;155;15147;80;683;54;817;121;6182;140;6443;10;96;49;155;341;21823;398;22562;"2025-09-25 11:27:15"
8711;"2023-04-01";246;215;155553;2788;158556;165;4593;505;5263;230;26924;2182;29336;23;576;367;966;633;187646;5842;194121;"2025-09-25 11:27:15"
8712;"2023-04-01";247;53;14256;106;14415;47;504;61;612;122;4910;91;5123;6;83;27;116;228;19753;285;20266;"2025-09-25 11:27:15"
8713;"2023-04-01";248;109;14254;220;14583;93;616;75;784;142;6236;164;6542;17;83;33;133;361;21189;492;22042;"2025-09-25 11:27:15"
8714;"2023-04-01";249;53;16929;140;17122;61;749;37;847;130;7070;139;7339;13;70;18;101;257;24818;334;25409;"2025-09-25 11:27:15"
8715;"2023-04-01";250;287;119014;2645;121946;279;3286;627;4192;269;18892;2772;21933;19;478;404;901;854;141670;6448;148972;"2025-09-25 11:27:15"
8716;"2023-04-01";251;58;15950;393;16401;60;645;131;836;111;3371;133;3615;8;99;43;150;237;20065;700;21002;"2025-09-25 11:27:15"
8717;"2023-04-01";252;105;17200;355;17660;80;813;83;976;120;8581;136;8837;14;82;34;130;319;26676;608;27603;"2025-09-25 11:27:15"
8718;"2023-04-01";253;123;27501;245;27869;105;1279;279;1663;177;11714;445;12336;23;127;63;213;428;40621;1032;42081;"2025-09-25 11:27:15"
8719;"2023-04-01";254;59;9555;60;9674;62;308;54;424;106;3302;51;3459;10;58;19;87;237;13223;184;13644;"2025-09-25 11:27:15"
8720;"2023-04-01";255;80;18913;530;19523;68;893;72;1033;122;8429;255;8806;13;103;47;163;283;28338;904;29525;"2025-09-25 11:27:15"
8722;"2023-04-01";131;73;15172;108;15353;55;805;50;910;79;7951;258;8288;11;79;28;118;218;24007;444;24669;"2025-09-25 11:27:15"
8723;"2023-04-01";132;73;10712;138;10923;44;485;94;623;116;4858;381;5355;4;69;230;303;237;16124;843;17204;"2025-09-25 11:27:15"
8724;"2023-04-01";133;70;11903;128;12101;56;643;90;789;101;6224;673;6998;15;68;74;157;242;18838;965;20045;"2025-09-25 11:27:15"
8725;"2023-04-01";134;80;17022;125;17227;56;727;95;878;114;8160;178;8452;11;77;32;120;261;25986;430;26677;"2025-09-25 11:27:15"
8726;"2023-04-01";135;69;19706;287;20062;58;838;100;996;76;7996;678;8750;9;93;85;187;212;28633;1150;29995;"2025-09-25 11:27:15"
8727;"2023-04-01";136;76;45985;296;46357;68;2231;212;2511;111;13784;1375;15270;11;206;146;363;266;62206;2029;64501;"2025-09-25 11:27:15"
8728;"2023-04-01";137;102;53750;705;54557;73;1806;173;2052;153;13698;1724;15575;8;312;878;1198;336;69566;3480;73382;"2025-09-25 11:27:15"
8729;"2023-04-01";138;33;16760;136;16929;25;598;34;657;29;3227;573;3829;5;69;43;117;92;20654;786;21532;"2025-09-25 11:27:15"
8730;"2023-04-01";139;72;42997;249;43318;62;1570;88;1720;82;9078;1045;10205;6;183;79;268;222;53828;1461;55511;"2025-09-25 11:27:15"
8731;"2023-04-01";140;1;8;0;9;0;3;0;3;0;8;0;8;0;0;0;0;1;19;0;20;"2025-09-25 11:27:15"
8732;"2023-04-01";141;208;84986;1071;86265;111;2332;286;2729;172;12136;1054;13362;14;279;250;543;505;99733;2661;102899;"2025-09-25 11:27:15"
8733;"2023-04-01";142;61;86959;1789;88809;115;2165;931;3211;66;11191;1743;13000;4;327;215;546;246;100642;4678;105566;"2025-09-25 11:27:15"
8734;"2023-04-01";143;138;90465;2037;92640;110;2598;487;3195;128;14722;2052;16902;8;360;217;585;384;108145;4793;113322;"2025-09-25 11:27:15"
8735;"2023-04-01";144;132;119302;4630;124064;92;3142;697;3931;128;15632;2302;18062;14;466;296;776;366;138542;7925;146833;"2025-09-25 11:27:15"
8736;"2023-04-01";145;209;92136;6159;98504;151;2993;409;3553;242;20026;1771;22039;26;384;292;702;628;115539;8631;124798;"2025-09-25 11:27:15"
8738;"2023-04-01";147;67;21979;60;22106;36;618;107;761;56;2233;384;2673;9;79;33;121;168;24909;584;25661;"2025-09-25 11:27:15"
8739;"2023-04-01";148;227;41489;1607;43323;128;1639;372;2139;217;12756;648;13621;25;181;126;332;597;56065;2753;59415;"2025-09-25 11:27:15"
8740;"2023-04-01";149;69;20075;1324;21468;42;1043;266;1351;93;8568;594;9255;7;104;66;177;211;29790;2250;32251;"2025-09-25 11:27:15"
8741;"2023-04-01";150;141;45063;861;46065;95;2144;389;2628;151;15199;1087;16437;29;179;85;293;416;62585;2422;65423;"2025-09-25 11:27:15"
8742;"2023-04-01";151;147;81390;611;82148;80;2501;340;2921;171;18564;2285;21020;13;419;780;1212;411;102874;4016;107301;"2025-09-25 11:27:15"
8743;"2023-04-01";152;134;39784;543;40461;75;1461;182;1718;179;12738;537;13454;31;174;154;359;419;54157;1416;55992;"2025-09-25 11:27:15"
8744;"2023-04-01";153;95;22762;333;23190;64;1176;353;1593;136;11242;386;11764;11;84;55;150;306;35264;1127;36697;"2025-09-25 11:27:15"
8745;"2023-04-01";154;162;79257;922;80341;89;2603;500;3192;165;18650;1851;20666;21;335;421;777;437;100845;3694;104976;"2025-09-25 11:27:15"
8746;"2023-04-01";155;75;19355;145;19575;40;756;107;903;106;7628;472;8206;13;79;79;171;234;27818;803;28855;"2025-09-25 11:27:15"
8747;"2023-04-01";156;179;158794;2854;161827;140;4996;519;5655;191;23444;3697;27332;42;554;382;978;552;187788;7452;195792;"2025-09-25 11:27:15"
8748;"2023-04-01";157;119;33365;295;33779;120;1443;316;1879;182;11502;707;12391;17;175;109;301;438;46485;1427;48350;"2025-09-25 11:27:15"
8749;"2023-04-01";158;105;114487;1814;116406;71;3980;661;4712;116;19605;2713;22434;11;434;405;850;303;138506;5593;144402;"2025-09-25 11:27:15"
8750;"2023-04-01";159;170;178433;1949;180552;145;4729;847;5721;216;20966;2382;23564;23;524;275;822;554;204652;5453;210659;"2025-09-25 11:27:15"
8751;"2023-04-01";160;76;11081;68;11225;52;499;71;622;123;5907;507;6537;14;59;76;149;265;17546;722;18533;"2025-09-25 11:27:15"
8752;"2023-04-01";161;76;24051;193;24320;44;1034;79;1157;188;10597;240;11025;19;128;46;193;327;35810;558;36695;"2025-09-25 11:27:15"
8753;"2023-04-01";162;153;40494;330;40977;91;1429;212;1732;140;12122;774;13036;21;190;142;353;405;54235;1458;56098;"2025-09-25 11:27:15"
8755;"2023-04-01";257;107;19519;165;19791;64;1330;88;1482;142;10609;266;11017;13;100;49;162;326;31558;568;32452;"2025-09-25 11:27:15"
8756;"2023-04-01";258;195;113278;2128;115601;124;3292;527;3943;199;19208;3124;22531;20;416;678;1114;538;136194;6457;143189;"2025-09-25 11:27:15"
8757;"2023-04-01";259;112;32923;608;33643;69;1555;163;1787;132;13435;1058;14625;7;238;150;395;320;48151;1979;50450;"2025-09-25 11:27:15"
8758;"2023-04-01";260;138;28642;1104;29884;94;1217;179;1490;174;12636;439;13249;16;155;67;238;422;42650;1789;44861;"2025-09-25 11:27:15"
8759;"2023-04-01";261;65;8665;62;8792;37;479;57;573;89;4413;251;4753;4;41;41;86;195;13598;411;14204;"2025-09-25 11:27:15"
8760;"2023-04-01";262;85;18797;186;19068;60;881;123;1064;113;8599;259;8971;10;103;54;167;268;28380;622;29270;"2025-09-25 11:27:15"
8761;"2023-04-01";263;67;9762;60;9889;58;414;24;496;95;5136;61;5292;9;42;16;67;229;15354;161;15744;"2025-09-25 11:27:15"
8762;"2023-04-01";264;104;42394;257;42755;111;1676;419;2206;187;12181;2283;14651;24;219;193;436;426;56470;3152;60048;"2025-09-25 11:27:15"
8763;"2023-04-01";265;175;111403;1866;113444;134;4212;474;4820;214;24663;3058;27935;15;347;440;802;538;140625;5838;147001;"2025-09-25 11:27:15"
8764;"2023-04-01";266;67;9525;58;9650;48;429;68;545;101;4880;271;5252;4;61;29;94;220;14895;426;15541;"2025-09-25 11:27:15"
8765;"2023-04-01";267;79;7758;33;7870;47;376;22;445;133;4440;89;4662;8;48;18;74;267;12622;162;13051;"2025-09-25 11:27:15"
8766;"2023-04-01";268;223;152389;3241;155853;100;3599;935;4634;126;19757;2578;22461;14;481;390;885;463;176226;7144;183833;"2025-09-25 11:27:15"
8767;"2023-04-01";269;293;135825;1945;138063;244;3370;585;4199;197;16078;1470;17745;26;288;240;554;760;155561;4240;160561;"2025-09-25 11:27:15"
8768;"2023-04-01";270;107;40068;2456;42631;109;1667;209;1985;161;15004;837;16002;6;219;129;354;383;56958;3631;60972;"2025-09-25 11:27:15"
8769;"2023-04-01";271;101;9280;42;9423;53;442;90;585;108;4957;103;5168;13;53;17;83;275;14732;252;15259;"2025-09-25 11:27:15"
8771;"2023-04-01";164;85;12111;179;12375;62;544;88;694;100;6481;735;7316;10;72;43;125;257;19208;1045;20510;"2025-09-25 11:27:15"
8772;"2023-04-01";165;95;20110;189;20394;74;1061;106;1241;136;12439;259;12834;7;103;39;149;312;33713;593;34618;"2025-09-25 11:27:15"
8773;"2023-04-01";166;61;10160;128;10349;38;441;67;546;64;4966;403;5433;1;44;65;110;164;15611;663;16438;"2025-09-25 11:27:15"
8774;"2023-04-01";167;87;73119;831;74037;75;2239;275;2589;87;14210;3479;17776;14;476;1646;2136;263;90044;6231;96538;"2025-09-25 11:27:15"
8775;"2023-04-01";168;49;8998;474;9521;34;423;60;517;65;3936;200;4201;1;56;22;79;149;13413;756;14318;"2025-09-25 11:27:15"
8776;"2023-04-01";169;147;51242;836;52225;124;1914;390;2428;196;15352;1733;17281;19;324;273;616;486;68832;3232;72550;"2025-09-25 11:27:15"
8777;"2023-04-01";170;82;19790;342;20214;53;794;259;1106;85;7845;959;8889;13;119;145;277;233;28548;1705;30486;"2025-09-25 11:27:15"
8778;"2023-04-01";171;130;81397;2347;83874;118;2838;416;3372;165;13109;2396;15670;11;287;363;661;424;97631;5522;103577;"2025-09-25 11:27:15"
8779;"2023-04-01";172;207;38347;155;38709;211;1549;54;1814;155;11520;827;12502;15;166;104;285;588;51582;1140;53310;"2025-09-25 11:27:15"
8780;"2023-04-01";173;81;13704;164;13949;50;745;70;865;96;7810;357;8263;12;73;47;132;239;22332;638;23209;"2025-09-25 11:27:15"
8781;"2023-04-01";174;174;120231;1796;122201;140;3082;628;3850;197;22673;2018;24888;20;415;927;1362;531;146401;5369;152301;"2025-09-25 11:27:15"
8782;"2023-04-01";175;103;13124;100215;113442;60;656;2187;2903;178;9096;449;9723;4;158;41;203;345;23034;102892;126271;"2025-09-25 11:27:15"
8783;"2023-04-01";176;189;111314;2347;113850;144;3446;703;4293;200;21634;3492;25326;16;380;851;1247;549;136774;7393;144716;"2025-09-25 11:27:15"
8784;"2023-04-01";177;84;20570;143;20797;46;815;96;957;105;8051;509;8665;7;94;45;146;242;29530;793;30565;"2025-09-25 11:27:15"
8785;"2023-04-01";178;94;23434;251;23779;60;1239;121;1420;115;11034;722;11871;8;188;131;327;277;35895;1225;37397;"2025-09-25 11:27:15"
8786;"2023-04-01";179;115;15956;181;16252;58;726;107;891;107;9567;198;9872;12;78;27;117;292;26327;513;27132;"2025-09-25 11:27:15"
8787;"2023-04-01";180;82;18925;243;19250;44;765;72;881;82;8070;930;9082;3;125;88;216;211;27885;1333;29429;"2025-09-25 11:27:15"
8788;"2023-04-01";181;85;12926;84;13095;73;577;47;697;103;7008;285;7396;7;54;33;94;268;20565;449;21282;"2025-09-25 11:27:15"
8789;"2023-04-01";182;72;10817;91;10980;47;532;58;637;82;6209;131;6422;8;53;21;82;209;17611;301;18121;"2025-09-25 11:27:15"
8790;"2023-04-01";183;65;11918;18762;30745;50;564;400;1014;85;6432;184;6701;11;81;23;115;211;18995;19369;38575;"2025-09-25 11:27:15"
8791;"2023-04-01";184;106;23988;71600;95694;78;1635;1239;2952;135;15262;234;15631;10;106;43;159;329;40991;73116;114436;"2025-09-25 11:27:15"
8792;"2023-04-01";185;92;25151;469;25712;50;977;957;1984;97;8059;506;8662;8;128;151;287;247;34315;2083;36645;"2025-09-25 11:27:15"
8794;"2023-04-01";187;132;117118;947;118197;86;3126;403;3615;116;22093;2623;24832;12;370;376;758;346;142707;4349;147402;"2025-09-25 11:27:15"
8795;"2023-04-01";188;213;116638;1688;118539;146;3961;550;4657;223;25917;1946;28086;16;491;380;887;598;147007;4564;152169;"2025-09-25 11:27:15"
8796;"2023-04-01";189;63;13990;39;14092;35;681;52;768;68;6479;611;7158;15;82;40;137;181;21232;742;22155;"2025-09-25 11:27:15"
8797;"2023-04-01";190;194;187384;2507;190085;114;5243;779;6136;229;25948;3510;29687;18;580;457;1055;555;219155;7253;226963;"2025-09-25 11:27:15"
8798;"2023-04-01";44;46;9946;36;10028;38;412;20;470;41;5339;189;5569;2;63;63;128;127;15760;308;16195;"2025-09-25 11:27:15"
8799;"2023-04-01";192;145;57856;629;58630;84;2115;271;2470;154;17901;1033;19088;14;209;142;365;397;78081;2075;80553;"2025-09-25 11:27:15"
8800;"2023-04-01";193;93;26924;431;27448;58;1244;118;1420;129;10256;276;10661;10;136;73;219;290;38560;898;39748;"2025-09-25 11:27:15"
8801;"2023-04-01";194;102;11067;62;11231;46;435;40;521;87;6971;83;7141;13;50;14;77;248;18523;199;18970;"2025-09-25 11:27:15"
8802;"2023-04-01";195;122;36277;431;36830;89;1663;256;2008;169;17121;1043;18333;15;184;160;359;395;55245;1890;57530;"2025-09-25 11:27:15"
8803;"2023-04-01";196;65;19858;169;20092;47;832;43;922;88;11163;987;12238;7;127;151;285;207;31980;1350;33537;"2025-09-25 11:27:15"
8804;"2023-04-01";197;219;63017;1005;64241;229;2179;304;2712;249;19297;1180;20726;43;298;231;572;740;84791;2720;88251;"2025-09-25 11:27:15"
8805;"2023-04-01";198;74;12768;115;12957;49;634;55;738;110;6059;113;6282;12;65;27;104;245;19526;310;20081;"2025-09-25 11:27:15"
8806;"2023-04-01";199;53;5933;34;6020;32;289;27;348;58;3826;46;3930;2;31;7;40;145;10079;114;10338;"2025-09-25 11:27:15"
8807;"2023-04-01";200;127;40665;489;41281;72;1630;145;1847;137;14675;720;15532;26;212;145;383;362;57182;1499;59043;"2025-09-25 11:27:15"
8808;"2023-04-01";201;124;44394;391;44909;87;1793;253;2133;132;16177;1534;17843;13;226;341;580;356;62590;2519;65465;"2025-09-25 11:27:15"
8809;"2023-04-01";202;97;22485;177;22759;61;742;82;885;108;8490;198;8796;21;101;38;160;287;31818;495;32600;"2025-09-25 11:27:15"
8810;"2023-04-01";203;59;4139;380;4578;21;257;204;482;67;1395;29;1491;9;21;2;32;156;5812;615;6583;"2025-09-25 11:27:15"
8811;"2023-04-01";204;128;19791;119;20038;61;654;76;791;120;6582;110;6812;10;116;31;157;319;27143;336;27798;"2025-09-25 11:27:15"
8812;"2023-04-01";205;84;19269;93;19446;88;879;81;1048;142;12102;813;13057;13;101;102;216;327;32351;1089;33767;"2025-09-25 11:27:15"
8813;"2023-04-01";206;80;17612;141;17833;42;656;50;748;84;7827;624;8535;11;88;154;253;217;26183;969;27369;"2025-09-25 11:27:15"
8814;"2023-04-01";207;65;9774;40;9879;69;448;44;561;83;5947;113;6143;10;67;13;90;227;16236;210;16673;"2025-09-25 11:27:15"
8815;"2023-04-01";208;117;55914;313;56344;66;1905;365;2336;107;12903;1534;14544;10;217;283;510;300;70939;2495;73734;"2025-09-25 11:27:15"
8816;"2023-04-01";209;136;103331;1414;104881;93;3030;794;3917;194;17730;4408;22332;10;400;1755;2165;433;124491;8371;133295;"2025-09-25 11:27:15"
8817;"2023-04-01";210;162;122659;1999;124820;92;3042;304;3438;101;17973;999;19073;23;364;289;676;378;144038;3591;148007;"2025-09-25 11:27:15"
8819;"2023-04-01";212;125;93283;983;94391;92;2992;479;3563;127;11886;477;12490;13;272;162;447;357;108433;2101;110891;"2025-09-25 11:27:15"
8820;"2023-04-01";213;93;23764;194;24051;64;866;175;1105;103;9252;251;9606;13;66;173;252;273;33948;793;35014;"2025-09-25 11:27:15"
8822;"2023-04-01";215;246;237077;2478;239801;170;6473;505;7148;228;40770;4438;45436;30;688;572;1290;674;285008;7993;293675;"2025-09-25 11:27:15"
8823;"2023-04-01";216;100;14039;158;14297;57;554;114;725;126;6202;157;6485;8;59;30;97;291;20854;459;21604;"2025-09-25 11:27:15"
8824;"2023-04-01";217;106;42668;495;43269;92;1445;191;1728;109;13729;2637;16475;11;173;632;816;318;58015;3955;62288;"2025-09-25 11:27:15"
8825;"2023-04-01";218;101;46410;701;47212;77;1510;205;1792;136;10494;515;11145;12;159;111;282;326;58573;1532;60431;"2025-09-25 11:27:15"
8826;"2023-04-01";219;90;13492;65;13647;59;525;58;642;90;7159;484;7733;8;135;146;289;247;21311;753;22311;"2025-09-25 11:27:15"
8827;"2023-04-01";220;162;146644;1293;148099;104;4304;801;5209;149;22378;7015;29542;19;560;1610;2189;434;173886;10719;185039;"2025-09-25 11:27:15"
8828;"2023-04-01";221;64;10241;64;10369;51;433;47;531;91;4592;552;5235;10;53;102;165;216;15319;765;16300;"2025-09-25 11:27:15"
8829;"2023-04-01";222;211;141223;2971;144405;179;3518;1014;4711;241;27013;2330;29584;28;433;425;886;659;172187;6740;179586;"2025-09-25 11:27:15"
8830;"2023-04-01";223;71;24891;185;25147;68;1083;104;1255;86;10355;403;10844;9;136;64;209;234;36465;756;37455;"2025-09-25 11:27:15"
8831;"2023-04-01";224;134;85784;1270;87188;69;2021;475;2565;138;10566;985;11689;11;131;150;292;352;98502;2880;101734;"2025-09-25 11:27:15"
8832;"2023-04-01";225;69;89536;3573;93178;32;1981;445;2458;54;11139;1649;12842;3;177;241;421;158;102833;5908;108899;"2025-09-25 11:27:15"
8833;"2023-04-01";226;246;151001;56959;208206;221;2196;1449;3866;145;10542;960;11647;10;191;183;384;622;163930;59551;224103;"2025-09-25 11:27:15"
8834;"2023-04-01";227;174;99734;1574;101482;168;2340;244;2752;132;16797;1361;18290;14;268;329;611;488;119139;3508;123135;"2025-09-25 11:27:15"
8835;"2023-04-01";228;90;86391;723;87204;37;2053;170;2260;91;7826;892;8809;9;244;246;499;227;96514;2031;98772;"2025-09-25 11:27:15"
8836;"2023-04-01";229;100;42524;727;43351;83;1761;254;2098;117;8869;307;9293;11;136;74;221;311;53290;1362;54963;"2025-09-25 11:27:15"
8837;"2023-04-01";230;58;16101;97;16256;62;558;40;660;104;7782;165;8051;6;65;77;148;230;24506;379;25115;"2025-09-25 11:27:15"
8838;"2023-04-01";231;75;32394;28441;60910;58;1105;287;1450;76;10242;533;10851;7;237;227;471;216;43978;29488;73682;"2025-09-25 11:27:15"
8839;"2023-04-01";232;52;13224;173;13449;55;516;87;658;114;6480;146;6740;10;68;24;102;231;20288;430;20949;"2025-09-25 11:27:15"
8840;"2023-04-01";233;80;15459;98;15637;55;607;76;738;135;8115;398;8648;13;66;65;144;283;24247;637;25167;"2025-09-25 11:27:15"
8842;"2023-04-01";235;248;77210;961;78419;143;3070;153;3366;326;27502;621;28449;39;240;137;416;756;108022;1872;110650;"2025-09-25 11:27:15"
8843;"2023-04-01";236;566;244236;264414;509216;354;7442;6570;14366;685;56561;3479;60725;40;1093;517;1650;1645;309332;274980;585957;"2025-09-25 11:27:15"
8845;"2023-05-01";1;152;210387;19155;229694;54;4065;566;4685;178;13678;2375;16231;18;346;149;513;402;228476;22245;251123;"2025-09-25 11:27:26"
8846;"2023-05-01";2;110;128840;5138;134088;42;3498;808;4348;154;12284;2487;14925;6;196;217;419;312;144818;8650;153780;"2025-09-25 11:27:26"
8847;"2023-05-01";3;102;61014;2097;63213;67;2329;718;3114;131;7180;1287;8598;14;133;113;260;314;70656;4215;75185;"2025-09-25 11:27:26"
8848;"2023-05-01";4;116;66478;2076;68670;85;1741;185;2011;131;16117;2458;18706;10;353;515;878;342;84689;5234;90265;"2025-09-25 11:27:26"
8849;"2023-05-01";5;91;99907;3100;103098;46;3278;342;3666;146;9403;2147;11696;11;167;172;350;294;112755;5761;118810;"2025-09-25 11:27:26"
8850;"2023-05-01";6;90;80536;3282;83908;44;2315;354;2713;181;9013;1716;10910;11;114;264;389;326;91978;5616;97920;"2025-09-25 11:27:26"
8851;"2023-05-01";7;102;115573;10198;125873;62;4397;553;5012;131;14154;2738;17023;7;306;163;476;302;134430;13652;148384;"2025-09-25 11:27:26"
8852;"2023-05-01";8;55;71702;3520;75277;29;2898;464;3391;75;10976;2319;13370;10;165;109;284;169;85741;6412;92322;"2025-09-25 11:27:26"
8853;"2023-05-01";9;83;129516;5507;135106;52;3584;832;4468;174;10137;2131;12442;10;229;248;487;319;143466;8718;152503;"2025-09-25 11:27:26"
8854;"2023-05-01";10;94;76994;4665;81753;51;2508;601;3160;124;8169;2025;10318;12;166;168;346;281;87837;7459;95577;"2025-09-25 11:27:26"
8855;"2023-05-01";11;101;82115;2436;84652;57;2778;155;2990;138;9936;2169;12243;10;167;103;280;306;94996;4863;100165;"2025-09-25 11:27:26"
8856;"2023-05-01";12;105;94394;1172;95671;49;2429;136;2614;127;6628;1182;7937;16;126;209;351;297;103577;2699;106573;"2025-09-25 11:27:26"
8857;"2023-05-01";13;92;102005;4413;106510;54;2676;679;3409;166;9557;2199;11922;20;220;464;704;332;114458;7755;122545;"2025-09-25 11:27:26"
8858;"2023-05-01";14;185;77580;3210;80975;103;2180;430;2713;131;6002;1834;7967;9;135;107;251;428;85897;5581;91906;"2025-09-25 11:27:26"
8859;"2023-05-01";15;185;151360;4750;156295;131;3078;691;3900;179;10715;4738;15632;15;261;162;438;510;165414;10341;176265;"2025-09-25 11:27:26"
8860;"2023-05-01";16;120;82181;8277;90578;47;1935;894;2876;181;8715;1880;10776;17;187;97;301;365;93018;11148;104531;"2025-09-25 11:27:26"
8861;"2023-05-01";17;97;105533;2128;107758;49;3040;1131;4220;145;8693;1740;10578;9;179;106;294;300;117445;5105;122850;"2025-09-25 11:27:26"
8862;"2023-05-01";18;130;206913;7172;214215;97;4286;1705;6088;166;18673;5030;23869;15;361;381;757;408;230233;14288;244929;"2025-09-25 11:27:26"
8863;"2023-05-01";19;126;127797;4427;132350;61;3281;757;4099;138;11370;2940;14448;7;262;438;707;332;142710;8562;151604;"2025-09-25 11:27:26"
8864;"2023-05-01";20;126;117895;3029;121050;58;3946;170;4174;174;13743;4403;18320;14;446;622;1082;372;136030;8224;144626;"2025-09-25 11:27:26"
8865;"2023-05-01";21;245;65393;1307;66945;123;1950;68;2141;145;5257;779;6181;11;120;27;158;524;72720;2181;75425;"2025-09-25 11:27:26"
8866;"2023-05-01";22;94;112473;4121;116688;43;3293;738;4074;138;10124;1974;12236;16;149;195;360;291;126039;7028;133358;"2025-09-25 11:27:26"
8867;"2023-05-01";23;1803;39114;703;41620;1571;1535;258;3364;341;3672;1573;5586;100;81;90;271;3815;44402;2624;50841;"2025-09-25 11:27:26"
8868;"2023-05-01";63;122;88390;1103;89615;109;1913;296;2318;91;10007;876;10974;6;190;262;458;328;100500;2537;103365;"2025-09-25 11:27:26"
8869;"2023-05-01";25;80;91367;5990;97437;33;3328;539;3900;118;11878;2813;14809;15;190;326;531;246;106763;9668;116677;"2025-09-25 11:27:26"
8870;"2023-05-01";146;825;321951;265829;588605;495;10457;6728;17680;1010;84226;4099;89335;79;1331;658;2068;2409;417965;277314;697688;"2025-09-25 11:27:26"
8872;"2023-05-01";28;98;66742;2466;69306;63;2133;801;2997;104;9733;3219;13056;14;174;663;851;279;78782;7149;86210;"2025-09-25 11:27:26"
8873;"2023-05-01";29;76;71784;795;72655;54;2143;557;2754;119;10805;1281;12205;11;227;207;445;260;84959;2840;88059;"2025-09-25 11:27:26"
8874;"2023-05-01";77;288;137434;2784;140506;217;2785;547;3549;219;16289;3184;19692;17;329;597;943;741;156837;7112;164690;"2025-09-25 11:27:26"
8875;"2023-05-01";57;67;56520;750;57337;40;1249;153;1442;73;4626;319;5018;6;139;48;193;186;62534;1270;63990;"2025-09-25 11:27:26"
8876;"2023-05-01";32;72;85297;1476;86845;29;2024;338;2391;65;10143;1469;11677;1;197;257;455;167;97661;3540;101368;"2025-09-25 11:27:26"
8877;"2023-05-01";33;128;111920;17963;130011;61;2889;564;3514;164;13082;2242;15488;11;180;524;715;364;128071;21293;149728;"2025-09-25 11:27:26"
8878;"2023-05-01";79;88;107778;1501;109367;43;2201;273;2517;91;11163;1689;12943;8;241;338;587;230;121383;3801;125414;"2025-09-25 11:27:26"
8879;"2023-05-01";35;92;66083;2482;68657;65;2201;317;2583;113;14665;2299;17077;11;196;324;531;281;83145;5422;88848;"2025-09-25 11:27:26"
8880;"2023-05-01";36;103;92694;3412;96209;53;2814;336;3203;109;13087;1996;15192;9;187;284;480;274;108782;6028;115084;"2025-09-25 11:27:26"
8881;"2023-05-01";60;273;186648;6744;193665;308;4363;319;4990;196;18924;2244;21364;33;451;476;960;810;210386;9783;220979;"2025-09-25 11:27:26"
8882;"2023-05-01";38;50;58099;56102;114251;24;1471;1058;2553;80;5730;1179;6989;11;125;373;509;165;65425;58712;124302;"2025-09-25 11:27:26"
8883;"2023-05-01";39;298;99688;11160;111146;492;1674;543;2709;181;8405;2243;10829;29;174;699;902;1000;109941;14645;125586;"2025-09-25 11:27:26"
8884;"2023-05-01";40;84;26390;1358;27832;49;1013;298;1360;84;4139;370;4593;10;47;54;111;227;31589;2080;33896;"2025-09-25 11:27:26"
8886;"2023-05-01";42;134;148882;12873;161889;62;3244;261;3567;123;13225;2155;15503;9;298;497;804;328;165649;15786;181763;"2025-09-25 11:27:26"
8889;"2023-05-01";46;197;241442;10234;251873;112;5029;745;5886;179;29917;5410;35506;13;524;559;1096;501;276912;16948;294361;"2025-09-25 11:27:26"
8890;"2023-05-01";47;122;117621;1669;119412;118;3005;500;3623;288;19722;2819;22829;57;363;286;706;585;140711;5274;146570;"2025-09-25 11:27:26"
8894;"2023-05-01";51;166;192955;3019;196140;197;3095;637;3929;208;16043;1300;17551;13;404;152;569;584;212497;5108;218189;"2025-09-25 11:27:26"
8897;"2023-05-01";54;120;26822;6237;33179;52;1171;486;1709;154;10086;752;10992;9;148;83;240;335;38227;7558;46120;"2025-09-25 11:27:26"
8898;"2023-05-01";55;111;95074;144256;239441;63;3352;2029;5444;113;23505;2736;26354;15;563;318;896;302;122494;149339;272135;"2025-09-25 11:27:26"
8899;"2023-05-01";56;314;217386;29250;246950;390;5487;906;6783;176;29922;3509;33607;22;493;476;991;902;253288;34141;288331;"2025-09-25 11:27:26"
8901;"2023-05-01";58;189;140617;3453;144259;101;4363;125;4589;133;17078;4696;21907;18;379;880;1277;441;162437;9154;172032;"2025-09-25 11:27:26"
8902;"2023-05-01";59;150;203382;37223;240755;84;4929;1126;6139;105;21797;3027;24929;12;365;321;698;351;230473;41697;272521;"2025-09-25 11:27:26"
8904;"2023-05-01";61;176;194849;4930;199955;100;3265;684;4049;159;12167;3271;15597;10;363;503;876;445;210644;9388;220477;"2025-09-25 11:27:26"
8905;"2023-05-01";62;63;8718;125;8906;48;512;71;631;122;3825;60;4007;2;45;9;56;235;13100;265;13600;"2025-09-25 11:27:26"
8908;"2023-05-01";65;180;171017;3936;175133;146;4559;409;5114;188;26746;8044;34978;23;632;914;1569;537;202954;13303;216794;"2025-09-25 11:27:26"
8914;"2023-05-01";71;81;71389;2833;74303;46;2258;576;2880;104;14009;4027;18140;10;291;458;759;241;87947;7894;96082;"2025-09-25 11:27:26"
8917;"2023-05-01";74;125;169329;2825;172279;101;3288;348;3737;411;15672;2405;18488;22;547;311;880;659;188836;5889;195384;"2025-09-25 11:27:26"
8923;"2023-05-01";80;168;106350;1245;107763;86;2651;685;3422;166;20229;4105;24500;9;365;997;1371;429;129595;7032;137056;"2025-09-25 11:27:26"
8926;"2023-05-01";83;353;172890;1083;174326;237;3470;473;4180;259;15051;1877;17187;61;592;163;816;910;192003;3596;196509;"2025-09-25 11:27:26"
8928;"2023-05-01";85;152;24634;161;24947;86;1182;146;1414;169;6601;206;6976;21;123;43;187;428;32540;556;33524;"2025-09-25 11:27:26"
8929;"2023-05-01";86;304;171244;1899;173447;159;4406;348;4913;190;19529;2524;22243;22;390;283;695;675;195569;5054;201298;"2025-09-25 11:27:26"
8930;"2023-05-01";87;107;112526;3325;115958;76;2639;754;3469;82;13194;2125;15401;10;326;158;494;275;128685;6362;135322;"2025-09-25 11:27:26"
8931;"2023-05-01";88;72;105031;2437;107540;23;2274;520;2817;38;9651;1410;11099;1;207;139;347;134;117163;4506;121803;"2025-09-25 11:27:26"
8932;"2023-05-01";89;457;27954;290;28701;110;541;26;677;121;1886;366;2373;13;63;10;86;701;30444;692;31837;"2025-09-25 11:27:26"
8933;"2023-05-01";90;122;87483;1635;89240;76;2518;447;3041;104;10610;2240;12954;9;195;161;365;311;100806;4483;105600;"2025-09-25 11:27:26"
8934;"2023-05-01";91;181;167040;819;168040;97;5151;2622;7870;126;30485;5067;35678;13;603;348;964;417;203279;8856;212552;"2025-09-25 11:27:26"
8935;"2023-05-01";92;89;60883;1166;62138;79;1715;299;2093;101;8565;1408;10074;12;168;151;331;281;71331;3024;74636;"2025-09-25 11:27:26"
8936;"2023-05-01";93;126;88362;953;89441;76;2303;170;2549;94;9212;4225;13531;10;167;259;436;306;100044;5607;105957;"2025-09-25 11:27:26"
8937;"2023-05-01";94;237;198253;2564;201054;111;5445;1499;7055;196;30761;4307;35264;8;628;701;1337;552;235087;9071;244710;"2025-09-25 11:27:26"
8938;"2023-05-01";95;358;265712;2043;268113;196;7858;1072;9126;226;43423;5976;49625;27;1007;482;1516;807;318000;9573;328380;"2025-09-25 11:27:26"
8939;"2023-05-01";96;85;32006;751;32842;42;1308;72;1422;84;5509;677;6270;12;92;51;155;223;38915;1551;40689;"2025-09-25 11:27:26"
8940;"2023-05-01";97;279;253264;5545;259088;203;8243;1171;9617;214;35026;6037;41277;29;569;564;1162;725;297102;13317;311144;"2025-09-25 11:27:26"
8941;"2023-05-01";101;181;179553;4137;183871;63;2617;1273;3953;109;8006;2014;10129;11;324;230;565;364;190500;7654;198518;"2025-09-25 11:27:26"
8942;"2023-05-01";102;166;68049;1071;69286;68;2187;214;2469;77;7641;1285;9003;3;175;148;326;314;78052;2718;81084;"2025-09-25 11:27:26"
8943;"2023-05-01";103;209;63683;2052;65944;56;2354;271;2681;104;9143;1578;10825;17;155;134;306;386;75335;4035;79756;"2025-09-25 11:27:26"
8944;"2023-05-01";104;126;172529;4757;177412;163;4967;1455;6585;162;20921;2981;24064;23;484;584;1091;474;198901;9777;209152;"2025-09-25 11:27:26"
8945;"2023-05-01";105;250;140736;1903;142889;94;2270;104;2468;63;6796;1477;8336;3;229;137;369;410;150031;3621;154062;"2025-09-25 11:27:26"
8946;"2023-05-01";106;200;93386;932;94518;165;2860;600;3625;103;8311;2040;10454;14;192;125;331;482;104749;3697;108928;"2025-09-25 11:27:26"
8947;"2023-05-01";107;155;70926;1340;72421;92;2575;112;2779;95;6723;1712;8530;24;137;101;262;366;80361;3265;83992;"2025-09-25 11:27:26"
8948;"2023-05-01";108;171;220578;1797;222546;106;6818;432;7356;157;37400;6197;43754;21;624;423;1068;455;265420;8849;274724;"2025-09-25 11:27:26"
8949;"2023-05-01";109;185;133504;2528;136217;162;5354;1144;6660;232;23070;3825;27127;13;358;339;710;592;162286;7836;170714;"2025-09-25 11:27:26"
8950;"2023-05-01";110;68;122322;2448;124838;40;4227;638;4905;34;18704;2530;21268;3;399;372;774;145;145652;5988;151785;"2025-09-25 11:27:26"
8951;"2023-05-01";111;152;88969;687;89808;104;3226;466;3796;137;18885;3229;22251;13;812;280;1105;406;111892;4662;116960;"2025-09-25 11:27:26"
8952;"2023-05-01";112;152;110600;2407;113159;119;2290;611;3020;124;9991;3901;14016;11;309;159;479;406;123190;7078;130674;"2025-09-25 11:27:26"
8953;"2023-05-01";113;94;73953;1283;75330;29;2385;903;3317;38;9322;1649;11009;0;169;132;301;161;85829;3967;89957;"2025-09-25 11:27:26"
8954;"2023-05-01";114;168;101286;670;102124;90;3819;432;4341;154;18952;2798;21904;13;431;224;668;425;124488;4124;129037;"2025-09-25 11:27:26"
8955;"2023-05-01";115;242;50788;387;51417;101;1817;590;2508;253;12182;845;13280;11;249;89;349;607;65036;1911;67554;"2025-09-25 11:27:26"
8956;"2023-05-01";116;183;51230;360;51773;84;2087;703;2874;209;14136;6019;20364;9;265;351;625;485;67718;7433;75636;"2025-09-25 11:27:26"
8957;"2023-05-01";117;89;17391;91;17571;72;761;185;1018;155;6287;4474;10916;7;130;520;657;323;24569;5270;30162;"2025-09-25 11:27:26"
8958;"2023-05-01";118;85;98544;1153;99782;63;2928;550;3541;70;10387;2249;12706;9;286;154;449;227;112145;4106;116478;"2025-09-25 11:27:26"
8959;"2023-05-01";119;43;178044;2762;180849;35;3687;660;4382;35;11873;3699;15607;9;465;183;657;122;194069;7304;201495;"2025-09-25 11:27:26"
8960;"2023-05-01";120;20;143454;717;144191;17;2033;194;2244;22;5025;1405;6452;0;221;36;257;59;150733;2352;153144;"2025-09-25 11:27:26"
8961;"2023-05-01";121;379;114539;1703;116621;185;4015;1304;5504;251;21365;4679;26295;22;596;460;1078;837;140515;8146;149498;"2025-09-25 11:27:26"
8962;"2023-05-01";122;119;58715;314;59148;96;1416;170;1682;87;5988;2118;8193;9;139;311;459;311;66258;2913;69482;"2025-09-25 11:27:26"
8963;"2023-05-01";123;260;148665;2208;151133;269;4755;418;5442;203;18267;2806;21276;26;467;259;752;758;172154;5691;178603;"2025-09-25 11:27:26"
8964;"2023-05-01";124;200;99492;1012;100704;86;3542;674;4302;128;18699;4273;23100;16;419;560;995;430;122152;6519;129101;"2025-09-25 11:27:26"
8965;"2023-05-01";125;254;202864;2374;205492;106;5797;2662;8565;184;30486;6268;36938;18;598;303;919;562;239745;11607;251914;"2025-09-25 11:27:26"
8966;"2023-05-01";126;343;277139;3623;281105;163;8228;2156;10547;252;35730;7141;43123;26;851;1004;1881;784;321948;13924;336656;"2025-09-25 11:27:26"
8967;"2023-05-01";127;189;65540;4535;70264;80;2956;784;3820;151;20764;2739;23654;12;320;390;722;432;89580;8448;98460;"2025-09-25 11:27:26"
8968;"2023-05-01";128;198;119972;1006;121176;89;2727;330;3146;144;15802;2275;18221;10;312;154;476;441;138813;3765;143019;"2025-09-25 11:27:26"
8969;"2023-05-01";129;396;427331;3203;430930;212;10725;2671;13608;289;62402;7468;70159;74;1502;609;2185;971;501960;13951;516882;"2025-09-25 11:27:26"
8971;"2023-05-01";238;162;92188;2472;94822;136;2711;499;3346;252;18133;1408;19793;34;384;390;808;584;113416;4769;118769;"2025-09-25 11:27:26"
8972;"2023-05-01";214;65;19627;197;19889;64;745;85;894;94;7387;209;7690;8;99;71;178;231;27858;562;28651;"2025-09-25 11:27:26"
8973;"2023-05-01";240;110;39168;664;39942;78;1298;164;1540;124;6956;503;7583;14;154;213;381;326;47576;1544;49446;"2025-09-25 11:27:26"
8974;"2023-05-01";241;122;25799;464;26385;102;878;135;1115;181;6758;173;7112;8;120;42;170;413;33555;814;34782;"2025-09-25 11:27:26"
8975;"2023-05-01";242;111;33799;915;34825;91;1124;141;1356;106;5538;295;5939;6;131;94;231;314;40592;1445;42351;"2025-09-25 11:27:26"
8976;"2023-05-01";243;53;8794;58;8905;51;320;31;402;106;3332;49;3487;8;51;13;72;218;12497;151;12866;"2025-09-25 11:27:26"
8977;"2023-05-01";244;43;12234;192;12469;40;418;32;490;113;4142;76;4331;11;78;19;108;207;16872;319;17398;"2025-09-25 11:27:26"
8978;"2023-05-01";245;134;14892;146;15172;81;687;52;820;123;6192;139;6454;10;95;49;154;348;21866;386;22600;"2025-09-25 11:27:26"
8979;"2023-05-01";246;216;155894;2798;158908;166;4561;507;5234;232;26835;2217;29284;23;585;362;970;637;187875;5884;194396;"2025-09-25 11:27:26"
8980;"2023-05-01";247;52;14295;110;14457;47;495;60;602;124;4902;94;5120;6;85;28;119;229;19777;292;20298;"2025-09-25 11:27:26"
8981;"2023-05-01";248;109;14237;219;14565;91;610;75;776;143;6236;163;6542;17;83;33;133;360;21166;490;22016;"2025-09-25 11:27:26"
8982;"2023-05-01";249;55;16961;140;17156;63;730;37;830;133;7026;141;7300;14;73;18;105;265;24790;336;25391;"2025-09-25 11:27:26"
8983;"2023-05-01";250;296;119205;2647;122148;278;3263;631;4172;269;18849;2728;21846;19;485;407;911;862;141802;6413;149077;"2025-09-25 11:27:26"
8984;"2023-05-01";251;58;15968;404;16430;60;636;133;829;112;3369;132;3613;8;100;42;150;238;20073;711;21022;"2025-09-25 11:27:26"
8985;"2023-05-01";252;111;17232;403;17746;81;804;84;969;123;8595;137;8855;14;82;34;130;329;26713;658;27700;"2025-09-25 11:27:26"
8986;"2023-05-01";253;125;27555;258;27938;105;1272;279;1656;176;11722;448;12346;22;127;64;213;428;40676;1049;42153;"2025-09-25 11:27:26"
8987;"2023-05-01";254;59;9609;60;9728;61;309;54;424;107;3313;51;3471;10;58;20;88;237;13289;185;13711;"2025-09-25 11:27:26"
8988;"2023-05-01";255;82;18926;521;19529;71;888;74;1033;122;8459;254;8835;13;107;48;168;288;28380;897;29565;"2025-09-25 11:27:26"
8990;"2023-05-01";131;73;15214;111;15398;55;799;50;904;80;7918;268;8266;11;79;28;118;219;24010;457;24686;"2025-09-25 11:27:26"
8991;"2023-05-01";132;74;10741;129;10944;45;483;91;619;115;4870;382;5367;4;71;228;303;238;16165;830;17233;"2025-09-25 11:27:26"
8992;"2023-05-01";133;71;11951;127;12149;56;640;90;786;103;6258;671;7032;15;66;73;154;245;18915;961;20121;"2025-09-25 11:27:26"
8993;"2023-05-01";134;81;17106;124;17311;57;722;95;874;115;8160;177;8452;11;80;33;124;264;26068;429;26761;"2025-09-25 11:27:26"
8994;"2023-05-01";135;69;19723;280;20072;55;836;99;990;76;7991;682;8749;9;98;84;191;209;28648;1145;30002;"2025-09-25 11:27:26"
8995;"2023-05-01";136;77;46066;292;46435;68;2209;216;2493;113;13750;1377;15240;13;208;147;368;271;62233;2032;64536;"2025-09-25 11:27:26"
8996;"2023-05-01";137;103;53813;696;54612;73;1798;174;2045;154;13708;1719;15581;8;314;882;1204;338;69633;3471;73442;"2025-09-25 11:27:26"
8997;"2023-05-01";138;33;16783;136;16952;25;599;34;658;30;3233;572;3835;7;68;43;118;95;20683;785;21563;"2025-09-25 11:27:26"
8998;"2023-05-01";139;73;43184;248;43505;62;1564;87;1713;83;9065;1064;10212;6;186;78;270;224;53999;1477;55700;"2025-09-25 11:27:26"
8999;"2023-05-01";140;1;8;0;9;0;3;0;3;0;8;0;8;0;0;0;0;1;19;0;20;"2025-09-25 11:27:26"
9000;"2023-05-01";141;211;85151;1065;86427;113;2303;282;2698;174;12103;1058;13335;14;287;247;548;512;99844;2652;103008;"2025-09-25 11:27:26"
9001;"2023-05-01";142;62;87736;1771;89569;117;2141;925;3183;67;11154;1743;12964;4;323;214;541;250;101354;4653;106257;"2025-09-25 11:27:26"
9002;"2023-05-01";143;143;90456;2031;92630;110;2545;491;3146;129;14635;2058;16822;8;365;217;590;390;108001;4797;113188;"2025-09-25 11:27:26"
9003;"2023-05-01";144;130;119546;4622;124298;92;3125;698;3915;128;15634;2292;18054;14;471;299;784;364;138776;7911;147051;"2025-09-25 11:27:26"
9004;"2023-05-01";145;211;92360;6046;98617;153;2983;407;3543;245;20076;1768;22089;26;387;292;705;635;115806;8513;124954;"2025-09-25 11:27:26"
9006;"2023-05-01";147;71;22190;60;22321;36;606;107;749;56;2241;387;2684;9;79;33;121;172;25116;587;25875;"2025-09-25 11:27:26"
9007;"2023-05-01";148;221;41527;1549;43297;128;1638;372;2138;217;12761;654;13632;25;184;127;336;591;56110;2702;59403;"2025-09-25 11:27:26"
9008;"2023-05-01";149;69;20118;1335;21522;42;1038;266;1346;90;8566;594;9250;7;107;66;180;208;29829;2261;32298;"2025-09-25 11:27:26"
9009;"2023-05-01";150;141;45133;856;46130;95;2141;389;2625;152;15191;1090;16433;29;179;85;293;417;62644;2420;65481;"2025-09-25 11:27:26"
9010;"2023-05-01";151;148;81802;608;82558;82;2486;341;2909;170;18592;2299;21061;13;425;779;1217;413;103305;4027;107745;"2025-09-25 11:27:26"
9011;"2023-05-01";152;131;39797;543;40471;75;1452;182;1709;182;12780;533;13495;31;176;155;362;419;54205;1413;56037;"2025-09-25 11:27:26"
9012;"2023-05-01";153;96;22795;328;23219;64;1160;353;1577;136;11201;385;11722;11;87;55;153;307;35243;1121;36671;"2025-09-25 11:27:26"
9013;"2023-05-01";154;164;79507;939;80610;90;2586;491;3167;162;18668;1861;20691;21;340;419;780;437;101101;3710;105248;"2025-09-25 11:27:26"
9014;"2023-05-01";155;73;19328;145;19546;41;752;107;900;108;7643;461;8212;14;79;77;170;236;27802;790;28828;"2025-09-25 11:27:26"
9015;"2023-05-01";156;185;159256;2794;162235;141;4963;520;5624;182;23493;3717;27392;43;555;384;982;551;188267;7415;196233;"2025-09-25 11:27:26"
9016;"2023-05-01";157;126;33490;295;33911;121;1436;316;1873;182;11492;719;12393;17;171;109;297;446;46589;1439;48474;"2025-09-25 11:27:26"
9017;"2023-05-01";158;98;114588;1808;116494;71;3899;655;4625;121;19576;2714;22411;11;445;406;862;301;138508;5583;144392;"2025-09-25 11:27:26"
9018;"2023-05-01";159;171;178602;1941;180714;149;4673;848;5670;217;20910;2396;23523;23;530;276;829;560;204715;5461;210736;"2025-09-25 11:27:26"
9019;"2023-05-01";160;76;11126;67;11269;52;498;71;621;124;5914;506;6544;13;59;76;148;265;17597;720;18582;"2025-09-25 11:27:26"
9020;"2023-05-01";161;77;24112;191;24380;43;1032;79;1154;189;10585;236;11010;19;128;48;195;328;35857;554;36739;"2025-09-25 11:27:26"
9021;"2023-05-01";162;151;40523;328;41002;91;1420;212;1723;143;12097;777;13017;21;194;145;360;406;54234;1462;56102;"2025-09-25 11:27:26"
9023;"2023-05-01";257;109;19552;167;19828;65;1310;88;1463;147;10575;264;10986;13;94;49;156;334;31531;568;32433;"2025-09-25 11:27:26"
9024;"2023-05-01";258;205;113318;2134;115657;126;3261;527;3914;204;19167;3117;22488;21;418;679;1118;556;136164;6457;143177;"2025-09-25 11:27:26"
9025;"2023-05-01";259;112;32975;605;33692;70;1538;164;1772;131;13411;1063;14605;7;239;150;396;320;48163;1982;50465;"2025-09-25 11:27:26"
9026;"2023-05-01";260;139;28672;1026;29837;94;1216;175;1485;177;12624;437;13238;16;157;67;240;426;42669;1705;44800;"2025-09-25 11:27:26"
9027;"2023-05-01";261;66;8661;61;8788;37;476;56;569;87;4384;250;4721;4;40;41;85;194;13561;408;14163;"2025-09-25 11:27:26"
9028;"2023-05-01";262;86;18815;184;19085;60;881;121;1062;115;8582;257;8954;10;104;53;167;271;28382;615;29268;"2025-09-25 11:27:26"
9029;"2023-05-01";263;67;9786;60;9913;60;412;23;495;95;5142;62;5299;9;42;16;67;231;15382;161;15774;"2025-09-25 11:27:26"
9030;"2023-05-01";264;103;42687;258;43048;111;1659;418;2188;186;12174;2297;14657;23;218;196;437;423;56738;3169;60330;"2025-09-25 11:27:26"
9031;"2023-05-01";265;177;111419;1856;113452;134;4126;474;4734;215;24385;3052;27652;15;352;437;804;541;140282;5819;146642;"2025-09-25 11:27:26"
9032;"2023-05-01";266;67;9532;58;9657;50;425;68;543;101;4892;270;5263;4;64;29;97;222;14913;425;15560;"2025-09-25 11:27:26"
9033;"2023-05-01";267;78;7754;33;7865;46;372;22;440;134;4420;88;4642;8;46;18;72;266;12592;161;13019;"2025-09-25 11:27:26"
9034;"2023-05-01";268;152;152253;3222;155627;100;3569;935;4604;126;19664;2584;22374;14;487;389;890;392;175973;7130;183495;"2025-09-25 11:27:26"
9035;"2023-05-01";269;296;135998;1942;138236;244;3333;587;4164;198;16043;1475;17716;26;294;239;559;764;155668;4243;160675;"2025-09-25 11:27:26"
9036;"2023-05-01";270;107;40091;2392;42590;110;1660;209;1979;161;14974;836;15971;6;230;128;364;384;56955;3565;60904;"2025-09-25 11:27:26"
9037;"2023-05-01";271;101;9296;42;9439;55;441;90;586;107;4959;102;5168;12;51;17;80;275;14747;251;15273;"2025-09-25 11:27:26"
9039;"2023-05-01";164;86;12171;180;12437;62;540;88;690;100;6505;730;7335;10;72;43;125;258;19288;1041;20587;"2025-09-25 11:27:26"
9040;"2023-05-01";165;96;20148;189;20433;73;1055;106;1234;135;12410;259;12804;7;107;39;153;311;33720;593;34624;"2025-09-25 11:27:26"
9041;"2023-05-01";166;64;10195;125;10384;40;440;67;547;65;4976;401;5442;1;45;64;110;170;15656;657;16483;"2025-09-25 11:27:26"
9042;"2023-05-01";167;86;73305;832;74223;71;2232;275;2578;88;14236;3488;17812;14;483;1645;2142;259;90256;6240;96755;"2025-09-25 11:27:26"
9043;"2023-05-01";168;51;9028;466;9545;33;425;60;518;65;3939;198;4202;1;59;22;82;150;13451;746;14347;"2025-09-25 11:27:26"
9044;"2023-05-01";169;144;51328;834;52306;121;1906;383;2410;196;15340;1724;17260;19;326;281;626;480;68900;3222;72602;"2025-09-25 11:27:26"
9045;"2023-05-01";170;84;19809;340;20233;51;798;262;1111;85;7827;968;8880;13;123;144;280;233;28557;1714;30504;"2025-09-25 11:27:26"
9046;"2023-05-01";171;128;81433;2335;83896;118;2813;416;3347;166;13048;2393;15607;11;287;359;657;423;97581;5503;103507;"2025-09-25 11:27:26"
9047;"2023-05-01";172;217;38382;156;38755;207;1536;54;1797;155;11568;830;12553;15;168;104;287;594;51654;1144;53392;"2025-09-25 11:27:26"
9048;"2023-05-01";173;79;13730;154;13963;50;740;68;858;97;7812;357;8266;12;73;47;132;238;22355;626;23219;"2025-09-25 11:27:26"
9049;"2023-05-01";174;176;120446;1772;122394;136;3061;627;3824;199;22668;2015;24882;21;419;926;1366;532;146594;5340;152466;"2025-09-25 11:27:26"
9050;"2023-05-01";175;107;13203;101349;114659;60;653;2247;2960;184;9133;454;9771;4;158;41;203;355;23147;104091;127593;"2025-09-25 11:27:26"
9051;"2023-05-01";176;192;111432;2345;113969;143;3417;706;4266;204;21588;3493;25285;16;381;850;1247;555;136818;7394;144767;"2025-09-25 11:27:26"
9052;"2023-05-01";177;80;20630;143;20853;45;809;95;949;105;8043;505;8653;7;97;46;150;237;29579;789;30605;"2025-09-25 11:27:26"
9053;"2023-05-01";178;95;23510;224;23829;59;1245;118;1422;115;11068;725;11908;8;189;134;331;277;36012;1201;37490;"2025-09-25 11:27:26"
9054;"2023-05-01";179;130;15965;178;16273;58;728;109;895;108;9594;199;9901;12;80;27;119;308;26367;513;27188;"2025-09-25 11:27:26"
9055;"2023-05-01";180;84;18911;242;19237;42;760;72;874;89;8055;935;9079;3;127;88;218;218;27853;1337;29408;"2025-09-25 11:27:26"
9056;"2023-05-01";181;89;12952;83;13124;77;570;47;694;101;6998;285;7384;7;55;33;95;274;20575;448;21297;"2025-09-25 11:27:26"
9057;"2023-05-01";182;75;10841;91;11007;47;531;58;636;85;6210;131;6426;8;52;21;81;215;17634;301;18150;"2025-09-25 11:27:26"
9058;"2023-05-01";183;70;11900;17273;29243;50;554;366;970;84;6440;186;6710;11;79;23;113;215;18973;17848;37036;"2025-09-25 11:27:26"
9059;"2023-05-01";184;108;24024;74176;98308;77;1631;1338;3046;134;15264;232;15630;10;109;43;162;329;41028;75789;117146;"2025-09-25 11:27:26"
9060;"2023-05-01";185;94;25101;543;25738;50;979;956;1985;99;8060;502;8661;8;134;151;293;251;34274;2152;36677;"2025-09-25 11:27:26"
9062;"2023-05-01";187;137;117130;954;118221;86;3119;403;3608;116;22111;2634;24861;12;372;374;758;351;142732;4365;147448;"2025-09-25 11:27:26"
9063;"2023-05-01";188;216;116634;1731;118581;147;3916;554;4617;226;25747;1953;27926;16;488;380;884;605;146785;4618;152008;"2025-09-25 11:27:26"
9064;"2023-05-01";189;62;13982;39;14083;35;680;53;768;68;6498;611;7177;15;81;40;136;180;21241;743;22164;"2025-09-25 11:27:26"
9065;"2023-05-01";190;194;187575;2511;190280;113;5191;785;6089;234;25887;3521;29642;18;584;452;1054;559;219237;7269;227065;"2025-09-25 11:27:26"
9066;"2023-05-01";44;47;9964;36;10047;38;410;20;468;41;5351;186;5578;2;63;63;128;128;15788;305;16221;"2025-09-25 11:27:26"
9067;"2023-05-01";192;145;57945;629;58719;85;2099;271;2455;159;17903;1035;19097;14;212;144;370;403;78159;2079;80641;"2025-09-25 11:27:26"
9068;"2023-05-01";193;93;26915;416;27424;58;1234;120;1412;129;10262;278;10669;10;137;77;224;290;38548;891;39729;"2025-09-25 11:27:26"
9069;"2023-05-01";194;103;11094;62;11259;46;437;40;523;85;6997;82;7164;13;48;14;75;247;18576;198;19021;"2025-09-25 11:27:26"
9070;"2023-05-01";195;122;36395;427;36944;90;1661;256;2007;169;17142;1044;18355;15;184;161;360;396;55382;1888;57666;"2025-09-25 11:27:26"
9071;"2023-05-01";196;68;19876;167;20111;48;821;43;912;88;11129;1004;12221;7;127;150;284;211;31953;1364;33528;"2025-09-25 11:27:26"
9072;"2023-05-01";197;220;63103;1001;64324;230;2159;303;2692;249;19211;1183;20643;44;297;230;571;743;84770;2717;88230;"2025-09-25 11:27:26"
9073;"2023-05-01";198;73;12765;113;12951;50;625;55;730;114;6029;113;6256;13;64;27;104;250;19483;308;20041;"2025-09-25 11:27:26"
9074;"2023-05-01";199;55;5948;34;6037;32;287;27;346;58;3835;47;3940;2;31;7;40;147;10101;115;10363;"2025-09-25 11:27:26"
9075;"2023-05-01";200;128;40667;489;41284;72;1632;144;1848;139;14678;718;15535;26;216;148;390;365;57193;1499;59057;"2025-09-25 11:27:26"
9076;"2023-05-01";201;126;44450;392;44968;89;1783;250;2122;132;16192;1534;17858;13;224;342;579;360;62649;2518;65527;"2025-09-25 11:27:26"
9077;"2023-05-01";202;102;22505;177;22784;61;735;80;876;109;8482;201;8792;19;98;39;156;291;31820;497;32608;"2025-09-25 11:27:26"
9078;"2023-05-01";203;61;4137;381;4579;21;260;204;485;67;1399;29;1495;9;21;2;32;158;5817;616;6591;"2025-09-25 11:27:26"
9079;"2023-05-01";204;132;19843;119;20094;61;653;77;791;122;6594;112;6828;10;117;31;158;325;27207;339;27871;"2025-09-25 11:27:26"
9080;"2023-05-01";205;84;19368;94;19546;87;884;82;1053;142;12081;814;13037;11;103;102;216;324;32436;1092;33852;"2025-09-25 11:27:26"
9081;"2023-05-01";206;79;17619;142;17840;42;652;50;744;84;7825;630;8539;11;87;157;255;216;26183;979;27378;"2025-09-25 11:27:26"
9082;"2023-05-01";207;62;9798;40;9900;71;446;45;562;83;5950;113;6146;10;66;14;90;226;16260;212;16698;"2025-09-25 11:27:26"
9083;"2023-05-01";208;120;55990;312;56422;66;1892;364;2322;108;12897;1534;14539;10;223;283;516;304;71002;2493;73799;"2025-09-25 11:27:26"
9084;"2023-05-01";209;138;103727;1421;105286;93;3029;796;3918;196;17737;4404;22337;10;406;1752;2168;437;124899;8373;133709;"2025-09-25 11:27:26"
9085;"2023-05-01";210;163;122709;1991;124863;90;3030;304;3424;101;17996;1000;19097;23;372;292;687;377;144107;3587;148071;"2025-09-25 11:27:26"
9087;"2023-05-01";212;125;93391;984;94500;96;2993;476;3565;127;11871;473;12471;13;274;162;449;361;108529;2095;110985;"2025-09-25 11:27:26"
9088;"2023-05-01";213;100;23834;196;24130;67;873;174;1114;105;9253;252;9610;13;67;173;253;285;34027;795;35107;"2025-09-25 11:27:26"
9090;"2023-05-01";215;248;237487;2477;240212;170;6441;505;7116;231;40783;4466;45480;32;699;572;1303;681;285410;8020;294111;"2025-09-25 11:27:26"
9091;"2023-05-01";216;102;14053;158;14313;59;548;115;722;126;6215;156;6497;8;58;30;96;295;20874;459;21628;"2025-09-25 11:27:26"
9092;"2023-05-01";217;110;42826;496;43432;97;1449;191;1737;109;13715;2632;16456;12;171;633;816;328;58161;3952;62441;"2025-09-25 11:27:26"
9093;"2023-05-01";218;102;46442;702;47246;76;1507;202;1785;139;10496;523;11158;12;163;112;287;329;58608;1539;60476;"2025-09-25 11:27:26"
9094;"2023-05-01";219;93;13480;65;13638;60;521;58;639;90;7152;484;7726;8;137;146;291;251;21290;753;22294;"2025-09-25 11:27:26"
9095;"2023-05-01";220;163;146969;1293;148425;103;4284;798;5185;151;22348;7019;29518;20;562;1603;2185;437;174163;10713;185313;"2025-09-25 11:27:26"
9096;"2023-05-01";221;65;10267;64;10396;53;430;47;530;94;4589;552;5235;10;53;102;165;222;15339;765;16326;"2025-09-25 11:27:26"
9097;"2023-05-01";222;211;141420;2955;144586;181;3494;1021;4696;242;26924;2332;29498;29;437;424;890;663;172275;6732;179670;"2025-09-25 11:27:26"
9098;"2023-05-01";223;72;24928;183;25183;69;1089;104;1262;97;10392;403;10892;9;137;64;210;247;36546;754;37547;"2025-09-25 11:27:26"
9099;"2023-05-01";224;134;86267;1264;87665;69;2021;474;2564;138;10538;982;11658;12;133;150;295;353;98959;2870;102182;"2025-09-25 11:27:26"
9100;"2023-05-01";225;67;89935;3623;93625;32;1979;444;2455;54;11086;1650;12790;4;180;241;425;157;103180;5958;109295;"2025-09-25 11:27:26"
9101;"2023-05-01";226;242;151907;57381;209530;221;2184;1359;3764;146;10547;967;11660;11;192;180;383;620;164830;59887;225337;"2025-09-25 11:27:26"
9102;"2023-05-01";227;176;99647;1568;101391;169;2320;303;2792;131;16706;1370;18207;14;265;333;612;490;118938;3574;123002;"2025-09-25 11:27:26"
9103;"2023-05-01";228;90;86434;718;87242;37;2044;167;2248;91;7798;901;8790;9;241;246;496;227;96517;2032;98776;"2025-09-25 11:27:26"
9104;"2023-05-01";229;101;42572;732;43405;82;1756;255;2093;117;8858;304;9279;11;142;72;225;311;53328;1363;55002;"2025-09-25 11:27:26"
9105;"2023-05-01";230;60;16112;96;16268;65;551;43;659;101;7777;165;8043;6;66;77;149;232;24506;381;25119;"2025-09-25 11:27:26"
9106;"2023-05-01";231;78;32804;30009;62891;59;1101;287;1447;76;10227;532;10835;7;238;229;474;220;44370;31057;75647;"2025-09-25 11:27:26"
9107;"2023-05-01";232;55;13260;165;13480;57;516;90;663;115;6500;145;6760;10;69;25;104;237;20345;425;21007;"2025-09-25 11:27:26"
9108;"2023-05-01";233;83;15493;97;15673;56;612;76;744;133;8104;400;8637;13;67;67;147;285;24276;640;25201;"2025-09-25 11:27:26"
9110;"2023-05-01";235;245;77190;959;78394;142;3053;153;3348;325;27454;611;28390;39;237;139;415;751;107934;1862;110547;"2025-09-25 11:27:26"
9111;"2023-05-01";236;580;244761;264870;510211;353;7404;6575;14332;685;56772;3488;60945;40;1094;519;1653;1658;310031;275452;587141;"2025-09-25 11:27:26"
9113;"2023-06-01";1;159;210777;19328;230264;56;4064;565;4685;178;13697;2587;16462;18;338;148;504;411;228876;22628;251915;"2025-09-25 11:27:35"
9114;"2023-06-01";2;115;128951;5140;134206;42;3493;809;4344;155;12246;2498;14899;6;199;216;421;318;144889;8663;153870;"2025-09-25 11:27:35"
9115;"2023-06-01";3;106;60933;2097;63136;68;2322;717;3107;131;7181;1290;8602;14;131;113;258;319;70567;4217;75103;"2025-09-25 11:27:35"
9116;"2023-06-01";4;119;66605;2074;68798;85;1735;190;2010;128;16103;2492;18723;10;353;522;885;342;84796;5278;90416;"2025-09-25 11:27:35"
9117;"2023-06-01";5;93;99946;3080;103119;46;3249;342;3637;146;9424;2160;11730;11;174;174;359;296;112793;5756;118845;"2025-09-25 11:27:35"
9118;"2023-06-01";6;92;80537;3290;83919;44;2295;354;2693;180;9001;1684;10865;11;115;263;389;327;91948;5591;97866;"2025-09-25 11:27:35"
9119;"2023-06-01";7;106;115830;10223;126159;62;4390;549;5001;131;14152;2732;17015;7;309;162;478;306;134681;13666;148653;"2025-09-25 11:27:35"
9120;"2023-06-01";8;56;71777;3500;75333;29;2896;465;3390;75;10986;2326;13387;10;168;109;287;170;85827;6400;92397;"2025-09-25 11:27:35"
9121;"2023-06-01";9;83;129347;5512;134942;52;3578;826;4456;173;10127;2134;12434;10;236;251;497;318;143288;8723;152329;"2025-09-25 11:27:35"
9122;"2023-06-01";10;94;76956;4670;81720;51;2484;601;3136;125;8120;2033;10278;12;171;171;354;282;87731;7475;95488;"2025-09-25 11:27:35"
9123;"2023-06-01";11;103;82447;2564;85114;57;2770;157;2984;138;9918;2190;12246;10;170;101;281;308;95305;5012;100625;"2025-09-25 11:27:35"
9124;"2023-06-01";12;109;94521;1165;95795;49;2408;134;2591;126;6609;1183;7918;16;129;216;361;300;103667;2698;106665;"2025-09-25 11:27:35"
9125;"2023-06-01";13;92;102092;4441;106625;56;2670;686;3412;166;9567;2181;11914;20;234;459;713;334;114563;7767;122664;"2025-09-25 11:27:35"
9126;"2023-06-01";14;203;77624;3206;81033;101;2167;429;2697;131;5994;1840;7965;8;136;108;252;443;85921;5583;91947;"2025-09-25 11:27:35"
9127;"2023-06-01";15;199;151818;4727;156744;132;3069;690;3891;180;10684;4737;15601;16;260;161;437;527;165831;10315;176673;"2025-09-25 11:27:35"
9128;"2023-06-01";16;120;82241;8155;90516;47;1916;894;2857;180;8674;1881;10735;17;191;98;306;364;93022;11028;104414;"2025-09-25 11:27:35"
9129;"2023-06-01";17;96;105597;2129;107822;49;3029;1130;4208;145;8688;1742;10575;9;178;107;294;299;117492;5108;122899;"2025-09-25 11:27:35"
9130;"2023-06-01";18;131;207312;7188;214631;97;4276;1712;6085;166;18511;4989;23666;15;360;386;761;409;230459;14275;245143;"2025-09-25 11:27:35"
9131;"2023-06-01";19;127;127768;4393;132288;61;3284;757;4102;140;11384;2942;14466;7;261;438;706;335;142697;8530;151562;"2025-09-25 11:27:35"
9132;"2023-06-01";20;130;118040;3034;121204;58;3924;170;4152;170;13761;4398;18329;14;441;625;1080;372;136166;8227;144765;"2025-09-25 11:27:35"
9133;"2023-06-01";21;247;65446;1320;67013;123;1936;67;2126;149;5243;781;6173;12;124;28;164;531;72749;2196;75476;"2025-09-25 11:27:35"
9134;"2023-06-01";22;95;112519;4103;116717;44;3268;738;4050;138;10116;1984;12238;16;152;193;361;293;126055;7018;133366;"2025-09-25 11:27:35"
9135;"2023-06-01";23;1656;39155;649;41460;1549;1534;259;3342;341;3659;1591;5591;100;82;91;273;3646;44430;2590;50666;"2025-09-25 11:27:35"
9136;"2023-06-01";63;122;88326;1104;89552;111;1896;299;2306;92;10009;884;10985;6;193;262;461;331;100424;2549;103304;"2025-09-25 11:27:35"
9137;"2023-06-01";25;80;91374;5939;97393;33;3305;533;3871;123;11837;2818;14778;15;193;325;533;251;106709;9615;116575;"2025-09-25 11:27:35"
9138;"2023-06-01";146;833;321826;265895;588554;499;10412;6723;17634;1015;83483;4114;88612;80;1331;662;2073;2427;417052;277394;696873;"2025-09-25 11:27:35"
9140;"2023-06-01";28;100;66696;2469;69265;63;2129;813;3005;107;9723;3224;13054;14;174;659;847;284;78722;7165;86171;"2025-09-25 11:27:35"
9141;"2023-06-01";29;80;72124;794;72998;55;2133;555;2743;117;10877;1313;12307;11;230;207;448;263;85364;2869;88496;"2025-09-25 11:27:35"
9142;"2023-06-01";77;289;137556;2785;140630;216;2772;542;3530;221;16286;3196;19703;17;329;596;942;743;156943;7119;164805;"2025-09-25 11:27:35"
9143;"2023-06-01";57;67;57061;753;57881;41;1242;152;1435;74;4630;318;5022;6;137;49;192;188;63070;1272;64530;"2025-09-25 11:27:35"
9144;"2023-06-01";32;74;85431;1472;86977;29;2006;339;2374;65;10123;1467;11655;1;206;259;466;169;97766;3537;101472;"2025-09-25 11:27:35"
9145;"2023-06-01";33;128;112246;18168;130542;61;2864;565;3490;166;13085;2252;15503;11;181;529;721;366;128376;21514;150256;"2025-09-25 11:27:35"
9146;"2023-06-01";79;89;108159;1505;109753;43;2207;274;2524;90;11264;1713;13067;8;247;340;595;230;121877;3832;125939;"2025-09-25 11:27:35"
9147;"2023-06-01";35;95;66063;2473;68631;65;2170;318;2553;113;14614;2308;17035;11;199;327;537;284;83046;5426;88756;"2025-09-25 11:27:35"
9148;"2023-06-01";36;105;92580;3407;96092;54;2795;337;3186;106;12996;1999;15101;9;192;287;488;274;108563;6030;114867;"2025-09-25 11:27:35"
9149;"2023-06-01";60;281;186824;7863;194968;304;4365;323;4992;196;18923;2293;21412;33;464;486;983;814;210576;10965;222355;"2025-09-25 11:27:35"
9150;"2023-06-01";38;51;57976;56239;114266;24;1474;1064;2562;79;5699;1178;6956;11;128;368;507;165;65277;58849;124291;"2025-09-25 11:27:35"
9151;"2023-06-01";39;297;100008;10965;111270;495;1668;544;2707;184;8383;2236;10803;29;171;700;900;1005;110230;14445;125680;"2025-09-25 11:27:35"
9152;"2023-06-01";40;83;26398;1357;27838;49;1017;294;1360;85;4137;370;4592;10;48;54;112;227;31600;2075;33902;"2025-09-25 11:27:35"
9154;"2023-06-01";42;136;149311;12570;162017;62;3220;261;3543;123;13257;2158;15538;9;299;497;805;330;166087;15486;181903;"2025-09-25 11:27:35"
9157;"2023-06-01";46;207;241618;10525;252350;110;5017;748;5875;178;29836;5425;35439;13;528;563;1104;508;276999;17261;294768;"2025-09-25 11:27:35"
9158;"2023-06-01";47;120;117816;1654;119590;120;2990;501;3611;292;19755;2829;22876;58;369;291;718;590;140930;5275;146795;"2025-09-25 11:27:35"
9162;"2023-06-01";51;172;193256;2977;196405;197;3081;634;3912;209;16039;1300;17548;13;409;158;580;591;212785;5069;218445;"2025-09-25 11:27:35"
9165;"2023-06-01";54;122;26824;9612;36558;52;1158;454;1664;153;10131;756;11040;9;149;83;241;336;38262;10905;49503;"2025-09-25 11:27:35"
9166;"2023-06-01";55;113;95157;144909;240179;64;3328;2049;5441;115;23439;2761;26315;15;556;322;893;307;122480;150041;272828;"2025-09-25 11:27:35"
9167;"2023-06-01";56;320;218194;28769;247283;390;5448;904;6742;171;29885;3525;33581;22;502;479;1003;903;254029;33677;288609;"2025-09-25 11:27:35"
9169;"2023-06-01";58;194;140744;3450;144388;101;4338;125;4564;134;17075;4680;21889;19;388;881;1288;448;162545;9136;172129;"2025-09-25 11:27:35"
9170;"2023-06-01";59;149;203600;37331;241080;85;4883;1119;6087;105;21650;3050;24805;12;372;320;704;351;230505;41820;272676;"2025-09-25 11:27:35"
9172;"2023-06-01";61;178;195926;5011;201115;100;3263;684;4047;158;12182;3314;15654;10;364;516;890;446;211735;9525;221706;"2025-09-25 11:27:35"
9173;"2023-06-01";62;68;8719;131;8918;50;516;70;636;123;3819;60;4002;2;48;8;58;243;13102;269;13614;"2025-09-25 11:27:35"
9176;"2023-06-01";65;187;171330;3968;175485;147;4560;411;5118;189;26809;8049;35047;23;633;909;1565;546;203332;13337;217215;"2025-09-25 11:27:35"
9182;"2023-06-01";71;81;71483;2871;74435;46;2261;575;2882;104;14024;4031;18159;10;300;457;767;241;88068;7934;96243;"2025-09-25 11:27:35"
9185;"2023-06-01";74;127;170238;2743;173108;98;3246;348;3692;411;15709;2405;18525;22;556;307;885;658;189749;5803;196210;"2025-09-25 11:27:35"
9191;"2023-06-01";80;169;106448;1236;107853;87;2640;684;3411;166;20297;4125;24588;9;370;993;1372;431;129755;7038;137224;"2025-09-25 11:27:35"
9194;"2023-06-01";83;353;173287;1099;174739;241;3459;473;4173;259;15069;1893;17221;65;597;165;827;918;192412;3630;196960;"2025-09-25 11:27:35"
9196;"2023-06-01";85;151;24685;218;25054;86;1180;145;1411;172;6590;206;6968;21;124;43;188;430;32579;612;33621;"2025-09-25 11:27:35"
9197;"2023-06-01";86;302;171817;1866;173985;159;4392;352;4903;189;19572;2554;22315;21;383;284;688;671;196164;5056;201891;"2025-09-25 11:27:35"
9198;"2023-06-01";87;103;112582;3359;116044;77;2628;752;3457;81;13184;2197;15462;10;335;161;506;271;128729;6469;135469;"2025-09-25 11:27:35"
9199;"2023-06-01";88;70;105191;2445;107706;23;2260;526;2809;38;9624;1427;11089;1;207;139;347;132;117282;4537;121951;"2025-09-25 11:27:35"
9200;"2023-06-01";89;456;28170;290;28916;110;540;31;681;120;1894;367;2381;13;64;10;87;699;30668;698;32065;"2025-09-25 11:27:35"
9201;"2023-06-01";90;123;87581;1636;89340;79;2516;447;3042;105;10563;2244;12912;9;192;160;361;316;100852;4487;105655;"2025-09-25 11:27:35"
9202;"2023-06-01";91;183;167571;823;168577;98;5142;2608;7848;126;30464;5135;35725;13;622;352;987;420;203799;8918;213137;"2025-09-25 11:27:35"
9203;"2023-06-01";92;89;60942;1178;62209;78;1697;299;2074;100;8548;1427;10075;12;170;152;334;279;71357;3056;74692;"2025-09-25 11:27:35"
9204;"2023-06-01";93;128;88382;952;89462;76;2279;167;2522;95;9196;4235;13526;10;173;258;441;309;100030;5612;105951;"2025-09-25 11:27:35"
9205;"2023-06-01";94;242;198925;2601;201768;111;5414;1514;7039;196;30843;4319;35358;8;640;693;1341;557;235822;9127;245506;"2025-09-25 11:27:35"
9206;"2023-06-01";95;357;265730;2083;268170;199;7786;1077;9062;226;43314;6035;49575;27;1023;484;1534;809;317853;9679;328341;"2025-09-25 11:27:35"
9207;"2023-06-01";96;85;31845;740;32670;42;1291;72;1405;85;5492;673;6250;13;88;54;155;225;38716;1539;40480;"2025-09-25 11:27:35"
9208;"2023-06-01";97;282;253765;5589;259636;212;8205;1172;9589;211;34964;6055;41230;29;581;566;1176;734;297515;13382;311631;"2025-09-25 11:27:35"
9209;"2023-06-01";101;185;179606;4154;183945;63;2583;1283;3929;109;7969;2068;10146;11;321;227;559;368;190479;7732;198579;"2025-09-25 11:27:35"
9210;"2023-06-01";102;164;68230;1067;69461;65;2173;212;2450;76;7638;1292;9006;3;178;145;326;308;78219;2716;81243;"2025-09-25 11:27:35"
9211;"2023-06-01";103;210;63730;2049;65989;56;2341;273;2670;105;9093;1588;10786;17;157;132;306;388;75321;4042;79751;"2025-09-25 11:27:35"
9212;"2023-06-01";104;129;175043;4762;179934;159;4930;1475;6564;159;20954;2997;24110;25;492;580;1097;472;201419;9814;211705;"2025-09-25 11:27:35"
9213;"2023-06-01";105;252;140838;1874;142964;94;2260;109;2463;62;6767;1473;8302;3;231;135;369;411;150096;3591;154098;"2025-09-25 11:27:35"
9214;"2023-06-01";106;214;93828;933;94975;165;2868;602;3635;101;8294;2053;10448;14;192;129;335;494;105182;3717;109393;"2025-09-25 11:27:35"
9215;"2023-06-01";107;154;70891;1332;72377;92;2558;111;2761;97;6690;1708;8495;24;138;96;258;367;80277;3247;83891;"2025-09-25 11:27:35"
9216;"2023-06-01";108;176;221295;1785;223256;106;6779;431;7316;159;37407;6213;43779;21;638;454;1113;462;266119;8883;275464;"2025-09-25 11:27:35"
9217;"2023-06-01";109;189;134068;2525;136782;162;5337;1143;6642;231;23078;3858;27167;13;360;330;703;595;162843;7856;171294;"2025-09-25 11:27:35"
9218;"2023-06-01";110;69;122371;2427;124867;42;4216;631;4889;36;18708;2527;21271;3;406;372;781;150;145701;5957;151808;"2025-09-25 11:27:35"
9219;"2023-06-01";111;151;89395;701;90247;105;3203;480;3788;136;18986;3239;22361;14;809;281;1104;406;112393;4701;117500;"2025-09-25 11:27:35"
9220;"2023-06-01";112;150;110814;2398;113362;121;2307;615;3043;120;9983;3843;13946;11;312;162;485;402;123416;7018;130836;"2025-09-25 11:27:35"
9221;"2023-06-01";113;96;73991;1271;75358;29;2352;906;3287;44;9290;1663;10997;0;173;132;305;169;85806;3972;89947;"2025-09-25 11:27:35"
9222;"2023-06-01";114;169;102871;702;103742;93;3844;433;4370;154;19111;2883;22148;13;443;227;683;429;126269;4245;130943;"2025-09-25 11:27:35"
9223;"2023-06-01";115;242;50884;399;51525;100;1800;588;2488;253;12153;847;13253;11;255;88;354;606;65092;1922;67620;"2025-09-25 11:27:35"
9224;"2023-06-01";116;184;51449;358;51991;83;2086;692;2861;209;14163;6026;20398;9;265;348;622;485;67963;7424;75872;"2025-09-25 11:27:35"
9225;"2023-06-01";117;90;17441;91;17622;72;757;184;1013;157;6305;4480;10942;8;133;521;662;327;24636;5276;30239;"2025-09-25 11:27:35"
9226;"2023-06-01";118;86;98703;1170;99959;63;2918;551;3532;70;10317;2269;12656;9;280;160;449;228;112218;4150;116596;"2025-09-25 11:27:35"
9227;"2023-06-01";119;45;178802;2718;181565;35;3665;666;4366;35;11810;3705;15550;9;469;174;652;124;194746;7263;202133;"2025-09-25 11:27:35"
9228;"2023-06-01";120;20;143621;723;144364;17;2024;194;2235;23;5028;1410;6461;0;225;37;262;60;150898;2364;153322;"2025-09-25 11:27:35"
9229;"2023-06-01";121;389;115000;1716;117105;187;4010;1295;5492;257;21329;4699;26285;22;602;463;1087;855;140941;8173;149969;"2025-09-25 11:27:35"
9230;"2023-06-01";122;119;58695;313;59127;96;1403;171;1670;88;5970;2113;8171;9;137;310;456;312;66205;2907;69424;"2025-09-25 11:27:35"
9231;"2023-06-01";123;257;149584;2203;152044;268;4753;436;5457;203;18286;2820;21309;26;480;259;765;754;173103;5718;179575;"2025-09-25 11:27:35"
9232;"2023-06-01";124;202;99783;1013;100998;85;3529;676;4290;127;18772;4273;23172;16;427;530;973;430;122511;6492;129433;"2025-09-25 11:27:35"
9233;"2023-06-01";125;262;203138;2381;205781;106;5759;2668;8533;180;30496;6346;37022;18;608;301;927;566;240001;11696;252263;"2025-09-25 11:27:35"
9234;"2023-06-01";126;355;278245;3662;282262;163;8167;2204;10534;252;35693;7164;43109;26;863;1008;1897;796;322968;14038;337802;"2025-09-25 11:27:35"
9235;"2023-06-01";127;191;65435;4314;69940;80;2950;784;3814;156;20742;2722;23620;12;321;384;717;439;89448;8204;98091;"2025-09-25 11:27:35"
9236;"2023-06-01";128;199;120297;1012;121508;94;2689;330;3113;146;15787;2281;18214;10;316;153;479;449;139089;3776;143314;"2025-09-25 11:27:35"
9237;"2023-06-01";129;392;429185;3161;432738;213;10658;2714;13585;288;62537;7544;70369;74;1534;627;2235;967;503914;14046;518927;"2025-09-25 11:27:35"
9239;"2023-06-01";238;163;92340;2481;94984;146;2696;501;3343;255;18111;1414;19780;33;390;389;812;597;113537;4785;118919;"2025-09-25 11:27:35"
9240;"2023-06-01";214;65;19647;197;19909;64;748;85;897;94;7395;211;7700;8;100;68;176;231;27890;561;28682;"2025-09-25 11:27:35"
9241;"2023-06-01";240;112;39159;664;39935;77;1292;162;1531;124;6970;507;7601;14;155;213;382;327;47576;1546;49449;"2025-09-25 11:27:35"
9242;"2023-06-01";241;124;25864;467;26455;102;871;132;1105;181;6764;175;7120;8;124;41;173;415;33623;815;34853;"2025-09-25 11:27:35"
9243;"2023-06-01";242;110;33900;934;34944;89;1120;147;1356;107;5558;300;5965;6;132;95;233;312;40710;1476;42498;"2025-09-25 11:27:35"
9244;"2023-06-01";243;53;8804;56;8913;51;319;31;401;107;3335;49;3491;8;52;13;73;219;12510;149;12878;"2025-09-25 11:27:35"
9245;"2023-06-01";244;44;12247;188;12479;40;415;33;488;113;4130;76;4319;11;79;19;109;208;16871;316;17395;"2025-09-25 11:27:35"
9246;"2023-06-01";245;134;14898;147;15179;82;682;52;816;124;6190;139;6453;10;102;52;164;350;21872;390;22612;"2025-09-25 11:27:35"
9247;"2023-06-01";246;220;156214;2803;159237;166;4535;514;5215;232;26877;2224;29333;24;596;368;988;642;188222;5909;194773;"2025-09-25 11:27:35"
9248;"2023-06-01";247;51;14338;109;14498;48;499;60;607;126;4911;94;5131;6;85;28;119;231;19833;291;20355;"2025-09-25 11:27:35"
9249;"2023-06-01";248;109;14274;218;14601;93;604;75;772;144;6218;160;6522;17;83;35;135;363;21179;488;22030;"2025-09-25 11:27:35"
9250;"2023-06-01";249;56;16951;140;17147;63;732;37;832;133;7023;141;7297;14;72;18;104;266;24778;336;25380;"2025-09-25 11:27:35"
9251;"2023-06-01";250;306;119453;2571;122330;280;3240;634;4154;268;18870;2731;21869;19;486;402;907;873;142049;6338;149260;"2025-09-25 11:27:35"
9252;"2023-06-01";251;60;16027;400;16487;60;630;131;821;113;3369;133;3615;8;103;41;152;241;20129;705;21075;"2025-09-25 11:27:35"
9253;"2023-06-01";252;109;17312;396;17817;81;810;95;986;125;8619;138;8882;14;82;35;131;329;26823;664;27816;"2025-09-25 11:27:35"
9254;"2023-06-01";253;124;27619;256;27999;106;1268;280;1654;178;11745;443;12366;22;128;63;213;430;40760;1042;42232;"2025-09-25 11:27:35"
9255;"2023-06-01";254;62;9648;60;9770;61;309;53;423;104;3314;51;3469;10;58;21;89;237;13329;185;13751;"2025-09-25 11:27:35"
9256;"2023-06-01";255;83;19012;523;19618;71;891;74;1036;119;8455;257;8831;13;106;47;166;286;28464;901;29651;"2025-09-25 11:27:35"
9258;"2023-06-01";131;75;15234;111;15420;55;799;50;904;80;7916;268;8264;11;78;30;119;221;24027;459;24707;"2025-09-25 11:27:35"
9259;"2023-06-01";132;74;10769;128;10971;44;480;91;615;116;4878;384;5378;4;75;227;306;238;16202;830;17270;"2025-09-25 11:27:35"
9260;"2023-06-01";133;69;11952;125;12146;57;637;90;784;105;6261;670;7036;15;67;74;156;246;18917;959;20122;"2025-09-25 11:27:35"
9261;"2023-06-01";134;83;17145;121;17349;58;720;95;873;114;8194;178;8486;11;79;39;129;266;26138;433;26837;"2025-09-25 11:27:35"
9262;"2023-06-01";135;71;19742;262;20075;55;832;99;986;77;7972;682;8731;9;104;84;197;212;28650;1127;29989;"2025-09-25 11:27:35"
9263;"2023-06-01";136;77;46225;290;46592;69;2202;219;2490;115;13765;1372;15252;14;205;146;365;275;62397;2027;64699;"2025-09-25 11:27:35"
9264;"2023-06-01";137;101;53838;684;54623;73;1802;176;2051;154;13683;1722;15559;8;321;883;1212;336;69644;3465;73445;"2025-09-25 11:27:35"
9265;"2023-06-01";138;33;16811;160;17004;25;595;35;655;28;3232;572;3832;7;66;45;118;93;20704;812;21609;"2025-09-25 11:27:35"
9266;"2023-06-01";139;72;43257;248;43577;64;1563;88;1715;82;9098;1046;10226;6;186;79;271;224;54104;1461;55789;"2025-09-25 11:27:35"
9267;"2023-06-01";140;1;8;0;9;0;3;0;3;0;8;0;8;0;0;0;0;1;19;0;20;"2025-09-25 11:27:35"
9268;"2023-06-01";141;210;85441;1040;86691;115;2295;277;2687;173;12108;1072;13353;14;293;251;558;512;100137;2640;103289;"2025-09-25 11:27:35"
9269;"2023-06-01";142;60;87541;1772;89373;115;2119;927;3161;67;11135;1757;12959;4;326;213;543;246;101121;4669;106036;"2025-09-25 11:27:35"
9270;"2023-06-01";143;145;90599;2053;92797;116;2534;495;3145;128;14584;2068;16780;8;357;215;580;397;108074;4831;113302;"2025-09-25 11:27:35"
9271;"2023-06-01";144;139;120126;4596;124861;92;3103;696;3891;128;15594;2313;18035;14;477;303;794;373;139300;7908;147581;"2025-09-25 11:27:35"
9272;"2023-06-01";145;211;92465;5925;98601;162;2982;412;3556;244;20051;1766;22061;26;393;290;709;643;115891;8393;124927;"2025-09-25 11:27:35"
9274;"2023-06-01";147;72;22330;61;22463;36;598;108;742;55;2231;387;2673;9;80;33;122;172;25239;589;26000;"2025-09-25 11:27:35"
9275;"2023-06-01";148;223;41667;1527;43417;128;1626;382;2136;218;12750;655;13623;25;187;129;341;594;56230;2693;59517;"2025-09-25 11:27:35"
9276;"2023-06-01";149;68;20128;1360;21556;42;1038;265;1345;92;8576;597;9265;7;106;70;183;209;29848;2292;32349;"2025-09-25 11:27:35"
9277;"2023-06-01";150;142;45167;846;46155;94;2116;390;2600;151;15194;1092;16437;29;174;85;288;416;62651;2413;65480;"2025-09-25 11:27:35"
9278;"2023-06-01";151;151;82076;601;82828;82;2475;342;2899;169;18602;2306;21077;13;429;779;1221;415;103582;4028;108025;"2025-09-25 11:27:35"
9279;"2023-06-01";152;133;39838;542;40513;75;1439;182;1696;185;12776;534;13495;31;177;153;361;424;54230;1411;56065;"2025-09-25 11:27:35"
9280;"2023-06-01";153;102;22807;326;23235;64;1158;355;1577;137;11186;389;11712;11;89;55;155;314;35240;1125;36679;"2025-09-25 11:27:35"
9281;"2023-06-01";154;166;79802;937;80905;92;2562;492;3146;162;18673;1872;20707;22;342;422;786;442;101379;3723;105544;"2025-09-25 11:27:35"
9282;"2023-06-01";155;76;19320;145;19541;41;750;107;898;110;7655;458;8223;14;80;77;171;241;27805;787;28833;"2025-09-25 11:27:35"
9283;"2023-06-01";156;186;159688;2758;162632;142;4938;516;5596;181;23542;3740;27463;42;568;379;989;551;188736;7393;196680;"2025-09-25 11:27:35"
9284;"2023-06-01";157;131;33608;294;34033;124;1429;317;1870;184;11495;717;12396;17;170;110;297;456;46702;1438;48596;"2025-09-25 11:27:35"
9285;"2023-06-01";158;101;114956;1775;116832;71;3894;666;4631;121;19596;2720;22437;11;449;406;866;304;138895;5567;144766;"2025-09-25 11:27:35"
9286;"2023-06-01";159;172;179210;1915;181297;149;4636;842;5627;215;20788;2403;23406;23;557;274;854;559;205191;5434;211184;"2025-09-25 11:27:35"
9287;"2023-06-01";160;78;11188;69;11335;52;495;66;613;124;5923;511;6558;13;59;77;149;267;17665;723;18655;"2025-09-25 11:27:35"
9288;"2023-06-01";161;77;24154;188;24419;44;1031;78;1153;194;10603;238;11035;19;126;48;193;334;35914;552;36800;"2025-09-25 11:27:35"
9289;"2023-06-01";162;149;40656;326;41131;92;1408;210;1710;143;12098;783;13024;21;198;145;364;405;54360;1464;56229;"2025-09-25 11:27:35"
9291;"2023-06-01";257;110;19568;165;19843;65;1311;90;1466;147;10567;267;10981;14;95;50;159;336;31541;572;32449;"2025-09-25 11:27:35"
9292;"2023-06-01";258;208;113496;2133;115837;124;3243;539;3906;203;19215;3113;22531;20;423;681;1124;555;136377;6466;143398;"2025-09-25 11:27:35"
9293;"2023-06-01";259;113;33129;600;33842;70;1531;166;1767;131;13413;1065;14609;7;237;149;393;321;48310;1980;50611;"2025-09-25 11:27:35"
9294;"2023-06-01";260;139;28731;876;29746;94;1208;173;1475;178;12582;431;13191;16;158;66;240;427;42679;1546;44652;"2025-09-25 11:27:35"
9295;"2023-06-01";261;65;8690;61;8816;37;473;56;566;87;4385;250;4722;4;39;41;84;193;13587;408;14188;"2025-09-25 11:27:35"
9296;"2023-06-01";262;87;18833;184;19104;60;877;121;1058;115;8585;257;8957;10;103;52;165;272;28398;614;29284;"2025-09-25 11:27:35"
9297;"2023-06-01";263;68;9863;60;9991;59;410;21;490;96;5150;61;5307;9;42;16;67;232;15465;158;15855;"2025-09-25 11:27:35"
9298;"2023-06-01";264;104;42996;254;43354;115;1652;416;2183;185;12173;2317;14675;23;220;198;441;427;57041;3185;60653;"2025-09-25 11:27:35"
9299;"2023-06-01";265;179;111551;1846;113576;139;4101;469;4709;215;24334;3050;27599;16;355;440;811;549;140341;5805;146695;"2025-09-25 11:27:35"
9300;"2023-06-01";266;72;9559;58;9689;51;420;69;540;107;4912;271;5290;4;62;29;95;234;14953;427;15614;"2025-09-25 11:27:35"
9301;"2023-06-01";267;78;7762;33;7873;45;371;22;438;130;4422;89;4641;8;49;18;75;261;12604;162;13027;"2025-09-25 11:27:35"
9302;"2023-06-01";268;144;152273;3225;155642;100;3520;948;4568;126;19649;2592;22367;14;484;392;890;384;175926;7157;183467;"2025-09-25 11:27:35"
9303;"2023-06-01";269;302;136028;1878;138208;243;3307;591;4141;197;16034;1477;17708;26;296;239;561;768;155665;4185;160618;"2025-09-25 11:27:35"
9304;"2023-06-01";270;109;40180;2530;42819;110;1658;208;1976;162;15019;838;16019;6;232;129;367;387;57089;3705;61181;"2025-09-25 11:27:35"
9305;"2023-06-01";271;101;9338;42;9481;57;442;89;588;108;4973;102;5183;12;51;17;80;278;14804;250;15332;"2025-09-25 11:27:35"
9307;"2023-06-01";164;86;12169;180;12435;62;546;85;693;99;6524;730;7353;10;71;40;121;257;19310;1035;20602;"2025-09-25 11:27:35"
9308;"2023-06-01";165;97;20248;189;20534;74;1059;106;1239;136;12397;250;12783;7;108;39;154;314;33812;584;34710;"2025-09-25 11:27:35"
9309;"2023-06-01";166;65;10240;122;10427;39;436;66;541;65;5006;397;5468;2;44;64;110;171;15726;649;16546;"2025-09-25 11:27:35"
9310;"2023-06-01";167;89;73517;826;74432;68;2224;276;2568;88;14229;3486;17803;14;483;1643;2140;259;90453;6231;96943;"2025-09-25 11:27:35"
9311;"2023-06-01";168;51;9054;468;9573;33;424;60;517;65;3949;197;4211;1;62;22;85;150;13489;747;14386;"2025-09-25 11:27:35"
9312;"2023-06-01";169;145;51432;837;52414;119;1904;384;2407;200;15304;1716;17220;19;324;280;623;483;68964;3217;72664;"2025-09-25 11:27:35"
9313;"2023-06-01";170;86;19881;343;20310;51;792;263;1106;85;7836;967;8888;13;125;148;286;235;28634;1721;30590;"2025-09-25 11:27:35"
9314;"2023-06-01";171;130;81551;2325;84006;118;2795;411;3324;165;13018;2381;15564;11;287;353;651;424;97651;5470;103545;"2025-09-25 11:27:35"
9315;"2023-06-01";172;227;38495;155;38877;208;1526;55;1789;155;11598;842;12595;15;177;110;302;605;51796;1162;53563;"2025-09-25 11:27:35"
9316;"2023-06-01";173;78;13771;156;14005;50;742;69;861;98;7825;356;8279;12;74;47;133;238;22412;628;23278;"2025-09-25 11:27:35"
9317;"2023-06-01";174;176;120707;1762;122645;138;3054;626;3818;198;22731;2047;24976;21;423;922;1366;533;146915;5357;152805;"2025-09-25 11:27:35"
9318;"2023-06-01";175;107;13272;98723;112102;60;646;2221;2927;187;9190;452;9829;4;158;40;202;358;23266;101436;125060;"2025-09-25 11:27:35"
9319;"2023-06-01";176;197;111502;2326;114025;148;3394;704;4246;203;21561;3475;25239;16;386;851;1253;564;136843;7356;144763;"2025-09-25 11:27:35"
9320;"2023-06-01";177;80;20701;140;20921;44;812;96;952;106;8048;507;8661;7;97;49;153;237;29658;792;30687;"2025-09-25 11:27:35"
9321;"2023-06-01";178;95;23652;211;23958;59;1243;113;1415;114;11095;733;11942;8;194;135;337;276;36184;1192;37652;"2025-09-25 11:27:35"
9322;"2023-06-01";179;132;16012;171;16315;58;731;111;900;109;9592;199;9900;13;79;27;119;312;26414;508;27234;"2025-09-25 11:27:35"
9323;"2023-06-01";180;82;18921;242;19245;42;763;69;874;89;8073;936;9098;3;126;90;219;216;27883;1337;29436;"2025-09-25 11:27:35"
9324;"2023-06-01";181;89;12983;83;13155;77;560;48;685;100;7006;284;7390;7;58;33;98;273;20607;448;21328;"2025-09-25 11:27:35"
9325;"2023-06-01";182;75;10879;92;11046;47;535;57;639;87;6213;132;6432;8;53;21;82;217;17680;302;18199;"2025-09-25 11:27:35"
9326;"2023-06-01";183;70;11943;15793;27806;50;553;345;948;85;6442;186;6713;11;78;23;112;216;19016;16347;35579;"2025-09-25 11:27:35"
9327;"2023-06-01";184;111;24016;74345;98472;77;1627;1275;2979;135;15278;230;15643;10;109;43;162;333;41030;75893;117256;"2025-09-25 11:27:35"
9328;"2023-06-01";185;96;25254;519;25869;50;982;950;1982;99;8059;506;8664;8;137;153;298;253;34432;2128;36813;"2025-09-25 11:27:35"
9330;"2023-06-01";187;139;117235;952;118326;90;3106;397;3593;119;22117;2650;24886;12;380;378;770;360;142838;4377;147575;"2025-09-25 11:27:35"
9331;"2023-06-01";188;223;116738;1704;118665;153;3878;550;4581;232;25725;1957;27914;16;496;382;894;624;146837;4593;152054;"2025-09-25 11:27:35"
9332;"2023-06-01";189;63;13979;39;14081;35;671;54;760;68;6480;590;7138;15;81;40;136;181;21211;723;22115;"2025-09-25 11:27:35"
9333;"2023-06-01";190;198;187806;2496;190500;115;5157;790;6062;231;25852;3577;29660;18;588;452;1058;562;219403;7315;227280;"2025-09-25 11:27:35"
9334;"2023-06-01";44;48;9959;36;10043;39;412;20;471;41;5355;186;5582;2;64;62;128;130;15790;304;16224;"2025-09-25 11:27:35"
9335;"2023-06-01";192;149;58012;623;58784;84;2086;271;2441;159;17883;1039;19081;14;215;148;377;406;78196;2081;80683;"2025-09-25 11:27:35"
9336;"2023-06-01";193;97;26925;417;27439;58;1236;121;1415;131;10305;278;10714;10;135;79;224;296;38601;895;39792;"2025-09-25 11:27:35"
9337;"2023-06-01";194;103;11136;62;11301;50;440;41;531;85;6996;84;7165;13;47;15;75;251;18619;202;19072;"2025-09-25 11:27:35"
9338;"2023-06-01";195;124;36426;425;36975;90;1667;254;2011;170;17133;1044;18347;15;187;161;363;399;55413;1884;57696;"2025-09-25 11:27:35"
9339;"2023-06-01";196;69;19939;165;20173;47;819;43;909;89;11152;984;12225;7;128;151;286;212;32038;1343;33593;"2025-09-25 11:27:35"
9340;"2023-06-01";197;238;63180;1000;64418;232;2159;303;2694;248;19227;1181;20656;44;298;232;574;762;84864;2716;88342;"2025-09-25 11:27:35"
9341;"2023-06-01";198;75;12756;113;12944;50;619;55;724;116;6018;112;6246;13;65;27;105;254;19458;307;20019;"2025-09-25 11:27:35"
9342;"2023-06-01";199;57;5965;34;6056;31;282;27;340;59;3832;47;3938;2;31;8;41;149;10110;116;10375;"2025-09-25 11:27:35"
9343;"2023-06-01";200;130;40711;484;41325;74;1634;144;1852;140;14699;720;15559;26;215;150;391;370;57259;1498;59127;"2025-09-25 11:27:35"
9344;"2023-06-01";201;131;44500;392;45023;89;1785;247;2121;137;16235;1527;17899;13;219;344;576;370;62739;2510;65619;"2025-09-25 11:27:35"
9345;"2023-06-01";202;105;22555;176;22836;61;734;78;873;107;8464;201;8772;19;102;39;160;292;31855;494;32641;"2025-09-25 11:27:35"
9346;"2023-06-01";203;62;4180;371;4613;23;261;206;490;67;1407;30;1504;8;21;2;31;160;5869;609;6638;"2025-09-25 11:27:35"
9347;"2023-06-01";204;133;19891;118;20142;65;651;79;795;123;6617;114;6854;10;117;31;158;331;27276;342;27949;"2025-09-25 11:27:35"
9348;"2023-06-01";205;86;19383;94;19563;86;881;83;1050;142;12084;838;13064;12;103;104;219;326;32451;1119;33896;"2025-09-25 11:27:35"
9349;"2023-06-01";206;79;17638;142;17859;42;646;50;738;87;7811;617;8515;11;89;153;253;219;26184;962;27365;"2025-09-25 11:27:35"
9350;"2023-06-01";207;63;9809;40;9912;70;446;45;561;83;5959;114;6156;10;68;14;92;226;16282;213;16721;"2025-09-25 11:27:35"
9351;"2023-06-01";208;125;56043;312;56480;71;1884;365;2320;109;12928;1539;14576;10;228;286;524;315;71083;2502;73900;"2025-09-25 11:27:35"
9352;"2023-06-01";209;145;104120;1417;105682;88;3017;798;3903;200;17840;4406;22446;10;418;1749;2177;443;125395;8370;134208;"2025-09-25 11:27:35"
9353;"2023-06-01";210;165;122796;1990;124951;92;3017;312;3421;102;18005;1022;19129;22;380;294;696;381;144198;3618;148197;"2025-09-25 11:27:35"
9355;"2023-06-01";212;129;93519;987;94635;96;2993;478;3567;129;11908;473;12510;13;275;160;448;367;108695;2098;111160;"2025-09-25 11:27:35"
9356;"2023-06-01";213;100;23921;196;24217;72;873;170;1115;108;9282;253;9643;13;68;173;254;293;34144;792;35229;"2025-09-25 11:27:35"
9358;"2023-06-01";215;252;237981;2493;240726;171;6438;521;7130;235;40790;4543;45568;33;711;576;1320;691;285920;8133;294744;"2025-09-25 11:27:35"
9359;"2023-06-01";216;103;14073;155;14331;57;547;114;718;131;6223;156;6510;8;58;31;97;299;20901;456;21656;"2025-09-25 11:27:35"
9360;"2023-06-01";217;113;42901;497;43511;98;1452;191;1741;106;13737;2633;16476;13;170;634;817;330;58260;3955;62545;"2025-09-25 11:27:35"
9361;"2023-06-01";218;105;46564;708;47377;76;1503;198;1777;142;10489;519;11150;13;169;113;295;336;58725;1538;60599;"2025-09-25 11:27:35"
9362;"2023-06-01";219;95;13492;65;13652;60;521;58;639;90;7165;487;7742;9;136;146;291;254;21314;756;22324;"2025-09-25 11:27:35"
9363;"2023-06-01";220;167;147729;1262;149158;102;4278;791;5171;149;22414;7041;29604;20;560;1606;2186;438;174981;10700;186119;"2025-09-25 11:27:35"
9364;"2023-06-01";221;65;10315;64;10444;56;424;47;527;93;4593;555;5241;13;52;102;167;227;15384;768;16379;"2025-09-25 11:27:35"
9365;"2023-06-01";222;213;141637;2946;144796;179;3474;1025;4678;241;26988;2330;29559;30;445;427;902;663;172544;6728;179935;"2025-09-25 11:27:35"
9366;"2023-06-01";223;75;24943;178;25196;73;1070;103;1246;99;10407;408;10914;9;139;64;212;256;36559;753;37568;"2025-09-25 11:27:35"
9367;"2023-06-01";224;137;86673;1276;88086;69;2002;471;2542;137;10527;971;11635;12;138;150;300;355;99340;2868;102563;"2025-09-25 11:27:35"
9368;"2023-06-01";225;69;90528;3720;94317;32;1976;452;2460;54;11118;1649;12821;4;179;241;424;159;103801;6062;110022;"2025-09-25 11:27:35"
9369;"2023-06-01";226;245;152993;57604;210842;222;2183;1345;3750;146;10557;965;11668;11;198;183;392;624;165931;60097;226652;"2025-09-25 11:27:35"
9370;"2023-06-01";227;184;100003;1583;101770;172;2318;285;2775;131;16753;1384;18268;14;274;333;621;501;119348;3585;123434;"2025-09-25 11:27:35"
9371;"2023-06-01";228;91;86575;721;87387;38;2039;166;2243;91;7771;906;8768;9;233;246;488;229;96618;2039;98886;"2025-09-25 11:27:35"
9372;"2023-06-01";229;102;42687;733;43522;82;1735;251;2068;117;8851;307;9275;11;142;72;225;312;53415;1363;55090;"2025-09-25 11:27:35"
9373;"2023-06-01";230;62;16125;97;16284;64;552;42;658;104;7767;168;8039;9;69;77;155;239;24513;384;25136;"2025-09-25 11:27:35"
9374;"2023-06-01";231;81;32694;32009;64784;60;1097;289;1446;76;10225;531;10832;7;239;230;476;224;44255;33059;77538;"2025-09-25 11:27:35"
9375;"2023-06-01";232;57;13232;163;13452;59;507;90;656;115;6484;146;6745;10;69;25;104;241;20292;424;20957;"2025-09-25 11:27:35"
9376;"2023-06-01";233;86;15529;96;15711;56;607;76;739;133;8104;399;8636;13;68;69;150;288;24308;640;25236;"2025-09-25 11:27:35"
9378;"2023-06-01";235;245;77208;960;78413;140;3032;153;3325;326;27437;613;28376;39;235;141;415;750;107912;1867;110529;"2025-09-25 11:27:35"
9379;"2023-06-01";236;588;244618;264935;510141;359;7380;6570;14309;689;56046;3501;60236;41;1096;521;1658;1677;309140;275527;586344;"2025-09-25 11:27:35"
9381;"2023-07-01";1;162;211275;19167;230604;56;4042;561;4659;179;13623;2581;16383;18;344;149;511;415;229284;22458;252157;"2025-09-25 11:27:44"
9382;"2023-07-01";2;110;128920;5115;134145;42;3469;806;4317;155;12225;2493;14873;6;197;222;425;313;144811;8636;153760;"2025-09-25 11:27:44"
9383;"2023-07-01";3;105;60976;2101;63182;68;2308;717;3093;132;7163;1289;8584;14;134;112;260;319;70581;4219;75119;"2025-09-25 11:27:44"
9384;"2023-07-01";4;119;66670;2055;68844;90;1726;186;2002;128;16123;2493;18744;10;357;525;892;347;84876;5259;90482;"2025-09-25 11:27:44"
9385;"2023-07-01";5;94;100042;3082;103218;46;3243;342;3631;146;9414;2194;11754;11;180;173;364;297;112879;5791;118967;"2025-09-25 11:27:44"
9386;"2023-07-01";6;92;80669;3206;83967;44;2283;354;2681;183;9006;1692;10881;11;115;231;357;330;92073;5483;97886;"2025-09-25 11:27:44"
9387;"2023-07-01";7;108;115887;10188;126183;62;4385;550;4997;132;14164;2716;17012;7;307;164;478;309;134743;13618;148670;"2025-09-25 11:27:44"
9388;"2023-07-01";8;57;71824;3538;75419;29;2885;465;3379;76;10976;2293;13345;10;171;106;287;172;85856;6402;92430;"2025-09-25 11:27:44"
9389;"2023-07-01";9;83;129528;5502;135113;52;3543;827;4422;173;10110;2144;12427;10;239;254;503;318;143420;8727;152465;"2025-09-25 11:27:44"
9390;"2023-07-01";10;95;76894;4683;81672;50;2485;604;3139;125;8107;2043;10275;12;175;171;358;282;87661;7501;95444;"2025-09-25 11:27:44"
9391;"2023-07-01";11;104;82788;2683;85575;56;2762;158;2976;138;9897;2182;12217;10;177;100;287;308;95624;5123;101055;"2025-09-25 11:27:44"
9392;"2023-07-01";12;114;94659;1161;95934;45;2382;134;2561;123;6605;1183;7911;16;131;209;356;298;103777;2687;106762;"2025-09-25 11:27:44"
9393;"2023-07-01";13;92;102052;4412;106556;56;2671;681;3408;165;9526;2221;11912;20;232;458;710;333;114481;7772;122586;"2025-09-25 11:27:44"
9394;"2023-07-01";14;206;77666;3217;81089;100;2152;428;2680;132;5997;1799;7928;8;136;108;252;446;85951;5552;91949;"2025-09-25 11:27:44"
9395;"2023-07-01";15;188;151910;4124;156222;133;3059;692;3884;181;10695;4766;15642;16;264;161;441;518;165928;9743;176189;"2025-09-25 11:27:44"
9396;"2023-07-01";16;123;82244;8103;90470;47;1888;889;2824;179;8630;1870;10679;18;198;99;315;367;92960;10961;104288;"2025-09-25 11:27:44"
9397;"2023-07-01";17;96;105576;2123;107795;49;3016;1128;4193;144;8695;1739;10578;9;179;108;296;298;117466;5098;122862;"2025-09-25 11:27:44"
9398;"2023-07-01";18;131;207384;7192;214707;97;4259;1711;6067;166;18229;5008;23403;15;364;384;763;409;230236;14295;244940;"2025-09-25 11:27:44"
9399;"2023-07-01";19;127;127754;4413;132294;60;3274;754;4088;140;11369;2931;14440;7;270;432;709;334;142667;8530;151531;"2025-09-25 11:27:44"
9400;"2023-07-01";20;132;118240;2969;121341;58;3903;170;4131;169;13695;4408;18272;14;442;624;1080;373;136280;8171;144824;"2025-09-25 11:27:44"
9401;"2023-07-01";21;247;65436;1322;67005;122;1933;66;2121;147;5219;784;6150;12;125;27;164;528;72713;2199;75440;"2025-09-25 11:27:44"
9402;"2023-07-01";22;96;112825;4094;117015;43;3241;737;4021;138;10094;1996;12228;16;155;193;364;293;126315;7020;133628;"2025-09-25 11:27:44"
9403;"2023-07-01";23;1587;39412;584;41583;1553;1533;260;3346;343;3665;1588;5596;100;83;92;275;3583;44693;2524;50800;"2025-09-25 11:27:44"
9404;"2023-07-01";63;124;88208;1102;89434;114;1889;301;2304;92;10047;893;11032;6;192;260;458;336;100336;2556;103228;"2025-09-25 11:27:44"
9405;"2023-07-01";25;80;91380;5941;97401;33;3280;534;3847;123;11811;2821;14755;15;197;327;539;251;106668;9623;116542;"2025-09-25 11:27:44"
9406;"2023-07-01";146;1958;650765;12401;665124;1674;21338;3035;26047;2661;154496;9121;166278;244;2916;1915;5075;6537;829515;26472;862524;"2025-09-25 11:27:44"
9408;"2023-07-01";28;98;66608;2442;69148;63;2105;810;2978;108;9684;3225;13017;14;175;659;848;283;78572;7136;85991;"2025-09-25 11:27:44"
9409;"2023-07-01";29;79;72407;797;73283;55;2127;558;2740;119;10916;1313;12348;11;233;207;451;264;85683;2875;88822;"2025-09-25 11:27:44"
9410;"2023-07-01";77;285;137802;2836;140923;212;2765;539;3516;224;16295;3188;19707;17;334;593;944;738;157196;7156;165090;"2025-09-25 11:27:44"
9411;"2023-07-01";57;67;57407;742;58216;41;1239;152;1432;76;4643;319;5038;6;140;48;194;190;63429;1261;64880;"2025-09-25 11:27:44"
9412;"2023-07-01";32;74;85482;1477;87033;29;1991;337;2357;65;10131;1463;11659;1;206;259;466;169;97810;3536;101515;"2025-09-25 11:27:44"
9413;"2023-07-01";33;125;112405;18494;131024;61;2855;540;3456;166;13097;2245;15508;11;184;535;730;363;128541;21814;150718;"2025-09-25 11:27:44"
9414;"2023-07-01";79;87;107999;1503;109589;42;2200;274;2516;92;11311;1704;13107;8;252;337;597;229;121762;3818;125809;"2025-09-25 11:27:44"
9415;"2023-07-01";35;98;66155;2527;68780;66;2168;318;2552;115;14612;2308;17035;13;199;326;538;292;83134;5479;88905;"2025-09-25 11:27:44"
9416;"2023-07-01";36;105;92381;3408;95894;54;2780;337;3171;104;12964;2004;15072;9;192;288;489;272;108317;6037;114626;"2025-09-25 11:27:44"
9417;"2023-07-01";60;285;186934;8612;195831;317;4344;326;4987;196;18992;2302;21490;33;464;488;985;831;210734;11728;223293;"2025-09-25 11:27:44"
9418;"2023-07-01";38;51;57931;56629;114611;24;1475;1056;2555;79;5696;1185;6960;11;129;369;509;165;65231;59239;124635;"2025-09-25 11:27:44"
9419;"2023-07-01";39;297;100156;11336;111789;496;1655;545;2696;186;8415;2246;10847;29;174;705;908;1008;110400;14832;126240;"2025-09-25 11:27:44"
9420;"2023-07-01";40;82;26597;1362;28041;49;1007;294;1350;86;4147;370;4603;10;49;51;110;227;31800;2077;34104;"2025-09-25 11:27:44"
9422;"2023-07-01";42;135;149398;12284;161817;62;3214;265;3541;124;13231;2166;15521;9;294;497;800;330;166137;15212;181679;"2025-09-25 11:27:44"
9424;"2023-07-01";44;0;45;2;47;0;14;7;21;1;70;148;219;0;0;59;59;1;129;216;346;"2025-09-25 11:27:44"
9426;"2023-07-01";46;192;241497;10736;252425;109;4996;750;5855;176;29787;5427;35390;13;532;566;1111;490;276812;17479;294781;"2025-09-25 11:27:44"
9427;"2023-07-01";47;120;117928;1683;119731;122;2972;508;3602;293;19743;2843;22879;58;372;289;719;593;141015;5323;146931;"2025-09-25 11:27:44"
9431;"2023-07-01";51;174;193105;3075;196354;197;3061;630;3888;209;16029;1304;17542;13;416;154;583;593;212611;5163;218367;"2025-09-25 11:27:44"
9434;"2023-07-01";54;122;26882;15540;42544;52;1160;431;1643;157;10182;759;11098;9;149;83;241;340;38373;16813;55526;"2025-09-25 11:27:44"
9435;"2023-07-01";55;111;94920;144667;239698;63;3318;2009;5390;115;23492;2768;26375;15;562;325;902;304;122292;149769;272365;"2025-09-25 11:27:44"
9436;"2023-07-01";56;322;218447;28333;247102;392;5447;901;6740;171;29886;3529;33586;22;513;481;1016;907;254293;33244;288444;"2025-09-25 11:27:44"
9438;"2023-07-01";58;191;141385;3476;145052;100;4320;126;4546;136;17081;4695;21912;19;399;879;1297;446;163185;9176;172807;"2025-09-25 11:27:44"
9439;"2023-07-01";59;149;203682;37715;241546;85;4845;1124;6054;105;21541;3072;24718;12;377;323;712;351;230445;42234;273030;"2025-09-25 11:27:44"
9441;"2023-07-01";61;179;196684;5007;201870;101;3247;687;4035;156;12200;3330;15686;10;367;520;897;446;212498;9544;222488;"2025-09-25 11:27:44"
9442;"2023-07-01";62;69;8760;132;8961;50;515;70;635;123;3828;60;4011;2;49;10;61;244;13152;272;13668;"2025-09-25 11:27:44"
9445;"2023-07-01";65;190;171579;3971;175740;151;4537;412;5100;197;26814;8032;35043;27;638;914;1579;565;203568;13329;217462;"2025-09-25 11:27:44"
9451;"2023-07-01";71;81;71653;2899;74633;46;2264;572;2882;104;14012;4029;18145;10;305;458;773;241;88234;7958;96433;"2025-09-25 11:27:44"
9454;"2023-07-01";74;126;170770;2814;173710;98;3278;367;3743;412;15727;2405;18544;22;563;305;890;658;190338;5891;196887;"2025-09-25 11:27:44"
9460;"2023-07-01";80;169;106555;1234;107958;87;2629;684;3400;167;20355;4131;24653;11;371;1003;1385;434;129910;7052;137396;"2025-09-25 11:27:44"
9463;"2023-07-01";83;350;173491;1091;174932;241;3456;481;4178;259;15135;1891;17285;65;597;162;824;915;192679;3625;197219;"2025-09-25 11:27:44"
9465;"2023-07-01";85;152;24688;206;25046;87;1181;144;1412;171;6612;208;6991;21;122;44;187;431;32603;602;33636;"2025-09-25 11:27:44"
9466;"2023-07-01";86;301;172084;1857;174242;159;4374;343;4876;191;19600;2556;22347;21;392;284;697;672;196450;5040;202162;"2025-09-25 11:27:44"
9467;"2023-07-01";87;101;112696;3361;116158;77;2611;751;3439;80;13182;2208;15470;10;339;163;512;268;128828;6483;135579;"2025-09-25 11:27:44"
9468;"2023-07-01";88;71;105367;2414;107852;23;2250;521;2794;37;9635;1445;11117;1;215;132;348;132;117467;4512;122111;"2025-09-25 11:27:44"
9469;"2023-07-01";89;459;28515;292;29266;109;539;31;679;122;1901;369;2392;13;65;10;88;703;31020;702;32425;"2025-09-25 11:27:44"
9470;"2023-07-01";90;122;87431;1640;89193;78;2480;446;3004;106;10505;2339;12950;9;200;194;403;315;100616;4619;105550;"2025-09-25 11:27:44"
9471;"2023-07-01";91;182;167771;813;168766;101;5105;2577;7783;127;30573;5168;35868;13;619;358;990;423;204068;8916;213407;"2025-09-25 11:27:44"
9472;"2023-07-01";92;85;61081;1166;62332;77;1694;302;2073;99;8544;1427;10070;12;171;153;336;273;71490;3048;74811;"2025-09-25 11:27:44"
9473;"2023-07-01";93;126;88416;1010;89552;75;2278;168;2521;94;9215;4211;13520;9;174;257;440;304;100083;5646;106033;"2025-09-25 11:27:44"
9474;"2023-07-01";94;244;199322;2613;202179;113;5352;1529;6994;196;30949;4335;35480;8;647;698;1353;561;236270;9175;246006;"2025-09-25 11:27:44"
9475;"2023-07-01";95;361;265825;2059;268245;201;7736;1082;9019;228;43415;6040;49683;27;1034;481;1542;817;318010;9662;328489;"2025-09-25 11:27:44"
9476;"2023-07-01";96;85;31810;725;32620;43;1276;73;1392;85;5477;685;6247;12;87;53;152;225;38650;1536;40411;"2025-09-25 11:27:44"
9477;"2023-07-01";97;283;253768;5599;259650;206;8136;1176;9518;211;34934;6078;41223;29;597;562;1188;729;297435;13415;311579;"2025-09-25 11:27:44"
9478;"2023-07-01";101;184;179186;4207;183577;64;2573;1289;3926;108;7964;2071;10143;11;328;230;569;367;190051;7797;198215;"2025-09-25 11:27:44"
9479;"2023-07-01";102;165;68304;1067;69536;65;2167;212;2444;76;7604;1292;8972;3;176;146;325;309;78251;2717;81277;"2025-09-25 11:27:44"
9480;"2023-07-01";103;210;63787;2058;66055;56;2316;274;2646;105;9047;1589;10741;17;160;133;310;388;75310;4054;79752;"2025-09-25 11:27:44"
9481;"2023-07-01";104;129;175875;4764;180768;158;4844;1484;6486;160;20981;3020;24161;24;504;577;1105;471;202204;9845;212520;"2025-09-25 11:27:44"
9482;"2023-07-01";105;251;141391;1868;143510;93;2254;108;2455;62;6819;1481;8362;3;233;138;374;409;150697;3595;154701;"2025-09-25 11:27:44"
9483;"2023-07-01";106;216;94042;931;95189;166;2848;598;3612;102;8302;2058;10462;13;194;130;337;497;105386;3717;109600;"2025-09-25 11:27:44"
9484;"2023-07-01";107;153;70699;1331;72183;92;2547;112;2751;97;6694;1714;8505;24;141;95;260;366;80081;3252;83699;"2025-09-25 11:27:44"
9485;"2023-07-01";108;176;221616;1789;223581;106;6775;430;7311;157;37445;6259;43861;21;638;459;1118;460;266474;8937;275871;"2025-09-25 11:27:44"
9486;"2023-07-01";109;190;134145;2571;136906;165;5294;1146;6605;226;23155;3867;27248;13;371;331;715;594;162965;7915;171474;"2025-09-25 11:27:44"
9487;"2023-07-01";110;70;122425;2414;124909;41;4212;635;4888;36;18769;2538;21343;3;401;368;772;150;145807;5955;151912;"2025-09-25 11:27:44"
9488;"2023-07-01";111;155;89594;702;90451;99;3200;480;3779;134;19103;3256;22493;14;831;286;1131;402;112728;4724;117854;"2025-09-25 11:27:44"
9489;"2023-07-01";112;154;110882;2343;113379;123;2305;619;3047;120;9943;3825;13888;11;317;163;491;408;123447;6950;130805;"2025-09-25 11:27:44"
9490;"2023-07-01";113;93;74046;1301;75440;28;2340;905;3273;38;9296;1670;11004;0;175;133;308;159;85857;4009;90025;"2025-09-25 11:27:44"
9491;"2023-07-01";114;173;104046;701;104920;94;3849;442;4385;154;19250;2914;22318;13;454;231;698;434;127599;4288;132321;"2025-09-25 11:27:44"
9492;"2023-07-01";115;242;50990;395;51627;100;1805;588;2493;250;12169;845;13264;11;259;87;357;603;65223;1915;67741;"2025-09-25 11:27:44"
9493;"2023-07-01";116;184;51637;358;52179;83;2090;694;2867;210;14170;6044;20424;9;268;349;626;486;68165;7445;76096;"2025-09-25 11:27:44"
9494;"2023-07-01";117;91;17498;91;17680;72;758;185;1015;156;6312;4457;10925;7;135;518;660;326;24703;5251;30280;"2025-09-25 11:27:44"
9495;"2023-07-01";118;86;98966;1164;100216;63;2913;550;3526;71;10410;2299;12780;9;283;165;457;229;112572;4178;116979;"2025-09-25 11:27:44"
9496;"2023-07-01";119;45;179189;2869;182103;32;3673;673;4378;37;11802;3717;15556;8;468;179;655;122;195132;7438;202692;"2025-09-25 11:27:44"
9497;"2023-07-01";120;20;143689;727;144436;17;2010;195;2222;23;5054;1412;6489;0;224;37;261;60;150977;2371;153408;"2025-09-25 11:27:44"
9498;"2023-07-01";121;388;115261;1588;117237;186;3995;1284;5465;255;21365;4608;26228;22;609;428;1059;851;141230;7908;149989;"2025-09-25 11:27:44"
9499;"2023-07-01";122;120;58612;314;59046;96;1383;174;1653;88;5973;2103;8164;9;136;310;455;313;66104;2901;69318;"2025-09-25 11:27:44"
9500;"2023-07-01";123;256;150025;2200;152481;267;4739;437;5443;204;18342;2840;21386;26;488;262;776;753;173594;5739;180086;"2025-09-25 11:27:44"
9501;"2023-07-01";124;202;100146;1010;101358;87;3530;675;4292;127;18848;4260;23235;16;431;525;972;432;122955;6470;129857;"2025-09-25 11:27:44"
9502;"2023-07-01";125;262;203405;2319;205986;101;5737;2656;8494;180;30628;6368;37176;18;611;302;931;561;240381;11645;252587;"2025-09-25 11:27:44"
9503;"2023-07-01";126;358;279152;3695;283205;166;8141;2213;10520;251;35886;7184;43321;23;876;1006;1905;798;324055;14098;338951;"2025-09-25 11:27:44"
9504;"2023-07-01";127;185;65443;4096;69724;76;2925;772;3773;154;20892;2743;23789;12;318;385;715;427;89578;7996;98001;"2025-09-25 11:27:44"
9505;"2023-07-01";128;197;120731;1002;121930;94;2680;330;3104;146;15857;2271;18274;10;314;152;476;447;139582;3755;143784;"2025-09-25 11:27:44"
9506;"2023-07-01";129;391;430735;3148;434274;216;10631;2708;13555;288;62782;7615;70685;74;1544;631;2249;969;505692;14102;520763;"2025-09-25 11:27:44"
9508;"2023-07-01";131;75;15209;113;15397;55;792;50;897;79;7904;270;8253;11;81;30;122;220;23986;463;24669;"2025-09-25 11:27:44"
9509;"2023-07-01";132;72;10798;142;11012;48;477;93;618;118;4861;381;5360;4;76;227;307;242;16212;843;17297;"2025-09-25 11:27:44"
9510;"2023-07-01";133;68;11950;124;12142;61;636;90;787;105;6272;670;7047;15;66;74;155;249;18924;958;20131;"2025-09-25 11:27:44"
9511;"2023-07-01";134;86;17141;119;17346;60;720;95;875;116;8224;179;8519;11;82;38;131;273;26167;431;26871;"2025-09-25 11:27:44"
9512;"2023-07-01";135;72;19793;236;20101;56;828;99;983;78;7986;688;8752;9;102;84;195;215;28709;1107;30031;"2025-09-25 11:27:44"
9513;"2023-07-01";136;81;46310;291;46682;70;2196;219;2485;114;13793;1373;15280;14;205;147;366;279;62504;2030;64813;"2025-09-25 11:27:44"
9514;"2023-07-01";137;103;53880;695;54678;74;1802;177;2053;156;13708;1719;15583;8;315;880;1203;341;69705;3471;73517;"2025-09-25 11:27:44"
9515;"2023-07-01";138;34;16871;155;17060;26;596;35;657;28;3228;580;3836;7;69;46;122;95;20764;816;21675;"2025-09-25 11:27:44"
9516;"2023-07-01";139;71;43337;261;43669;65;1553;88;1706;82;9079;1054;10215;6;189;77;272;224;54158;1480;55862;"2025-09-25 11:27:44"
9517;"2023-07-01";140;1;8;0;9;0;3;0;3;0;8;0;8;0;0;0;0;1;19;0;20;"2025-09-25 11:27:44"
9518;"2023-07-01";141;208;85704;1036;86948;115;2284;277;2676;174;12103;1082;13359;14;297;251;562;511;100388;2646;103545;"2025-09-25 11:27:44"
9519;"2023-07-01";142;60;87233;1767;89060;115;2102;924;3141;65;11177;1762;13004;4;316;212;532;244;100828;4665;105737;"2025-09-25 11:27:44"
9520;"2023-07-01";143;149;90594;2046;92789;118;2531;494;3143;131;14606;2059;16796;8;361;216;585;406;108092;4815;113313;"2025-09-25 11:27:44"
9521;"2023-07-01";144;135;120807;4604;125546;92;3117;695;3904;128;15642;2320;18090;13;484;309;806;368;140050;7928;148346;"2025-09-25 11:27:44"
9522;"2023-07-01";145;211;92704;5801;98716;161;2973;408;3542;247;20065;1771;22083;26;397;289;712;645;116139;8269;125053;"2025-09-25 11:27:44"
9524;"2023-07-01";147;72;22407;61;22540;36;588;107;731;55;2230;387;2672;9;78;35;122;172;25303;590;26065;"2025-09-25 11:27:44"
9525;"2023-07-01";148;224;41668;1537;43429;127;1611;375;2113;218;12736;662;13616;25;192;131;348;594;56207;2705;59506;"2025-09-25 11:27:44"
9526;"2023-07-01";149;67;20197;1373;21637;43;1038;264;1345;92;8599;600;9291;7;107;70;184;209;29941;2307;32457;"2025-09-25 11:27:44"
9527;"2023-07-01";150;142;45222;854;46218;94;2114;385;2593;150;15201;1091;16442;30;175;81;286;416;62712;2411;65539;"2025-09-25 11:27:44"
9528;"2023-07-01";151;151;82338;628;83117;82;2462;343;2887;172;18695;2309;21176;13;434;778;1225;418;103929;4058;108405;"2025-09-25 11:27:44"
9529;"2023-07-01";152;131;39926;547;40604;75;1429;181;1685;186;12750;538;13474;31;178;156;365;423;54283;1422;56128;"2025-09-25 11:27:44"
9530;"2023-07-01";153;101;22813;193;23107;66;1162;335;1563;138;11228;388;11754;11;88;56;155;316;35291;972;36579;"2025-09-25 11:27:44"
9531;"2023-07-01";154;167;79938;949;81054;91;2547;485;3123;162;18766;1872;20800;22;347;426;795;442;101598;3732;105772;"2025-09-25 11:27:44"
9532;"2023-07-01";155;76;19310;145;19531;40;743;110;893;110;7638;456;8204;14;82;77;173;240;27773;788;28801;"2025-09-25 11:27:44"
9533;"2023-07-01";156;182;160463;2729;163374;142;4923;515;5580;181;23707;3717;27605;42;581;379;1002;547;189674;7340;197561;"2025-09-25 11:27:44"
9534;"2023-07-01";157;131;33709;292;34132;124;1435;316;1875;185;11526;722;12433;17;174;111;302;457;46844;1441;48742;"2025-09-25 11:27:44"
9535;"2023-07-01";158;100;115052;1752;116904;72;3885;671;4628;121;19586;2739;22446;11;457;407;875;304;138980;5569;144853;"2025-09-25 11:27:44"
9536;"2023-07-01";159;168;179598;1960;181726;148;4618;837;5603;213;20786;2415;23414;23;563;271;857;552;205565;5483;211600;"2025-09-25 11:27:44"
9537;"2023-07-01";160;75;11223;69;11367;53;493;63;609;122;5943;513;6578;13;59;77;149;263;17718;722;18703;"2025-09-25 11:27:44"
9538;"2023-07-01";161;76;24177;189;24442;45;1028;79;1152;192;10626;237;11055;19;126;47;192;332;35957;552;36841;"2025-09-25 11:27:44"
9539;"2023-07-01";162;147;40697;327;41171;92;1401;210;1703;141;12100;785;13026;21;202;145;368;401;54400;1467;56268;"2025-09-25 11:27:44"
9541;"2023-07-01";257;110;19603;167;19880;67;1307;90;1464;148;10576;267;10991;14;93;50;157;339;31579;574;32492;"2025-09-25 11:27:44"
9542;"2023-07-01";258;208;113748;2126;116082;125;3240;539;3904;204;19278;3127;22609;20;424;685;1129;557;136690;6477;143724;"2025-09-25 11:27:44"
9543;"2023-07-01";259;113;33166;591;33870;71;1534;165;1770;131;13437;1071;14639;7;239;148;394;322;48376;1975;50673;"2025-09-25 11:27:44"
9544;"2023-07-01";260;138;28785;779;29702;91;1203;174;1468;181;12589;433;13203;16;156;67;239;426;42733;1453;44612;"2025-09-25 11:27:44"
9545;"2023-07-01";261;70;8709;61;8840;42;470;56;568;100;4402;250;4752;6;38;41;85;218;13619;408;14245;"2025-09-25 11:27:44"
9546;"2023-07-01";262;86;18853;184;19123;60;875;121;1056;117;8629;254;9000;11;101;52;164;274;28458;611;29343;"2025-09-25 11:27:44"
9547;"2023-07-01";263;68;9864;60;9992;60;404;21;485;95;5164;61;5320;9;42;16;67;232;15474;158;15864;"2025-09-25 11:27:44"
9548;"2023-07-01";264;104;43603;255;43962;115;1656;415;2186;194;12253;2324;14771;25;220;198;443;438;57732;3192;61362;"2025-09-25 11:27:44"
9549;"2023-07-01";265;179;111626;1873;113678;140;4088;472;4700;217;24345;3055;27617;16;356;437;809;552;140415;5837;146804;"2025-09-25 11:27:44"
9550;"2023-07-01";266;78;9582;58;9718;55;419;69;543;119;4921;272;5312;6;63;29;98;258;14985;428;15671;"2025-09-25 11:27:44"
9551;"2023-07-01";267;74;7766;33;7873;40;368;22;430;117;4415;91;4623;6;52;18;76;237;12601;164;13002;"2025-09-25 11:27:44"
9552;"2023-07-01";268;143;152285;3229;155657;102;3511;948;4561;125;19640;2589;22354;14;484;390;888;384;175920;7156;183460;"2025-09-25 11:27:44"
9553;"2023-07-01";269;302;136075;1884;138261;237;3271;593;4101;187;15992;1486;17665;24;302;238;564;750;155640;4201;160591;"2025-09-25 11:27:44"
9554;"2023-07-01";270;108;40290;2451;42849;116;1648;206;1970;162;15009;841;16012;6;231;129;366;392;57178;3627;61197;"2025-09-25 11:27:44"
9555;"2023-07-01";271;103;9380;41;9524;58;444;89;591;108;5002;101;5211;12;50;16;78;281;14876;247;15404;"2025-09-25 11:27:44"
9557;"2023-07-01";164;84;12185;180;12449;62;538;84;684;100;6527;735;7362;10;72;40;122;256;19322;1039;20617;"2025-09-25 11:27:44"
9558;"2023-07-01";165;97;20267;189;20553;74;1056;106;1236;136;12419;254;12809;7;110;40;157;314;33852;589;34755;"2025-09-25 11:27:44"
9559;"2023-07-01";166;66;10265;114;10445;39;436;66;541;64;4994;401;5459;2;43;68;113;171;15738;649;16558;"2025-09-25 11:27:44"
9560;"2023-07-01";167;91;73765;816;74672;70;2217;274;2561;88;14294;3477;17859;14;487;1635;2136;263;90763;6202;97228;"2025-09-25 11:27:44"
9561;"2023-07-01";168;50;9076;469;9595;33;425;58;516;65;3938;201;4204;1;66;20;87;149;13505;748;14402;"2025-09-25 11:27:44"
9562;"2023-07-01";169;145;51525;837;52507;121;1903;388;2412;200;15312;1718;17230;19;325;282;626;485;69065;3225;72775;"2025-09-25 11:27:44"
9563;"2023-07-01";170;83;19894;343;20320;51;794;265;1110;85;7856;990;8931;13;126;149;288;232;28670;1747;30649;"2025-09-25 11:27:44"
9564;"2023-07-01";171;129;81760;2316;84205;118;2789;406;3313;163;13049;2376;15588;11;291;352;654;421;97889;5450;103760;"2025-09-25 11:27:44"
9565;"2023-07-01";172;226;38504;155;38885;210;1528;55;1793;155;11644;838;12637;15;175;110;300;606;51851;1158;53615;"2025-09-25 11:27:44"
9566;"2023-07-01";173;77;13767;156;14000;50;736;69;855;98;7852;357;8307;12;74;47;133;237;22429;629;23295;"2025-09-25 11:27:44"
9567;"2023-07-01";174;175;121001;1762;122938;136;3059;627;3822;198;22798;2054;25050;21;429;922;1372;530;147287;5365;153182;"2025-09-25 11:27:44"
9568;"2023-07-01";175;106;13343;92780;106229;59;638;2272;2969;191;9205;448;9844;4;160;40;204;360;23346;95540;119246;"2025-09-25 11:27:44"
9569;"2023-07-01";176;195;111581;2314;114090;153;3358;706;4217;202;21586;3479;25267;17;394;850;1261;567;136919;7349;144835;"2025-09-25 11:27:44"
9570;"2023-07-01";177;78;20642;139;20859;44;820;94;958;105;8062;506;8673;8;98;49;155;235;29622;788;30645;"2025-09-25 11:27:44"
9571;"2023-07-01";178;91;23718;194;24003;59;1242;113;1414;114;11128;733;11975;8;199;135;342;272;36287;1175;37734;"2025-09-25 11:27:44"
9572;"2023-07-01";179;129;15999;169;16297;58;732;111;901;104;9595;198;9897;13;83;27;123;304;26409;505;27218;"2025-09-25 11:27:44"
9573;"2023-07-01";180;79;18853;241;19173;43;762;69;874;91;8090;939;9120;3;125;90;218;216;27830;1339;29385;"2025-09-25 11:27:44"
9574;"2023-07-01";181;90;13011;84;13185;75;565;48;688;108;6998;283;7389;7;58;33;98;280;20632;448;21360;"2025-09-25 11:27:44"
9575;"2023-07-01";182;74;10889;92;11055;48;536;57;641;88;6230;132;6450;8;53;21;82;218;17708;302;18228;"2025-09-25 11:27:44"
9576;"2023-07-01";183;70;11977;14550;26597;50;546;322;918;84;6453;185;6722;11;79;23;113;215;19055;15080;34350;"2025-09-25 11:27:44"
9577;"2023-07-01";184;111;24057;75335;99503;77;1632;1264;2973;138;15308;230;15676;10;106;43;159;336;41103;76872;118311;"2025-09-25 11:27:44"
9578;"2023-07-01";185;95;25242;569;25906;51;976;957;1984;95;8082;502;8679;8;140;153;301;249;34440;2181;36870;"2025-09-25 11:27:44"
9580;"2023-07-01";187;140;117427;943;118510;90;3094;395;3579;119;22161;2662;24942;12;380;381;773;361;143062;4381;147804;"2025-09-25 11:27:44"
9581;"2023-07-01";188;221;117130;1702;119053;152;3890;556;4598;231;25860;1948;28039;15;502;383;900;619;147382;4589;152590;"2025-09-25 11:27:44"
9582;"2023-07-01";189;64;14001;39;14104;35;667;53;755;69;6494;593;7156;16;82;40;138;184;21244;725;22153;"2025-09-25 11:27:44"
9583;"2023-07-01";190;198;188055;2494;190747;116;5141;789;6046;233;25896;3650;29779;19;598;454;1071;566;219690;7387;227643;"2025-09-25 11:27:44"
9585;"2023-07-01";192;148;58026;622;58796;83;2080;269;2432;159;17945;1047;19151;15;216;151;382;405;78267;2089;80761;"2025-09-25 11:27:44"
9586;"2023-07-01";193;97;26937;416;27450;58;1222;121;1401;131;10345;280;10756;10;138;79;227;296;38642;896;39834;"2025-09-25 11:27:44"
9587;"2023-07-01";194;104;11169;58;11331;51;440;41;532;85;7018;82;7185;15;45;15;75;255;18672;196;19123;"2025-09-25 11:27:44"
9588;"2023-07-01";195;124;36497;425;37046;90;1666;254;2010;171;17190;1043;18404;16;191;164;371;401;55544;1886;57831;"2025-09-25 11:27:44"
9589;"2023-07-01";196;69;19949;161;20179;46;815;43;904;89;11209;987;12285;8;129;150;287;212;32102;1341;33655;"2025-09-25 11:27:44"
9590;"2023-07-01";197;239;63268;950;64457;230;2156;304;2690;252;19274;1184;20710;47;300;230;577;768;84998;2668;88434;"2025-09-25 11:27:44"
9591;"2023-07-01";198;74;12787;113;12974;51;617;55;723;117;6032;112;6261;14;68;27;109;256;19504;307;20067;"2025-09-25 11:27:44"
9592;"2023-07-01";199;55;5957;34;6046;31;283;27;341;59;3829;47;3935;2;33;8;43;147;10102;116;10365;"2025-09-25 11:27:44"
9593;"2023-07-01";200;130;40700;480;41310;74;1629;144;1847;141;14714;722;15577;27;216;150;393;372;57259;1496;59127;"2025-09-25 11:27:44"
9594;"2023-07-01";201;130;44602;387;45119;89;1775;244;2108;137;16233;1526;17896;13;226;341;580;369;62836;2498;65703;"2025-09-25 11:27:44"
9595;"2023-07-01";202;110;22580;177;22867;61;729;78;868;107;8492;198;8797;21;105;41;167;299;31906;494;32699;"2025-09-25 11:27:44"
9596;"2023-07-01";203;60;4232;366;4658;23;258;206;487;68;1412;31;1511;8;20;2;30;159;5922;605;6686;"2025-09-25 11:27:44"
9597;"2023-07-01";204;136;19974;118;20228;64;650;80;794;122;6609;115;6846;14;115;31;160;336;27348;344;28028;"2025-09-25 11:27:44"
9598;"2023-07-01";205;87;19417;92;19596;86;876;83;1045;142;12159;836;13137;13;104;99;216;328;32556;1110;33994;"2025-09-25 11:27:44"
9599;"2023-07-01";206;79;17684;142;17905;43;646;50;739;87;7817;617;8521;13;89;154;256;222;26236;963;27421;"2025-09-25 11:27:44"
9600;"2023-07-01";207;62;9798;40;9900;70;449;45;564;83;5956;116;6155;10;71;14;95;225;16274;215;16714;"2025-09-25 11:27:44"
9601;"2023-07-01";208;125;56140;309;56574;71;1883;365;2319;108;12962;1529;14599;10;225;288;523;314;71210;2491;74015;"2025-09-25 11:27:44"
9602;"2023-07-01";209;143;104445;1419;106007;90;3011;799;3900;201;17922;4400;22523;12;419;1751;2182;446;125797;8369;134612;"2025-09-25 11:27:44"
9603;"2023-07-01";210;168;122927;1988;125083;92;3002;312;3406;101;18016;1015;19132;25;385;296;706;386;144330;3611;148327;"2025-09-25 11:27:44"
9605;"2023-07-01";212;124;93719;978;94821;91;2979;479;3549;129;11925;473;12527;13;276;160;449;357;108899;2090;111346;"2025-09-25 11:27:44"
9606;"2023-07-01";213;99;23990;196;24285;73;878;171;1122;108;9326;254;9688;12;67;174;253;292;34261;795;35348;"2025-09-25 11:27:44"
9607;"2023-07-01";214;49;11609;80;11738;50;482;39;571;98;3957;89;4144;6;52;27;85;203;16100;235;16538;"2025-09-25 11:27:44"
9608;"2023-07-01";215;251;238606;2489;241346;172;6437;522;7131;238;40910;4573;45721;33;713;575;1321;694;286666;8159;295519;"2025-09-25 11:27:44"
9609;"2023-07-01";216;103;14046;149;14298;57;542;114;713;130;6216;155;6501;8;59;31;98;298;20863;449;21610;"2025-09-25 11:27:44"
9610;"2023-07-01";217;111;42937;490;43538;98;1445;190;1733;105;13719;2627;16451;13;180;634;827;327;58281;3941;62549;"2025-09-25 11:27:44"
9611;"2023-07-01";218;103;46690;706;47499;76;1498;199;1773;140;10482;520;11142;13;169;113;295;332;58839;1538;60709;"2025-09-25 11:27:44"
9612;"2023-07-01";219;91;13468;64;13623;60;515;58;633;89;7145;485;7719;9;136;147;292;249;21264;754;22267;"2025-09-25 11:27:44"
9613;"2023-07-01";220;164;148051;1247;149462;102;4257;796;5155;149;22408;7034;29591;20;569;1605;2194;435;175285;10682;186402;"2025-09-25 11:27:44"
9614;"2023-07-01";221;64;10307;61;10432;56;423;47;526;92;4583;555;5230;13;52;102;167;225;15365;765;16355;"2025-09-25 11:27:44"
9615;"2023-07-01";222;213;141833;2938;144984;180;3462;1024;4666;242;26990;2339;29571;30;459;430;919;665;172744;6731;180140;"2025-09-25 11:27:44"
9616;"2023-07-01";223;75;24950;178;25203;74;1061;104;1239;99;10356;411;10866;9;139;64;212;257;36506;757;37520;"2025-09-25 11:27:44"
9617;"2023-07-01";224;135;86784;1287;88206;69;1984;471;2524;136;10527;968;11631;13;141;149;303;353;99436;2875;102664;"2025-09-25 11:27:44"
9618;"2023-07-01";225;65;90923;3723;94711;32;1970;448;2450;54;11150;1650;12854;4;181;232;417;155;104224;6053;110432;"2025-09-25 11:27:44"
9619;"2023-07-01";226;242;153884;57854;211980;219;2175;1331;3725;145;10606;959;11710;12;197;183;392;618;166862;60327;227807;"2025-09-25 11:27:44"
9620;"2023-07-01";227;184;100068;1585;101837;172;2311;282;2765;132;16788;1386;18306;14;280;330;624;502;119447;3583;123532;"2025-09-25 11:27:44"
9621;"2023-07-01";228;91;86648;726;87465;38;2025;165;2228;91;7828;912;8831;9;236;249;494;229;96737;2052;99018;"2025-09-25 11:27:44"
9622;"2023-07-01";229;100;42744;738;43582;82;1726;250;2058;118;8870;308;9296;12;144;72;228;312;53484;1368;55164;"2025-09-25 11:27:44"
9623;"2023-07-01";230;60;16134;97;16291;63;548;42;653;105;7752;169;8026;9;70;78;157;237;24504;386;25127;"2025-09-25 11:27:44"
9624;"2023-07-01";231;81;32656;33585;66322;59;1109;303;1471;77;10240;532;10849;7;241;237;485;224;44246;34657;79127;"2025-09-25 11:27:44"
9625;"2023-07-01";232;57;13241;162;13460;57;504;89;650;117;6494;146;6757;10;68;25;103;241;20307;422;20970;"2025-09-25 11:27:44"
9626;"2023-07-01";233;84;15515;96;15695;54;604;76;734;135;8133;402;8670;14;69;67;150;287;24321;641;25249;"2025-09-25 11:27:44"
9628;"2023-07-01";235;254;77197;957;78408;140;3015;151;3306;340;27369;619;28328;39;237;141;417;773;107818;1868;110459;"2025-09-25 11:27:44"
9629;"2023-07-01";236;603;245171;265892;511666;355;7349;6563;14267;694;56198;3486;60378;41;1124;527;1692;1693;309842;276468;588003;"2025-09-25 11:27:44"
9631;"2023-07-01";238;158;92451;2475;95084;147;2685;494;3326;255;18117;1412;19784;33;392;387;812;593;113645;4768;119006;"2025-09-25 11:27:44"
9633;"2023-07-01";240;113;39246;664;40023;78;1297;162;1537;126;6977;504;7607;14;156;215;385;331;47676;1545;49552;"2025-09-25 11:27:44"
9634;"2023-07-01";241;125;25904;472;26501;100;862;131;1093;182;6753;176;7111;8;124;42;174;415;33643;821;34879;"2025-09-25 11:27:44"
9635;"2023-07-01";242;108;33957;935;35000;92;1120;148;1360;108;5553;301;5962;6;132;98;236;314;40762;1482;42558;"2025-09-25 11:27:44"
9636;"2023-07-01";243;54;8807;55;8916;51;320;30;401;107;3343;47;3497;8;52;13;73;220;12522;145;12887;"2025-09-25 11:27:44"
9637;"2023-07-01";244;45;12274;190;12509;41;415;33;489;116;4140;77;4333;11;81;20;112;213;16910;320;17443;"2025-09-25 11:27:44"
9638;"2023-07-01";245;132;14907;159;15198;81;675;53;809;123;6216;137;6476;10;108;52;170;346;21906;401;22653;"2025-09-25 11:27:44"
9639;"2023-07-01";246;223;156571;2809;159603;168;4519;513;5200;231;26901;2228;29360;24;595;369;988;646;188586;5919;195151;"2025-09-25 11:27:44"
9640;"2023-07-01";247;52;14360;106;14518;50;495;60;605;128;4914;96;5138;6;84;28;118;236;19853;290;20379;"2025-09-25 11:27:44"
9641;"2023-07-01";248;108;14263;218;14589;93;599;75;767;145;6211;159;6515;17;85;35;137;363;21158;487;22008;"2025-09-25 11:27:44"
9642;"2023-07-01";249;56;16982;140;17178;63;727;37;827;134;7008;141;7283;14;76;18;108;267;24793;336;25396;"2025-09-25 11:27:44"
9643;"2023-07-01";250;306;119655;2564;122525;280;3237;632;4149;269;18853;2733;21855;18;490;402;910;873;142235;6331;149439;"2025-09-25 11:27:44"
9644;"2023-07-01";251;60;16046;399;16505;60;630;129;819;117;3370;131;3618;9;106;40;155;246;20152;699;21097;"2025-09-25 11:27:44"
9645;"2023-07-01";252;106;17352;297;17755;83;816;92;991;122;8641;141;8904;14;84;36;134;325;26893;566;27784;"2025-09-25 11:27:44"
9646;"2023-07-01";253;122;27684;255;28061;107;1264;281;1652;179;11749;442;12370;22;133;64;219;430;40830;1042;42302;"2025-09-25 11:27:44"
9647;"2023-07-01";254;62;9660;61;9783;62;310;53;425;102;3306;50;3458;11;58;21;90;237;13334;185;13756;"2025-09-25 11:27:44"
9648;"2023-07-01";255;79;19037;522;19638;68;885;73;1026;119;8487;257;8863;13;108;48;169;279;28517;900;29696;"2025-09-25 11:27:44"
9650;"2023-08-01";1;164;211741;19006;230911;56;4043;552;4651;180;13601;2577;16358;18;350;152;520;418;229735;22287;252440;"2025-09-25 11:27:52"
9651;"2023-08-01";2;112;128888;5097;134097;41;3451;811;4303;154;12195;2500;14849;6;200;221;427;313;144734;8629;153676;"2025-09-25 11:27:52"
9652;"2023-08-01";3;102;60875;2106;63083;65;2301;718;3084;133;7138;1294;8565;14;135;111;260;314;70449;4229;74992;"2025-09-25 11:27:52"
9653;"2023-08-01";4;119;66656;2033;68808;88;1723;299;2110;128;16162;2644;18934;10;364;565;939;345;84905;5541;90791;"2025-09-25 11:27:52"
9654;"2023-08-01";5;94;99874;3094;103062;46;3214;344;3604;146;9368;2205;11719;11;178;176;365;297;112634;5819;118750;"2025-09-25 11:27:52"
9655;"2023-08-01";6;91;80834;3226;84151;43;2266;338;2647;183;8971;1700;10854;11;115;163;289;328;92186;5427;97941;"2025-09-25 11:27:52"
9656;"2023-08-01";7;107;115790;10022;125919;62;4356;547;4965;130;14119;2713;16962;7;311;161;479;306;134576;13443;148325;"2025-09-25 11:27:52"
9657;"2023-08-01";8;57;71808;3543;75408;29;2861;462;3352;77;10920;2315;13312;10;177;103;290;173;85766;6423;92362;"2025-09-25 11:27:52"
9658;"2023-08-01";9;83;129600;5527;135210;52;3513;822;4387;173;10064;2143;12380;10;236;255;501;318;143413;8747;152478;"2025-09-25 11:27:52"
9659;"2023-08-01";10;94;76785;4690;81569;50;2469;591;3110;125;8083;2032;10240;12;177;169;358;281;87514;7482;95277;"2025-09-25 11:27:52"
9660;"2023-08-01";11;103;83388;2740;86231;56;2723;158;2937;137;9887;2189;12213;10;182;101;293;306;96180;5188;101674;"2025-09-25 11:27:52"
9661;"2023-08-01";12;112;94694;1154;95960;45;2365;131;2541;123;6597;1181;7901;16;135;205;356;296;103791;2671;106758;"2025-09-25 11:27:52"
9662;"2023-08-01";13;92;101964;4423;106479;56;2664;674;3394;165;9466;2223;11854;20;233;467;720;333;114327;7787;122447;"2025-09-25 11:27:52"
9663;"2023-08-01";14;207;77588;3217;81012;101;2141;426;2668;132;5979;1797;7908;8;137;106;251;448;85845;5546;91839;"2025-09-25 11:27:52"
9664;"2023-08-01";15;187;151948;4095;156230;132;3019;688;3839;180;10727;4810;15717;16;268;167;451;515;165962;9760;176237;"2025-09-25 11:27:52"
9665;"2023-08-01";16;123;82113;7881;90117;47;1896;889;2832;175;8554;1876;10605;18;204;99;321;363;92767;10745;103875;"2025-09-25 11:27:52"
9666;"2023-08-01";17;96;105471;2129;107696;50;3007;1128;4185;144;8668;1732;10544;9;183;107;299;299;117329;5096;122724;"2025-09-25 11:27:52"
9667;"2023-08-01";18;132;207113;7215;214460;97;4231;1711;6039;165;18080;5004;23249;15;365;378;758;409;229789;14308;244506;"2025-09-25 11:27:52"
9668;"2023-08-01";19;126;127766;4455;132347;61;3272;753;4086;141;11362;2926;14429;7;275;433;715;335;142675;8567;151577;"2025-09-25 11:27:52"
9669;"2023-08-01";20;131;118004;2958;121093;58;3871;172;4101;169;13651;4415;18235;14;444;634;1092;372;135970;8179;144521;"2025-09-25 11:27:52"
9670;"2023-08-01";21;253;65356;1312;66921;123;1921;66;2110;147;5236;782;6165;11;126;26;163;534;72639;2186;75359;"2025-09-25 11:27:52"
9671;"2023-08-01";22;95;113567;4103;117765;43;3215;735;3993;139;10081;2010;12230;16;157;196;369;293;127020;7044;134357;"2025-09-25 11:27:52"
9672;"2023-08-01";23;1520;39437;555;41512;1556;1523;258;3337;342;3658;1582;5582;100;83;96;279;3518;44701;2491;50710;"2025-09-25 11:27:52"
9673;"2023-08-01";63;124;88143;1097;89364;113;1897;300;2310;91;10032;914;11037;6;196;269;471;334;100268;2580;103182;"2025-09-25 11:27:52"
9674;"2023-08-01";25;82;91302;5921;97305;33;3260;532;3825;123;11760;2812;14695;15;197;326;538;253;106519;9591;116363;"2025-09-25 11:27:52"
9675;"2023-08-01";146;1949;651392;12421;665762;1681;21179;3040;25900;2674;154479;9128;166281;248;2950;1915;5113;6552;830000;26504;863056;"2025-09-25 11:27:52"
9677;"2023-08-01";28;97;66504;2423;69024;64;2104;807;2975;108;9682;3222;13012;14;178;654;846;283;78468;7106;85857;"2025-09-25 11:27:52"
9678;"2023-08-01";29;79;72522;801;73402;52;2125;556;2733;120;10919;1322;12361;11;238;207;456;262;85804;2886;88952;"2025-09-25 11:27:52"
9679;"2023-08-01";77;285;138040;2896;141221;216;2763;540;3519;225;16285;3181;19691;17;334;586;937;743;157422;7203;165368;"2025-09-25 11:27:52"
9680;"2023-08-01";57;67;57578;737;58382;42;1239;150;1431;77;4645;322;5044;7;144;49;200;193;63606;1258;65057;"2025-09-25 11:27:52"
9681;"2023-08-01";32;74;85500;1472;87046;28;1984;336;2348;65;10139;1469;11673;1;200;259;460;168;97823;3536;101527;"2025-09-25 11:27:52"
9682;"2023-08-01";33;125;112563;18777;131465;61;2847;536;3444;164;13103;2251;15518;11;185;535;731;361;128698;22099;151158;"2025-09-25 11:27:52"
9683;"2023-08-01";79;88;107995;1502;109585;43;2186;273;2502;92;11252;1696;13040;8;253;326;587;231;121686;3797;125714;"2025-09-25 11:27:52"
9684;"2023-08-01";35;94;66331;2514;68939;59;2158;247;2464;100;14569;2319;16988;9;202;328;539;262;83260;5408;88930;"2025-09-25 11:27:52"
9685;"2023-08-01";36;106;92271;3383;95760;51;2772;336;3159;103;12940;2021;15064;9;193;288;490;269;108176;6028;114473;"2025-09-25 11:27:52"
9686;"2023-08-01";60;280;186748;9183;196211;306;4314;326;4946;196;18854;2313;21363;33;464;494;991;815;210380;12316;223511;"2025-09-25 11:27:52"
9687;"2023-08-01";38;50;57867;56884;114801;24;1472;964;2460;80;5688;1190;6958;11;135;366;512;165;65162;59404;124731;"2025-09-25 11:27:52"
9688;"2023-08-01";39;297;100196;11662;112155;494;1640;587;2721;186;8361;2242;10789;29;174;705;908;1006;110371;15196;126573;"2025-09-25 11:27:52"
9689;"2023-08-01";40;82;26648;1380;28110;49;1003;294;1346;86;4155;373;4614;10;50;51;111;227;31856;2098;34181;"2025-09-25 11:27:52"
9691;"2023-08-01";42;133;149306;12019;161458;59;3186;259;3504;124;13203;2180;15507;9;298;493;800;325;165993;14951;181269;"2025-09-25 11:27:52"
9693;"2023-08-01";44;0;42;2;44;0;14;6;20;1;68;124;193;0;0;48;48;1;124;180;305;"2025-09-25 11:27:52"
9695;"2023-08-01";46;192;241439;10879;252510;109;4967;742;5818;175;29682;5485;35342;13;549;568;1130;489;276637;17674;294800;"2025-09-25 11:27:52"
9696;"2023-08-01";47;117;118025;1680;119822;122;2978;509;3609;291;19754;2845;22890;60;380;288;728;590;141137;5322;147049;"2025-09-25 11:27:52"
9700;"2023-08-01";51;173;193223;3156;196552;199;3050;629;3878;209;15988;1311;17508;13;419;157;589;594;212680;5253;218527;"2025-09-25 11:27:52"
9703;"2023-08-01";54;122;26902;14704;41728;52;1163;410;1625;157;10209;761;11127;9;149;83;241;340;38423;15958;54721;"2025-09-25 11:27:52"
9704;"2023-08-01";55;111;94706;143096;237913;62;3297;1962;5321;115;23571;2773;26459;15;564;326;905;303;122138;148157;270598;"2025-09-25 11:27:52"
9705;"2023-08-01";56;321;219114;27910;247345;420;5420;889;6729;170;29901;3526;33597;22;512;483;1017;933;254947;32808;288688;"2025-09-25 11:27:52"
9707;"2023-08-01";58;191;141759;3478;145428;100;4315;125;4540;137;17092;4708;21937;19;401;872;1292;447;163567;9183;173197;"2025-09-25 11:27:52"
9708;"2023-08-01";59;149;203726;37695;241570;83;4817;1124;6024;101;21425;3066;24592;12;382;322;716;345;230350;42207;272902;"2025-09-25 11:27:52"
9710;"2023-08-01";61;176;197212;5049;202437;100;3247;689;4036;155;12202;3334;15691;10;372;522;904;441;213033;9594;223068;"2025-09-25 11:27:52"
9711;"2023-08-01";62;71;8769;137;8977;54;521;70;645;123;3870;61;4054;3;48;11;62;251;13208;279;13738;"2025-09-25 11:27:52"
9714;"2023-08-01";65;191;171618;3953;175762;153;4506;411;5070;197;26807;8029;35033;27;647;905;1579;568;203578;13298;217444;"2025-09-25 11:27:52"
9720;"2023-08-01";71;81;71537;2907;74525;46;2229;575;2850;104;13966;4032;18102;10;310;456;776;241;88042;7970;96253;"2025-09-25 11:27:52"
9723;"2023-08-01";74;126;170840;2894;173860;98;3214;365;3677;408;15594;2421;18423;22;553;302;877;654;190201;5982;196837;"2025-09-25 11:27:52"
9729;"2023-08-01";80;169;106585;1231;107985;88;2624;677;3389;169;20361;4142;24672;11;385;1000;1396;437;129955;7050;137442;"2025-09-25 11:27:52"
9732;"2023-08-01";83;352;173478;1089;174919;247;3424;488;4159;256;15091;1910;17257;65;600;165;830;920;192593;3652;197165;"2025-09-25 11:27:52"
9734;"2023-08-01";85;152;24710;204;25066;87;1177;145;1409;167;6615;207;6989;20;123;45;188;426;32625;601;33652;"2025-09-25 11:27:52"
9735;"2023-08-01";86;300;172345;1862;174507;159;4358;342;4859;191;19572;2562;22325;21;400;287;708;671;196675;5053;202399;"2025-09-25 11:27:52"
9736;"2023-08-01";87;101;112843;3351;116295;76;2609;752;3437;80;13201;2214;15495;10;336;161;507;267;128989;6478;135734;"2025-09-25 11:27:52"
9737;"2023-08-01";88;71;105371;2428;107870;22;2233;517;2772;37;9608;1443;11088;1;217;133;351;131;117429;4521;122081;"2025-09-25 11:27:52"
9738;"2023-08-01";89;459;28675;292;29426;109;546;30;685;123;1908;369;2400;13;63;10;86;704;31192;701;32597;"2025-09-25 11:27:52"
9739;"2023-08-01";90;121;87328;1661;89110;75;2463;447;2985;106;10535;2343;12984;9;207;192;408;311;100533;4643;105487;"2025-09-25 11:27:52"
9740;"2023-08-01";91;184;167994;817;168995;102;5082;2574;7758;127;30637;5461;36225;13;632;360;1005;426;204345;9212;213983;"2025-09-25 11:27:52"
9741;"2023-08-01";92;86;61070;1158;62314;77;1694;299;2070;98;8495;1448;10041;12;176;154;342;273;71435;3059;74767;"2025-09-25 11:27:52"
9742;"2023-08-01";93;126;88372;1009;89507;72;2256;168;2496;93;9174;3939;13206;9;176;259;444;300;99978;5375;105653;"2025-09-25 11:27:52"
9743;"2023-08-01";94;246;199236;2646;202128;115;5318;1511;6944;197;30895;4354;35446;8;656;695;1359;566;236105;9206;245877;"2025-09-25 11:27:52"
9744;"2023-08-01";95;360;265958;2078;268396;201;7688;1083;8972;228;43362;6081;49671;27;1055;480;1562;816;318063;9722;328601;"2025-09-25 11:27:52"
9745;"2023-08-01";96;85;31850;731;32666;43;1258;73;1374;85;5460;693;6238;12;87;52;151;225;38655;1549;40429;"2025-09-25 11:27:52"
9746;"2023-08-01";97;284;253445;5587;259316;206;8099;1177;9482;211;34841;6082;41134;29;599;562;1190;730;296984;13408;311122;"2025-09-25 11:27:52"
9747;"2023-08-01";101;185;178900;4387;183472;64;2560;1347;3971;107;7934;2083;10124;11;327;229;567;367;189721;8046;198134;"2025-09-25 11:27:52"
9748;"2023-08-01";102;165;68469;1064;69698;65;2173;208;2446;76;7598;1291;8965;3;185;145;333;309;78425;2708;81442;"2025-09-25 11:27:52"
9749;"2023-08-01";103;210;63729;2070;66009;56;2297;268;2621;105;9024;1589;10718;17;159;132;308;388;75209;4059;79656;"2025-09-25 11:27:52"
9750;"2023-08-01";104;129;174986;4802;179917;157;4783;1483;6423;160;20649;3035;23844;25;508;575;1108;471;200926;9895;211292;"2025-09-25 11:27:52"
9751;"2023-08-01";105;251;141744;1864;143859;93;2248;109;2450;65;6830;1487;8382;3;238;138;379;412;151060;3598;155070;"2025-09-25 11:27:52"
9752;"2023-08-01";106;216;93925;929;95070;164;2841;594;3599;101;8272;2042;10415;13;194;127;334;494;105232;3692;109418;"2025-09-25 11:27:52"
9753;"2023-08-01";107;153;71986;1211;73350;92;2566;69;2727;96;6749;1729;8574;24;149;96;269;365;81450;3105;84920;"2025-09-25 11:27:52"
9754;"2023-08-01";108;173;221735;1821;223729;103;6755;449;7307;157;37454;6277;43888;21;641;459;1121;454;266585;9006;276045;"2025-09-25 11:27:52"
9755;"2023-08-01";109;190;134299;2567;137056;162;5246;1147;6555;227;23086;3891;27204;13;369;329;711;592;163000;7934;171526;"2025-09-25 11:27:52"
9756;"2023-08-01";110;70;122397;2389;124856;41;4203;634;4878;36;18762;2536;21334;3;409;372;784;150;145771;5931;151852;"2025-09-25 11:27:52"
9757;"2023-08-01";111;155;89599;710;90464;99;3170;483;3752;134;18989;3257;22380;13;879;286;1178;401;112637;4736;117774;"2025-09-25 11:27:52"
9758;"2023-08-01";112;149;110972;2420;113541;121;2294;622;3037;121;9912;3842;13875;11;320;163;494;402;123498;7047;130947;"2025-09-25 11:27:52"
9759;"2023-08-01";113;92;73995;1299;75386;28;2318;906;3252;38;9258;1651;10947;0;178;134;312;158;85749;3990;89897;"2025-09-25 11:27:52"
9760;"2023-08-01";114;173;104842;699;105714;94;3818;443;4355;155;19250;2932;22337;13;457;231;701;435;128367;4305;133107;"2025-09-25 11:27:52"
9761;"2023-08-01";115;240;51160;416;51816;100;1786;589;2475;255;12192;843;13290;11;261;88;360;606;65399;1936;67941;"2025-09-25 11:27:52"
9762;"2023-08-01";116;185;51777;356;52318;83;2082;690;2855;209;14126;6086;20421;9;272;349;630;486;68257;7481;76224;"2025-09-25 11:27:52"
9763;"2023-08-01";117;90;17500;89;17679;71;758;187;1016;156;6309;4447;10912;8;133;519;660;325;24700;5242;30267;"2025-09-25 11:27:52"
9764;"2023-08-01";118;87;99124;1167;100378;63;2876;550;3489;71;10380;2337;12788;9;291;167;467;230;112671;4221;117122;"2025-09-25 11:27:52"
9765;"2023-08-01";119;45;179210;2877;182132;32;3642;672;4346;36;11758;3734;15528;8;471;179;658;121;195081;7462;202664;"2025-09-25 11:27:52"
9766;"2023-08-01";120;20;143675;719;144414;17;2013;194;2224;23;5066;1417;6506;0;222;37;259;60;150976;2367;153403;"2025-09-25 11:27:52"
9767;"2023-08-01";121;381;115415;1596;117392;185;3981;1287;5453;257;21384;4635;26276;22;625;431;1078;845;141405;7949;150199;"2025-09-25 11:27:52"
9768;"2023-08-01";122;116;58533;316;58965;96;1377;172;1645;86;5967;2111;8164;9;140;310;459;307;66017;2909;69233;"2025-09-25 11:27:52"
9769;"2023-08-01";123;257;150300;2198;152755;267;4730;438;5435;203;18316;2853;21372;27;491;266;784;754;173837;5755;180346;"2025-09-25 11:27:52"
9770;"2023-08-01";124;201;100168;1023;101392;87;3513;674;4274;127;18790;4271;23188;16;432;530;978;431;122903;6498;129832;"2025-09-25 11:27:52"
9771;"2023-08-01";125;260;203760;2344;206364;101;5731;2652;8484;178;30656;6332;37166;18;620;301;939;557;240767;11629;252953;"2025-09-25 11:27:52"
9772;"2023-08-01";126;355;279834;3688;283877;167;8107;2207;10481;250;35815;7191;43256;23;871;1011;1905;795;324627;14097;339519;"2025-09-25 11:27:52"
9773;"2023-08-01";127;183;65397;3919;69499;76;2895;778;3749;154;20853;2734;23741;12;325;385;722;425;89470;7816;97711;"2025-09-25 11:27:52"
9774;"2023-08-01";128;196;121058;990;122244;94;2666;348;3108;145;15840;2281;18266;10;318;155;483;445;139882;3774;144101;"2025-09-25 11:27:52"
9775;"2023-08-01";129;391;432007;3199;435597;224;10580;2691;13495;289;62834;7677;70800;74;1558;638;2270;978;506979;14205;522162;"2025-09-25 11:27:52"
9777;"2023-08-01";131;73;15192;118;15383;56;788;53;897;79;7911;262;8252;11;82;30;123;219;23973;463;24655;"2025-09-25 11:27:52"
9778;"2023-08-01";132;73;10831;135;11039;49;477;92;618;117;4869;380;5366;4;78;228;310;243;16255;835;17333;"2025-09-25 11:27:52"
9779;"2023-08-01";133;68;11969;124;12161;61;635;90;786;103;6276;666;7045;15;67;74;156;247;18947;954;20148;"2025-09-25 11:27:52"
9780;"2023-08-01";134;88;17107;120;17315;59;721;95;875;116;8228;177;8521;11;81;36;128;274;26137;428;26839;"2025-09-25 11:27:52"
9781;"2023-08-01";135;72;19818;235;20125;57;832;96;985;78;8013;687;8778;9;101;83;193;216;28764;1101;30081;"2025-09-25 11:27:52"
9782;"2023-08-01";136;81;46397;317;46795;70;2186;217;2473;114;13812;1381;15307;14;205;147;366;279;62600;2062;64941;"2025-09-25 11:27:52"
9783;"2023-08-01";137;103;53824;694;54621;74;1795;177;2046;156;13684;1729;15569;8;314;886;1208;341;69617;3486;73444;"2025-09-25 11:27:52"
9784;"2023-08-01";138;35;16933;218;17186;25;594;35;654;29;3223;581;3833;7;73;46;126;96;20823;880;21799;"2025-09-25 11:27:52"
9785;"2023-08-01";139;71;43408;260;43739;66;1527;87;1680;83;9085;1053;10221;6;189;78;273;226;54209;1478;55913;"2025-09-25 11:27:52"
9786;"2023-08-01";140;1;8;0;9;0;3;0;3;0;8;0;8;0;0;0;0;1;19;0;20;"2025-09-25 11:27:52"
9787;"2023-08-01";141;208;86505;1039;87752;115;2296;304;2715;171;12180;1093;13444;14;303;256;573;508;101284;2692;104484;"2025-09-25 11:27:52"
9788;"2023-08-01";142;61;86687;1755;88503;116;2108;911;3135;65;11202;1753;13020;4;319;209;532;246;100316;4628;105190;"2025-09-25 11:27:52"
9789;"2023-08-01";143;147;90021;2021;92189;117;2503;511;3131;131;14619;2062;16812;8;367;217;592;403;107510;4811;112724;"2025-09-25 11:27:52"
9790;"2023-08-01";144;135;121795;4615;126545;92;3116;688;3896;128;15747;2353;18228;13;492;308;813;368;141150;7964;149482;"2025-09-25 11:27:52"
9791;"2023-08-01";145;211;92734;5875;98820;155;2968;408;3531;247;20130;1772;22149;26;399;289;714;639;116231;8344;125214;"2025-09-25 11:27:52"
9793;"2023-08-01";147;73;22676;62;22811;36;591;107;734;55;2259;394;2708;9;78;35;122;173;25604;598;26375;"2025-09-25 11:27:52"
9794;"2023-08-01";148;223;41723;1607;43553;128;1605;364;2097;218;12735;664;13617;25;193;128;346;594;56256;2763;59613;"2025-09-25 11:27:52"
9795;"2023-08-01";149;67;20225;1406;21698;43;1033;268;1344;90;8609;598;9297;7;110;70;187;207;29977;2342;32526;"2025-09-25 11:27:52"
9796;"2023-08-01";150;141;45179;841;46161;95;2117;386;2598;148;15161;1084;16393;30;179;81;290;414;62636;2392;65442;"2025-09-25 11:27:52"
9797;"2023-08-01";151;151;82562;687;83400;76;2457;345;2878;175;18696;2310;21181;13;435;781;1229;415;104150;4123;108688;"2025-09-25 11:27:52"
9798;"2023-08-01";152;131;39920;549;40600;75;1431;180;1686;186;12738;536;13460;31;183;155;369;423;54272;1420;56115;"2025-09-25 11:27:52"
9799;"2023-08-01";153;101;22793;195;23089;68;1154;337;1559;142;11207;387;11736;11;89;57;157;322;35243;976;36541;"2025-09-25 11:27:52"
9800;"2023-08-01";154;168;80020;951;81139;91;2546;485;3122;163;18766;1871;20800;22;350;429;801;444;101682;3736;105862;"2025-09-25 11:27:52"
9801;"2023-08-01";155;76;19331;144;19551;40;739;110;889;110;7653;456;8219;14;83;77;174;240;27806;787;28833;"2025-09-25 11:27:52"
9802;"2023-08-01";156;179;161708;2642;164529;142;4902;514;5558;180;23815;3714;27709;42;590;376;1008;543;191015;7246;198804;"2025-09-25 11:27:52"
9803;"2023-08-01";157;125;33743;294;34162;123;1427;317;1867;183;11526;716;12425;17;180;111;308;448;46876;1438;48762;"2025-09-25 11:27:52"
9804;"2023-08-01";158;101;114836;1740;116677;70;3882;672;4624;121;19562;2737;22420;11;462;408;881;303;138742;5557;144602;"2025-09-25 11:27:52"
9805;"2023-08-01";159;168;179301;1940;181409;149;4573;835;5557;214;20752;2426;23392;23;570;268;861;554;205196;5469;211219;"2025-09-25 11:27:52"
9806;"2023-08-01";160;75;11227;69;11371;53;498;63;614;122;5958;517;6597;13;60;77;150;263;17743;726;18732;"2025-09-25 11:27:52"
9807;"2023-08-01";161;77;24175;188;24440;45;1028;79;1152;191;10659;238;11088;19;125;48;192;332;35987;553;36872;"2025-09-25 11:27:52"
9808;"2023-08-01";162;147;40932;328;41407;90;1408;209;1707;141;12137;783;13061;21;205;144;370;399;54682;1464;56545;"2025-09-25 11:27:52"
9810;"2023-08-01";257;110;19642;166;19918;67;1292;92;1451;150;10584;268;11002;14;96;50;160;341;31614;576;32531;"2025-09-25 11:27:52"
9811;"2023-08-01";258;206;113869;2123;116198;132;3218;544;3894;204;19256;3128;22588;20;429;685;1134;562;136772;6480;143814;"2025-09-25 11:27:52"
9812;"2023-08-01";259;113;33183;584;33880;73;1529;163;1765;132;13444;1069;14645;7;239;150;396;325;48395;1966;50686;"2025-09-25 11:27:52"
9813;"2023-08-01";260;138;28820;733;29691;92;1206;171;1469;180;12591;439;13210;16;157;67;240;426;42774;1410;44610;"2025-09-25 11:27:52"
9814;"2023-08-01";261;70;8710;61;8841;43;472;56;571;101;4397;251;4749;6;40;40;86;220;13619;408;14247;"2025-09-25 11:27:52"
9815;"2023-08-01";262;87;18871;183;19141;62;864;121;1047;118;8628;259;9005;11;102;53;166;278;28465;616;29359;"2025-09-25 11:27:52"
9816;"2023-08-01";263;68;9878;60;10006;61;408;21;490;95;5162;62;5319;9;42;16;67;233;15490;159;15882;"2025-09-25 11:27:52"
9817;"2023-08-01";264;105;43967;250;44322;118;1656;410;2184;194;12242;2325;14761;25;227;199;451;442;58092;3184;61718;"2025-09-25 11:27:52"
9818;"2023-08-01";265;181;111612;1899;113692;141;4064;473;4678;215;24340;3061;27616;16;363;436;815;553;140379;5869;146801;"2025-09-25 11:27:52"
9819;"2023-08-01";266;78;9580;58;9716;54;413;69;536;117;4919;270;5306;6;64;28;98;255;14976;425;15656;"2025-09-25 11:27:52"
9820;"2023-08-01";267;74;7763;33;7870;41;368;22;431;116;4409;92;4617;6;51;18;75;237;12591;165;12993;"2025-09-25 11:27:52"
9821;"2023-08-01";268;141;151843;3211;155195;102;3468;950;4520;127;19652;2603;22382;14;483;394;891;384;175446;7158;182988;"2025-09-25 11:27:52"
9822;"2023-08-01";269;303;136099;1950;138352;239;3255;596;4090;187;15988;1486;17661;24;300;236;560;753;155642;4268;160663;"2025-09-25 11:27:52"
9823;"2023-08-01";270;107;40291;2502;42900;115;1651;207;1973;162;15058;864;16084;6;233;129;368;390;57233;3702;61325;"2025-09-25 11:27:52"
9824;"2023-08-01";271;104;9364;41;9509;58;444;89;591;108;4999;101;5208;12;51;16;79;282;14858;247;15387;"2025-09-25 11:27:52"
9826;"2023-08-01";164;86;12185;176;12447;63;535;83;681;101;6516;727;7344;10;72;42;124;260;19308;1028;20596;"2025-09-25 11:27:52"
9827;"2023-08-01";165;96;20267;189;20552;75;1056;105;1236;135;12415;257;12807;7;112;42;161;313;33850;593;34756;"2025-09-25 11:27:52"
9828;"2023-08-01";166;68;10271;110;10449;42;433;66;541;70;4979;398;5447;6;43;68;117;186;15726;642;16554;"2025-09-25 11:27:52"
9829;"2023-08-01";167;91;73921;817;74829;72;2213;277;2562;89;14302;3478;17869;14;488;1640;2142;266;90924;6212;97402;"2025-09-25 11:27:52"
9830;"2023-08-01";168;50;9067;457;9574;33;420;57;510;66;3941;203;4210;1;64;22;87;150;13492;739;14381;"2025-09-25 11:27:52"
9831;"2023-08-01";169;145;51590;852;52587;122;1898;390;2410;209;15336;1719;17264;19;326;272;617;495;69150;3233;72878;"2025-09-25 11:27:52"
9832;"2023-08-01";170;81;19918;345;20344;48;791;263;1102;79;7881;989;8949;9;127;150;286;217;28717;1747;30681;"2025-09-25 11:27:52"
9833;"2023-08-01";171;130;81831;2306;84267;120;2778;418;3316;163;13034;2366;15563;11;291;356;658;424;97934;5446;103804;"2025-09-25 11:27:52"
9834;"2023-08-01";172;226;38489;156;38871;214;1532;55;1801;155;11656;837;12648;15;171;112;298;610;51848;1160;53618;"2025-09-25 11:27:52"
9835;"2023-08-01";173;78;13781;159;14018;51;736;69;856;98;7854;358;8310;12;74;48;134;239;22445;634;23318;"2025-09-25 11:27:52"
9836;"2023-08-01";174;177;121165;1767;123109;139;3071;626;3836;199;22782;2056;25037;22;435;919;1376;537;147453;5368;153358;"2025-09-25 11:27:52"
9837;"2023-08-01";175;107;13403;93208;106718;60;633;2212;2905;194;9224;450;9868;4;151;40;195;365;23411;95910;119686;"2025-09-25 11:27:52"
9838;"2023-08-01";176;192;111749;2349;114290;155;3354;708;4217;201;21591;3481;25273;16;400;855;1271;564;137094;7393;145051;"2025-09-25 11:27:52"
9839;"2023-08-01";177;78;20640;141;20859;44;812;94;950;105;8069;503;8677;7;97;50;154;234;29618;788;30640;"2025-09-25 11:27:52"
9840;"2023-08-01";178;90;23749;181;24020;62;1218;108;1388;114;11113;751;11978;8;202;133;343;274;36282;1173;37729;"2025-09-25 11:27:52"
9841;"2023-08-01";179;122;15972;171;16265;59;723;112;894;103;9583;199;9885;11;83;30;124;295;26361;512;27168;"2025-09-25 11:27:52"
9842;"2023-08-01";180;81;18840;240;19161;43;751;68;862;87;8109;943;9139;3;121;90;214;214;27821;1341;29376;"2025-09-25 11:27:52"
9843;"2023-08-01";181;90;13026;84;13200;78;566;48;692;106;7011;282;7399;7;56;33;96;281;20659;447;21387;"2025-09-25 11:27:52"
9844;"2023-08-01";182;75;10898;92;11065;48;535;57;640;88;6229;132;6449;8;54;22;84;219;17716;303;18238;"2025-09-25 11:27:52"
9845;"2023-08-01";183;69;11963;12966;24998;51;544;288;883;84;6463;189;6736;11;79;22;112;215;19049;13465;32729;"2025-09-25 11:27:52"
9846;"2023-08-01";184;111;24061;76179;100351;78;1623;1262;2963;141;15303;231;15675;10;109;42;161;340;41096;77714;119150;"2025-09-25 11:27:52"
9847;"2023-08-01";185;95;25242;554;25891;52;975;951;1978;95;8075;503;8673;8;143;151;302;250;34435;2159;36844;"2025-09-25 11:27:52"
9849;"2023-08-01";187;139;117555;960;118654;90;3088;393;3571;118;22152;2682;24952;12;379;390;781;359;143174;4425;147958;"2025-09-25 11:27:52"
9850;"2023-08-01";188;219;117281;1703;119203;153;3859;555;4567;232;25875;1942;28049;15;507;381;903;619;147522;4581;152722;"2025-09-25 11:27:52"
9851;"2023-08-01";189;64;13995;39;14098;35;667;53;755;69;6496;591;7156;16;80;40;136;184;21238;723;22145;"2025-09-25 11:27:52"
9852;"2023-08-01";190;196;188253;2522;190971;116;5139;790;6045;232;25914;3660;29806;18;597;456;1071;562;219903;7428;227893;"2025-09-25 11:27:52"
9854;"2023-08-01";192;148;58040;621;58809;83;2062;270;2415;159;17914;1045;19118;15;218;147;380;405;78234;2083;80722;"2025-09-25 11:27:52"
9855;"2023-08-01";193;97;26940;416;27453;58;1217;121;1396;130;10376;279;10785;11;136;79;226;296;38669;895;39860;"2025-09-25 11:27:52"
9856;"2023-08-01";194;104;11151;58;11313;52;441;41;534;86;7005;82;7173;15;44;15;74;257;18641;196;19094;"2025-09-25 11:27:52"
9857;"2023-08-01";195;123;36489;418;37030;90;1667;253;2010;171;17221;1047;18439;16;195;164;375;400;55572;1882;57854;"2025-09-25 11:27:52"
9858;"2023-08-01";196;69;19967;159;20195;46;807;43;896;89;11209;990;12288;8;128;153;289;212;32111;1345;33668;"2025-09-25 11:27:52"
9859;"2023-08-01";197;237;63370;942;64549;231;2155;306;2692;255;19313;1185;20753;47;304;227;578;770;85142;2660;88572;"2025-09-25 11:27:52"
9860;"2023-08-01";198;74;12800;113;12987;51;616;55;722;117;6042;112;6271;14;70;27;111;256;19528;307;20091;"2025-09-25 11:27:52"
9861;"2023-08-01";199;55;5962;34;6051;31;283;28;342;59;3833;47;3939;2;33;8;43;147;10111;117;10375;"2025-09-25 11:27:52"
9862;"2023-08-01";200;131;40689;481;41301;76;1629;144;1849;142;14742;722;15606;27;219;152;398;376;57279;1499;59154;"2025-09-25 11:27:52"
9863;"2023-08-01";201;130;44635;385;45150;88;1778;245;2111;137;16242;1520;17899;13;230;343;586;368;62885;2493;65746;"2025-09-25 11:27:52"
9864;"2023-08-01";202;108;22598;178;22884;61;720;79;860;108;8477;198;8783;21;105;42;168;298;31900;497;32695;"2025-09-25 11:27:52"
9865;"2023-08-01";203;60;4221;400;4681;22;255;206;483;68;1414;31;1513;8;21;2;31;158;5911;639;6708;"2025-09-25 11:27:52"
9866;"2023-08-01";204;135;20008;119;20262;65;648;82;795;124;6586;117;6827;14;115;32;161;338;27357;350;28045;"2025-09-25 11:27:52"
9867;"2023-08-01";205;87;19460;90;19637;89;867;83;1039;136;12183;837;13156;12;106;100;218;324;32616;1110;34050;"2025-09-25 11:27:52"
9868;"2023-08-01";206;79;17670;142;17891;45;643;49;737;87;7805;614;8506;13;89;156;258;224;26207;961;27392;"2025-09-25 11:27:52"
9869;"2023-08-01";207;62;9791;40;9893;69;454;44;567;85;5952;115;6152;10;71;14;95;226;16268;213;16707;"2025-09-25 11:27:52"
9870;"2023-08-01";208;125;56150;307;56582;71;1866;365;2302;107;12916;1527;14550;10;229;293;532;313;71161;2492;73966;"2025-09-25 11:27:52"
9871;"2023-08-01";209;144;104594;1417;106155;91;3013;796;3900;201;17935;4395;22531;14;424;1752;2190;450;125966;8360;134776;"2025-09-25 11:27:52"
9872;"2023-08-01";210;169;122937;1981;125087;91;2979;312;3382;102;18007;1016;19125;26;395;291;712;388;144318;3600;148306;"2025-09-25 11:27:52"
9874;"2023-08-01";212;124;93759;998;94881;91;2970;483;3544;130;11904;470;12504;13;281;161;455;358;108914;2112;111384;"2025-09-25 11:27:52"
9875;"2023-08-01";213;98;23994;196;24288;73;869;168;1110;107;9304;253;9664;11;68;174;253;289;34235;791;35315;"2025-09-25 11:27:52"
9876;"2023-08-01";214;49;11602;80;11731;50;482;39;571;101;3976;91;4168;6;51;28;85;206;16111;238;16555;"2025-09-25 11:27:52"
9877;"2023-08-01";215;250;238787;2216;241253;172;6391;521;7084;236;40743;4571;45550;33;720;574;1327;691;286641;7882;295214;"2025-09-25 11:27:52"
9878;"2023-08-01";216;103;14057;148;14308;57;540;114;711;130;6207;156;6493;8;58;32;98;298;20862;450;21610;"2025-09-25 11:27:52"
9879;"2023-08-01";217;111;42948;490;43549;98;1435;190;1723;106;13716;2630;16452;13;178;642;833;328;58277;3952;62557;"2025-09-25 11:27:52"
9880;"2023-08-01";218;103;46701;702;47506;76;1499;200;1775;140;10464;518;11122;13;166;113;292;332;58830;1533;60695;"2025-09-25 11:27:52"
9881;"2023-08-01";219;90;13494;65;13649;61;515;58;634;89;7151;486;7726;9;139;147;295;249;21299;756;22304;"2025-09-25 11:27:52"
9882;"2023-08-01";220;162;147981;1235;149378;102;4236;794;5132;147;22421;7039;29607;20;576;1604;2200;431;175214;10672;186317;"2025-09-25 11:27:52"
9883;"2023-08-01";221;64;10280;59;10403;56;418;46;520;92;4586;556;5234;13;55;103;171;225;15339;764;16328;"2025-09-25 11:27:52"
9884;"2023-08-01";222;215;142006;2932;145153;180;3439;1021;4640;241;26978;2343;29562;30;461;432;923;666;172884;6728;180278;"2025-09-25 11:27:52"
9885;"2023-08-01";223;73;24982;176;25231;74;1055;104;1233;99;10350;404;10853;9;141;66;216;255;36528;750;37533;"2025-09-25 11:27:52"
9886;"2023-08-01";224;135;86853;1288;88276;69;1982;470;2521;135;10491;972;11598;12;144;149;305;351;99470;2879;102700;"2025-09-25 11:27:52"
9887;"2023-08-01";225;66;91257;3997;95320;33;1972;445;2450;54;11178;1651;12883;4;185;229;418;157;104592;6322;111071;"2025-09-25 11:27:52"
9888;"2023-08-01";226;243;154614;58088;212945;219;2161;1323;3703;145;10569;961;11675;12;192;181;385;619;167536;60553;228708;"2025-09-25 11:27:52"
9889;"2023-08-01";227;185;100058;1580;101823;174;2294;282;2750;132;16770;1393;18295;15;285;330;630;506;119407;3585;123498;"2025-09-25 11:27:52"
9890;"2023-08-01";228;91;86696;722;87509;37;2015;163;2215;91;7835;916;8842;10;242;253;505;229;96788;2054;99071;"2025-09-25 11:27:52"
9891;"2023-08-01";229;99;42755;735;43589;83;1717;252;2052;118;8857;313;9288;13;140;72;225;313;53469;1372;55154;"2025-09-25 11:27:52"
9892;"2023-08-01";230;59;16093;94;16246;63;546;42;651;104;7735;169;8008;11;70;78;159;237;24444;383;25064;"2025-09-25 11:27:52"
9893;"2023-08-01";231;80;32652;33834;66566;59;1110;314;1483;76;10264;530;10870;7;244;235;486;222;44270;34913;79405;"2025-09-25 11:27:52"
9894;"2023-08-01";232;57;13210;160;13427;57;500;89;646;118;6505;147;6770;10;70;26;106;242;20285;422;20949;"2025-09-25 11:27:52"
9895;"2023-08-01";233;85;15518;96;15699;54;609;76;739;137;8133;399;8669;14;70;67;151;290;24330;638;25258;"2025-09-25 11:27:52"
9897;"2023-08-01";235;247;77107;956;78310;140;3006;151;3297;340;27303;619;28262;39;235;141;415;766;107651;1867;110284;"2025-09-25 11:27:52"
9898;"2023-08-01";236;599;245524;265972;512095;359;7311;6557;14227;692;56238;3500;60430;41;1172;532;1745;1691;310245;276561;588497;"2025-09-25 11:27:52"
9900;"2023-08-01";238;157;92522;2466;95145;149;2653;494;3296;257;18119;1409;19785;33;393;387;813;596;113687;4756;119039;"2025-09-25 11:27:52"
9902;"2023-08-01";240;112;39314;666;40092;79;1289;163;1531;128;6974;504;7606;14;160;213;387;333;47737;1546;49616;"2025-09-25 11:27:52"
9903;"2023-08-01";241;124;25901;470;26495;100;861;132;1093;182;6764;177;7123;8;129;42;179;414;33655;821;34890;"2025-09-25 11:27:52"
9904;"2023-08-01";242;107;33967;933;35007;92;1113;146;1351;109;5511;300;5920;6;136;98;240;314;40727;1477;42518;"2025-09-25 11:27:52"
9905;"2023-08-01";243;53;8824;54;8931;55;316;27;398;108;3335;48;3491;8;52;13;73;224;12527;142;12893;"2025-09-25 11:27:52"
9906;"2023-08-01";244;44;12261;185;12490;41;412;33;486;117;4149;78;4344;11;78;21;110;213;16900;317;17430;"2025-09-25 11:27:52"
9907;"2023-08-01";245;131;14931;161;15223;80;674;52;806;124;6191;135;6450;10;110;52;172;345;21906;400;22651;"2025-09-25 11:27:52"
9908;"2023-08-01";246;221;156843;2836;159900;170;4478;512;5160;234;26923;2235;29392;24;604;365;993;649;188848;5948;195445;"2025-09-25 11:27:52"
9909;"2023-08-01";247;53;14407;105;14565;51;489;60;600;127;4921;100;5148;7;86;29;122;238;19903;294;20435;"2025-09-25 11:27:52"
9910;"2023-08-01";248;107;14263;219;14589;92;582;77;751;143;6218;160;6521;19;85;35;139;361;21148;491;22000;"2025-09-25 11:27:52"
9911;"2023-08-01";249;56;16984;139;17179;66;720;38;824;134;6999;143;7276;14;78;18;110;270;24781;338;25389;"2025-09-25 11:27:52"
9912;"2023-08-01";250;306;119707;2557;122570;279;3220;636;4135;268;18833;2729;21830;18;496;404;918;871;142256;6326;149453;"2025-09-25 11:27:52"
9913;"2023-08-01";251;61;16020;401;16482;60;628;129;817;118;3371;131;3620;9;108;39;156;248;20127;700;21075;"2025-09-25 11:27:52"
9914;"2023-08-01";252;102;17382;308;17792;84;817;95;996;124;8649;141;8914;14;84;38;136;324;26932;582;27838;"2025-09-25 11:27:52"
9915;"2023-08-01";253;122;27703;253;28078;106;1256;281;1643;179;11739;438;12356;23;132;64;219;430;40830;1036;42296;"2025-09-25 11:27:52"
9916;"2023-08-01";254;64;9687;61;9812;62;305;53;420;102;3293;49;3444;11;59;21;91;239;13344;184;13767;"2025-09-25 11:27:52"
9917;"2023-08-01";255;80;19074;527;19681;65;884;73;1022;119;8514;260;8893;13;109;48;170;277;28581;908;29766;"2025-09-25 11:27:52"
9919;"2023-09-01";1;158;211949;18861;230968;57;4020;556;4633;179;13776;2465;16420;18;346;153;517;412;230091;22035;252538;"2025-09-25 11:28:02"
9920;"2023-09-01";2;112;128897;5105;134114;41;3415;799;4255;154;12178;2516;14848;6;207;222;435;313;144697;8642;153652;"2025-09-25 11:28:02"
9921;"2023-09-01";3;102;60847;2110;63059;65;2287;716;3068;133;7139;1299;8571;14;139;111;264;314;70412;4236;74962;"2025-09-25 11:28:02"
9922;"2023-09-01";4;118;66742;2036;68896;88;1709;297;2094;128;16194;2636;18958;10;370;565;945;344;85015;5534;90893;"2025-09-25 11:28:02"
9923;"2023-09-01";5;94;99872;3105;103071;47;3200;345;3592;146;9342;2205;11693;12;179;174;365;299;112593;5829;118721;"2025-09-25 11:28:02"
9924;"2023-09-01";6;91;81051;3224;84366;42;2249;336;2627;185;8991;1682;10858;10;117;163;290;328;92408;5405;98141;"2025-09-25 11:28:02"
9925;"2023-09-01";7;106;115835;10025;125966;62;4348;546;4956;130;14088;2717;16935;6;315;164;485;304;134586;13452;148342;"2025-09-25 11:28:02"
9926;"2023-09-01";8;57;71797;3561;75415;31;2851;462;3344;78;10900;2322;13300;11;177;102;290;177;85725;6447;92349;"2025-09-25 11:28:02"
9927;"2023-09-01";9;83;129781;5528;135392;52;3493;818;4363;175;10054;2144;12373;11;237;257;505;321;143565;8747;152633;"2025-09-25 11:28:02"
9928;"2023-09-01";10;94;76731;4699;81524;50;2445;591;3086;128;8056;2040;10224;12;179;171;362;284;87411;7501;95196;"2025-09-25 11:28:02"
9929;"2023-09-01";11;102;83824;2754;86680;56;2728;157;2941;136;9888;2190;12214;10;179;103;292;304;96619;5204;102127;"2025-09-25 11:28:02"
9930;"2023-09-01";12;113;94731;1153;95997;45;2350;131;2526;124;6562;1181;7867;16;135;200;351;298;103778;2665;106741;"2025-09-25 11:28:02"
9931;"2023-09-01";13;92;101963;4392;106447;56;2646;668;3370;166;9445;2226;11837;20;232;468;720;334;114286;7754;122374;"2025-09-25 11:28:02"
9932;"2023-09-01";14;208;77620;3220;81048;103;2133;425;2661;133;5976;1789;7898;9;136;106;251;453;85865;5540;91858;"2025-09-25 11:28:02"
9933;"2023-09-01";15;187;152741;4096;157024;132;3005;684;3821;183;10758;4832;15773;17;273;165;455;519;166777;9777;177073;"2025-09-25 11:28:02"
9934;"2023-09-01";16;120;82092;7921;90133;48;1890;894;2832;175;8533;1872;10580;18;205;99;322;361;92720;10786;103867;"2025-09-25 11:28:02"
9935;"2023-09-01";17;96;105497;2122;107715;50;2984;1129;4163;145;8624;1722;10491;10;185;104;299;301;117290;5077;122668;"2025-09-25 11:28:02"
9936;"2023-09-01";18;129;207324;7282;214735;99;4208;1690;5997;166;18050;4995;23211;15;366;381;762;409;229948;14348;244705;"2025-09-25 11:28:02"
9937;"2023-09-01";19;127;127915;4452;132494;62;3245;755;4062;142;11339;2931;14412;7;277;435;719;338;142776;8573;151687;"2025-09-25 11:28:02"
9938;"2023-09-01";20;130;118155;2951;121236;59;3869;172;4100;169;13625;4401;18195;14;446;636;1096;372;136095;8160;144627;"2025-09-25 11:28:02"
9939;"2023-09-01";21;254;65343;1295;66892;123;1914;68;2105;146;5234;786;6166;11;128;26;165;534;72619;2175;75328;"2025-09-25 11:28:02"
9940;"2023-09-01";22;101;114146;4114;118361;44;3202;734;3980;138;10074;2032;12244;16;163;195;374;299;127585;7075;134959;"2025-09-25 11:28:02"
9941;"2023-09-01";23;1515;39475;554;41544;1521;1517;258;3296;343;3665;1575;5583;100;85;96;281;3479;44742;2483;50704;"2025-09-25 11:28:02"
9942;"2023-09-01";63;124;88179;1160;89463;110;1895;299;2304;92;10016;918;11026;6;199;269;474;332;100289;2646;103267;"2025-09-25 11:28:02"
9943;"2023-09-01";25;81;91372;5934;97387;32;3234;532;3798;124;11762;2803;14689;15;199;327;541;252;106567;9596;116415;"2025-09-25 11:28:02"
9944;"2023-09-01";146;1945;652530;12478;666953;1694;21049;3042;25785;2677;154542;9137;166356;252;2986;1913;5151;6568;831107;26570;864245;"2025-09-25 11:28:02"
9946;"2023-09-01";28;96;66423;2420;68939;65;2100;815;2980;109;9678;3228;13015;14;181;652;847;284;78382;7115;85781;"2025-09-25 11:28:02"
9947;"2023-09-01";29;79;72822;803;73704;52;2110;556;2718;120;10893;1329;12342;12;240;209;461;263;86065;2897;89225;"2025-09-25 11:28:02"
9948;"2023-09-01";77;287;138266;2827;141380;210;2751;540;3501;229;16247;3183;19659;17;339;583;939;743;157603;7133;165479;"2025-09-25 11:28:02"
9949;"2023-09-01";57;67;57818;731;58616;42;1240;150;1432;77;4643;326;5046;7;145;49;201;193;63846;1256;65295;"2025-09-25 11:28:02"
9950;"2023-09-01";32;72;85478;1478;87028;28;1972;339;2339;66;10120;1467;11653;1;205;261;467;167;97775;3545;101487;"2025-09-25 11:28:02"
9951;"2023-09-01";33;125;113210;19240;132575;62;2836;538;3436;164;13116;2253;15533;11;190;535;736;362;129352;22566;152280;"2025-09-25 11:28:02"
9952;"2023-09-01";79;87;108006;1496;109589;43;2163;274;2480;90;11212;1689;12991;9;251;331;591;229;121632;3790;125651;"2025-09-25 11:28:02"
9953;"2023-09-01";35;94;66532;2489;69115;59;2146;245;2450;100;14519;2320;16939;10;206;327;543;263;83403;5381;89047;"2025-09-25 11:28:02"
9954;"2023-09-01";36;106;92297;3390;95793;51;2773;337;3161;104;12938;2029;15071;9;203;292;504;270;108211;6048;114529;"2025-09-25 11:28:02"
9955;"2023-09-01";60;279;186924;9965;197168;310;4286;325;4921;197;18830;2336;21363;33;464;491;988;819;210504;13117;224440;"2025-09-25 11:28:02"
9956;"2023-09-01";38;49;57789;57499;115337;24;1459;930;2413;80;5673;1197;6950;11;137;363;511;164;65058;59989;125211;"2025-09-25 11:28:02"
9957;"2023-09-01";39;296;100474;11892;112662;493;1626;615;2734;186;8313;2244;10743;29;172;702;903;1004;110585;15453;127042;"2025-09-25 11:28:02"
9958;"2023-09-01";40;84;26694;1382;28160;50;998;293;1341;86;4179;374;4639;10;49;52;111;230;31920;2101;34251;"2025-09-25 11:28:02"
9960;"2023-09-01";42;133;149477;11702;161312;59;3180;261;3500;126;13217;2184;15527;8;301;492;801;326;166175;14639;181140;"2025-09-25 11:28:02"
9962;"2023-09-01";44;0;22;2;24;0;7;6;13;0;36;121;157;0;0;47;47;0;65;176;241;"2025-09-25 11:28:02"
9964;"2023-09-01";46;199;241437;11058;252694;112;4935;739;5786;175;29703;5462;35340;13;552;568;1133;499;276627;17827;294953;"2025-09-25 11:28:02"
9965;"2023-09-01";47;117;118057;1660;119834;121;2969;510;3600;292;19721;2851;22864;60;380;289;729;590;141127;5310;147027;"2025-09-25 11:28:02"
9969;"2023-09-01";51;173;193724;3135;197032;197;3042;623;3862;210;15980;1324;17514;14;419;157;590;594;213165;5239;218998;"2025-09-25 11:28:02"
9972;"2023-09-01";54;123;26867;14242;41232;52;1161;393;1606;157;10202;761;11120;9;150;84;243;341;38380;15480;54201;"2025-09-25 11:28:02"
9973;"2023-09-01";55;111;94649;142930;237690;63;3266;1923;5252;116;23879;2789;26784;15;565;325;905;305;122359;147967;270631;"2025-09-25 11:28:02"
9974;"2023-09-01";56;319;219768;27353;247440;415;5367;884;6666;170;29802;3536;33508;22;521;485;1028;926;255458;32258;288642;"2025-09-25 11:28:02"
9976;"2023-09-01";58;191;141708;3492;145391;100;4271;125;4496;138;16999;4740;21877;19;401;869;1289;448;163379;9226;173053;"2025-09-25 11:28:02"
9977;"2023-09-01";59;149;203559;37519;241227;83;4804;1123;6010;101;21257;3083;24441;13;381;321;715;346;230001;42046;272393;"2025-09-25 11:28:02"
9979;"2023-09-01";61;176;198127;5103;203406;99;3217;682;3998;155;12207;3360;15722;10;373;518;901;440;213924;9663;224027;"2025-09-25 11:28:02"
9980;"2023-09-01";62;71;8761;135;8967;55;519;70;644;127;3880;61;4068;3;47;11;61;256;13207;277;13740;"2025-09-25 11:28:02"
9983;"2023-09-01";65;191;171847;3929;175967;150;4477;410;5037;196;26824;8046;35066;28;665;905;1598;565;203813;13290;217668;"2025-09-25 11:28:02"
9989;"2023-09-01";71;81;71229;2922;74232;46;2211;576;2833;104;13861;4047;18012;10;309;450;769;241;87610;7995;95846;"2025-09-25 11:28:02"
9992;"2023-09-01";74;125;171385;3001;174511;98;3165;366;3629;413;15504;2429;18346;22;558;301;881;658;190612;6097;197367;"2025-09-25 11:28:02"
9998;"2023-09-01";80;169;106677;1229;108075;93;2622;672;3387;170;20373;4145;24688;11;385;1005;1401;443;130057;7051;137551;"2025-09-25 11:28:02"
10001;"2023-09-01";83;351;173734;1100;175185;247;3416;499;4162;258;15064;1922;17244;65;605;164;834;921;192819;3685;197425;"2025-09-25 11:28:02"
10003;"2023-09-01";85;151;24869;205;25225;87;1170;138;1395;167;6618;207;6992;20;126;45;191;425;32783;595;33803;"2025-09-25 11:28:02"
10004;"2023-09-01";86;298;172706;1857;174861;161;4341;345;4847;192;19598;2578;22368;21;401;284;706;672;197046;5064;202782;"2025-09-25 11:28:02"
10005;"2023-09-01";87;101;112792;3359;116252;80;2601;754;3435;79;13207;2218;15504;10;337;163;510;270;128937;6494;135701;"2025-09-25 11:28:02"
10006;"2023-09-01";88;71;105583;2459;108113;22;2242;517;2781;37;9609;1455;11101;1;216;131;348;131;117650;4562;122343;"2025-09-25 11:28:02"
10007;"2023-09-01";89;458;28749;294;29501;108;542;32;682;123;1907;406;2436;13;64;11;88;702;31262;743;32707;"2025-09-25 11:28:02"
10008;"2023-09-01";90;121;87401;1671;89193;75;2452;448;2975;106;10468;2343;12917;9;206;194;409;311;100527;4656;105494;"2025-09-25 11:28:02"
10009;"2023-09-01";91;183;168229;816;169228;98;5101;2570;7769;127;30678;5420;36225;13;639;361;1013;421;204647;9167;214235;"2025-09-25 11:28:02"
10010;"2023-09-01";92;85;61134;1162;62381;78;1683;298;2059;99;8478;1429;10006;12;174;155;341;274;71469;3044;74787;"2025-09-25 11:28:02"
10011;"2023-09-01";93;125;88360;1015;89500;71;2247;165;2483;93;9157;3927;13177;9;177;258;444;298;99941;5365;105604;"2025-09-25 11:28:02"
10012;"2023-09-01";94;246;199640;2645;202531;116;5321;1525;6962;197;30869;4384;35450;8;657;691;1356;567;236487;9245;246299;"2025-09-25 11:28:02"
10013;"2023-09-01";95;361;266005;2077;268443;201;7648;1091;8940;228;43300;6103;49631;27;1060;479;1566;817;318013;9750;328580;"2025-09-25 11:28:02"
10014;"2023-09-01";96;86;31882;717;32685;43;1260;74;1377;86;5450;688;6224;12;90;53;155;227;38682;1532;40441;"2025-09-25 11:28:02"
10015;"2023-09-01";97;284;253627;5598;259509;204;8029;1180;9413;211;34697;6094;41002;29;603;564;1196;728;296956;13436;311120;"2025-09-25 11:28:02"
10016;"2023-09-01";101;186;179148;4494;183828;65;2542;1365;3972;108;7898;2072;10078;11;325;226;562;370;189913;8157;198440;"2025-09-25 11:28:02"
10017;"2023-09-01";102;165;68544;1054;69763;64;2145;208;2417;76;7604;1308;8988;3;183;145;331;308;78476;2715;81499;"2025-09-25 11:28:02"
10018;"2023-09-01";103;211;63778;2072;66061;56;2274;266;2596;105;9019;1603;10727;17;158;135;310;389;75229;4076;79694;"2025-09-25 11:28:02"
10019;"2023-09-01";104;129;175176;4603;179908;162;4695;1479;6336;160;20337;3038;23535;23;521;574;1118;474;200729;9694;210897;"2025-09-25 11:28:02"
10020;"2023-09-01";105;252;142049;1961;144262;96;2238;112;2446;65;6833;1484;8382;3;246;141;390;416;151366;3698;155480;"2025-09-25 11:28:02"
10021;"2023-09-01";106;219;93985;942;95146;165;2816;594;3575;101;8259;2053;10413;14;202;123;339;499;105262;3712;109473;"2025-09-25 11:28:02"
10022;"2023-09-01";107;153;72844;1197;74194;91;2564;66;2721;96;6735;1812;8643;24;150;97;271;364;82293;3172;85829;"2025-09-25 11:28:02"
10023;"2023-09-01";108;172;222223;1840;224235;108;6742;456;7306;155;37472;6317;43944;21;654;460;1135;456;267091;9073;276620;"2025-09-25 11:28:02"
10024;"2023-09-01";109;189;134502;2566;137257;163;5247;1152;6562;225;23015;3893;27133;13;367;329;709;590;163131;7940;171661;"2025-09-25 11:28:02"
10025;"2023-09-01";110;71;122426;2366;124863;42;4184;639;4865;36;18789;2544;21369;3;410;373;786;152;145809;5922;151883;"2025-09-25 11:28:02"
10026;"2023-09-01";111;155;89856;712;90723;99;3157;487;3743;135;18987;3262;22384;13;892;283;1188;402;112892;4744;118038;"2025-09-25 11:28:02"
10027;"2023-09-01";112;146;111022;2424;113592;122;2275;617;3014;121;9888;3838;13847;11;321;166;498;400;123506;7045;130951;"2025-09-25 11:28:02"
10028;"2023-09-01";113;91;74031;1306;75428;28;2315;918;3261;38;9248;1653;10939;0;186;135;321;157;85780;4012;89949;"2025-09-25 11:28:02"
10029;"2023-09-01";114;173;105572;701;106446;93;3817;445;4355;158;19261;2958;22377;13;464;232;709;437;129114;4336;133887;"2025-09-25 11:28:02"
10030;"2023-09-01";115;241;51399;420;52060;101;1771;586;2458;260;12202;851;13313;11;264;88;363;613;65636;1945;68194;"2025-09-25 11:28:02"
10031;"2023-09-01";116;184;51995;357;52536;83;2074;678;2835;203;14108;6088;20399;9;275;353;637;479;68452;7476;76407;"2025-09-25 11:28:02"
10032;"2023-09-01";117;90;17570;89;17749;71;761;187;1019;156;6290;4417;10863;8;134;516;658;325;24755;5209;30289;"2025-09-25 11:28:02"
10033;"2023-09-01";118;87;99385;1156;100628;62;2888;548;3498;71;10359;2357;12787;10;282;166;458;230;112914;4227;117371;"2025-09-25 11:28:02"
10034;"2023-09-01";119;45;179600;3171;182816;33;3634;669;4336;36;11749;3755;15540;8;477;179;664;122;195460;7774;203356;"2025-09-25 11:28:02"
10035;"2023-09-01";120;20;143941;732;144693;17;2003;194;2214;23;5062;1419;6504;0;223;38;261;60;151229;2383;153672;"2025-09-25 11:28:02"
10036;"2023-09-01";121;380;115662;1580;117622;187;3966;1296;5449;256;21438;4618;26312;22;633;432;1087;845;141699;7926;150470;"2025-09-25 11:28:02"
10037;"2023-09-01";122;116;58821;318;59255;97;1373;172;1642;86;5952;2106;8144;9;139;309;457;308;66285;2905;69498;"2025-09-25 11:28:02"
10038;"2023-09-01";123;258;150674;2189;153121;269;4730;436;5435;205;18328;2879;21412;27;489;268;784;759;174221;5772;180752;"2025-09-25 11:28:02"
10039;"2023-09-01";124;201;100375;1030;101606;87;3502;672;4261;127;18810;4284;23221;16;436;529;981;431;123123;6515;130069;"2025-09-25 11:28:02"
10040;"2023-09-01";125;258;204250;2287;206795;101;5698;2648;8447;177;30627;6357;37161;18;624;302;944;554;241199;11594;253347;"2025-09-25 11:28:02"
10041;"2023-09-01";126;352;280838;3741;284931;167;8050;2184;10401;250;35795;7199;43244;23;882;1009;1914;792;325565;14133;340490;"2025-09-25 11:28:02"
10042;"2023-09-01";127;181;65479;3764;69424;77;2878;774;3729;154;20849;2737;23740;12;333;384;729;424;89539;7659;97622;"2025-09-25 11:28:02"
10043;"2023-09-01";128;196;121322;976;122494;94;2675;351;3120;148;15836;2284;18268;10;315;155;480;448;140148;3766;144362;"2025-09-25 11:28:02"
10044;"2023-09-01";129;391;433987;3212;437590;230;10573;2698;13501;289;62857;7714;70860;74;1574;647;2295;984;508991;14271;524246;"2025-09-25 11:28:02"
10046;"2023-09-01";131;73;15209;116;15398;58;785;53;896;78;7924;261;8263;11;83;30;124;220;24001;460;24681;"2025-09-25 11:28:02"
10047;"2023-09-01";132;73;10885;139;11097;49;475;92;616;115;4869;380;5364;5;77;227;309;242;16306;838;17386;"2025-09-25 11:28:02"
10048;"2023-09-01";133;68;11968;124;12160;60;631;90;781;104;6293;660;7057;15;67;75;157;247;18959;949;20155;"2025-09-25 11:28:02"
10049;"2023-09-01";134;86;17166;119;17371;57;720;94;871;116;8237;178;8531;12;86;36;134;271;26209;427;26907;"2025-09-25 11:28:02"
10050;"2023-09-01";135;72;19833;228;20133;58;828;95;981;79;7990;687;8756;11;106;83;200;220;28757;1093;30070;"2025-09-25 11:28:02"
10051;"2023-09-01";136;80;46398;317;46795;69;2169;218;2456;116;13796;1388;15300;14;213;146;373;279;62576;2069;64924;"2025-09-25 11:28:02"
10052;"2023-09-01";137;102;53884;715;54701;77;1782;177;2036;158;13697;1731;15586;8;325;887;1220;345;69688;3510;73543;"2025-09-25 11:28:02"
10053;"2023-09-01";138;35;16944;156;17135;26;586;36;648;29;3220;581;3830;8;73;45;126;98;20823;818;21739;"2025-09-25 11:28:02"
10054;"2023-09-01";139;71;43500;265;43836;66;1523;88;1677;84;9079;1059;10222;7;191;80;278;228;54293;1492;56013;"2025-09-25 11:28:02"
10055;"2023-09-01";140;1;8;0;9;0;3;0;3;0;8;0;8;0;0;0;0;1;19;0;20;"2025-09-25 11:28:02"
10056;"2023-09-01";141;210;86787;1033;88030;116;2306;303;2725;171;12190;1092;13453;16;305;255;576;513;101588;2683;104784;"2025-09-25 11:28:02"
10057;"2023-09-01";142;60;86455;1764;88279;124;2101;901;3126;65;11195;1757;13017;4;316;210;530;253;100067;4632;104952;"2025-09-25 11:28:02"
10058;"2023-09-01";143;147;90034;2133;92314;117;2471;513;3101;130;14620;2074;16824;8;364;215;587;402;107489;4935;112826;"2025-09-25 11:28:02"
10059;"2023-09-01";144;149;122554;4656;127359;90;3098;684;3872;127;15703;2360;18190;13;493;310;816;379;141848;8010;150237;"2025-09-25 11:28:02"
10060;"2023-09-01";145;197;92896;6116;99209;157;2977;408;3542;248;20169;1777;22194;27;400;285;712;629;116442;8586;125657;"2025-09-25 11:28:02"
10062;"2023-09-01";147;71;22809;62;22942;37;583;107;727;55;2269;394;2718;9;81;34;124;172;25742;597;26511;"2025-09-25 11:28:02"
10063;"2023-09-01";148;225;41732;1626;43583;127;1601;358;2086;219;12749;663;13631;25;194;128;347;596;56276;2775;59647;"2025-09-25 11:28:02"
10064;"2023-09-01";149;68;20297;1415;21780;44;1033;265;1342;91;8619;599;9309;8;111;70;189;211;30060;2349;32620;"2025-09-25 11:28:02"
10065;"2023-09-01";150;141;45226;856;46223;95;2112;382;2589;143;15150;1083;16376;31;182;81;294;410;62670;2402;65482;"2025-09-25 11:28:02"
10066;"2023-09-01";151;149;82884;683;83716;75;2462;351;2888;177;18730;2304;21211;14;444;782;1240;415;104520;4120;109055;"2025-09-25 11:28:02"
10067;"2023-09-01";152;132;39957;548;40637;77;1435;181;1693;188;12711;535;13434;31;179;152;362;428;54282;1416;56126;"2025-09-25 11:28:02"
10068;"2023-09-01";153;100;22813;194;23107;68;1149;332;1549;143;11212;390;11745;11;86;57;154;322;35260;973;36555;"2025-09-25 11:28:02"
10069;"2023-09-01";154;169;80102;930;81201;90;2526;486;3102;163;18777;1876;20816;22;355;427;804;444;101760;3719;105923;"2025-09-25 11:28:02"
10070;"2023-09-01";155;77;19340;148;19565;43;746;111;900;109;7668;459;8236;14;84;77;175;243;27838;795;28876;"2025-09-25 11:28:02"
10071;"2023-09-01";156;178;162648;2591;165417;143;4903;512;5558;183;23855;3742;27780;43;600;380;1023;547;192006;7225;199778;"2025-09-25 11:28:02"
10072;"2023-09-01";157;123;33707;291;34121;121;1406;317;1844;182;11450;717;12349;16;181;113;310;442;46744;1438;48624;"2025-09-25 11:28:02"
10073;"2023-09-01";158;100;115104;1720;116924;73;3864;673;4610;121;19525;2742;22388;11;473;405;889;305;138966;5540;144811;"2025-09-25 11:28:02"
10074;"2023-09-01";159;168;179542;1939;181649;158;4556;830;5544;217;20816;2444;23477;23;581;269;873;566;205495;5482;211543;"2025-09-25 11:28:02"
10075;"2023-09-01";160;75;11244;68;11387;53;499;63;615;120;5982;512;6614;13;61;77;151;261;17786;720;18767;"2025-09-25 11:28:02"
10076;"2023-09-01";161;82;24199;189;24470;45;1023;79;1147;191;10689;239;11119;19;124;48;191;337;36035;555;36927;"2025-09-25 11:28:02"
10077;"2023-09-01";162;154;41106;326;41586;90;1406;210;1706;141;12134;783;13058;21;205;144;370;406;54851;1463;56720;"2025-09-25 11:28:02"
10079;"2023-09-01";257;110;19688;167;19965;68;1295;96;1459;144;10599;267;11010;14;99;50;163;336;31681;580;32597;"2025-09-25 11:28:02"
10080;"2023-09-01";258;205;114073;2115;116393;133;3209;545;3887;206;19399;3112;22717;20;436;683;1139;564;137117;6455;144136;"2025-09-25 11:28:02"
10081;"2023-09-01";259;111;33201;583;33895;71;1529;164;1764;142;13441;1071;14654;8;239;155;402;332;48410;1973;50715;"2025-09-25 11:28:02"
10082;"2023-09-01";260;138;28828;712;29678;95;1203;171;1469;180;12572;434;13186;16;160;66;242;429;42763;1383;44575;"2025-09-25 11:28:02"
10083;"2023-09-01";261;70;8740;61;8871;43;471;56;570;101;4404;249;4754;6;42;40;88;220;13657;406;14283;"2025-09-25 11:28:02"
10084;"2023-09-01";262;89;18896;185;19170;62;850;120;1032;117;8631;260;9008;10;103;53;166;278;28480;618;29376;"2025-09-25 11:28:02"
10085;"2023-09-01";263;68;9901;60;10029;61;408;21;490;95;5173;63;5331;9;43;16;68;233;15525;160;15918;"2025-09-25 11:28:02"
10086;"2023-09-01";264;106;44134;226;44466;118;1654;402;2174;197;12240;2300;14737;25;233;200;458;446;58261;3128;61835;"2025-09-25 11:28:02"
10087;"2023-09-01";265;181;111797;1882;113860;146;4064;471;4681;216;24460;3067;27743;16;371;433;820;559;140692;5853;147104;"2025-09-25 11:28:02"
10088;"2023-09-01";266;78;9603;58;9739;55;418;70;543;117;4938;267;5322;6;62;28;96;256;15021;423;15700;"2025-09-25 11:28:02"
10089;"2023-09-01";267;74;7779;33;7886;40;368;23;431;115;4407;92;4614;6;51;18;75;235;12605;166;13006;"2025-09-25 11:28:02"
10090;"2023-09-01";268;141;152076;3199;155416;99;3473;942;4514;128;19614;2615;22357;14;479;393;886;382;175642;7149;183173;"2025-09-25 11:28:02"
10091;"2023-09-01";269;304;136158;1994;138456;238;3249;596;4083;187;15990;1465;17642;24;306;237;567;753;155703;4292;160748;"2025-09-25 11:28:02"
10092;"2023-09-01";270;107;40309;2571;42987;112;1630;208;1950;159;15035;864;16058;6;231;128;365;384;57205;3771;61360;"2025-09-25 11:28:02"
10093;"2023-09-01";271;103;9373;41;9517;58;450;89;597;108;4983;100;5191;12;51;16;79;281;14857;246;15384;"2025-09-25 11:28:02"
10095;"2023-09-01";164;86;12190;175;12451;63;529;85;677;100;6524;725;7349;10;71;42;123;259;19314;1027;20600;"2025-09-25 11:28:02"
10096;"2023-09-01";165;101;20307;188;20596;75;1057;105;1237;135;12430;259;12824;7;112;42;161;318;33906;594;34818;"2025-09-25 11:28:02"
10097;"2023-09-01";166;69;10307;110;10486;44;437;65;546;71;4979;398;5448;6;47;68;121;190;15770;641;16601;"2025-09-25 11:28:02"
10098;"2023-09-01";167;91;74222;818;75131;68;2218;279;2565;86;14287;3475;17848;14;484;1639;2137;259;91211;6211;97681;"2025-09-25 11:28:02"
10099;"2023-09-01";168;57;9078;456;9591;39;414;58;511;74;3947;204;4225;4;65;23;92;174;13504;741;14419;"2025-09-25 11:28:02"
10100;"2023-09-01";169;145;51749;856;52750;121;1890;386;2397;206;15402;1722;17330;19;331;286;636;491;69372;3250;73113;"2025-09-25 11:28:02"
10101;"2023-09-01";170;79;19921;349;20349;49;802;263;1114;79;7878;994;8951;9;124;151;284;216;28725;1757;30698;"2025-09-25 11:28:02"
10102;"2023-09-01";171;123;82001;2303;84427;121;2741;415;3277;162;13035;2369;15566;12;297;353;662;418;98074;5440;103932;"2025-09-25 11:28:02"
10103;"2023-09-01";172;220;38526;157;38903;199;1525;55;1779;153;11676;847;12676;15;174;112;301;587;51901;1171;53659;"2025-09-25 11:28:02"
10104;"2023-09-01";173;78;13767;159;14004;51;730;70;851;99;7867;358;8324;12;77;46;135;240;22441;633;23314;"2025-09-25 11:28:02"
10105;"2023-09-01";174;170;121181;1772;123123;131;3047;627;3805;189;22745;2049;24983;20;430;913;1363;510;147403;5361;153274;"2025-09-25 11:28:02"
10106;"2023-09-01";175;120;13450;94149;107719;65;635;2207;2907;199;9270;446;9915;4;148;42;194;388;23503;96844;120735;"2025-09-25 11:28:02"
10107;"2023-09-01";176;198;111935;2353;114486;155;3333;703;4191;202;21603;3491;25296;16;402;852;1270;571;137273;7399;145243;"2025-09-25 11:28:02"
10108;"2023-09-01";177;77;20667;141;20885;45;806;94;945;105;8068;499;8672;7;96;50;153;234;29637;784;30655;"2025-09-25 11:28:02"
10109;"2023-09-01";178;91;23807;173;24071;61;1215;105;1381;116;11114;753;11983;8;204;134;346;276;36340;1165;37781;"2025-09-25 11:28:02"
10110;"2023-09-01";179;125;16011;171;16307;59;721;114;894;104;9625;201;9930;11;84;30;125;299;26441;516;27256;"2025-09-25 11:28:02"
10111;"2023-09-01";180;80;18897;239;19216;43;749;68;860;87;8150;943;9180;3;122;90;215;213;27918;1340;29471;"2025-09-25 11:28:02"
10112;"2023-09-01";181;91;13026;84;13201;80;566;48;694;106;7012;281;7399;7;55;33;95;284;20659;446;21389;"2025-09-25 11:28:02"
10113;"2023-09-01";182;77;10880;92;11049;50;533;54;637;88;6234;131;6453;8;54;21;83;223;17701;298;18222;"2025-09-25 11:28:02"
10114;"2023-09-01";183;70;11948;11757;23775;51;543;276;870;85;6446;193;6724;11;79;23;113;217;19016;12249;31482;"2025-09-25 11:28:02"
10115;"2023-09-01";184;111;24081;77463;101655;81;1621;1290;2992;143;15326;231;15700;10;111;42;163;345;41139;79026;120510;"2025-09-25 11:28:02"
10116;"2023-09-01";185;95;25215;562;25872;54;971;966;1991;94;8061;507;8662;8;142;149;299;251;34389;2184;36824;"2025-09-25 11:28:02"
10118;"2023-09-01";187;136;117759;953;118848;89;3082;391;3562;117;22164;2697;24978;12;378;389;779;354;143383;4430;148167;"2025-09-25 11:28:02"
10119;"2023-09-01";188;216;117440;1711;119367;151;3835;554;4540;232;25869;1944;28045;19;505;381;905;618;147649;4590;152857;"2025-09-25 11:28:02"
10120;"2023-09-01";189;65;14005;39;14109;35;669;52;756;70;6489;629;7188;16;81;43;140;186;21244;763;22193;"2025-09-25 11:28:02"
10121;"2023-09-01";190;193;188559;2515;191267;112;5115;791;6018;231;25911;3636;29778;19;608;453;1080;555;220193;7395;228143;"2025-09-25 11:28:02"
10123;"2023-09-01";192;142;58033;619;58794;87;2071;271;2429;160;17940;1056;19156;15;218;151;384;404;78262;2097;80763;"2025-09-25 11:28:02"
10124;"2023-09-01";193;95;26959;417;27471;58;1207;122;1387;131;10312;278;10721;11;137;80;228;295;38615;897;39807;"2025-09-25 11:28:02"
10125;"2023-09-01";194;103;11165;58;11326;52;443;41;536;86;7021;81;7188;15;45;14;74;256;18674;194;19124;"2025-09-25 11:28:02"
10126;"2023-09-01";195;119;36550;419;37088;90;1662;251;2003;172;17286;1047;18505;16;194;163;373;397;55692;1880;57969;"2025-09-25 11:28:02"
10127;"2023-09-01";196;69;19981;160;20210;46;797;43;886;90;11231;983;12304;10;128;151;289;215;32137;1337;33689;"2025-09-25 11:28:02"
10128;"2023-09-01";197;228;63433;942;64603;219;2163;308;2690;254;19348;1188;20790;49;307;230;586;750;85251;2668;88669;"2025-09-25 11:28:02"
10129;"2023-09-01";198;72;12819;113;13004;51;618;55;724;117;6043;114;6274;15;70;27;112;255;19550;309;20114;"2025-09-25 11:28:02"
10130;"2023-09-01";199;54;5986;34;6074;31;282;28;341;59;3839;47;3945;2;33;8;43;146;10140;117;10403;"2025-09-25 11:28:02"
10131;"2023-09-01";200;129;40655;484;41268;76;1618;145;1839;143;14748;724;15615;27;224;154;405;375;57245;1507;59127;"2025-09-25 11:28:02"
10132;"2023-09-01";201;130;44736;386;45252;86;1772;244;2102;137;16262;1524;17923;14;236;344;594;367;63006;2498;65871;"2025-09-25 11:28:02"
10133;"2023-09-01";202;107;22626;169;22902;61;717;78;856;107;8486;199;8792;20;105;43;168;295;31934;489;32718;"2025-09-25 11:28:02"
10134;"2023-09-01";203;60;4219;397;4676;22;255;206;483;69;1410;31;1510;8;22;2;32;159;5906;636;6701;"2025-09-25 11:28:02"
10135;"2023-09-01";204;134;20049;120;20303;65;648;83;796;121;6617;118;6856;15;117;33;165;335;27431;354;28120;"2025-09-25 11:28:02"
10136;"2023-09-01";205;84;19482;90;19656;86;864;84;1034;130;12200;838;13168;10;105;100;215;310;32651;1112;34073;"2025-09-25 11:28:02"
10137;"2023-09-01";206;79;17653;145;17877;44;645;50;739;86;7802;613;8501;13;89;159;261;222;26189;967;27378;"2025-09-25 11:28:02"
10138;"2023-09-01";207;60;9780;40;9880;69;456;44;569;85;5973;112;6170;10;72;14;96;224;16281;210;16715;"2025-09-25 11:28:02"
10139;"2023-09-01";208;124;56161;309;56594;70;1851;365;2286;107;12946;1538;14591;10;234;294;538;311;71192;2506;74009;"2025-09-25 11:28:02"
10140;"2023-09-01";209;142;104777;1413;106332;88;2995;791;3874;204;17947;4366;22517;14;423;1742;2179;448;126142;8312;134902;"2025-09-25 11:28:02"
10141;"2023-09-01";210;167;123215;1991;125373;91;2974;312;3377;102;17982;1017;19101;26;395;295;716;386;144566;3615;148567;"2025-09-25 11:28:02"
10143;"2023-09-01";212;125;93910;998;95033;92;2950;477;3519;130;11873;473;12476;14;282;160;456;361;109015;2108;111484;"2025-09-25 11:28:02"
10144;"2023-09-01";213;100;24034;198;24332;71;864;167;1102;107;9289;253;9649;11;68;175;254;289;34255;793;35337;"2025-09-25 11:28:02"
10145;"2023-09-01";214;49;11631;80;11760;49;478;39;566;102;3986;91;4179;6;52;28;86;206;16147;238;16591;"2025-09-25 11:28:02"
10146;"2023-09-01";215;250;239122;2210;241582;170;6377;520;7067;239;40730;4586;45555;31;730;574;1335;690;286959;7890;295539;"2025-09-25 11:28:02"
10147;"2023-09-01";216;105;14089;148;14342;57;543;113;713;130;6209;156;6495;8;58;32;98;300;20899;449;21648;"2025-09-25 11:28:02"
10148;"2023-09-01";217;111;43001;490;43602;96;1427;190;1713;107;13705;2633;16445;13;179;641;833;327;58312;3954;62593;"2025-09-25 11:28:02"
10149;"2023-09-01";218;105;46766;704;47575;75;1492;218;1785;140;10466;524;11130;13;168;115;296;333;58892;1561;60786;"2025-09-25 11:28:02"
10150;"2023-09-01";219;90;13514;65;13669;61;517;59;637;89;7160;488;7737;9;139;146;294;249;21330;758;22337;"2025-09-25 11:28:02"
10151;"2023-09-01";220;162;148349;1195;149706;99;4216;793;5108;146;22436;7066;29648;22;588;1610;2220;429;175589;10664;186682;"2025-09-25 11:28:02"
10152;"2023-09-01";221;64;10306;58;10428;56;415;46;517;92;4597;559;5248;13;56;103;172;225;15374;766;16365;"2025-09-25 11:28:02"
10153;"2023-09-01";222;215;142020;2921;145156;177;3431;1023;4631;243;26958;2341;29542;30;458;432;920;665;172867;6717;180249;"2025-09-25 11:28:02"
10154;"2023-09-01";223;72;24953;177;25202;74;1049;104;1227;99;10338;406;10843;9;142;68;219;254;36482;755;37491;"2025-09-25 11:28:02"
10155;"2023-09-01";224;136;87401;1286;88823;68;1981;471;2520;137;10467;972;11576;11;146;149;306;352;99995;2878;103225;"2025-09-25 11:28:02"
10156;"2023-09-01";225;66;91394;4433;95893;32;1960;441;2433;54;11107;1647;12808;4;182;227;413;156;104643;6748;111547;"2025-09-25 11:28:02"
10157;"2023-09-01";226;239;155136;58234;213609;219;2138;1309;3666;145;10583;974;11702;12;197;183;392;615;168054;60700;229369;"2025-09-25 11:28:02"
10158;"2023-09-01";227;185;99956;1570;101711;167;2282;279;2728;133;16748;1400;18281;16;285;331;632;501;119271;3580;123352;"2025-09-25 11:28:02"
10159;"2023-09-01";228;91;86706;719;87516;37;2008;161;2206;92;7849;930;8871;10;250;257;517;230;96813;2067;99110;"2025-09-25 11:28:02"
10160;"2023-09-01";229;99;42842;730;43671;83;1720;249;2052;118;8848;317;9283;12;144;72;228;312;53554;1368;55234;"2025-09-25 11:28:02"
10161;"2023-09-01";230;60;16098;93;16251;65;546;41;652;103;7754;169;8026;11;71;79;161;239;24469;382;25090;"2025-09-25 11:28:02"
10162;"2023-09-01";231;80;32564;33410;66054;57;1103;306;1466;75;10281;525;10881;6;245;238;489;218;44193;34479;78890;"2025-09-25 11:28:02"
10163;"2023-09-01";232;57;13253;157;13467;55;496;88;639;117;6509;145;6771;10;69;26;105;239;20327;416;20982;"2025-09-25 11:28:02"
10164;"2023-09-01";233;83;15555;95;15733;54;607;74;735;137;8132;399;8668;14;76;67;157;288;24370;635;25293;"2025-09-25 11:28:02"
10166;"2023-09-01";235;247;77145;955;78347;144;3002;151;3297;343;27283;623;28249;39;234;142;415;773;107664;1871;110308;"2025-09-25 11:28:02"
10167;"2023-09-01";236;601;246055;267270;513926;356;7283;6547;14186;695;56457;3494;60646;42;1186;536;1764;1694;310981;277847;590522;"2025-09-25 11:28:02"
10169;"2023-09-01";238;160;92755;2528;95443;148;2647;493;3288;260;18149;1407;19816;34;399;384;817;602;113950;4812;119364;"2025-09-25 11:28:02"
10171;"2023-09-01";240;111;39363;665;40139;78;1284;163;1525;126;6971;501;7598;14;163;214;391;329;47781;1543;49653;"2025-09-25 11:28:02"
10172;"2023-09-01";241;122;25954;475;26551;102;853;134;1089;180;6765;176;7121;8;130;43;181;412;33702;828;34942;"2025-09-25 11:28:02"
10173;"2023-09-01";242;107;33960;921;34988;91;1105;144;1340;109;5504;299;5912;6;134;100;240;313;40703;1464;42480;"2025-09-25 11:28:02"
10174;"2023-09-01";243;53;8815;54;8922;55;318;27;400;108;3335;48;3491;8;53;13;74;224;12521;142;12887;"2025-09-25 11:28:02"
10175;"2023-09-01";244;44;12280;186;12510;41;413;30;484;118;4163;78;4359;11;78;21;110;214;16934;315;17463;"2025-09-25 11:28:02"
10176;"2023-09-01";245;130;14940;161;15231;83;671;53;807;124;6204;134;6462;10;111;52;173;347;21926;400;22673;"2025-09-25 11:28:02"
10177;"2023-09-01";246;220;157209;2851;160280;169;4438;513;5120;233;26888;2244;29365;25;609;361;995;647;189144;5969;195760;"2025-09-25 11:28:02"
10178;"2023-09-01";247;53;14442;105;14600;52;486;61;599;128;4949;101;5178;7;84;29;120;240;19961;296;20497;"2025-09-25 11:28:02"
10179;"2023-09-01";248;107;14238;218;14563;97;580;77;754;144;6225;160;6529;18;85;35;138;366;21128;490;21984;"2025-09-25 11:28:02"
10180;"2023-09-01";249;55;16967;139;17161;67;707;38;812;136;6992;145;7273;14;77;18;109;272;24743;340;25355;"2025-09-25 11:28:02"
10181;"2023-09-01";250;307;119956;2554;122817;277;3202;633;4112;267;18825;2727;21819;19;499;402;920;870;142482;6316;149668;"2025-09-25 11:28:02"
10182;"2023-09-01";251;61;16044;401;16506;59;622;128;809;117;3376;131;3624;9;112;40;161;246;20154;700;21100;"2025-09-25 11:28:02"
10183;"2023-09-01";252;102;17418;314;17834;86;812;96;994;123;8644;143;8910;16;95;38;149;327;26969;591;27887;"2025-09-25 11:28:02"
10184;"2023-09-01";253;122;27759;252;28133;112;1247;283;1642;182;11734;441;12357;23;137;64;224;439;40877;1040;42356;"2025-09-25 11:28:02"
10185;"2023-09-01";254;62;9718;61;9841;61;304;56;421;101;3302;49;3452;11;59;22;92;235;13383;188;13806;"2025-09-25 11:28:02"
10186;"2023-09-01";255;80;19081;513;19674;67;882;74;1023;119;8530;262;8911;13;109;49;171;279;28602;898;29779;"2025-09-25 11:28:02"
10188;"2023-10-01";1;159;212274;18962;231395;56;4030;550;4636;179;13665;2397;16241;18;341;161;520;412;230310;22070;252792;"2025-09-25 11:28:13"
10189;"2023-10-01";2;113;128922;5059;134094;41;3399;794;4234;154;12187;2507;14848;6;209;221;436;314;144717;8581;153612;"2025-09-25 11:28:13"
10190;"2023-10-01";3;102;60695;2113;62910;65;2254;718;3037;133;7102;1301;8536;14;144;113;271;314;70195;4245;74754;"2025-09-25 11:28:13"
10191;"2023-10-01";4;118;66779;2091;68988;90;1695;301;2086;126;16219;2592;18937;10;374;567;951;344;85067;5551;90962;"2025-09-25 11:28:13"
10192;"2023-10-01";5;93;99836;3109;103038;47;3155;345;3547;146;9326;2197;11669;13;181;180;374;299;112498;5831;118628;"2025-09-25 11:28:13"
10193;"2023-10-01";6;91;81044;3123;84258;42;2237;332;2611;184;8973;1637;10794;10;120;105;235;327;92374;5197;97898;"2025-09-25 11:28:13"
10194;"2023-10-01";7;107;115828;9988;125923;61;4310;535;4906;128;14095;2714;16937;6;315;161;482;302;134548;13398;148248;"2025-09-25 11:28:13"
10195;"2023-10-01";8;56;71757;3550;75363;31;2825;464;3320;78;10899;2332;13309;11;179;104;294;176;85660;6450;92286;"2025-09-25 11:28:13"
10196;"2023-10-01";9;83;129771;5515;135369;52;3469;818;4339;177;10042;2146;12365;12;238;257;507;324;143520;8736;152580;"2025-09-25 11:28:13"
10197;"2023-10-01";10;94;76699;4709;81502;50;2432;584;3066;127;8065;2047;10239;12;173;171;356;283;87369;7511;95163;"2025-09-25 11:28:13"
10198;"2023-10-01";11;102;84087;2800;86989;56;2712;155;2923;137;9927;2190;12254;10;187;104;301;305;96913;5249;102467;"2025-09-25 11:28:13"
10199;"2023-10-01";12;113;94615;1150;95878;46;2344;132;2522;125;6560;1187;7872;16;132;193;341;300;103651;2662;106613;"2025-09-25 11:28:13"
10200;"2023-10-01";13;95;101885;4380;106360;56;2651;659;3366;165;9434;2274;11873;20;230;527;777;336;114200;7840;122376;"2025-09-25 11:28:13"
10201;"2023-10-01";14;207;77559;3230;80996;103;2127;422;2652;135;5955;1789;7879;9;137;105;251;454;85778;5546;91778;"2025-09-25 11:28:13"
10202;"2023-10-01";15;184;152688;4036;156908;132;2988;655;3775;181;10762;4861;15804;16;272;166;454;513;166710;9718;176941;"2025-09-25 11:28:13"
10203;"2023-10-01";16;121;82018;8576;90715;48;1868;904;2820;175;8464;1862;10501;18;199;98;315;362;92549;11440;104351;"2025-09-25 11:28:13"
10204;"2023-10-01";17;96;105482;2129;107707;50;2962;1132;4144;145;8628;1724;10497;10;186;104;300;301;117258;5089;122648;"2025-09-25 11:28:13"
10205;"2023-10-01";18;130;207375;7330;214835;99;4166;1695;5960;165;18014;5011;23190;15;364;385;764;409;229919;14421;244749;"2025-09-25 11:28:13"
10206;"2023-10-01";19;127;127918;4438;132483;62;3223;756;4041;141;11281;2941;14363;7;281;429;717;337;142703;8564;151604;"2025-09-25 11:28:13"
10207;"2023-10-01";20;130;118159;2948;121237;59;3865;173;4097;168;13583;4401;18152;14;459;636;1109;371;136066;8158;144595;"2025-09-25 11:28:13"
10208;"2023-10-01";21;252;65235;1294;66781;123;1901;68;2092;145;5217;786;6148;11;135;28;174;531;72488;2176;75195;"2025-09-25 11:28:13"
10209;"2023-10-01";22;101;114470;4109;118680;44;3181;737;3962;141;10037;2033;12211;16;168;194;378;302;127856;7073;135231;"2025-09-25 11:28:13"
10210;"2023-10-01";23;1516;39489;550;41555;1524;1508;259;3291;346;3655;1568;5569;100;80;95;275;3486;44732;2472;50690;"2025-09-25 11:28:13"
10211;"2023-10-01";63;123;89211;1163;90497;108;1904;299;2311;91;10042;932;11065;6;201;275;482;328;101358;2669;104355;"2025-09-25 11:28:13"
10212;"2023-10-01";25;82;91317;5883;97282;32;3203;531;3766;124;11757;2803;14684;16;205;331;552;254;106482;9548;116284;"2025-09-25 11:28:13"
10213;"2023-10-01";146;1950;653083;12461;667494;1705;20969;3026;25700;2684;154672;9139;166495;257;2991;1927;5175;6596;831715;26553;864864;"2025-09-25 11:28:13"
10215;"2023-10-01";28;96;66287;2445;68828;66;2102;825;2993;110;9662;3230;13002;14;182;654;850;286;78233;7154;85673;"2025-09-25 11:28:13"
10216;"2023-10-01";29;79;72985;803;73867;54;2105;556;2715;120;10906;1307;12333;12;238;209;459;265;86234;2875;89374;"2025-09-25 11:28:13"
10217;"2023-10-01";77;287;137988;2812;141087;207;2743;539;3489;231;16261;3174;19666;17;336;576;929;742;157328;7101;165171;"2025-09-25 11:28:13"
10218;"2023-10-01";57;68;57796;729;58593;42;1240;150;1432;77;4659;323;5059;7;147;50;204;194;63842;1252;65288;"2025-09-25 11:28:13"
10219;"2023-10-01";32;72;85476;1477;87025;28;1967;336;2331;67;10101;1467;11635;1;206;262;469;168;97750;3542;101460;"2025-09-25 11:28:13"
10220;"2023-10-01";33;124;113904;19423;133451;62;2827;534;3423;164;13125;2259;15548;11;194;537;742;361;130050;22753;153164;"2025-09-25 11:28:13"
10221;"2023-10-01";79;87;107963;1494;109544;40;2151;273;2464;91;11219;1665;12975;9;244;332;585;227;121577;3764;125568;"2025-09-25 11:28:13"
10222;"2023-10-01";35;94;66662;2491;69247;60;2144;242;2446;102;14501;2327;16930;10;210;327;547;266;83517;5387;89170;"2025-09-25 11:28:13"
10223;"2023-10-01";36;106;92344;3401;95851;51;2771;338;3160;104;12958;2030;15092;9;206;289;504;270;108279;6058;114607;"2025-09-25 11:28:13"
10224;"2023-10-01";60;276;186716;10720;197712;310;4259;331;4900;198;18797;2343;21338;33;477;493;1003;817;210249;13887;224953;"2025-09-25 11:28:13"
10225;"2023-10-01";38;49;57625;57809;115483;24;1460;922;2406;83;5649;1203;6935;11;141;362;514;167;64875;60296;125338;"2025-09-25 11:28:13"
10226;"2023-10-01";39;295;100924;12058;113277;485;1621;619;2725;186;8267;2252;10705;29;173;699;901;995;110985;15628;127608;"2025-09-25 11:28:13"
10227;"2023-10-01";40;84;26678;1378;28140;52;990;293;1335;83;4168;377;4628;10;49;52;111;229;31885;2100;34214;"2025-09-25 11:28:13"
10229;"2023-10-01";42;133;149492;11425;161050;58;3154;257;3469;128;13200;2190;15518;9;306;494;809;328;166152;14366;180846;"2025-09-25 11:28:13"
10231;"2023-10-01";44;0;22;2;24;0;6;4;10;0;36;118;154;0;0;17;17;0;64;141;205;"2025-09-25 11:28:13"
10233;"2023-10-01";46;194;241087;11000;252281;112;4883;745;5740;185;29612;5459;35256;15;565;576;1156;506;276147;17780;294433;"2025-09-25 11:28:13"
10234;"2023-10-01";47;117;117977;1636;119730;121;2973;512;3606;292;19718;2847;22857;60;382;282;724;590;141050;5277;146917;"2025-09-25 11:28:13"
10238;"2023-10-01";51;173;193855;3139;197167;195;3036;624;3855;213;15991;1329;17533;14;430;162;606;595;213312;5254;219161;"2025-09-25 11:28:13"
10241;"2023-10-01";54;124;26911;13884;40919;52;1156;388;1596;150;10208;753;11111;9;151;83;243;335;38426;15108;53869;"2025-09-25 11:28:13"
10242;"2023-10-01";55;111;94487;141285;235883;63;3237;1904;5204;116;24802;2786;27704;16;563;326;905;306;123089;146301;269696;"2025-09-25 11:28:13"
10243;"2023-10-01";56;317;220104;26822;247243;416;5330;883;6629;170;29695;3532;33397;25;527;482;1034;928;255656;31719;288303;"2025-09-25 11:28:13"
10245;"2023-10-01";58;188;141758;3493;145439;100;4244;124;4468;138;16997;4743;21878;20;400;873;1293;446;163399;9233;173078;"2025-09-25 11:28:13"
10246;"2023-10-01";59;148;203139;37463;240750;83;4777;1113;5973;102;21143;3097;24342;14;383;320;717;347;229442;41993;271782;"2025-09-25 11:28:13"
10248;"2023-10-01";61;175;199136;5118;204429;97;3198;698;3993;156;12237;3352;15745;10;374;523;907;438;214945;9691;225074;"2025-09-25 11:28:13"
10249;"2023-10-01";62;71;8762;138;8971;55;514;69;638;125;3877;62;4064;3;48;11;62;254;13201;280;13735;"2025-09-25 11:28:13"
10252;"2023-10-01";65;192;171933;3902;176027;149;4440;407;4996;197;26811;8050;35058;28;670;906;1604;566;203854;13265;217685;"2025-09-25 11:28:13"
10258;"2023-10-01";71;81;71167;2932;74180;46;2186;578;2810;105;13883;4008;17996;10;308;450;768;242;87544;7968;95754;"2025-09-25 11:28:13"
10261;"2023-10-01";74;125;172081;2983;175189;98;3157;366;3621;414;15514;2434;18362;23;574;302;899;660;191326;6085;198071;"2025-09-25 11:28:13"
10267;"2023-10-01";80;169;106580;1218;107967;93;2619;673;3385;171;20422;4147;24740;11;389;1004;1404;444;130010;7042;137496;"2025-09-25 11:28:13"
10270;"2023-10-01";83;351;173956;1099;175406;248;3391;492;4131;259;15081;1922;17262;65;608;167;840;923;193036;3680;197639;"2025-09-25 11:28:13"
10272;"2023-10-01";85;151;24977;205;25333;87;1167;136;1390;168;6618;206;6992;20;129;44;193;426;32891;591;33908;"2025-09-25 11:28:13"
10273;"2023-10-01";86;299;172952;1849;175100;161;4299;352;4812;193;19587;2591;22371;22;403;285;710;675;197241;5077;202993;"2025-09-25 11:28:13"
10274;"2023-10-01";87;101;112620;3341;116062;79;2580;760;3419;79;13213;2217;15509;10;337;162;509;269;128750;6480;135499;"2025-09-25 11:28:13"
10275;"2023-10-01";88;71;105514;2482;108067;22;2218;516;2756;37;9576;1461;11074;1;214;126;341;131;117522;4585;122238;"2025-09-25 11:28:13"
10276;"2023-10-01";89;457;28751;294;29502;108;540;33;681;122;1902;404;2428;13;65;11;89;700;31258;742;32700;"2025-09-25 11:28:13"
10277;"2023-10-01";90;121;87580;1760;89461;75;2426;448;2949;107;10433;2341;12881;10;206;195;411;313;100645;4744;105702;"2025-09-25 11:28:13"
10278;"2023-10-01";91;184;168203;813;169200;98;5043;2561;7702;130;30603;5403;36136;14;644;361;1019;426;204493;9138;214057;"2025-09-25 11:28:13"
10279;"2023-10-01";92;84;61083;1161;62328;77;1669;298;2044;100;8500;1413;10013;12;178;157;347;273;71430;3029;74732;"2025-09-25 11:28:13"
10280;"2023-10-01";93;125;88267;1020;89412;71;2230;165;2466;93;9130;3941;13164;9;177;256;442;298;99804;5382;105484;"2025-09-25 11:28:13"
10281;"2023-10-01";94;248;199672;2632;202552;114;5285;1531;6930;200;30884;4373;35457;8;658;695;1361;570;236499;9231;246300;"2025-09-25 11:28:13"
10282;"2023-10-01";95;358;265936;2076;268370;201;7598;1088;8887;223;43192;6123;49538;27;1053;482;1562;809;317779;9769;328357;"2025-09-25 11:28:13"
10283;"2023-10-01";96;86;31807;713;32606;43;1254;77;1374;87;5436;690;6213;12;90;52;154;228;38587;1532;40347;"2025-09-25 11:28:13"
10284;"2023-10-01";97;284;253867;5607;259758;202;8012;1180;9394;213;34601;6132;40946;29;611;559;1199;728;297091;13478;311297;"2025-09-25 11:28:13"
10285;"2023-10-01";101;186;178952;4633;183771;60;2521;1372;3953;109;7881;2073;10063;10;326;225;561;365;189680;8303;198348;"2025-09-25 11:28:13"
10286;"2023-10-01";102;164;68687;1056;69907;62;2132;211;2405;76;7614;1314;9004;3;183;143;329;305;78616;2724;81645;"2025-09-25 11:28:13"
10287;"2023-10-01";103;211;63833;2080;66124;56;2265;278;2599;105;8969;1606;10680;17;164;137;318;389;75231;4101;79721;"2025-09-25 11:28:13"
10288;"2023-10-01";104;129;176340;4598;181067;157;4674;1498;6329;160;20180;3064;23404;26;525;563;1114;472;201719;9723;211914;"2025-09-25 11:28:13"
10289;"2023-10-01";105;251;142146;1935;144332;96;2220;113;2429;63;6814;1500;8377;3;253;140;396;413;151433;3688;155534;"2025-09-25 11:28:13"
10290;"2023-10-01";106;219;94505;950;95674;156;2808;546;3510;101;8289;2064;10454;14;203;123;340;490;105805;3683;109978;"2025-09-25 11:28:13"
10291;"2023-10-01";107;150;73154;1201;74505;90;2553;66;2709;94;6718;1810;8622;24;154;100;278;358;82579;3177;86114;"2025-09-25 11:28:13"
10292;"2023-10-01";108;172;222734;1766;224672;112;6719;457;7288;155;37402;6342;43899;21;667;467;1155;460;267522;9032;277014;"2025-09-25 11:28:13"
10293;"2023-10-01";109;189;134685;2564;137438;162;5200;1143;6505;224;22835;3886;26945;13;382;324;719;588;163102;7917;171607;"2025-09-25 11:28:13"
10294;"2023-10-01";110;71;122305;2353;124729;40;4158;659;4857;36;18771;2577;21384;3;412;379;794;150;145646;5968;151764;"2025-09-25 11:28:13"
10295;"2023-10-01";111;157;90306;706;91169;99;3136;484;3719;135;19040;3258;22433;13;896;289;1198;404;113378;4737;118519;"2025-09-25 11:28:13"
10296;"2023-10-01";112;145;111055;2427;113627;124;2263;614;3001;124;9907;3836;13867;11;325;164;500;404;123550;7041;130995;"2025-09-25 11:28:13"
10297;"2023-10-01";113;92;74046;1300;75438;28;2308;915;3251;39;9236;1648;10923;0;183;134;317;159;85773;3997;89929;"2025-09-25 11:28:13"
10298;"2023-10-01";114;177;106346;702;107225;93;3816;462;4371;159;19383;2905;22447;13;460;232;705;442;130005;4301;134748;"2025-09-25 11:28:13"
10299;"2023-10-01";115;241;51656;426;52323;101;1766;582;2449;260;12230;855;13345;11;267;88;366;613;65919;1951;68483;"2025-09-25 11:28:13"
10300;"2023-10-01";116;185;52094;356;52635;83;2078;679;2840;206;14132;6107;20445;8;279;352;639;482;68583;7494;76559;"2025-09-25 11:28:13"
10301;"2023-10-01";117;90;17575;90;17755;71;762;186;1019;157;6305;4420;10882;8;136;512;656;326;24778;5208;30312;"2025-09-25 11:28:13"
10302;"2023-10-01";118;88;99878;1168;101134;62;2881;549;3492;73;10394;2386;12853;10;284;169;463;233;113437;4272;117942;"2025-09-25 11:28:13"
10303;"2023-10-01";119;46;180866;3149;184061;32;3631;672;4335;36;11727;3741;15504;8;478;176;662;122;196702;7738;204562;"2025-09-25 11:28:13"
10304;"2023-10-01";120;21;143931;721;144673;16;1995;195;2206;25;5028;1407;6460;0;219;37;256;62;151173;2360;153595;"2025-09-25 11:28:13"
10305;"2023-10-01";121;379;115914;1583;117876;185;3960;1293;5438;257;21391;4632;26280;21;639;428;1088;842;141904;7936;150682;"2025-09-25 11:28:13"
10306;"2023-10-01";122;116;58965;319;59400;97;1359;172;1628;87;5952;2099;8138;9;143;309;461;309;66419;2899;69627;"2025-09-25 11:28:13"
10307;"2023-10-01";123;260;150998;2061;153319;270;4696;443;5409;204;18361;2856;21421;29;496;267;792;763;174551;5627;180941;"2025-09-25 11:28:13"
10308;"2023-10-01";124;201;100531;1030;101762;92;3496;669;4257;128;18885;4287;23300;16;436;534;986;437;123348;6520;130305;"2025-09-25 11:28:13"
10309;"2023-10-01";125;260;204568;2272;207100;101;5679;2639;8419;178;30708;6333;37219;17;623;302;942;556;241578;11546;253680;"2025-09-25 11:28:13"
10310;"2023-10-01";126;353;281572;3749;285674;165;7986;2185;10336;250;35672;7195;43117;23;886;1013;1922;791;326116;14142;341049;"2025-09-25 11:28:13"
10311;"2023-10-01";127;182;65602;3591;69375;77;2871;768;3716;154;20804;2758;23716;12;331;383;726;425;89608;7500;97533;"2025-09-25 11:28:13"
10312;"2023-10-01";128;196;121333;969;122498;93;2657;349;3099;148;15836;2280;18264;10;324;154;488;447;140150;3752;144349;"2025-09-25 11:28:13"
10313;"2023-10-01";129;389;435197;3205;438791;229;10534;2711;13474;295;62964;7745;71004;75;1575;664;2314;988;510270;14325;525583;"2025-09-25 11:28:13"
10315;"2023-10-01";131;73;15209;115;15397;58;784;53;895;79;7931;265;8275;11;83;30;124;221;24007;463;24691;"2025-09-25 11:28:13"
10316;"2023-10-01";132;73;10899;139;11111;47;478;92;617;116;4873;379;5368;5;77;226;308;241;16327;836;17404;"2025-09-25 11:28:13"
10317;"2023-10-01";133;69;11971;124;12164;62;636;90;788;105;6295;658;7058;15;66;73;154;251;18968;945;20164;"2025-09-25 11:28:13"
10318;"2023-10-01";134;84;17203;119;17406;59;715;94;868;114;8248;180;8542;12;83;37;132;269;26249;430;26948;"2025-09-25 11:28:13"
10319;"2023-10-01";135;71;19823;226;20120;56;825;96;977;79;7980;688;8747;11;107;83;201;217;28735;1093;30045;"2025-09-25 11:28:13"
10320;"2023-10-01";136;80;46390;301;46771;72;2162;212;2446;119;13811;1387;15317;14;216;144;374;285;62579;2044;64908;"2025-09-25 11:28:13"
10321;"2023-10-01";137;102;53975;714;54791;80;1769;177;2026;159;13701;1726;15586;10;331;888;1229;351;69776;3505;73632;"2025-09-25 11:28:13"
10322;"2023-10-01";138;35;16962;156;17153;26;575;36;637;29;3214;578;3821;8;71;47;126;98;20822;817;21737;"2025-09-25 11:28:13"
10323;"2023-10-01";139;71;43614;267;43952;66;1525;88;1679;85;9109;1062;10256;7;194;79;280;229;54442;1496;56167;"2025-09-25 11:28:13"
10324;"2023-10-01";140;1;8;0;9;0;3;0;3;0;8;0;8;0;0;0;0;1;19;0;20;"2025-09-25 11:28:13"
10325;"2023-10-01";141;212;86966;1033;88211;116;2282;302;2700;171;12131;1109;13411;16;308;256;580;515;101687;2700;104902;"2025-09-25 11:28:13"
10326;"2023-10-01";142;61;86294;1767;88122;125;2100;907;3132;65;11176;1748;12989;4;310;210;524;255;99880;4632;104767;"2025-09-25 11:28:13"
10327;"2023-10-01";143;147;90045;2141;92333;118;2438;519;3075;130;14502;2067;16699;9;371;215;595;404;107356;4942;112702;"2025-09-25 11:28:13"
10328;"2023-10-01";144;134;122978;4696;127808;91;3109;688;3888;129;15740;2328;18197;13;500;307;820;367;142327;8019;150713;"2025-09-25 11:28:13"
10329;"2023-10-01";145;197;92854;5664;98715;156;2960;413;3529;254;20079;1778;22111;27;410;286;723;634;116303;8141;125078;"2025-09-25 11:28:13"
10331;"2023-10-01";147;72;22967;62;23101;38;583;106;727;55;2266;394;2715;9;82;35;126;174;25898;597;26669;"2025-09-25 11:28:13"
10332;"2023-10-01";148;224;41755;1580;43559;127;1599;358;2084;223;12799;665;13687;26;193;125;344;600;56346;2728;59674;"2025-09-25 11:28:13"
10333;"2023-10-01";149;68;20297;1411;21776;44;1035;250;1329;92;8637;594;9323;8;112;71;191;212;30081;2326;32619;"2025-09-25 11:28:13"
10334;"2023-10-01";150;141;45260;855;46256;93;2099;379;2571;144;15226;1087;16457;30;182;82;294;408;62767;2403;65578;"2025-09-25 11:28:13"
10335;"2023-10-01";151;148;83200;681;84029;80;2470;357;2907;178;18834;2307;21319;14;443;785;1242;420;104947;4130;109497;"2025-09-25 11:28:13"
10336;"2023-10-01";152;131;40002;544;40677;76;1432;179;1687;184;12765;535;13484;31;186;151;368;422;54385;1409;56216;"2025-09-25 11:28:13"
10337;"2023-10-01";153;98;22835;194;23127;70;1147;332;1549;144;11219;387;11750;11;85;56;152;323;35286;969;36578;"2025-09-25 11:28:13"
10338;"2023-10-01";154;169;80233;915;81317;88;2523;484;3095;163;18831;1870;20864;22;363;426;811;442;101950;3695;106087;"2025-09-25 11:28:13"
10339;"2023-10-01";155;77;19365;147;19589;42;744;111;897;111;7697;468;8276;14;83;80;177;244;27889;806;28939;"2025-09-25 11:28:13"
10340;"2023-10-01";156;179;163596;2571;166346;143;4884;514;5541;184;23923;3730;27837;43;606;377;1026;549;193009;7192;200750;"2025-09-25 11:28:13"
10341;"2023-10-01";157;124;33700;294;34118;118;1400;323;1841;181;11490;722;12393;16;182;114;312;439;46772;1453;48664;"2025-09-25 11:28:13"
10342;"2023-10-01";158;102;115126;1712;116940;72;3828;672;4572;122;19541;2736;22399;11;477;407;895;307;138972;5527;144806;"2025-09-25 11:28:13"
10343;"2023-10-01";159;171;179588;1945;181704;160;4546;829;5535;219;20823;2446;23488;23;579;272;874;573;205536;5492;211601;"2025-09-25 11:28:13"
10344;"2023-10-01";160;74;11279;68;11421;52;492;61;605;120;5934;507;6561;13;62;77;152;259;17767;713;18739;"2025-09-25 11:28:13"
10345;"2023-10-01";161;80;24265;190;24535;45;1020;79;1144;194;10732;239;11165;19;124;48;191;338;36141;556;37035;"2025-09-25 11:28:13"
10346;"2023-10-01";162;156;41246;328;41730;92;1406;204;1702;142;12167;782;13091;21;209;145;375;411;55028;1459;56898;"2025-09-25 11:28:13"
10348;"2023-10-01";257;109;19741;167;20017;66;1283;96;1445;146;10606;267;11019;14;99;50;163;335;31729;580;32644;"2025-09-25 11:28:13"
10349;"2023-10-01";258;203;114099;2119;116421;126;3186;540;3852;206;19367;3117;22690;20;440;684;1144;555;137092;6460;144107;"2025-09-25 11:28:13"
10350;"2023-10-01";259;111;33223;576;33910;71;1520;164;1755;143;13440;1072;14655;8;240;157;405;333;48423;1969;50725;"2025-09-25 11:28:13"
10351;"2023-10-01";260;138;28843;689;29670;94;1198;172;1464;178;12513;438;13129;16;161;66;243;426;42715;1365;44506;"2025-09-25 11:28:13"
10352;"2023-10-01";261;70;8746;61;8877;43;471;55;569;102;4414;251;4767;6;44;40;90;221;13675;407;14303;"2025-09-25 11:28:13"
10353;"2023-10-01";262;89;18887;183;19159;61;855;119;1035;117;8621;254;8992;10;107;50;167;277;28470;606;29353;"2025-09-25 11:28:13"
10354;"2023-10-01";263;68;9924;60;10052;59;410;21;490;95;5180;63;5338;9;43;16;68;231;15557;160;15948;"2025-09-25 11:28:13"
10355;"2023-10-01";264;106;44312;228;44646;123;1655;405;2183;197;12232;2305;14734;24;236;202;462;450;58435;3140;62025;"2025-09-25 11:28:13"
10356;"2023-10-01";265;182;111919;1912;114013;146;4064;471;4681;217;24497;3092;27806;16;372;433;821;561;140852;5908;147321;"2025-09-25 11:28:13"
10357;"2023-10-01";266;77;9597;58;9732;56;425;70;551;118;4948;266;5332;6;61;28;95;257;15031;422;15710;"2025-09-25 11:28:13"
10358;"2023-10-01";267;74;7773;33;7880;40;365;21;426;115;4415;72;4602;6;51;18;75;235;12604;144;12983;"2025-09-25 11:28:13"
10359;"2023-10-01";268;142;152149;3211;155502;100;3489;942;4531;128;19588;2561;22277;14;482;389;885;384;175708;7103;183195;"2025-09-25 11:28:13"
10360;"2023-10-01";269;308;136124;1977;138409;232;3234;601;4067;188;16012;1474;17674;24;310;238;572;752;155680;4290;160722;"2025-09-25 11:28:13"
10361;"2023-10-01";270;107;40363;2503;42973;112;1623;211;1946;159;15060;859;16078;6;227;130;363;384;57273;3703;61360;"2025-09-25 11:28:13"
10362;"2023-10-01";271;103;9413;41;9557;55;452;89;596;109;4994;99;5202;12;51;16;79;279;14910;245;15434;"2025-09-25 11:28:13"
10364;"2023-10-01";164;86;12166;174;12426;63;528;85;676;100;6540;728;7368;10;73;42;125;259;19307;1029;20595;"2025-09-25 11:28:13"
10365;"2023-10-01";165;101;20327;188;20616;75;1050;105;1230;137;12459;257;12853;9;114;42;165;322;33950;592;34864;"2025-09-25 11:28:13"
10366;"2023-10-01";166;70;10294;108;10472;43;433;64;540;71;4993;398;5462;6;47;68;121;190;15767;638;16595;"2025-09-25 11:28:13"
10367;"2023-10-01";167;89;74480;823;75392;66;2213;278;2557;86;14313;3458;17857;14;485;1642;2141;255;91491;6201;97947;"2025-09-25 11:28:13"
10368;"2023-10-01";168;59;9080;456;9595;42;418;58;518;74;3955;203;4232;4;64;23;91;179;13517;740;14436;"2025-09-25 11:28:13"
10369;"2023-10-01";169;146;51812;858;52816;121;1896;387;2404;206;15459;1717;17382;19;332;268;619;492;69499;3230;73221;"2025-09-25 11:28:13"
10370;"2023-10-01";170;79;19937;355;20371;50;801;259;1110;79;7875;999;8953;9;124;147;280;217;28737;1760;30714;"2025-09-25 11:28:13"
10371;"2023-10-01";171;125;82082;2298;84505;122;2747;415;3284;163;13125;2370;15658;11;304;353;668;421;98258;5436;104115;"2025-09-25 11:28:13"
10372;"2023-10-01";172;220;38590;156;38966;200;1516;55;1771;157;11695;839;12691;15;172;113;300;592;51973;1163;53728;"2025-09-25 11:28:13"
10373;"2023-10-01";173;78;13785;163;14026;51;717;70;838;99;7861;355;8315;13;78;48;139;241;22441;636;23318;"2025-09-25 11:28:13"
10374;"2023-10-01";174;171;121248;1800;123219;134;3036;634;3804;189;22718;2048;24955;20;438;914;1372;514;147440;5396;153350;"2025-09-25 11:28:13"
10375;"2023-10-01";175;120;13471;94531;108122;65;636;2186;2887;198;9295;445;9938;4;147;41;192;387;23549;97203;121139;"2025-09-25 11:28:13"
10376;"2023-10-01";176;198;111946;2388;114532;154;3307;708;4169;201;21619;3490;25310;16;410;851;1277;569;137282;7437;145288;"2025-09-25 11:28:13"
10377;"2023-10-01";177;77;20719;146;20942;45;813;93;951;106;8069;498;8673;7;96;52;155;235;29697;789;30721;"2025-09-25 11:28:13"
10378;"2023-10-01";178;89;23818;155;24062;60;1209;102;1371;119;11118;762;11999;8;201;133;342;276;36346;1152;37774;"2025-09-25 11:28:13"
10379;"2023-10-01";179;125;16028;172;16325;61;719;113;893;105;9652;202;9959;11;86;30;127;302;26485;517;27304;"2025-09-25 11:28:13"
10380;"2023-10-01";180;80;18832;237;19149;44;756;68;868;87;8207;914;9208;3;120;90;213;214;27915;1309;29438;"2025-09-25 11:28:13"
10381;"2023-10-01";181;91;13046;84;13221;77;562;48;687;107;7027;282;7416;7;56;35;98;282;20691;449;21422;"2025-09-25 11:28:13"
10382;"2023-10-01";182;77;10904;90;11071;48;532;57;637;88;6238;129;6455;8;54;21;83;221;17728;297;18246;"2025-09-25 11:28:13"
10383;"2023-10-01";183;68;11992;10472;22532;52;544;256;852;86;6471;195;6752;11;80;23;114;217;19087;10946;30250;"2025-09-25 11:28:13"
10384;"2023-10-01";184;111;24074;79252;103437;81;1611;1337;3029;146;15405;231;15782;10;110;43;163;348;41200;80863;122411;"2025-09-25 11:28:13"
10385;"2023-10-01";185;95;25213;567;25875;55;964;979;1998;94;8075;511;8680;8;144;150;302;252;34396;2207;36855;"2025-09-25 11:28:13"
10387;"2023-10-01";187;134;117762;953;118849;89;3086;388;3563;117;22149;2702;24968;12;378;389;779;352;143375;4432;148159;"2025-09-25 11:28:13"
10388;"2023-10-01";188;214;117537;1703;119454;150;3821;557;4528;225;25926;1939;28090;19;510;383;912;608;147794;4582;152984;"2025-09-25 11:28:13"
10389;"2023-10-01";189;64;14039;40;14143;35;672;53;760;71;6480;627;7178;16;79;43;138;186;21270;763;22219;"2025-09-25 11:28:13"
10390;"2023-10-01";190;193;188496;2520;191209;112;5090;790;5992;230;25922;3646;29798;19;612;458;1089;554;220120;7414;228088;"2025-09-25 11:28:13"
10392;"2023-10-01";192;141;58082;625;58848;87;2075;271;2433;160;17943;1057;19160;15;221;153;389;403;78321;2106;80830;"2025-09-25 11:28:13"
10393;"2023-10-01";193;95;26961;419;27475;57;1210;120;1387;132;10301;281;10714;11;140;94;245;295;38612;914;39821;"2025-09-25 11:28:13"
10394;"2023-10-01";194;100;11135;58;11293;50;437;41;528;87;7000;81;7168;15;44;16;75;252;18616;196;19064;"2025-09-25 11:28:13"
10395;"2023-10-01";195;119;36558;415;37092;92;1650;252;1994;189;17244;1045;18478;16;195;164;375;416;55647;1876;57939;"2025-09-25 11:28:13"
10396;"2023-10-01";196;69;19984;167;20220;46;795;43;884;90;11236;987;12313;10;131;152;293;215;32146;1349;33710;"2025-09-25 11:28:13"
10397;"2023-10-01";197;227;63505;921;64653;217;2162;311;2690;258;19387;1188;20833;50;306;231;587;752;85360;2651;88763;"2025-09-25 11:28:13"
10398;"2023-10-01";198;73;12822;110;13005;51;611;55;717;119;6052;113;6284;15;69;27;111;258;19554;305;20117;"2025-09-25 11:28:13"
10399;"2023-10-01";199;54;5984;34;6072;31;282;28;341;61;3846;48;3955;2;34;8;44;148;10146;118;10412;"2025-09-25 11:28:13"
10400;"2023-10-01";200;129;40701;495;41325;76;1602;144;1822;144;14667;730;15541;27;220;152;399;376;57190;1521;59087;"2025-09-25 11:28:13"
10401;"2023-10-01";201;130;44767;385;45282;86;1763;245;2094;137;16242;1530;17909;15;233;352;600;368;63005;2512;65885;"2025-09-25 11:28:13"
10402;"2023-10-01";202;101;22650;169;22920;61;716;79;856;107;8519;198;8824;20;104;44;168;289;31989;490;32768;"2025-09-25 11:28:13"
10403;"2023-10-01";203;59;4192;395;4646;22;257;206;485;69;1397;31;1497;8;22;2;32;158;5868;634;6660;"2025-09-25 11:28:13"
10404;"2023-10-01";204;134;20079;120;20333;62;645;83;790;124;6619;120;6863;15;117;34;166;335;27460;357;28152;"2025-09-25 11:28:13"
10405;"2023-10-01";205;84;19502;90;19676;82;862;84;1028;132;12229;831;13192;10;106;101;217;308;32699;1106;34113;"2025-09-25 11:28:13"
10406;"2023-10-01";206;79;17662;145;17886;44;640;50;734;89;7804;618;8511;13;89;161;263;225;26195;974;27394;"2025-09-25 11:28:13"
10407;"2023-10-01";207;60;9790;40;9890;69;460;44;573;85;5989;112;6186;10;72;13;95;224;16311;209;16744;"2025-09-25 11:28:13"
10408;"2023-10-01";208;124;56195;304;56623;70;1851;364;2285;107;12951;1549;14607;10;238;296;544;311;71235;2513;74059;"2025-09-25 11:28:13"
10409;"2023-10-01";209;140;104893;1412;106445;88;2979;796;3863;207;18000;4327;22534;14;428;1733;2175;449;126300;8268;135017;"2025-09-25 11:28:13"
10410;"2023-10-01";210;167;123297;1986;125450;90;2967;310;3367;102;18011;1022;19135;26;398;296;720;385;144673;3614;148672;"2025-09-25 11:28:13"
10412;"2023-10-01";212;127;94003;1001;95131;92;2942;463;3497;129;11867;475;12471;14;287;160;461;362;109099;2099;111560;"2025-09-25 11:28:13"
10413;"2023-10-01";213;100;24077;199;24376;69;869;168;1106;106;9310;251;9667;13;73;175;261;288;34329;793;35410;"2025-09-25 11:28:13"
10414;"2023-10-01";214;49;11653;79;11781;49;479;38;566;101;3999;91;4191;6;53;28;87;205;16184;236;16625;"2025-09-25 11:28:13"
10415;"2023-10-01";215;250;239542;2215;242007;182;6373;543;7098;242;40804;4594;45640;32;739;575;1346;706;287458;7927;296091;"2025-09-25 11:28:13"
10416;"2023-10-01";216;105;14072;147;14324;57;539;112;708;131;6200;157;6488;8;61;32;101;301;20872;448;21621;"2025-09-25 11:28:13"
10417;"2023-10-01";217;111;43092;486;43689;98;1419;187;1704;108;13727;2627;16462;13;178;635;826;330;58416;3935;62681;"2025-09-25 11:28:13"
10418;"2023-10-01";218;104;47006;704;47814;80;1490;222;1792;139;10479;528;11146;14;170;114;298;337;59145;1568;61050;"2025-09-25 11:28:13"
10419;"2023-10-01";219;90;13558;65;13713;60;515;59;634;92;7172;488;7752;9;140;147;296;251;21385;759;22395;"2025-09-25 11:28:13"
10420;"2023-10-01";220;161;149122;1175;150458;99;4205;790;5094;145;22439;7064;29648;22;599;1606;2227;427;176365;10635;187427;"2025-09-25 11:28:13"
10421;"2023-10-01";221;64;10331;58;10453;56;409;46;511;92;4595;560;5247;14;55;105;174;226;15390;769;16385;"2025-09-25 11:28:13"
10422;"2023-10-01";222;217;142060;2922;145199;177;3395;1020;4592;243;26869;2344;29456;30;466;428;924;667;172790;6714;180171;"2025-09-25 11:28:13"
10423;"2023-10-01";223;72;24972;176;25220;73;1043;104;1220;101;10363;402;10866;9;140;68;217;255;36518;750;37523;"2025-09-25 11:28:13"
10424;"2023-10-01";224;137;87869;1284;89290;69;1982;468;2519;138;10514;974;11626;11;149;151;311;355;100514;2877;103746;"2025-09-25 11:28:13"
10425;"2023-10-01";225;67;91441;4729;96237;32;1932;442;2406;54;11096;1653;12803;4;181;226;411;157;104650;7050;111857;"2025-09-25 11:28:13"
10426;"2023-10-01";226;244;155690;58775;214709;221;2143;1296;3660;143;10569;978;11690;13;198;180;391;621;168600;61229;230450;"2025-09-25 11:28:13"
10427;"2023-10-01";227;186;99961;1571;101718;166;2255;279;2700;134;16747;1405;18286;16;291;333;640;502;119254;3588;123344;"2025-09-25 11:28:13"
10428;"2023-10-01";228;92;86714;720;87526;37;2001;162;2200;92;7842;940;8874;9;261;255;525;230;96818;2077;99125;"2025-09-25 11:28:13"
10429;"2023-10-01";229;99;42849;730;43678;83;1729;247;2059;119;8880;320;9319;12;141;71;224;313;53599;1368;55280;"2025-09-25 11:28:13"
10430;"2023-10-01";230;59;16099;92;16250;65;544;40;649;103;7782;170;8055;11;73;79;163;238;24498;381;25117;"2025-09-25 11:28:13"
10431;"2023-10-01";231;77;32841;33461;66379;56;1110;312;1478;75;10282;524;10881;6;249;236;491;214;44482;34533;79229;"2025-09-25 11:28:13"
10432;"2023-10-01";232;57;13247;155;13459;55;494;88;637;117;6511;142;6770;11;68;26;105;240;20320;411;20971;"2025-09-25 11:28:13"
10433;"2023-10-01";233;83;15559;94;15736;54;614;77;745;137;8148;398;8683;14;75;69;158;288;24396;638;25322;"2025-09-25 11:28:13"
10435;"2023-10-01";235;247;77239;956;78442;141;2992;151;3284;342;27289;624;28255;39;237;142;418;769;107757;1873;110399;"2025-09-25 11:28:13"
10436;"2023-10-01";236;601;246600;267510;514711;354;7270;6464;14088;693;56707;3477;60877;43;1181;540;1764;1691;311758;277991;591440;"2025-09-25 11:28:13"
10438;"2023-10-01";238;161;92812;2525;95498;150;2626;492;3268;263;18180;1402;19845;35;399;387;821;609;114017;4806;119432;"2025-09-25 11:28:13"
10440;"2023-10-01";240;110;39370;668;40148;80;1287;164;1531;125;6961;501;7587;14;163;216;393;329;47781;1549;49659;"2025-09-25 11:28:13"
10441;"2023-10-01";241;123;25931;478;26532;102;856;134;1092;182;6748;178;7108;9;134;43;186;416;33669;833;34918;"2025-09-25 11:28:13"
10442;"2023-10-01";242;107;33997;926;35030;91;1107;144;1342;110;5505;296;5911;6;138;101;245;314;40747;1467;42528;"2025-09-25 11:28:13"
10443;"2023-10-01";243;53;8816;53;8922;54;322;27;403;109;3351;48;3508;8;53;13;74;224;12542;141;12907;"2025-09-25 11:28:13"
10444;"2023-10-01";244;43;12297;182;12522;43;412;28;483;118;4164;78;4360;11;80;20;111;215;16953;308;17476;"2025-09-25 11:28:13"
10445;"2023-10-01";245;130;14945;157;15232;83;670;53;806;124;6231;133;6488;10;108;52;170;347;21954;395;22696;"2025-09-25 11:28:13"
10446;"2023-10-01";246;221;157538;2846;160605;168;4415;511;5094;231;26903;2246;29380;25;610;361;996;645;189466;5964;196075;"2025-09-25 11:28:13"
10447;"2023-10-01";247;53;14433;103;14589;53;478;62;593;127;4954;104;5185;7;85;28;120;240;19950;297;20487;"2025-09-25 11:28:13"
10448;"2023-10-01";248;107;14207;219;14533;95;574;77;746;143;6204;162;6509;18;85;34;137;363;21070;492;21925;"2025-09-25 11:28:13"
10449;"2023-10-01";249;56;16980;138;17174;67;699;38;804;136;6995;144;7275;14;78;18;110;273;24752;338;25363;"2025-09-25 11:28:13"
10450;"2023-10-01";250;309;120013;2543;122865;278;3185;623;4086;272;18801;2732;21805;21;502;403;926;880;142501;6301;149682;"2025-09-25 11:28:13"
10451;"2023-10-01";251;60;16088;399;16547;63;619;128;810;118;3383;129;3630;9;111;41;161;250;20201;697;21148;"2025-09-25 11:28:13"
10452;"2023-10-01";252;102;17435;309;17846;85;815;98;998;123;8681;143;8947;16;85;46;147;326;27016;596;27938;"2025-09-25 11:28:13"
10453;"2023-10-01";253;123;27717;253;28093;116;1243;283;1642;182;11758;442;12382;24;140;64;228;445;40858;1042;42345;"2025-09-25 11:28:13"
10454;"2023-10-01";254;62;9733;61;9856;61;303;51;415;101;3299;49;3449;11;56;23;90;235;13391;184;13810;"2025-09-25 11:28:13"
10455;"2023-10-01";255;81;19118;522;19721;67;879;75;1021;119;8555;261;8935;13;111;49;173;280;28663;907;29850;"2025-09-25 11:28:13"
10457;"2023-11-01";1;161;212390;18512;231063;57;4026;546;4629;181;13655;2375;16211;20;349;163;532;419;230420;21596;252435;"2025-09-25 11:28:22"
10458;"2023-11-01";2;112;129135;5067;134314;41;3376;799;4216;154;12159;2544;14857;6;209;221;436;313;144879;8631;153823;"2025-09-25 11:28:22"
10459;"2023-11-01";3;102;60651;2100;62853;66;2246;717;3029;135;7071;1304;8510;14;141;112;267;317;70109;4233;74659;"2025-09-25 11:28:22"
10460;"2023-11-01";4;117;66953;2073;69143;86;1688;300;2074;127;16240;2697;19064;10;377;569;956;340;85258;5639;91237;"2025-09-25 11:28:22"
10461;"2023-11-01";5;92;99764;3098;102954;46;3137;345;3528;145;9287;2204;11636;12;183;182;377;295;112371;5829;118495;"2025-09-25 11:28:22"
10462;"2023-11-01";6;93;80988;3103;84184;44;2229;336;2609;183;8966;1632;10781;10;120;104;234;330;92303;5175;97808;"2025-09-25 11:28:22"
10463;"2023-11-01";7;107;115780;9957;125844;63;4274;533;4870;128;14010;2716;16854;7;315;158;480;305;134379;13364;148048;"2025-09-25 11:28:22"
10464;"2023-11-01";8;56;71779;3531;75366;31;2801;464;3296;79;10875;2324;13278;12;181;103;296;178;85636;6422;92236;"2025-09-25 11:28:22"
10465;"2023-11-01";9;83;129843;5500;135426;53;3466;816;4335;177;10037;2151;12365;12;250;259;521;325;143596;8726;152647;"2025-09-25 11:28:22"
10466;"2023-11-01";10;94;76756;4696;81546;50;2421;594;3065;129;8042;2050;10221;12;172;167;351;285;87391;7507;95183;"2025-09-25 11:28:22"
10467;"2023-11-01";11;103;84245;2815;87163;57;2678;153;2888;138;9917;2202;12257;10;189;103;302;308;97029;5273;102610;"2025-09-25 11:28:22"
10468;"2023-11-01";12;114;94630;1148;95892;47;2320;132;2499;126;6548;1190;7864;16;135;190;341;303;103633;2660;106596;"2025-09-25 11:28:22"
10469;"2023-11-01";13;95;102005;4347;106447;53;2637;635;3325;171;9427;2278;11876;21;233;527;781;340;114302;7787;122429;"2025-09-25 11:28:22"
10470;"2023-11-01";14;207;77594;3215;81016;101;2105;403;2609;136;5924;1792;7852;8;135;105;248;452;85758;5515;91725;"2025-09-25 11:28:22"
10471;"2023-11-01";15;179;152815;4037;157031;133;2986;647;3766;182;10767;4867;15816;17;275;166;458;511;166843;9717;177071;"2025-09-25 11:28:22"
10472;"2023-11-01";16;121;82110;8536;90767;49;1860;923;2832;175;8458;1869;10502;18;197;98;313;363;92625;11426;104414;"2025-09-25 11:28:22"
10473;"2023-11-01";17;96;105478;2134;107708;50;2957;1133;4140;145;8624;1723;10492;9;184;105;298;300;117243;5095;122638;"2025-09-25 11:28:22"
10474;"2023-11-01";18;128;207431;7277;214836;103;4159;1663;5925;165;17970;5004;23139;15;373;383;771;411;229933;14327;244671;"2025-09-25 11:28:22"
10475;"2023-11-01";19;127;128023;4420;132570;62;3201;753;4016;141;11239;2941;14321;7;277;431;715;337;142740;8545;151622;"2025-09-25 11:28:22"
10476;"2023-11-01";20;125;118310;2976;121411;59;3851;172;4082;165;13551;4417;18133;14;448;629;1091;363;136160;8194;144717;"2025-09-25 11:28:22"
10477;"2023-11-01";21;253;65075;1274;66602;124;1882;67;2073;153;5219;778;6150;11;133;28;172;541;72309;2147;74997;"2025-09-25 11:28:22"
10478;"2023-11-01";22;101;114571;4120;118792;44;3143;738;3925;140;10033;2032;12205;15;171;191;377;300;127918;7081;135299;"2025-09-25 11:28:22"
10479;"2023-11-01";23;1515;39512;547;41574;1524;1501;257;3282;349;3654;1567;5570;101;80;93;274;3489;44747;2464;50700;"2025-09-25 11:28:22"
10480;"2023-11-01";63;123;90007;1168;91298;108;1892;297;2297;91;10078;952;11121;6;201;279;486;328;102178;2696;105202;"2025-09-25 11:28:22"
10481;"2023-11-01";25;82;91314;5903;97299;32;3172;529;3733;124;11765;2790;14679;16;207;328;551;254;106458;9550;116262;"2025-09-25 11:28:22"
10482;"2023-11-01";146;1953;654084;12484;668521;1705;20858;3003;25566;2688;154850;9157;166695;262;3010;1929;5201;6608;832802;26573;865983;"2025-09-25 11:28:22"
10484;"2023-11-01";28;97;66217;2437;68751;65;2084;817;2966;110;9668;3271;13049;14;178;669;861;286;78147;7194;85627;"2025-09-25 11:28:22"
10485;"2023-11-01";29;79;73155;800;74034;52;2104;553;2709;117;10903;1321;12341;13;239;210;462;261;86401;2884;89546;"2025-09-25 11:28:22"
10486;"2023-11-01";77;287;137951;2808;141046;206;2724;549;3479;226;16284;3169;19679;17;340;574;931;736;157299;7100;165135;"2025-09-25 11:28:22"
10487;"2023-11-01";57;68;57889;729;58686;46;1232;150;1428;75;4681;324;5080;7;147;51;205;196;63949;1254;65399;"2025-09-25 11:28:22"
10488;"2023-11-01";32;72;85458;1486;87016;28;1954;350;2332;66;10088;1469;11623;1;213;262;476;167;97713;3567;101447;"2025-09-25 11:28:22"
10489;"2023-11-01";33;124;114531;19790;134445;62;2829;530;3421;167;13143;2272;15582;11;198;540;749;364;130701;23132;154197;"2025-09-25 11:28:22"
10490;"2023-11-01";79;87;107991;1496;109574;42;2120;272;2434;91;11195;1670;12956;9;250;330;589;229;121556;3768;125553;"2025-09-25 11:28:22"
10491;"2023-11-01";35;94;66878;2488;69460;58;2134;241;2433;102;14454;2291;16847;9;210;323;542;263;83676;5343;89282;"2025-09-25 11:28:22"
10492;"2023-11-01";36;105;92376;3447;95928;50;2755;337;3142;103;12963;1971;15037;9;206;289;504;267;108300;6044;114611;"2025-09-25 11:28:22"
10493;"2023-11-01";60;275;186598;12377;199250;310;4247;341;4898;198;18747;2360;21305;33;485;494;1012;816;210077;15572;226465;"2025-09-25 11:28:22"
10494;"2023-11-01";38;49;57545;58102;115696;24;1454;907;2385;81;5634;1199;6914;11;145;362;518;165;64778;60570;125513;"2025-09-25 11:28:22"
10495;"2023-11-01";39;294;100926;12182;113402;480;1606;620;2706;185;8262;2251;10698;29;175;695;899;988;110969;15748;127705;"2025-09-25 11:28:22"
10496;"2023-11-01";40;83;26684;1379;28146;51;985;293;1329;83;4170;382;4635;10;51;52;113;227;31890;2106;34223;"2025-09-25 11:28:22"
10498;"2023-11-01";42;135;149463;11195;160793;57;3135;256;3448;128;13166;2190;15484;9;309;493;811;329;166073;14134;180536;"2025-09-25 11:28:22"
10500;"2023-11-01";44;0;21;2;23;0;5;4;9;0;36;73;109;0;0;12;12;0;62;91;153;"2025-09-25 11:28:22"
10502;"2023-11-01";46;185;240799;11105;252089;111;4873;735;5719;191;29524;5479;35194;15;570;570;1155;502;275766;17889;294157;"2025-09-25 11:28:22"
10503;"2023-11-01";47;117;117988;1614;119719;121;2966;512;3599;292;19722;2872;22886;60;384;284;728;590;141060;5282;146932;"2025-09-25 11:28:22"
10507;"2023-11-01";51;172;194404;3142;197718;192;3038;625;3855;214;15966;1333;17513;12;436;159;607;590;213844;5259;219693;"2025-09-25 11:28:22"
10510;"2023-11-01";54;125;26906;13418;40449;51;1143;372;1566;149;10248;753;11150;9;151;83;243;334;38448;14626;53408;"2025-09-25 11:28:22"
10511;"2023-11-01";55;109;94260;136730;231099;63;3211;1868;5142;117;25383;2751;28251;17;561;324;902;306;123415;141673;265394;"2025-09-25 11:28:22"
10512;"2023-11-01";56;315;220478;26265;247058;417;5308;879;6604;170;29691;3547;33408;24;525;486;1035;926;256002;31177;288105;"2025-09-25 11:28:22"
10514;"2023-11-01";58;186;141848;3484;145518;100;4237;125;4462;137;16996;4760;21893;20;405;870;1295;443;163486;9239;173168;"2025-09-25 11:28:22"
10515;"2023-11-01";59;148;204459;37119;241726;82;4754;1074;5910;103;21129;3134;24366;12;386;321;719;345;230728;41648;272721;"2025-09-25 11:28:22"
10517;"2023-11-01";61;175;200558;5170;205903;98;3200;698;3996;157;12317;3354;15828;10;373;525;908;440;216448;9747;226635;"2025-09-25 11:28:22"
10518;"2023-11-01";62;70;8784;138;8992;56;509;70;635;123;3892;60;4075;3;48;12;63;252;13233;280;13765;"2025-09-25 11:28:22"
10521;"2023-11-01";65;192;172322;3867;176381;149;4421;408;4978;194;26844;8057;35095;28;686;908;1622;563;204273;13240;218076;"2025-09-25 11:28:22"
10527;"2023-11-01";71;81;71271;2518;73870;47;2188;562;2797;106;13879;3986;17971;10;314;452;776;244;87652;7518;95414;"2025-09-25 11:28:22"
10530;"2023-11-01";74;126;173591;2942;176659;99;3148;366;3613;412;15556;2431;18399;22;578;302;902;659;192873;6041;199573;"2025-09-25 11:28:22"
10536;"2023-11-01";80;169;106737;1193;108099;96;2600;671;3367;171;20448;4151;24770;12;388;1008;1408;448;130173;7023;137644;"2025-09-25 11:28:22"
10539;"2023-11-01";83;350;174174;1092;175616;249;3377;502;4128;257;15090;1936;17283;65;608;170;843;921;193249;3700;197870;"2025-09-25 11:28:22"
10541;"2023-11-01";85;150;25054;204;25408;86;1167;136;1389;158;6596;209;6963;20;127;45;192;414;32944;594;33952;"2025-09-25 11:28:22"
10542;"2023-11-01";86;300;173272;1855;175427;157;4277;335;4769;193;19595;2596;22384;22;404;291;717;672;197548;5077;203297;"2025-09-25 11:28:22"
10543;"2023-11-01";87;101;112873;3312;116286;75;2580;634;3289;79;13181;2222;15482;10;341;160;511;265;128975;6328;135568;"2025-09-25 11:28:22"
10544;"2023-11-01";88;69;105582;2473;108124;22;2215;636;2873;36;9557;1470;11063;1;215;129;345;128;117569;4708;122405;"2025-09-25 11:28:22"
10545;"2023-11-01";89;458;28726;295;29479;108;540;35;683;126;1895;403;2424;12;64;11;87;704;31225;744;32673;"2025-09-25 11:28:22"
10546;"2023-11-01";90;122;87870;1763;89755;74;2418;449;2941;105;10403;2329;12837;10;203;194;407;311;100894;4735;105940;"2025-09-25 11:28:22"
10547;"2023-11-01";91;183;168375;822;169380;98;4991;2526;7615;130;30664;5461;36255;14;645;365;1024;425;204675;9174;214274;"2025-09-25 11:28:22"
10548;"2023-11-01";92;84;61090;1161;62335;77;1657;304;2038;100;8491;1415;10006;13;176;158;347;274;71414;3038;74726;"2025-09-25 11:28:22"
10549;"2023-11-01";93;125;88145;1026;89296;70;2230;164;2464;93;9145;3943;13181;9;177;259;445;297;99697;5392;105386;"2025-09-25 11:28:22"
10550;"2023-11-01";94;248;200217;2636;203101;110;5266;1533;6909;203;30886;4393;35482;8;666;691;1365;569;237035;9253;246857;"2025-09-25 11:28:22"
10551;"2023-11-01";95;356;266418;2075;268849;200;7563;1076;8839;221;43174;6180;49575;27;1062;478;1567;804;318217;9809;328830;"2025-09-25 11:28:22"
10552;"2023-11-01";96;86;31884;707;32677;43;1243;77;1363;87;5406;690;6183;12;91;52;155;228;38624;1526;40378;"2025-09-25 11:28:22"
10553;"2023-11-01";97;284;254356;5622;260262;203;7974;1180;9357;212;34606;6166;40984;30;614;566;1210;729;297550;13534;311813;"2025-09-25 11:28:22"
10554;"2023-11-01";101;185;178944;4637;183766;60;2516;1379;3955;108;7832;1937;9877;10;333;212;555;363;189625;8165;198153;"2025-09-25 11:28:22"
10555;"2023-11-01";102;164;70058;1108;71330;62;2155;227;2444;77;7642;1502;9221;3;190;156;349;306;80045;2993;83344;"2025-09-25 11:28:22"
10556;"2023-11-01";103;211;63625;2005;65841;57;2248;252;2557;105;8959;1606;10670;17;164;139;320;390;74996;4002;79388;"2025-09-25 11:28:22"
10557;"2023-11-01";104;129;178957;4593;183679;155;4728;1501;6384;161;20273;3058;23492;25;542;560;1127;470;204500;9712;214682;"2025-09-25 11:28:22"
10558;"2023-11-01";105;281;142448;1949;144678;97;2203;116;2416;64;6804;1504;8372;3;250;141;394;445;151705;3710;155860;"2025-09-25 11:28:22"
10559;"2023-11-01";106;209;95035;956;96200;155;2806;543;3504;101;8264;2085;10450;14;208;124;346;479;106313;3708;110500;"2025-09-25 11:28:22"
10560;"2023-11-01";107;149;73148;1204;74501;93;2544;65;2702;94;6702;1825;8621;21;157;102;280;357;82551;3196;86104;"2025-09-25 11:28:22"
10561;"2023-11-01";108;172;223529;1776;225477;111;6698;456;7265;155;37556;6368;44079;21;673;467;1161;459;268456;9067;277982;"2025-09-25 11:28:22"
10562;"2023-11-01";109;190;135027;2556;137773;158;5205;1138;6501;227;22847;3897;26971;13;384;321;718;588;163463;7912;171963;"2025-09-25 11:28:22"
10563;"2023-11-01";110;71;122257;2346;124674;40;4122;663;4825;36;18678;2598;21312;3;413;382;798;150;145470;5989;151609;"2025-09-25 11:28:22"
10564;"2023-11-01";111;157;90318;743;91218;99;3144;485;3728;134;19163;3257;22554;14;903;289;1206;404;113528;4774;118706;"2025-09-25 11:28:22"
10565;"2023-11-01";112;145;111305;2436;113886;120;2250;614;2984;123;9900;3762;13785;11;330;166;507;399;123785;6978;131162;"2025-09-25 11:28:22"
10566;"2023-11-01";113;92;74041;1314;75447;28;2285;914;3227;38;9199;1642;10879;0;180;133;313;158;85705;4003;89866;"2025-09-25 11:28:22"
10567;"2023-11-01";114;173;107036;696;107905;90;3832;459;4381;158;19417;2918;22493;13;471;231;715;434;130756;4304;135494;"2025-09-25 11:28:22"
10568;"2023-11-01";115;242;51975;427;52644;102;1775;562;2439;260;12207;868;13335;11;268;85;364;615;66225;1942;68782;"2025-09-25 11:28:22"
10569;"2023-11-01";116;185;52276;357;52818;84;2062;673;2819;197;14203;6167;20567;8;286;355;649;474;68827;7552;76853;"2025-09-25 11:28:22"
10570;"2023-11-01";117;90;17554;89;17733;72;759;187;1018;157;6341;4396;10894;8;134;514;656;327;24788;5186;30301;"2025-09-25 11:28:22"
10571;"2023-11-01";118;88;99983;1164;101235;61;2879;547;3487;73;10385;2427;12885;10;285;167;462;232;113532;4305;118069;"2025-09-25 11:28:22"
10572;"2023-11-01";119;48;181961;3172;185181;29;3592;673;4294;36;11700;3752;15488;8;481;175;664;121;197734;7772;205627;"2025-09-25 11:28:22"
10573;"2023-11-01";120;21;143997;724;144742;16;1981;193;2190;23;5018;1405;6446;0;220;37;257;60;151216;2359;153635;"2025-09-25 11:28:22"
10574;"2023-11-01";121;381;116161;1578;118120;187;4007;1302;5496;259;21401;4624;26284;21;639;427;1087;848;142208;7931;150987;"2025-09-25 11:28:22"
10575;"2023-11-01";122;115;59412;316;59843;96;1352;172;1620;87;5929;2119;8135;9;143;308;460;307;66836;2915;70058;"2025-09-25 11:28:22"
10576;"2023-11-01";123;259;151053;2063;153375;263;4659;439;5361;204;18364;2877;21445;28;504;267;799;754;174580;5646;180980;"2025-09-25 11:28:22"
10577;"2023-11-01";124;202;100606;1025;101833;92;3486;698;4276;127;18919;4276;23322;16;438;541;995;437;123449;6540;130426;"2025-09-25 11:28:22"
10578;"2023-11-01";125;260;205002;2923;208185;97;5666;2664;8427;178;30719;6342;37239;18;626;309;953;553;242013;12238;254804;"2025-09-25 11:28:22"
10579;"2023-11-01";126;352;282412;3727;286491;165;7948;2185;10298;249;35771;7200;43220;24;901;1011;1936;790;327032;14123;341945;"2025-09-25 11:28:22"
10580;"2023-11-01";127;181;65717;6029;71927;75;2839;761;3675;154;20825;2748;23727;12;332;383;727;422;89713;9921;100056;"2025-09-25 11:28:22"
10581;"2023-11-01";128;195;121606;954;122755;90;2642;344;3076;147;15824;2281;18252;10;324;157;491;442;140396;3736;144574;"2025-09-25 11:28:22"
10582;"2023-11-01";129;387;437005;3158;440550;232;10509;2682;13423;294;63193;7802;71289;74;1588;662;2324;987;512295;14304;527586;"2025-09-25 11:28:22"
10584;"2023-11-01";131;73;15214;130;15417;57;780;52;889;79;7940;265;8284;11;83;29;123;220;24017;476;24713;"2025-09-25 11:28:22"
10585;"2023-11-01";132;73;10895;138;11106;46;470;91;607;116;4875;382;5373;4;81;227;312;239;16321;838;17398;"2025-09-25 11:28:22"
10586;"2023-11-01";133;69;12015;125;12209;62;629;90;781;106;6305;654;7065;17;65;73;155;254;19014;942;20210;"2025-09-25 11:28:22"
10587;"2023-11-01";134;84;17219;119;17422;58;706;95;859;113;8217;179;8509;11;82;40;133;266;26224;433;26923;"2025-09-25 11:28:22"
10588;"2023-11-01";135;71;19842;226;20139;57;829;97;983;79;7976;686;8741;11;108;82;201;218;28755;1091;30064;"2025-09-25 11:28:22"
10589;"2023-11-01";136;80;46503;302;46885;72;2160;213;2445;115;13787;1388;15290;14;222;142;378;281;62672;2045;64998;"2025-09-25 11:28:22"
10590;"2023-11-01";137;101;54071;707;54879;82;1752;186;2020;157;13729;1726;15612;11;334;888;1233;351;69886;3507;73744;"2025-09-25 11:28:22"
10591;"2023-11-01";138;35;16985;155;17175;25;574;36;635;29;3224;585;3838;8;67;49;124;97;20850;825;21772;"2025-09-25 11:28:22"
10592;"2023-11-01";139;71;43790;267;44128;67;1522;86;1675;85;9176;1058;10319;7;199;80;286;230;54687;1491;56408;"2025-09-25 11:28:22"
10593;"2023-11-01";140;1;8;0;9;0;3;0;3;0;8;0;8;0;0;0;0;1;19;0;20;"2025-09-25 11:28:22"
10594;"2023-11-01";141;212;87062;1035;88309;115;2263;373;2751;172;12114;1105;13391;16;315;258;589;515;101754;2771;105040;"2025-09-25 11:28:22"
10595;"2023-11-01";142;59;86126;1750;87935;136;2085;832;3053;65;11167;1764;12996;4;303;212;519;264;99681;4558;104503;"2025-09-25 11:28:22"
10596;"2023-11-01";143;147;90480;2111;92738;118;2437;524;3079;130;14555;2080;16765;9;372;217;598;404;107844;4932;113180;"2025-09-25 11:28:22"
10597;"2023-11-01";144;131;123278;4699;128108;91;3094;686;3871;129;15675;2334;18138;13;506;304;823;364;142553;8023;150940;"2025-09-25 11:28:22"
10598;"2023-11-01";145;196;93039;5935;99170;156;2930;413;3499;256;20074;1769;22099;28;409;284;721;636;116452;8401;125489;"2025-09-25 11:28:22"
10600;"2023-11-01";147;73;23027;62;23162;38;586;107;731;53;2268;402;2723;9;80;34;123;173;25961;605;26739;"2025-09-25 11:28:22"
10601;"2023-11-01";148;223;41808;1624;43655;127;1593;372;2092;225;12831;664;13720;26;191;125;342;601;56423;2785;59809;"2025-09-25 11:28:22"
10602;"2023-11-01";149;68;20305;1443;21816;44;1026;239;1309;92;8651;597;9340;9;113;71;193;213;30095;2350;32658;"2025-09-25 11:28:22"
10603;"2023-11-01";150;147;45215;854;46216;93;2079;378;2550;144;15193;1092;16429;30;183;82;295;414;62670;2406;65490;"2025-09-25 11:28:22"
10604;"2023-11-01";151;148;83473;684;84305;79;2471;359;2909;180;18913;2322;21415;14;444;792;1250;421;105301;4157;109879;"2025-09-25 11:28:22"
10605;"2023-11-01";152;131;39990;538;40659;76;1433;181;1690;183;12804;539;13526;32;187;150;369;422;54414;1408;56244;"2025-09-25 11:28:22"
10606;"2023-11-01";153;98;22880;193;23171;70;1140;338;1548;143;11208;387;11738;12;87;55;154;323;35315;973;36611;"2025-09-25 11:28:22"
10607;"2023-11-01";154;167;80530;914;81611;88;2513;487;3088;165;18876;1863;20904;22;369;430;821;442;102288;3694;106424;"2025-09-25 11:28:22"
10608;"2023-11-01";155;75;19363;149;19587;42;742;111;895;109;7700;449;8258;14;87;79;180;240;27892;788;28920;"2025-09-25 11:28:22"
10609;"2023-11-01";156;180;164895;2552;167627;145;4864;513;5522;184;24028;3747;27959;43;617;382;1042;552;194404;7194;202150;"2025-09-25 11:28:22"
10610;"2023-11-01";157;124;33819;296;34239;119;1399;323;1841;181;11497;721;12399;16;186;115;317;440;46901;1455;48796;"2025-09-25 11:28:22"
10611;"2023-11-01";158;102;115377;1699;117178;72;3847;674;4593;123;19546;2732;22401;11;484;403;898;308;139254;5508;145070;"2025-09-25 11:28:22"
10612;"2023-11-01";159;172;179674;1946;181792;154;4538;828;5520;219;20843;2457;23519;24;573;273;870;569;205628;5504;211701;"2025-09-25 11:28:22"
10613;"2023-11-01";160;74;11381;68;11523;52;488;61;601;120;5946;504;6570;15;62;76;153;261;17877;709;18847;"2025-09-25 11:28:22"
10614;"2023-11-01";161;79;24263;192;24534;45;1003;80;1128;196;10716;244;11156;19;125;49;193;339;36107;565;37011;"2025-09-25 11:28:22"
10615;"2023-11-01";162;157;41366;328;41851;92;1398;204;1694;142;12232;781;13155;22;209;146;377;413;55205;1459;57077;"2025-09-25 11:28:22"
10617;"2023-11-01";257;109;19819;167;20095;70;1273;96;1439;147;10619;268;11034;14;103;50;167;340;31814;581;32735;"2025-09-25 11:28:22"
10618;"2023-11-01";258;205;114445;2108;116758;130;3169;520;3819;206;19391;3113;22710;20;446;691;1157;561;137451;6432;144444;"2025-09-25 11:28:22"
10619;"2023-11-01";259;112;33255;576;33943;71;1513;163;1747;141;13443;1064;14648;8;243;158;409;332;48454;1961;50747;"2025-09-25 11:28:22"
10620;"2023-11-01";260;138;28908;667;29713;95;1183;172;1450;179;12502;438;13119;16;164;67;247;428;42757;1344;44529;"2025-09-25 11:28:22"
10621;"2023-11-01";261;71;8759;61;8891;42;468;55;565;101;4413;252;4766;6;43;40;89;220;13683;408;14311;"2025-09-25 11:28:22"
10622;"2023-11-01";262;89;18824;185;19098;61;845;119;1025;120;8634;253;9007;12;109;51;172;282;28412;608;29302;"2025-09-25 11:28:22"
10623;"2023-11-01";263;68;9979;60;10107;62;411;21;494;96;5206;62;5364;9;44;16;69;235;15640;159;16034;"2025-09-25 11:28:22"
10624;"2023-11-01";264;112;44583;230;44925;125;1654;404;2183;201;12267;2318;14786;26;240;203;469;464;58744;3155;62363;"2025-09-25 11:28:22"
10625;"2023-11-01";265;182;112198;1911;114291;142;4023;471;4636;217;24351;3085;27653;16;381;431;828;557;140953;5898;147408;"2025-09-25 11:28:22"
10626;"2023-11-01";266;77;9593;58;9728;56;422;70;548;117;4954;268;5339;7;60;28;95;257;15029;424;15710;"2025-09-25 11:28:22"
10627;"2023-11-01";267;74;7775;33;7882;40;365;21;426;114;4423;73;4610;6;51;18;75;234;12614;145;12993;"2025-09-25 11:28:22"
10628;"2023-11-01";268;140;152516;3235;155891;100;3488;941;4529;131;19568;2546;22245;14;490;386;890;385;176062;7108;183555;"2025-09-25 11:28:22"
10629;"2023-11-01";269;309;136319;2009;138637;230;3206;595;4031;194;16021;1485;17700;24;318;239;581;757;155864;4328;160949;"2025-09-25 11:28:22"
10630;"2023-11-01";270;106;40390;2430;42926;112;1623;212;1947;158;15005;860;16023;6;223;130;359;382;57241;3632;61255;"2025-09-25 11:28:22"
10631;"2023-11-01";271;103;9389;41;9533;56;444;88;588;110;5001;102;5213;14;51;19;84;283;14885;250;15418;"2025-09-25 11:28:22"
10633;"2023-11-01";164;86;12198;173;12457;63;521;86;670;99;6566;730;7395;10;75;40;125;258;19360;1029;20647;"2025-09-25 11:28:22"
10634;"2023-11-01";165;101;20387;189;20677;74;1046;105;1225;137;12524;257;12918;9;112;42;163;321;34069;593;34983;"2025-09-25 11:28:22"
10635;"2023-11-01";166;68;10334;106;10508;42;431;64;537;72;5002;400;5474;6;48;68;122;188;15815;638;16641;"2025-09-25 11:28:22"
10636;"2023-11-01";167;89;74764;825;75678;66;2217;276;2559;86;14357;3452;17895;14;501;1643;2158;255;91839;6196;98290;"2025-09-25 11:28:22"
10637;"2023-11-01";168;57;9107;453;9617;42;420;58;520;75;3959;204;4238;4;63;23;90;178;13549;738;14465;"2025-09-25 11:28:22"
10638;"2023-11-01";169;147;51980;857;52984;120;1899;379;2398;208;15486;1708;17402;19;334;268;621;494;69699;3212;73405;"2025-09-25 11:28:22"
10639;"2023-11-01";170;80;19951;377;20408;50;794;256;1100;79;7868;1002;8949;10;129;148;287;219;28742;1783;30744;"2025-09-25 11:28:22"
10640;"2023-11-01";171;123;82276;2311;84710;122;2736;416;3274;164;13118;2347;15629;11;306;347;664;420;98436;5421;104277;"2025-09-25 11:28:22"
10641;"2023-11-01";172;218;38690;156;39064;202;1515;54;1771;157;11720;845;12722;15;177;117;309;592;52102;1172;53866;"2025-09-25 11:28:22"
10642;"2023-11-01";173;77;13793;166;14036;52;719;71;842;99;7873;356;8328;13;80;48;141;241;22465;641;23347;"2025-09-25 11:28:22"
10643;"2023-11-01";174;169;121624;1800;123593;134;3035;636;3805;190;22778;2047;25015;20;437;909;1366;513;147874;5392;153779;"2025-09-25 11:28:22"
10644;"2023-11-01";175;114;13533;95589;109236;65;635;2153;2853;200;9352;446;9998;4;149;40;193;383;23669;98228;122280;"2025-09-25 11:28:22"
10645;"2023-11-01";176;196;112180;2425;114801;152;3295;706;4153;199;21697;3495;25391;16;414;853;1283;563;137586;7479;145628;"2025-09-25 11:28:22"
10646;"2023-11-01";177;77;20714;146;20937;46;813;93;952;108;8070;498;8676;7;101;52;160;238;29698;789;30725;"2025-09-25 11:28:22"
10647;"2023-11-01";178;85;23834;140;24059;65;1195;102;1362;119;11123;761;12003;8;202;133;343;277;36354;1136;37767;"2025-09-25 11:28:22"
10648;"2023-11-01";179;123;16044;170;16337;59;724;113;896;107;9651;201;9959;11;87;30;128;300;26506;514;27320;"2025-09-25 11:28:22"
10649;"2023-11-01";180;80;18869;229;19178;44;753;68;865;87;8171;917;9175;3;119;90;212;214;27912;1304;29430;"2025-09-25 11:28:22"
10650;"2023-11-01";181;91;13095;84;13270;77;561;48;686;111;7044;282;7437;7;55;34;96;286;20755;448;21489;"2025-09-25 11:28:22"
10651;"2023-11-01";182;77;10947;91;11115;49;531;57;637;90;6261;130;6481;8;53;21;82;224;17792;299;18315;"2025-09-25 11:28:22"
10652;"2023-11-01";183;66;12051;9207;21324;53;539;233;825;85;6487;193;6765;11;81;23;115;215;19158;9656;29029;"2025-09-25 11:28:22"
10653;"2023-11-01";184;111;24092;80516;104719;83;1611;1341;3035;150;15491;232;15873;10;113;44;167;354;41307;82133;123794;"2025-09-25 11:28:22"
10654;"2023-11-01";185;95;25267;557;25919;55;959;972;1986;96;8089;511;8696;8;142;151;301;254;34457;2191;36902;"2025-09-25 11:28:22"
10656;"2023-11-01";187;142;117804;953;118899;97;3086;391;3574;131;22184;2704;25019;12;380;390;782;382;143454;4438;148274;"2025-09-25 11:28:22"
10657;"2023-11-01";188;212;117751;1679;119642;149;3813;558;4520;222;25904;1955;28081;19;514;386;919;602;147982;4578;153162;"2025-09-25 11:28:22"
10658;"2023-11-01";189;62;14036;39;14137;35;673;53;761;71;6519;630;7220;17;81;41;139;185;21309;763;22257;"2025-09-25 11:28:22"
10659;"2023-11-01";190;193;188938;2536;191667;114;5083;797;5994;230;25890;3664;29784;19;609;460;1088;556;220520;7457;228533;"2025-09-25 11:28:22"
10661;"2023-11-01";192;142;58139;623;58904;89;2062;270;2421;162;17914;1060;19136;15;225;157;397;408;78340;2110;80858;"2025-09-25 11:28:22"
10662;"2023-11-01";193;95;26979;406;27480;57;1208;119;1384;133;10305;283;10721;11;138;96;245;296;38630;904;39830;"2025-09-25 11:28:22"
10663;"2023-11-01";194;99;11114;56;11269;49;437;40;526;90;6992;84;7166;15;46;15;76;253;18589;195;19037;"2025-09-25 11:28:22"
10664;"2023-11-01";195;119;36634;414;37167;90;1641;251;1982;189;17242;1048;18479;16;192;165;373;414;55709;1878;58001;"2025-09-25 11:28:22"
10665;"2023-11-01";196;69;19998;169;20236;47;793;43;883;90;11247;988;12325;10;125;155;290;216;32163;1355;33734;"2025-09-25 11:28:22"
10666;"2023-11-01";197;228;63599;914;64741;219;2163;308;2690;262;19362;1184;20808;50;316;230;596;759;85440;2636;88835;"2025-09-25 11:28:22"
10667;"2023-11-01";198;73;12828;107;13008;53;609;55;717;119;6050;114;6283;14;72;27;113;259;19559;303;20121;"2025-09-25 11:28:22"
10668;"2023-11-01";199;54;5986;34;6074;31;284;27;342;61;3864;46;3971;2;34;8;44;148;10168;115;10431;"2025-09-25 11:28:22"
10669;"2023-11-01";200;129;40784;489;41402;77;1601;143;1821;144;14711;732;15587;27;218;153;398;377;57314;1517;59208;"2025-09-25 11:28:22"
10670;"2023-11-01";201;130;44884;386;45400;83;1765;244;2092;136;16342;1545;18023;15;232;356;603;364;63223;2531;66118;"2025-09-25 11:28:22"
10671;"2023-11-01";202;101;22679;169;22949;60;718;78;856;107;8532;196;8835;20;102;44;166;288;32031;487;32806;"2025-09-25 11:28:22"
10672;"2023-11-01";203;59;4215;404;4678;22;258;205;485;68;1406;31;1505;8;23;2;33;157;5902;642;6701;"2025-09-25 11:28:22"
10673;"2023-11-01";204;135;20155;120;20410;61;643;82;786;129;6619;122;6870;15;118;34;167;340;27535;358;28233;"2025-09-25 11:28:22"
10674;"2023-11-01";205;83;19536;90;19709;82;855;83;1020;132;12272;858;13262;10;107;101;218;307;32770;1132;34209;"2025-09-25 11:28:22"
10675;"2023-11-01";206;79;17675;153;17907;44;642;51;737;89;7781;598;8468;13;91;162;266;225;26189;964;27378;"2025-09-25 11:28:22"
10676;"2023-11-01";207;61;9784;40;9885;70;463;44;577;86;5993;114;6193;10;72;13;95;227;16312;211;16750;"2025-09-25 11:28:22"
10677;"2023-11-01";208;123;56249;302;56674;71;1847;363;2281;110;13014;1538;14662;10;235;298;543;314;71345;2501;74160;"2025-09-25 11:28:22"
10678;"2023-11-01";209;135;105153;1377;106665;88;2985;792;3865;205;17991;4335;22531;13;434;1737;2184;441;126563;8241;135245;"2025-09-25 11:28:22"
10679;"2023-11-01";210;166;123555;1982;125703;91;2956;306;3353;101;18050;1027;19178;27;407;301;735;385;144968;3616;148969;"2025-09-25 11:28:22"
10681;"2023-11-01";212;127;94194;1007;95328;93;2938;463;3494;129;11917;479;12525;14;294;157;465;363;109343;2106;111812;"2025-09-25 11:28:22"
10682;"2023-11-01";213;99;24135;199;24433;69;871;171;1111;106;9328;253;9687;13;72;176;261;287;34406;799;35492;"2025-09-25 11:28:22"
10683;"2023-11-01";214;48;11694;79;11821;48;473;37;558;101;4004;91;4196;6;52;27;85;203;16223;234;16660;"2025-09-25 11:28:22"
10684;"2023-11-01";215;247;240240;2222;242709;179;6342;524;7045;236;40885;4636;45757;31;754;575;1360;693;288221;7957;296871;"2025-09-25 11:28:22"
10685;"2023-11-01";216;105;14058;146;14309;57;538;110;705;131;6205;155;6491;9;64;32;105;302;20865;443;21610;"2025-09-25 11:28:22"
10686;"2023-11-01";217;110;43163;485;43758;94;1406;187;1687;107;13726;2625;16458;13;177;636;826;324;58472;3933;62729;"2025-09-25 11:28:22"
10687;"2023-11-01";218;103;47083;697;47883;83;1479;229;1791;139;10495;531;11165;14;176;113;303;339;59233;1570;61142;"2025-09-25 11:28:22"
10688;"2023-11-01";219;90;13551;65;13706;61;519;58;638;92;7167;486;7745;8;143;147;298;251;21380;756;22387;"2025-09-25 11:28:22"
10689;"2023-11-01";220;161;149720;1187;151068;99;4212;800;5111;145;22504;7090;29739;22;610;1601;2233;427;177046;10678;188151;"2025-09-25 11:28:22"
10690;"2023-11-01";221;63;10343;58;10464;54;402;46;502;92;4599;552;5243;14;54;104;172;223;15398;760;16381;"2025-09-25 11:28:22"
10691;"2023-11-01";222;215;142270;2921;145406;175;3380;1011;4566;243;26850;2345;29438;31;467;430;928;664;172967;6707;180338;"2025-09-25 11:28:22"
10692;"2023-11-01";223;72;24974;177;25223;72;1043;104;1219;101;10345;398;10844;10;142;64;216;255;36504;743;37502;"2025-09-25 11:28:22"
10693;"2023-11-01";224;137;88214;1288;89639;68;1977;473;2518;134;10528;981;11643;11;153;151;315;350;100872;2893;104115;"2025-09-25 11:28:22"
10694;"2023-11-01";225;66;92033;4939;97038;32;1940;442;2414;54;11104;1660;12818;4;182;225;411;156;105259;7266;112681;"2025-09-25 11:28:22"
10695;"2023-11-01";226;245;156181;59175;215601;222;2130;1274;3626;143;10593;981;11717;12;197;180;389;622;169101;61610;231333;"2025-09-25 11:28:22"
10696;"2023-11-01";227;185;100020;1751;101956;167;2251;276;2694;134;16649;1407;18190;16;293;336;645;502;119213;3770;123485;"2025-09-25 11:28:22"
10697;"2023-11-01";228;92;86738;721;87551;37;1989;164;2190;91;7862;942;8895;9;264;255;528;229;96853;2082;99164;"2025-09-25 11:28:22"
10698;"2023-11-01";229;98;42882;728;43708;83;1722;246;2051;118;8888;324;9330;13;146;72;231;312;53638;1370;55320;"2025-09-25 11:28:22"
10699;"2023-11-01";230;58;16101;92;16251;65;547;40;652;104;7781;170;8055;11;72;82;165;238;24501;384;25123;"2025-09-25 11:28:22"
10700;"2023-11-01";231;79;33466;34294;67839;55;1115;318;1488;74;10282;525;10881;6;250;236;492;214;45113;35373;80700;"2025-09-25 11:28:22"
10701;"2023-11-01";232;57;13271;155;13483;53;489;87;629;117;6539;142;6798;11;67;26;104;238;20366;410;21014;"2025-09-25 11:28:22"
10702;"2023-11-01";233;83;15549;94;15726;54;612;78;744;134;8174;400;8708;14;77;69;160;285;24412;641;25338;"2025-09-25 11:28:22"
10704;"2023-11-01";235;243;77352;956;78551;140;2983;151;3274;344;27295;627;28266;39;238;141;418;766;107868;1875;110509;"2025-09-25 11:28:22"
10705;"2023-11-01";236;598;247428;267093;515119;355;7266;6398;14019;693;56961;3540;61194;41;1189;543;1773;1687;312844;277574;592105;"2025-09-25 11:28:22"
10707;"2023-11-01";238;163;92883;2561;95607;153;2605;499;3257;264;18229;1410;19903;35;403;389;827;615;114120;4859;119594;"2025-09-25 11:28:22"
10709;"2023-11-01";240;111;39432;672;40215;77;1273;163;1513;125;6954;504;7583;14;155;217;386;327;47814;1556;49697;"2025-09-25 11:28:22"
10710;"2023-11-01";241;121;25968;483;26572;103;853;134;1090;184;6748;179;7111;9;137;43;189;417;33706;839;34962;"2025-09-25 11:28:22"
10711;"2023-11-01";242;107;34055;921;35083;91;1108;142;1341;112;5466;297;5875;6;144;101;251;316;40773;1461;42550;"2025-09-25 11:28:22"
10712;"2023-11-01";243;54;8837;52;8943;52;322;27;401;108;3352;48;3508;10;53;13;76;224;12564;140;12928;"2025-09-25 11:28:22"
10713;"2023-11-01";244;44;12331;178;12553;43;408;28;479;118;4167;76;4361;11;80;20;111;216;16986;302;17504;"2025-09-25 11:28:22"
10714;"2023-11-01";245;132;14970;157;15259;81;659;53;793;124;6225;134;6483;11;107;52;170;348;21961;396;22705;"2025-09-25 11:28:22"
10715;"2023-11-01";246;221;157868;2843;160932;173;4411;507;5091;231;26918;2246;29395;25;615;359;999;650;189812;5955;196417;"2025-09-25 11:28:22"
10716;"2023-11-01";247;54;14503;99;14656;52;474;62;588;123;4960;103;5186;7;82;28;117;236;20019;292;20547;"2025-09-25 11:28:22"
10717;"2023-11-01";248;106;14239;218;14563;98;574;77;749;141;6187;162;6490;19;89;35;143;364;21089;492;21945;"2025-09-25 11:28:22"
10718;"2023-11-01";249;56;16971;138;17165;67;699;37;803;137;7012;158;7307;14;77;19;110;274;24759;352;25385;"2025-09-25 11:28:22"
10719;"2023-11-01";250;309;120181;2526;123016;278;3181;625;4084;273;18808;2727;21808;21;507;403;931;881;142677;6281;149839;"2025-09-25 11:28:22"
10720;"2023-11-01";251;61;16098;380;16539;64;619;122;805;117;3382;129;3628;9;113;40;162;251;20212;671;21134;"2025-09-25 11:28:22"
10721;"2023-11-01";252;102;17478;333;17913;85;804;96;985;123;8749;142;9014;17;88;46;151;327;27119;617;28063;"2025-09-25 11:28:22"
10722;"2023-11-01";253;123;27743;256;28122;113;1221;268;1602;183;11790;442;12415;24;139;64;227;443;40893;1030;42366;"2025-09-25 11:28:22"
10723;"2023-11-01";254;60;9677;61;9798;61;301;51;413;101;3303;49;3453;11;54;24;89;233;13335;185;13753;"2025-09-25 11:28:22"
10724;"2023-11-01";255;81;19156;527;19764;66;873;75;1014;123;8596;260;8979;13;115;49;177;283;28740;911;29934;"2025-09-25 11:28:22"
10726;"2023-12-01";1;156;214156;18168;232480;57;3998;546;4601;180;13678;2385;16243;19;349;164;532;412;232181;21263;253856;"2025-09-25 11:28:31"
10727;"2023-12-01";2;113;129380;5055;134548;41;3381;789;4211;148;12124;2548;14820;7;211;223;441;309;145096;8615;154020;"2025-09-25 11:28:31"
10728;"2023-12-01";3;105;60580;2105;62790;65;2228;717;3010;132;7039;1305;8476;14;146;113;273;316;69993;4240;74549;"2025-09-25 11:28:31"
10729;"2023-12-01";4;116;66885;2070;69071;86;1682;300;2068;127;16279;2668;19074;10;390;573;973;339;85236;5611;91186;"2025-09-25 11:28:31"
10730;"2023-12-01";5;92;99596;3090;102778;47;3129;346;3522;144;9264;2224;11632;12;182;177;371;295;112171;5837;118303;"2025-09-25 11:28:31"
10731;"2023-12-01";6;93;80880;3085;84058;45;2222;334;2601;182;8900;1648;10730;11;123;104;238;331;92125;5171;97627;"2025-09-25 11:28:31"
10732;"2023-12-01";7;107;115645;9918;125670;63;4256;530;4849;129;13977;2710;16816;7;317;159;483;306;134195;13317;147818;"2025-09-25 11:28:31"
10733;"2023-12-01";8;55;71744;3518;75317;31;2793;455;3279;74;10852;2321;13247;12;181;103;296;172;85570;6397;92139;"2025-09-25 11:28:31"
10734;"2023-12-01";9;83;129767;5496;135346;56;3438;815;4309;174;10000;2158;12332;12;253;258;523;325;143458;8727;152510;"2025-09-25 11:28:31"
10735;"2023-12-01";10;92;76763;4664;81519;48;2403;582;3033;125;8032;2062;10219;13;172;171;356;278;87370;7479;95127;"2025-09-25 11:28:31"
10736;"2023-12-01";11;104;84257;2879;87240;57;2674;152;2883;136;9873;2201;12210;10;194;100;304;307;96998;5332;102637;"2025-09-25 11:28:31"
10737;"2023-12-01";12;110;94584;1144;95838;47;2308;133;2488;122;6509;1198;7829;16;136;189;341;295;103537;2664;106496;"2025-09-25 11:28:31"
10738;"2023-12-01";13;95;101937;4325;106357;55;2636;633;3324;172;9372;2279;11823;21;235;549;805;343;114180;7786;122309;"2025-09-25 11:28:31"
10739;"2023-12-01";14;207;77539;3208;80954;101;2105;404;2610;133;5894;1806;7833;8;136;107;251;449;85674;5525;91648;"2025-09-25 11:28:31"
10740;"2023-12-01";15;178;152891;3992;157061;135;3013;644;3792;182;10748;4858;15788;18;277;167;462;513;166929;9661;177103;"2025-09-25 11:28:31"
10741;"2023-12-01";16;129;82202;8443;90774;50;1866;926;2842;175;8441;1873;10489;18;195;98;311;372;92704;11340;104416;"2025-09-25 11:28:31"
10742;"2023-12-01";17;96;105387;2126;107609;50;2954;1130;4134;142;8609;1714;10465;9;184;104;297;297;117134;5074;122505;"2025-09-25 11:28:31"
10743;"2023-12-01";18;127;207167;7292;214586;100;4142;1650;5892;165;17875;5004;23044;15;378;384;777;407;229562;14330;244299;"2025-09-25 11:28:31"
10744;"2023-12-01";19;127;127890;4414;132431;60;3187;751;3998;141;11179;2946;14266;7;276;431;714;335;142532;8542;151409;"2025-09-25 11:28:31"
10745;"2023-12-01";20;125;118319;2945;121389;59;3848;173;4080;166;13512;4422;18100;14;448;632;1094;364;136127;8172;144663;"2025-09-25 11:28:31"
10746;"2023-12-01";21;250;64908;1288;66446;123;1880;67;2070;154;5154;774;6082;11;133;28;172;538;72075;2157;74770;"2025-09-25 11:28:31"
10747;"2023-12-01";22;100;114497;4125;118722;44;3118;737;3899;141;9982;2045;12168;16;177;187;380;301;127774;7094;135169;"2025-09-25 11:28:32"
10748;"2023-12-01";23;1579;39459;560;41598;1535;1502;266;3303;348;3677;1563;5588;100;85;94;279;3562;44723;2483;50768;"2025-09-25 11:28:32"
10749;"2023-12-01";63;126;90114;1166;91406;107;1897;296;2300;91;10072;962;11125;6;205;280;491;330;102288;2704;105322;"2025-09-25 11:28:32"
10750;"2023-12-01";25;83;91504;5905;97492;32;3151;542;3725;121;11730;2810;14661;15;206;329;550;251;106591;9586;116428;"2025-09-25 11:28:32"
10751;"2023-12-01";146;1972;654653;12607;669232;1698;20780;2999;25477;2684;154772;9179;166635;266;3050;1980;5296;6620;833255;26765;866640;"2025-09-25 11:28:32"
10753;"2023-12-01";28;96;66009;2426;68531;64;2078;820;2962;106;9633;3277;13016;14;180;665;859;280;77900;7188;85368;"2025-09-25 11:28:32"
10754;"2023-12-01";29;78;73289;804;74171;52;2096;548;2696;117;10849;1332;12298;12;240;209;461;259;86474;2893;89626;"2025-09-25 11:28:32"
10755;"2023-12-01";77;292;137752;2875;140919;211;2714;554;3479;225;16243;3170;19638;16;346;574;936;744;157055;7173;164972;"2025-09-25 11:28:32"
10756;"2023-12-01";57;70;57939;744;58753;45;1226;150;1421;75;4684;328;5087;7;144;53;204;197;63993;1275;65465;"2025-09-25 11:28:32"
10757;"2023-12-01";32;71;85274;1481;86826;28;1963;351;2342;66;10036;1482;11584;1;207;262;470;166;97480;3576;101222;"2025-09-25 11:28:32"
10758;"2023-12-01";33;123;114973;20049;135145;62;2814;523;3399;169;13079;2294;15542;11;197;536;744;365;131063;23402;154830;"2025-09-25 11:28:32"
10759;"2023-12-01";79;88;108369;1503;109960;42;2088;272;2402;90;11149;1683;12922;9;250;328;587;229;121856;3786;125871;"2025-09-25 11:28:32"
10760;"2023-12-01";35;94;67033;2469;69596;59;2131;241;2431;102;14391;2307;16800;9;209;323;541;264;83764;5340;89368;"2025-09-25 11:28:32"
10761;"2023-12-01";36;107;92394;3443;95944;50;2750;339;3139;104;12949;1981;15034;9;207;288;504;270;108300;6051;114621;"2025-09-25 11:28:32"
10762;"2023-12-01";60;277;186460;13523;200260;311;4215;343;4869;198;18708;2379;21285;31;497;493;1021;817;209880;16738;227435;"2025-09-25 11:28:32"
10763;"2023-12-01";38;49;57487;58108;115644;24;1445;892;2361;81;5617;1206;6904;11;147;361;519;165;64696;60567;125428;"2025-09-25 11:28:32"
10764;"2023-12-01";39;295;102073;12392;114760;480;1599;621;2700;186;8319;2271;10776;29;182;698;909;990;112173;15982;129145;"2025-09-25 11:28:32"
10765;"2023-12-01";40;82;26686;1388;28156;51;982;292;1325;83;4149;384;4616;10;51;52;113;226;31868;2116;34210;"2025-09-25 11:28:32"
10767;"2023-12-01";42;135;149527;11044;160706;57;3120;256;3433;128;13177;2181;15486;9;308;487;804;329;166132;13968;180429;"2025-09-25 11:28:32"
10769;"2023-12-01";44;0;20;2;22;0;5;0;5;0;36;5;41;0;0;0;0;0;61;7;68;"2025-09-25 11:28:32"
10771;"2023-12-01";46;186;240547;11209;251942;112;4860;730;5702;185;29498;5486;35169;14;569;573;1156;497;275474;17998;293969;"2025-09-25 11:28:32"
10772;"2023-12-01";47;117;117990;1545;119652;121;2975;513;3609;297;19721;2885;22903;60;382;282;724;595;141068;5225;146888;"2025-09-25 11:28:32"
10776;"2023-12-01";51;175;194922;3137;198234;191;3017;624;3832;214;15968;1338;17520;12;443;158;613;592;214350;5257;220199;"2025-09-25 11:28:32"
10779;"2023-12-01";54;126;26870;13216;40212;52;1140;360;1552;151;10244;761;11156;9;150;81;240;338;38404;14418;53160;"2025-09-25 11:28:32"
10780;"2023-12-01";55;110;93999;137097;231206;63;3189;1899;5151;117;25688;2768;28573;17;562;324;903;307;123438;142088;265833;"2025-09-25 11:28:32"
10781;"2023-12-01";56;316;222184;25714;248214;416;5291;889;6596;171;29621;3569;33361;23;530;486;1039;926;257626;30658;289210;"2025-09-25 11:28:32"
10783;"2023-12-01";58;183;142165;3493;145841;99;4224;128;4451;137;17008;4793;21938;20;409;871;1300;439;163806;9285;173530;"2025-09-25 11:28:32"
10784;"2023-12-01";59;148;205608;36815;242571;82;4759;1067;5908;103;21034;3158;24295;12;393;324;729;345;231794;41364;273503;"2025-09-25 11:28:32"
10786;"2023-12-01";61;173;201728;5277;207178;100;3207;702;4009;150;12307;3380;15837;10;379;519;908;433;217621;9878;227932;"2025-09-25 11:28:32"
10787;"2023-12-01";62;70;8722;137;8929;56;509;70;635;127;3899;61;4087;3;49;13;65;256;13179;281;13716;"2025-09-25 11:28:32"
10790;"2023-12-01";65;194;172434;3799;176427;148;4413;406;4967;189;26841;8060;35090;28;683;909;1620;559;204371;13174;218104;"2025-09-25 11:28:32"
10796;"2023-12-01";71;80;71353;2504;73937;47;2175;557;2779;106;13899;3987;17992;10;320;451;781;243;87747;7499;95489;"2025-09-25 11:28:32"
10799;"2023-12-01";74;127;174344;2934;177405;99;3188;365;3652;420;15618;2467;18505;23;583;313;919;669;193733;6079;200481;"2025-09-25 11:28:32"
10805;"2023-12-01";80;174;106705;1184;108063;96;2590;669;3355;174;20456;4177;24807;12;392;1007;1411;456;130143;7037;137636;"2025-09-25 11:28:32"
10808;"2023-12-01";83;349;174359;1134;175842;249;3364;502;4115;257;15096;1963;17316;65;604;168;837;920;193423;3767;198110;"2025-09-25 11:28:32"
10810;"2023-12-01";85;145;25163;196;25504;86;1163;135;1384;158;6622;208;6988;22;126;46;194;411;33074;585;34070;"2025-09-25 11:28:32"
10811;"2023-12-01";86;303;173476;1857;175636;157;4236;337;4730;193;19529;2637;22359;22;404;286;712;675;197645;5117;203437;"2025-09-25 11:28:32"
10812;"2023-12-01";87;101;112866;3306;116273;75;2553;635;3263;79;13146;2235;15460;10;342;159;511;265;128907;6335;135507;"2025-09-25 11:28:32"
10813;"2023-12-01";88;70;105716;2467;108253;22;2217;638;2877;36;9552;1491;11079;1;216;128;345;129;117701;4724;122554;"2025-09-25 11:28:32"
10814;"2023-12-01";89;459;28762;300;29521;107;538;37;682;122;1874;400;2396;12;67;11;90;700;31241;748;32689;"2025-09-25 11:28:32"
10815;"2023-12-01";90;122;88036;1724;89882;72;2426;448;2946;105;10423;2326;12854;11;204;194;409;310;101089;4692;106091;"2025-09-25 11:28:32"
10816;"2023-12-01";91;181;168508;825;169514;98;4979;2540;7617;130;30616;5447;36193;15;652;360;1027;424;204755;9172;214351;"2025-09-25 11:28:32"
10817;"2023-12-01";92;85;60996;1159;62240;76;1639;279;1994;99;8475;1423;9997;13;179;161;353;273;71289;3022;74584;"2025-09-25 11:28:32"
10818;"2023-12-01";93;125;88008;1026;89159;74;2197;179;2450;93;9099;3887;13079;10;178;259;447;302;99482;5351;105135;"2025-09-25 11:28:32"
10819;"2023-12-01";94;247;200272;2647;203166;110;5239;1541;6890;203;30920;4439;35562;8;671;692;1371;568;237102;9319;246989;"2025-09-25 11:28:32"
10820;"2023-12-01";95;356;266745;2072;269173;199;7544;1077;8820;220;43167;6251;49638;27;1064;482;1573;802;318520;9882;329204;"2025-09-25 11:28:32"
10821;"2023-12-01";96;85;31942;702;32729;43;1234;76;1353;84;5381;704;6169;11;91;52;154;223;38648;1534;40405;"2025-09-25 11:28:32"
10822;"2023-12-01";97;281;254447;5656;260384;201;7941;1177;9319;211;34542;6211;40964;29;620;568;1217;722;297550;13612;311884;"2025-09-25 11:28:32"
10823;"2023-12-01";101;185;178636;4615;183436;60;2500;1389;3949;109;7769;1939;9817;10;341;218;569;364;189246;8161;197771;"2025-09-25 11:28:32"
10824;"2023-12-01";102;164;71040;1058;72262;60;2172;227;2459;76;7670;1511;9257;3;191;154;348;303;81073;2950;84326;"2025-09-25 11:28:32"
10825;"2023-12-01";103;212;63421;2005;65638;59;2210;253;2522;105;8912;1619;10636;17;164;139;320;393;74707;4016;79116;"2025-09-25 11:28:32"
10826;"2023-12-01";104;131;180712;4567;185410;155;4787;1549;6491;162;20347;3101;23610;26;543;562;1131;474;206389;9779;216642;"2025-09-25 11:28:32"
10827;"2023-12-01";105;290;142473;1930;144693;100;2179;104;2383;64;6811;1514;8389;3;252;141;396;457;151715;3689;155861;"2025-09-25 11:28:32"
10828;"2023-12-01";106;211;95424;968;96603;153;2801;564;3518;100;8237;2114;10451;14;212;124;350;478;106674;3770;110922;"2025-09-25 11:28:32"
10829;"2023-12-01";107;135;73112;1217;74464;92;2531;64;2687;93;6678;1834;8605;21;159;99;279;341;82480;3214;86035;"2025-09-25 11:28:32"
10830;"2023-12-01";108;172;223938;1787;225897;110;6684;455;7249;154;37508;6402;44064;22;682;470;1174;458;268812;9114;278384;"2025-09-25 11:28:32"
10831;"2023-12-01";109;193;135380;2558;138131;157;5204;1151;6512;227;22864;3911;27002;13;384;321;718;590;163832;7941;172363;"2025-09-25 11:28:32"
10832;"2023-12-01";110;71;122085;2332;124488;40;4107;666;4813;35;18616;2599;21250;3;415;378;796;149;145223;5975;151347;"2025-09-25 11:28:32"
10833;"2023-12-01";111;157;90306;743;91206;99;3130;482;3711;133;19014;3286;22433;14;965;298;1277;403;113415;4809;118627;"2025-09-25 11:28:32"
10834;"2023-12-01";112;145;112008;2401;114554;119;2244;613;2976;124;9912;3798;13834;11;335;167;513;399;124499;6979;131877;"2025-09-25 11:28:32"
10835;"2023-12-01";113;92;73811;1307;75210;28;2276;915;3219;38;9181;1627;10846;0;182;132;314;158;85450;3981;89589;"2025-09-25 11:28:32"
10836;"2023-12-01";114;172;107854;700;108726;90;3819;459;4368;166;19463;2955;22584;13;476;234;723;441;131612;4348;136401;"2025-09-25 11:28:32"
10837;"2023-12-01";115;243;52147;426;52816;102;1780;562;2444;261;12200;876;13337;12;265;86;363;618;66392;1950;68960;"2025-09-25 11:28:32"
10838;"2023-12-01";116;182;52414;357;52953;83;2049;676;2808;199;14216;6191;20606;8;290;354;652;472;68969;7578;77019;"2025-09-25 11:28:32"
10839;"2023-12-01";117;90;17577;85;17752;72;750;189;1011;159;6335;4197;10691;8;132;495;635;329;24794;4966;30089;"2025-09-25 11:28:32"
10840;"2023-12-01";118;89;100144;1154;101387;60;2854;554;3468;71;10378;2444;12893;10;287;166;463;230;113663;4318;118211;"2025-09-25 11:28:32"
10841;"2023-12-01";119;50;182635;3133;185818;26;3558;685;4269;36;11686;3790;15512;8;485;174;667;120;198364;7782;206266;"2025-09-25 11:28:32"
10842;"2023-12-01";120;21;143915;730;144666;16;1975;192;2183;23;4980;1409;6412;0;220;38;258;60;151090;2369;153519;"2025-09-25 11:28:32"
10843;"2023-12-01";121;382;116323;1571;118276;189;4007;1305;5501;260;21401;4806;26467;21;645;434;1100;852;142376;8116;151344;"2025-09-25 11:28:32"
10844;"2023-12-01";122;115;59417;319;59851;95;1350;174;1619;87;5917;2122;8126;9;145;308;462;306;66829;2923;70058;"2025-09-25 11:28:32"
10845;"2023-12-01";123;257;151202;2040;153499;261;4620;445;5326;200;18305;2908;21413;29;504;267;800;747;174631;5660;181038;"2025-09-25 11:28:32"
10846;"2023-12-01";124;201;100692;1006;101899;93;3505;714;4312;127;18944;4256;23327;16;441;542;999;437;123582;6518;130537;"2025-09-25 11:28:32"
10847;"2023-12-01";125;260;205230;2864;208354;97;5652;2689;8438;180;30792;6368;37340;19;637;312;968;556;242311;12233;255100;"2025-09-25 11:28:32"
10848;"2023-12-01";126;347;283231;3713;287291;166;7947;2202;10315;249;35683;7280;43212;25;917;1016;1958;787;327778;14211;342776;"2025-09-25 11:28:32"
10849;"2023-12-01";127;182;65683;5816;71681;75;2841;760;3676;155;20818;2761;23734;13;335;381;729;425;89677;9718;99820;"2025-09-25 11:28:32"
10850;"2023-12-01";128;197;121650;955;122802;90;2626;354;3070;146;15783;2294;18223;10;328;157;495;443;140387;3760;144590;"2025-09-25 11:28:32"
10851;"2023-12-01";129;389;438753;3115;442257;231;10495;2707;13433;294;63368;7893;71555;75;1615;675;2365;989;514231;14390;529610;"2025-09-25 11:28:32"
10853;"2023-12-01";131;74;15318;131;15523;58;778;52;888;79;7951;267;8297;11;87;29;127;222;24134;479;24835;"2025-09-25 11:28:32"
10854;"2023-12-01";132;73;10919;137;11129;45;463;92;600;115;4879;382;5376;4;84;226;314;237;16345;837;17419;"2025-09-25 11:28:32"
10855;"2023-12-01";133;70;11996;120;12186;61;622;89;772;105;6301;656;7062;17;65;72;154;253;18984;937;20174;"2025-09-25 11:28:32"
10856;"2023-12-01";134;86;17207;118;17411;58;701;96;855;111;8177;183;8471;11;84;40;135;266;26169;437;26872;"2025-09-25 11:28:32"
10857;"2023-12-01";135;71;19846;220;20137;56;829;96;981;79;7985;680;8744;12;111;85;208;218;28771;1081;30070;"2025-09-25 11:28:32"
10858;"2023-12-01";136;79;46537;299;46915;70;2150;214;2434;111;13756;1388;15255;15;227;144;386;275;62670;2045;64990;"2025-09-25 11:28:32"
10859;"2023-12-01";137;101;54076;717;54894;81;1756;177;2014;157;13744;1722;15623;11;340;891;1242;350;69916;3507;73773;"2025-09-25 11:28:32"
10860;"2023-12-01";138;35;17021;157;17213;26;568;36;630;30;3233;578;3841;7;66;49;122;98;20888;820;21806;"2025-09-25 11:28:32"
10861;"2023-12-01";139;70;44016;274;44360;67;1533;85;1685;86;9181;1073;10340;7;199;81;287;230;54929;1513;56672;"2025-09-25 11:28:32"
10862;"2023-12-01";140;1;8;0;9;0;3;0;3;0;8;0;8;0;0;0;0;1;19;0;20;"2025-09-25 11:28:32"
10863;"2023-12-01";141;210;87196;1043;88449;113;2250;371;2734;173;12123;1111;13407;16;318;259;593;512;101887;2784;105183;"2025-09-25 11:28:32"
10864;"2023-12-01";142;57;85889;1746;87692;130;2076;851;3057;65;11166;1764;12995;4;306;210;520;256;99437;4571;104264;"2025-09-25 11:28:32"
10865;"2023-12-01";143;152;90540;2119;92811;119;2450;529;3098;128;14545;2088;16761;9;377;218;604;408;107912;4954;113274;"2025-09-25 11:28:32"
10866;"2023-12-01";144;131;123418;4693;128242;90;3090;674;3854;132;15629;2334;18095;13;516;303;832;366;142653;8004;151023;"2025-09-25 11:28:32"
10867;"2023-12-01";145;195;93144;6215;99554;155;2916;405;3476;259;20107;1781;22147;28;405;284;717;637;116572;8685;125894;"2025-09-25 11:28:32"
10869;"2023-12-01";147;73;23090;62;23225;38;593;107;738;53;2272;411;2736;9;82;35;126;173;26037;615;26825;"2025-09-25 11:28:32"
10870;"2023-12-01";148;232;41878;1487;43597;126;1590;368;2084;227;12847;670;13744;26;192;125;343;611;56507;2650;59768;"2025-09-25 11:28:32"
10871;"2023-12-01";149;70;20323;1463;21856;43;1026;240;1309;92;8630;596;9318;7;114;71;192;212;30093;2370;32675;"2025-09-25 11:28:32"
10872;"2023-12-01";150;149;45143;833;46125;93;2065;375;2533;143;15155;1093;16391;30;183;80;293;415;62546;2381;65342;"2025-09-25 11:28:32"
10873;"2023-12-01";151;148;83484;688;84320;79;2465;356;2900;180;18938;2327;21445;14;442;794;1250;421;105329;4165;109915;"2025-09-25 11:28:32"
10874;"2023-12-01";152;131;39937;535;40603;76;1423;178;1677;183;12776;539;13498;32;189;149;370;422;54325;1401;56148;"2025-09-25 11:28:32"
10875;"2023-12-01";153;98;22903;193;23194;70;1135;336;1541;144;11212;390;11746;12;87;55;154;324;35337;974;36635;"2025-09-25 11:28:32"
10876;"2023-12-01";154;169;80596;949;81714;90;2502;487;3079;164;18922;1865;20951;22;373;426;821;445;102393;3727;106565;"2025-09-25 11:28:32"
10877;"2023-12-01";155;75;19399;149;19623;42;741;112;895;107;7730;457;8294;14;86;79;179;238;27956;797;28991;"2025-09-25 11:28:32"
10878;"2023-12-01";156;185;166104;2533;168822;145;4873;513;5531;184;24041;3737;27962;43;631;376;1050;557;195649;7159;203365;"2025-09-25 11:28:32"
10879;"2023-12-01";157;126;33865;294;34285;119;1402;324;1845;185;11517;727;12429;16;193;115;324;446;46977;1460;48883;"2025-09-25 11:28:32"
10880;"2023-12-01";158;104;115704;1757;117565;72;3820;673;4565;124;19592;2744;22460;11;479;400;890;311;139595;5574;145480;"2025-09-25 11:28:32"
10881;"2023-12-01";159;174;179710;1921;181805;150;4513;833;5496;218;20855;2475;23548;24;576;274;874;566;205654;5503;211723;"2025-09-25 11:28:32"
10882;"2023-12-01";160;74;11406;67;11547;54;493;61;608;120;5980;506;6606;15;61;74;150;263;17940;708;18911;"2025-09-25 11:28:32"
10883;"2023-12-01";161;81;24297;191;24569;46;1001;80;1127;195;10731;249;11175;19;123;53;195;341;36152;573;37066;"2025-09-25 11:28:32"
10884;"2023-12-01";162;158;41458;327;41943;93;1397;203;1693;142;12220;776;13138;22;213;145;380;415;55288;1451;57154;"2025-09-25 11:28:32"
10886;"2023-12-01";257;108;19845;165;20118;70;1273;102;1445;148;10619;268;11035;14;100;50;164;340;31837;585;32762;"2025-09-25 11:28:32"
10887;"2023-12-01";258;207;114598;2077;116882;130;3159;525;3814;206;19374;3109;22689;21;453;694;1168;564;137584;6405;144553;"2025-09-25 11:28:32"
10888;"2023-12-01";259;119;33249;598;33966;71;1519;162;1752;141;13446;1063;14650;8;244;158;410;339;48458;1981;50778;"2025-09-25 11:28:32"
10889;"2023-12-01";260;143;28935;660;29738;96;1185;171;1452;178;12493;440;13111;16;163;67;246;433;42776;1338;44547;"2025-09-25 11:28:32"
10890;"2023-12-01";261;71;8793;61;8925;43;469;57;569;100;4416;250;4766;6;42;40;88;220;13720;408;14348;"2025-09-25 11:28:32"
10891;"2023-12-01";262;89;18796;183;19068;61;843;119;1023;126;8667;252;9045;12;110;51;173;288;28416;605;29309;"2025-09-25 11:28:32"
10892;"2023-12-01";263;69;10016;57;10142;63;411;21;495;95;5206;61;5362;9;43;17;69;236;15676;156;16068;"2025-09-25 11:28:32"
10893;"2023-12-01";264;118;44815;230;45163;125;1652;422;2199;200;12291;2309;14800;26;244;200;470;469;59002;3161;62632;"2025-09-25 11:28:32"
10894;"2023-12-01";265;181;112426;1898;114505;144;3993;472;4609;217;24349;3090;27656;16;381;431;828;558;141149;5891;147598;"2025-09-25 11:28:32"
10895;"2023-12-01";266;77;9594;59;9730;54;421;70;545;117;4948;270;5335;7;59;28;94;255;15022;427;15704;"2025-09-25 11:28:32"
10896;"2023-12-01";267;74;7786;33;7893;40;363;21;424;113;4423;74;4610;6;50;18;74;233;12622;146;13001;"2025-09-25 11:28:32"
10897;"2023-12-01";268;142;152567;3252;155961;100;3488;963;4551;129;19579;2563;22271;14;491;388;893;385;176125;7166;183676;"2025-09-25 11:28:32"
10898;"2023-12-01";269;309;136233;2005;138547;229;3203;563;3995;198;15977;1499;17674;24;319;242;585;760;155732;4309;160801;"2025-09-25 11:28:32"
10899;"2023-12-01";270;108;40514;2343;42965;112;1623;206;1941;158;15018;845;16021;6;228;131;365;384;57383;3525;61292;"2025-09-25 11:28:32"
10900;"2023-12-01";271;111;9400;42;9553;57;437;87;581;109;5012;106;5227;14;53;19;86;291;14902;254;15447;"2025-09-25 11:28:32"
10902;"2023-12-01";164;84;12226;170;12480;62;520;80;662;99;6586;733;7418;10;81;43;134;255;19413;1026;20694;"2025-09-25 11:28:32"
10903;"2023-12-01";165;99;20433;184;20716;76;1040;102;1218;133;12557;259;12949;9;113;42;164;317;34143;587;35047;"2025-09-25 11:28:32"
10904;"2023-12-01";166;67;10364;115;10546;41;434;65;540;72;5002;398;5472;6;49;68;123;186;15849;646;16681;"2025-09-25 11:28:32"
10905;"2023-12-01";167;90;75057;853;76000;69;2213;280;2562;86;14380;3474;17940;14;511;1651;2176;259;92161;6258;98678;"2025-09-25 11:28:32"
10906;"2023-12-01";168;57;9096;470;9623;40;414;56;510;74;3950;204;4228;4;66;23;93;175;13526;753;14454;"2025-09-25 11:28:32"
10907;"2023-12-01";169;148;52040;792;52980;119;1900;378;2397;211;15524;1719;17454;19;349;265;633;497;69813;3154;73464;"2025-09-25 11:28:32"
10908;"2023-12-01";170;80;19990;376;20446;50;795;259;1104;79;7884;1003;8966;11;127;148;286;220;28796;1786;30802;"2025-09-25 11:28:32"
10909;"2023-12-01";171;123;82362;2305;84790;120;2723;416;3259;165;13120;2351;15636;12;310;345;667;420;98515;5417;104352;"2025-09-25 11:28:32"
10910;"2023-12-01";172;224;38740;153;39117;202;1517;70;1789;155;11735;841;12731;15;180;118;313;596;52172;1182;53950;"2025-09-25 11:28:32"
10911;"2023-12-01";173;77;13816;168;14061;53;716;71;840;100;7880;358;8338;12;82;48;142;242;22494;645;23381;"2025-09-25 11:28:32"
10912;"2023-12-01";174;168;121900;1786;123854;133;3030;624;3787;191;22827;2063;25081;20;446;911;1377;512;148203;5384;154099;"2025-09-25 11:28:32"
10913;"2023-12-01";175;113;13529;97226;110868;66;631;2161;2858;200;9351;448;9999;4;142;40;186;383;23653;99875;123911;"2025-09-25 11:28:32"
10914;"2023-12-01";176;197;112223;2411;114831;153;3287;710;4150;201;21737;3499;25437;16;408;847;1271;567;137655;7467;145689;"2025-09-25 11:28:32"
10915;"2023-12-01";177;77;20688;144;20909;47;811;92;950;108;8086;501;8695;7;99;52;158;239;29684;789;30712;"2025-09-25 11:28:32"
10916;"2023-12-01";178;84;23948;129;24161;62;1195;75;1332;118;11181;762;12061;8;205;133;346;272;36529;1099;37900;"2025-09-25 11:28:32"
10917;"2023-12-01";179;124;16045;170;16339;59;720;109;888;104;9663;200;9967;11;88;30;129;298;26516;509;27323;"2025-09-25 11:28:32"
10918;"2023-12-01";180;80;18980;215;19275;44;745;68;857;87;8180;917;9184;3;121;89;213;214;28026;1289;29529;"2025-09-25 11:28:32"
10919;"2023-12-01";181;90;13113;84;13287;75;566;48;689;107;7054;283;7444;7;54;35;96;279;20787;450;21516;"2025-09-25 11:28:32"
10920;"2023-12-01";182;77;10961;92;11130;49;526;57;632;91;6257;132;6480;8;56;21;85;225;17800;302;18327;"2025-09-25 11:28:32"
10921;"2023-12-01";183;67;12104;8629;20800;53;538;219;810;87;6514;196;6797;12;83;23;118;219;19239;9067;28525;"2025-09-25 11:28:32"
10922;"2023-12-01";184;111;24123;81166;105400;85;1619;1335;3039;148;15545;228;15921;10;114;44;168;354;41401;82773;124528;"2025-09-25 11:28:32"
10923;"2023-12-01";185;96;25255;502;25853;54;956;978;1988;96;8074;509;8679;8;145;151;304;254;34430;2140;36824;"2025-09-25 11:28:32"
10925;"2023-12-01";187;142;117912;956;119010;97;3074;393;3564;131;22209;2698;25038;12;390;392;794;382;143585;4439;148406;"2025-09-25 11:28:32"
10926;"2023-12-01";188;219;117725;1673;119617;149;3798;552;4499;223;25877;1933;28033;19;521;378;918;610;147921;4536;153067;"2025-09-25 11:28:32"
10927;"2023-12-01";189;62;14004;39;14105;36;666;53;755;71;6492;685;7248;17;81;48;146;186;21243;825;22254;"2025-09-25 11:28:32"
10928;"2023-12-01";190;198;189229;2532;191959;115;5054;797;5966;229;25897;3655;29781;19;619;459;1097;561;220799;7443;228803;"2025-09-25 11:28:32"
10930;"2023-12-01";192;146;58054;628;58828;89;2054;270;2413;160;17906;1065;19131;16;245;155;416;411;78259;2118;80788;"2025-09-25 11:28:32"
10931;"2023-12-01";193;99;26976;388;27463;59;1199;120;1378;134;10311;286;10731;11;141;97;249;303;38627;891;39821;"2025-09-25 11:28:32"
10932;"2023-12-01";194;100;11111;53;11264;49;432;42;523;90;7007;86;7183;15;45;13;73;254;18595;194;19043;"2025-09-25 11:28:32"
10933;"2023-12-01";195;121;36697;406;37224;89;1634;247;1970;189;17273;1050;18512;16;196;166;378;415;55800;1869;58084;"2025-09-25 11:28:32"
10934;"2023-12-01";196;72;20009;166;20247;47;797;43;887;96;11267;984;12347;10;126;152;288;225;32199;1345;33769;"2025-09-25 11:28:32"
10935;"2023-12-01";197;242;63635;912;64789;225;2161;307;2693;265;19323;1183;20771;50;313;224;587;782;85432;2626;88840;"2025-09-25 11:28:32"
10936;"2023-12-01";198;74;12858;111;13043;53;604;54;711;121;6031;114;6266;14;75;27;116;262;19568;306;20136;"2025-09-25 11:28:32"
10937;"2023-12-01";199;55;5997;34;6086;31;284;27;342;61;3866;46;3973;2;34;8;44;149;10181;115;10445;"2025-09-25 11:28:32"
10938;"2023-12-01";200;130;40842;493;41465;78;1600;144;1822;137;14714;728;15579;27;219;154;400;372;57375;1519;59266;"2025-09-25 11:28:32"
10939;"2023-12-01";201;130;45011;388;45529;83;1765;242;2090;132;16342;1525;17999;16;232;365;613;361;63350;2520;66231;"2025-09-25 11:28:32"
10940;"2023-12-01";202;98;22687;168;22953;61;718;77;856;106;8532;198;8836;20;108;44;172;285;32045;487;32817;"2025-09-25 11:28:32"
10941;"2023-12-01";203;59;4217;400;4676;21;261;202;484;68;1402;31;1501;8;22;2;32;156;5902;635;6693;"2025-09-25 11:28:32"
10942;"2023-12-01";204;135;20178;119;20432;61;647;83;791;131;6642;121;6894;15;117;37;169;342;27584;360;28286;"2025-09-25 11:28:32"
10943;"2023-12-01";205;84;19581;90;19755;82;855;82;1019;130;12294;854;13278;10;106;101;217;306;32836;1127;34269;"2025-09-25 11:28:32"
10944;"2023-12-01";206;80;17676;153;17909;45;638;51;734;88;7785;594;8467;13;94;160;267;226;26193;958;27377;"2025-09-25 11:28:32"
10945;"2023-12-01";207;62;9817;40;9919;69;465;45;579;86;5983;114;6183;10;73;12;95;227;16338;211;16776;"2025-09-25 11:28:32"
10946;"2023-12-01";208;135;56141;268;56544;69;1865;343;2277;104;13017;1547;14668;10;241;304;555;318;71264;2462;74044;"2025-09-25 11:28:32"
10947;"2023-12-01";209;140;105341;1389;106870;88;2987;790;3865;205;18002;4336;22543;13;430;1727;2170;446;126760;8242;135448;"2025-09-25 11:28:32"
10948;"2023-12-01";210;166;123821;1984;125971;91;2935;308;3334;102;18016;1035;19153;27;414;301;742;386;145186;3628;149200;"2025-09-25 11:28:32"
10950;"2023-12-01";212;129;94328;993;95450;92;2942;457;3491;129;11948;484;12561;15;296;155;466;365;109514;2089;111968;"2025-09-25 11:28:32"
10951;"2023-12-01";213;102;24155;195;24452;72;874;173;1119;106;9356;253;9715;13;74;176;263;293;34459;797;35549;"2025-09-25 11:28:32"
10952;"2023-12-01";214;49;11665;79;11793;48;460;37;545;100;3991;91;4182;6;54;27;87;203;16170;234;16607;"2025-09-25 11:28:32"
10953;"2023-12-01";215;251;240672;2215;243138;168;6324;526;7018;233;40884;4661;45778;32;766;573;1371;684;288646;7975;297305;"2025-09-25 11:28:32"
10954;"2023-12-01";216;107;14034;146;14287;59;538;114;711;131;6180;155;6466;9;66;32;107;306;20818;447;21571;"2025-09-25 11:28:32"
10955;"2023-12-01";217;113;43232;480;43825;92;1412;186;1690;108;13710;2611;16429;14;177;631;822;327;58531;3908;62766;"2025-09-25 11:28:32"
10956;"2023-12-01";218;100;47211;672;47983;81;1468;225;1774;138;10457;534;11129;13;178;113;304;332;59314;1544;61190;"2025-09-25 11:28:32"
10957;"2023-12-01";219;93;13561;65;13719;60;516;58;634;92;7186;485;7763;8;143;147;298;253;21406;755;22414;"2025-09-25 11:28:32"
10958;"2023-12-01";220;162;149701;1195;151058;102;4209;800;5111;147;22507;7123;29777;21;622;1591;2234;432;177039;10709;188180;"2025-09-25 11:28:32"
10959;"2023-12-01";221;66;10324;58;10448;53;393;43;489;92;4592;552;5236;14;55;100;169;225;15364;753;16342;"2025-09-25 11:28:32"
10960;"2023-12-01";222;212;142299;2889;145400;177;3375;1009;4561;238;26851;2354;29443;31;472;429;932;658;172997;6681;180336;"2025-09-25 11:28:32"
10961;"2023-12-01";223;73;24990;177;25240;72;1045;103;1220;95;10328;407;10830;10;141;65;216;250;36504;752;37506;"2025-09-25 11:28:32"
10962;"2023-12-01";224;138;88638;1281;90057;67;1977;477;2521;133;10509;989;11631;11;154;154;319;349;101278;2901;104528;"2025-09-25 11:28:32"
10963;"2023-12-01";225;66;92350;5135;97551;32;1936;435;2403;54;11060;1659;12773;4;188;225;417;156;105534;7454;113144;"2025-09-25 11:28:32"
10964;"2023-12-01";226;242;156670;59442;216354;220;2119;1256;3595;142;10554;986;11682;12;204;179;395;616;169547;61863;232026;"2025-09-25 11:28:32"
10965;"2023-12-01";227;189;99997;1753;101939;167;2254;267;2688;136;16615;1431;18182;16;291;335;642;508;119157;3786;123451;"2025-09-25 11:28:32"
10966;"2023-12-01";228;93;86733;718;87544;37;1979;164;2180;91;7829;956;8876;9;266;255;530;230;96807;2093;99130;"2025-09-25 11:28:32"
10967;"2023-12-01";229;98;42887;716;43701;85;1707;246;2038;118;8875;328;9321;14;144;72;230;315;53613;1362;55290;"2025-09-25 11:28:32"
10968;"2023-12-01";230;60;16065;93;16218;68;547;39;654;103;7787;168;8058;11;72;84;167;242;24471;384;25097;"2025-09-25 11:28:32"
10969;"2023-12-01";231;78;33387;34394;67859;57;1114;344;1515;75;10296;523;10894;6;247;235;488;216;45044;35496;80756;"2025-09-25 11:28:32"
10970;"2023-12-01";232;58;13293;253;13604;54;489;86;629;116;6531;143;6790;11;68;26;105;239;20381;508;21128;"2025-09-25 11:28:32"
10971;"2023-12-01";233;84;15548;90;15722;55;617;78;750;134;8191;397;8722;14;80;72;166;287;24436;637;25360;"2025-09-25 11:28:32"
10973;"2023-12-01";235;243;77339;952;78534;140;2961;149;3250;344;27282;637;28263;39;234;142;415;766;107816;1880;110462;"2025-09-25 11:28:32"
10974;"2023-12-01";236;599;248249;266757;515605;351;7276;6362;13989;695;57211;3552;61458;41;1193;543;1777;1686;313929;277214;592829;"2025-09-25 11:28:32"
10976;"2023-12-01";238;166;92968;2574;95708;150;2598;508;3256;261;18196;1415;19872;36;402;418;856;613;114164;4915;119692;"2025-09-25 11:28:32"
10978;"2023-12-01";240;112;39446;666;40224;77;1263;160;1500;126;6947;508;7581;14;159;219;392;329;47815;1553;49697;"2025-09-25 11:28:32"
10979;"2023-12-01";241;123;26040;487;26650;105;854;132;1091;186;6761;179;7126;9;142;43;194;423;33797;841;35061;"2025-09-25 11:28:32"
10980;"2023-12-01";242;109;34109;955;35173;91;1111;142;1344;110;5458;299;5867;7;145;99;251;317;40823;1495;42635;"2025-09-25 11:28:32"
10981;"2023-12-01";243;55;8836;51;8942;52;317;27;396;111;3358;46;3515;10;53;13;76;228;12564;137;12929;"2025-09-25 11:28:32"
10982;"2023-12-01";244;44;12346;172;12562;43;411;29;483;119;4153;77;4349;11;80;20;111;217;16990;298;17505;"2025-09-25 11:28:32"
10983;"2023-12-01";245;135;15000;156;15291;81;652;57;790;123;6210;135;6468;11;107;52;170;350;21969;400;22719;"2025-09-25 11:28:32"
10984;"2023-12-01";246;224;158062;2883;161169;172;4399;505;5076;231;26948;2247;29426;25;623;358;1006;652;190032;5993;196677;"2025-09-25 11:28:32"
10985;"2023-12-01";247;54;14502;97;14653;55;473;62;590;118;4946;105;5169;7;86;28;121;234;20007;292;20533;"2025-09-25 11:28:32"
10986;"2023-12-01";248;110;14219;250;14579;95;572;73;740;141;6174;164;6479;19;91;35;145;365;21056;522;21943;"2025-09-25 11:28:32"
10987;"2023-12-01";249;53;16988;122;17163;68;691;37;796;135;7011;158;7304;14;78;20;112;270;24768;337;25375;"2025-09-25 11:28:32"
10988;"2023-12-01";250;310;120195;2539;123044;272;3168;620;4060;274;18796;2729;21799;20;508;404;932;876;142667;6292;149835;"2025-09-25 11:28:32"
10989;"2023-12-01";251;60;16152;377;16589;62;615;121;798;116;3377;128;3621;10;118;41;169;248;20262;667;21177;"2025-09-25 11:28:32"
10990;"2023-12-01";252;101;17520;351;17972;86;799;97;982;123;8770;142;9035;18;89;66;173;328;27178;656;28162;"2025-09-25 11:28:32"
10991;"2023-12-01";253;127;27794;255;28176;114;1225;267;1606;185;11769;441;12395;25;142;63;230;451;40930;1026;42407;"2025-09-25 11:28:32"
10992;"2023-12-01";254;57;9654;61;9772;61;302;50;413;101;3310;49;3460;11;57;24;92;230;13323;184;13737;"2025-09-25 11:28:32"
10993;"2023-12-01";255;83;19157;532;19772;66;870;75;1011;124;8597;266;8987;13;116;50;179;286;28740;923;29949;"2025-09-25 11:28:32"
10995;"2024-01-01";1;154;215268;17940;233362;57;4024;543;4624;179;13704;2398;16281;19;357;160;536;409;233353;21041;254803;"2025-09-25 11:28:42"
10996;"2024-01-01";2;114;129486;5041;134641;41;3357;800;4198;148;12102;2545;14795;8;212;224;444;311;145157;8610;154078;"2025-09-25 11:28:42"
10997;"2024-01-01";3;105;60527;2098;62730;67;2221;718;3006;132;7024;1310;8466;14;147;114;275;318;69919;4240;74477;"2025-09-25 11:28:42"
10998;"2024-01-01";4;120;66938;1948;69006;86;1682;300;2068;127;16289;2778;19194;10;408;635;1053;343;85317;5661;91321;"2025-09-25 11:28:42"
10999;"2024-01-01";5;91;99635;3079;102805;47;3122;347;3516;145;9211;2225;11581;12;184;180;376;295;112152;5831;118278;"2025-09-25 11:28:42"
11000;"2024-01-01";6;93;80891;3064;84048;45;2206;331;2582;175;8876;1652;10703;11;125;105;241;324;92098;5152;97574;"2025-09-25 11:28:42"
11001;"2024-01-01";7;107;115687;9885;125679;62;4234;533;4829;129;13959;2696;16784;7;319;163;489;305;134199;13277;147781;"2025-09-25 11:28:42"
11002;"2024-01-01";8;55;71729;3480;75264;31;2774;450;3255;74;10848;2322;13244;12;181;103;296;172;85532;6355;92059;"2025-09-25 11:28:42"
11003;"2024-01-01";9;83;129730;5464;135277;56;3430;785;4271;175;9989;2167;12331;12;258;259;529;326;143407;8675;152408;"2025-09-25 11:28:42"
11004;"2024-01-01";10;92;76748;4656;81496;48;2382;582;3012;125;8036;2060;10221;13;174;168;355;278;87340;7466;95084;"2025-09-25 11:28:42"
11005;"2024-01-01";11;103;84309;2897;87309;55;2666;154;2875;138;9861;2204;12203;10;198;100;308;306;97034;5355;102695;"2025-09-25 11:28:42"
11006;"2024-01-01";12;111;94545;1174;95830;47;2311;135;2493;122;6515;1206;7843;17;139;195;351;297;103510;2710;106517;"2025-09-25 11:28:42"
11007;"2024-01-01";13;95;101936;4264;106295;54;2623;625;3302;172;9353;2276;11801;20;235;549;804;341;114147;7714;122202;"2025-09-25 11:28:42"
11008;"2024-01-01";14;196;77579;3215;80990;99;2074;401;2574;129;5860;1814;7803;8;139;106;253;432;85652;5536;91620;"2025-09-25 11:28:42"
11009;"2024-01-01";15;178;152590;4051;156819;134;3008;662;3804;181;10781;4841;15803;18;277;167;462;511;166656;9721;176888;"2025-09-25 11:28:42"
11010;"2024-01-01";16;131;82331;8751;91213;50;1861;953;2864;178;8416;1869;10463;19;198;98;315;378;92806;11671;104855;"2025-09-25 11:28:42"
11011;"2024-01-01";17;95;105347;2047;107489;50;2942;1112;4104;144;8589;1722;10455;9;188;104;301;298;117066;4985;122349;"2025-09-25 11:28:42"
11012;"2024-01-01";18;127;207007;7248;214382;101;4120;1631;5852;165;17816;5003;22984;16;379;385;780;409;229322;14267;243998;"2025-09-25 11:28:42"
11013;"2024-01-01";19;128;128184;4401;132713;60;3169;755;3984;140;11176;2946;14262;8;275;429;712;336;142804;8531;151671;"2025-09-25 11:28:42"
11014;"2024-01-01";20;125;118489;2955;121569;58;3821;173;4052;166;13475;4424;18065;14;450;628;1092;363;136235;8180;144778;"2025-09-25 11:28:42"
11015;"2024-01-01";21;251;64717;1303;66271;122;1859;65;2046;154;5131;776;6061;12;132;28;172;539;71839;2172;74550;"2025-09-25 11:28:42"
11016;"2024-01-01";22;99;114501;4057;118657;44;3107;730;3881;139;9947;2070;12156;18;183;189;390;300;127738;7046;135084;"2025-09-25 11:28:42"
11017;"2024-01-01";23;1649;39483;550;41682;1534;1506;262;3302;346;3656;1567;5569;105;85;95;285;3634;44730;2474;50838;"2025-09-25 11:28:42"
11018;"2024-01-01";63;127;90388;1170;91685;107;1897;289;2293;89;10061;969;11119;6;206;280;492;329;102552;2708;105589;"2025-09-25 11:28:42"
11019;"2024-01-01";25;83;91639;5934;97656;32;3120;558;3710;121;11685;2829;14635;15;212;326;553;251;106656;9647;116554;"2025-09-25 11:28:42"
11020;"2024-01-01";146;1933;749229;13624;764786;1396;23998;3963;29357;2245;176161;16242;194648;204;3014;2540;5758;5778;952402;36369;994549;"2025-09-25 11:28:42"
11022;"2024-01-01";28;103;65684;2427;68214;64;2079;824;2967;106;9589;3305;13000;14;178;677;869;287;77530;7233;85050;"2025-09-25 11:28:42"
11023;"2024-01-01";29;81;73537;810;74428;52;2097;548;2697;118;10829;1329;12276;12;244;210;466;263;86707;2897;89867;"2025-09-25 11:28:42"
11024;"2024-01-01";77;293;137838;2865;140996;212;2706;552;3470;225;16211;3171;19607;17;354;569;940;747;157109;7157;165013;"2025-09-25 11:28:42"
11025;"2024-01-01";57;70;58050;731;58851;44;1221;152;1417;73;4696;329;5098;7;146;53;206;194;64113;1265;65572;"2025-09-25 11:28:42"
11026;"2024-01-01";32;74;85056;1603;86733;28;1942;356;2326;64;9968;1483;11515;1;199;259;459;167;97165;3701;101033;"2025-09-25 11:28:42"
11027;"2024-01-01";33;128;115461;20114;135703;62;2797;518;3377;169;13079;2315;15563;11;199;540;750;370;131536;23487;155393;"2025-09-25 11:28:42"
11028;"2024-01-01";79;87;108878;1507;110472;42;2112;272;2426;90;11186;1675;12951;9;247;334;590;228;122423;3788;126439;"2025-09-25 11:28:42"
11029;"2024-01-01";35;98;67127;2473;69698;59;2120;246;2425;102;14370;2326;16798;9;216;321;546;268;83833;5366;89467;"2025-09-25 11:28:42"
11030;"2024-01-01";36;108;92406;3443;95957;50;2735;341;3126;104;12927;1993;15024;9;207;288;504;271;108275;6065;114611;"2025-09-25 11:28:42"
11031;"2024-01-01";60;287;186809;14504;201600;310;4204;360;4874;198;18726;2383;21307;31;490;494;1015;826;210229;17741;228796;"2025-09-25 11:28:42"
11032;"2024-01-01";38;51;57319;58280;115650;24;1449;886;2359;81;5606;1206;6893;11;151;359;521;167;64525;60731;125423;"2025-09-25 11:28:42"
11033;"2024-01-01";39;327;103119;12785;116231;491;1594;626;2711;186;8362;2290;10838;31;189;700;920;1035;113264;16401;130700;"2025-09-25 11:28:42"
11034;"2024-01-01";40;86;26696;1384;28166;51;982;293;1326;83;4145;382;4610;9;51;52;112;229;31874;2111;34214;"2025-09-25 11:28:42"
11036;"2024-01-01";42;142;149516;10937;160595;57;3101;254;3412;128;13177;2190;15495;9;309;491;809;336;166103;13872;180311;"2025-09-25 11:28:42"
11038;"2024-01-01";44;0;20;2;22;0;4;0;4;0;28;3;31;0;0;0;0;0;52;5;57;"2025-09-25 11:28:42"
11040;"2024-01-01";46;191;240464;11288;251943;113;4849;727;5689;187;29435;5543;35165;14;576;573;1163;505;275324;18131;293960;"2025-09-25 11:28:42"
11041;"2024-01-01";47;121;118138;1541;119800;121;2958;510;3589;299;19710;2876;22885;60;389;288;737;601;141195;5215;147011;"2025-09-25 11:28:42"
11045;"2024-01-01";51;176;195466;3241;198883;191;3024;626;3841;215;15986;1342;17543;12;458;161;631;594;214934;5370;220898;"2025-09-25 11:28:42"
11048;"2024-01-01";54;134;26925;12741;39800;52;1132;354;1538;151;10273;771;11195;9;152;86;247;346;38482;13952;52780;"2025-09-25 11:28:42"
11049;"2024-01-01";55;112;94007;137296;231415;63;3169;1949;5181;119;26071;2792;28982;17;560;326;903;311;123807;142363;266481;"2025-09-25 11:28:42"
11050;"2024-01-01";56;351;222262;25173;247786;415;5246;897;6558;171;29614;3562;33347;23;532;483;1038;960;257654;30115;288729;"2025-09-25 11:28:42"
11052;"2024-01-01";58;189;142770;3536;146495;99;4240;53;4392;137;16999;4780;21916;20;415;869;1304;445;164424;9238;174107;"2025-09-25 11:28:42"
11053;"2024-01-01";59;157;206213;36471;242841;82;4750;1043;5875;104;21087;3184;24375;11;403;321;735;354;232453;41019;273826;"2025-09-25 11:28:42"
11055;"2024-01-01";61;176;202441;5299;207916;100;3203;711;4014;150;12309;3387;15846;10;384;519;913;436;218337;9916;228689;"2025-09-25 11:28:42"
11056;"2024-01-01";62;70;8737;139;8946;56;507;69;632;127;3916;62;4105;3;48;14;65;256;13208;284;13748;"2025-09-25 11:28:42"
11059;"2024-01-01";65;198;172970;3798;176966;149;4394;406;4949;188;26873;8080;35141;28;699;912;1639;563;204936;13196;218695;"2025-09-25 11:28:42"
11065;"2024-01-01";71;83;71507;2515;74105;47;2151;556;2754;106;13916;3970;17992;10;326;450;786;246;87900;7491;95637;"2025-09-25 11:28:42"
11068;"2024-01-01";74;130;175018;2965;178113;98;3208;362;3668;426;15709;2419;18554;23;578;295;896;677;194513;6041;201231;"2025-09-25 11:28:42"
11074;"2024-01-01";80;174;106959;1183;108316;95;2571;667;3333;171;20554;4182;24907;12;396;1013;1421;452;130480;7045;137977;"2025-09-25 11:28:42"
11077;"2024-01-01";83;354;174856;1129;176339;247;3347;502;4096;261;15084;1965;17310;65;606;168;839;927;193893;3764;198584;"2025-09-25 11:28:42"
11079;"2024-01-01";85;143;25202;238;25583;86;1161;135;1382;158;6642;204;7004;22;125;46;193;409;33130;623;34162;"2025-09-25 11:28:42"
11080;"2024-01-01";86;302;173627;1852;175781;157;4234;338;4729;194;19488;2664;22346;22;412;290;724;675;197761;5144;203580;"2025-09-25 11:28:42"
11081;"2024-01-01";87;105;112981;3412;116498;76;2537;641;3254;79;13139;2247;15465;10;339;164;513;270;128996;6464;135730;"2025-09-25 11:28:42"
11082;"2024-01-01";88;72;105782;2500;108354;22;2218;640;2880;36;9477;1502;11015;1;213;131;345;131;117690;4773;122594;"2025-09-25 11:28:42"
11083;"2024-01-01";89;459;28832;300;29591;107;536;37;680;121;1866;404;2391;12;69;11;92;699;31303;752;32754;"2025-09-25 11:28:42"
11084;"2024-01-01";90;123;88119;1802;90044;72;2417;447;2936;105;10420;2334;12859;11;201;198;410;311;101157;4781;106249;"2025-09-25 11:28:42"
11085;"2024-01-01";91;181;168983;833;169997;98;4951;2505;7554;128;30650;5468;36246;15;656;361;1032;422;205240;9167;214829;"2025-09-25 11:28:42"
11086;"2024-01-01";92;87;61027;1156;62270;76;1629;277;1982;99;8440;1429;9968;12;178;160;350;274;71274;3022;74570;"2025-09-25 11:28:42"
11087;"2024-01-01";93;129;88006;1018;89153;74;2175;175;2424;93;9102;3905;13100;10;175;260;445;306;99458;5358;105122;"2025-09-25 11:28:42"
11088;"2024-01-01";94;252;200543;2548;203343;114;5223;1544;6881;202;30969;4454;35625;8;674;681;1363;576;237409;9227;247212;"2025-09-25 11:28:42"
11089;"2024-01-01";95;361;267326;2169;269856;201;7526;1074;8801;219;43172;6318;49709;27;1066;481;1574;808;319090;10042;329940;"2025-09-25 11:28:42"
11090;"2024-01-01";96;89;31990;719;32798;43;1247;76;1366;84;5411;712;6207;11;89;52;152;227;38737;1559;40523;"2025-09-25 11:28:42"
11091;"2024-01-01";97;8;131;101;240;13;43;48;104;1;154;108;263;0;0;6;6;22;328;263;613;"2025-09-25 11:28:42"
11092;"2024-01-01";98;47;73029;1738;74814;19;2224;79;2322;19;8342;1228;9589;0;159;170;329;85;83754;3215;87054;"2025-09-25 11:28:42"
11093;"2024-01-01";99;37;52414;899;53350;28;1983;460;2471;36;9996;1659;11691;4;156;187;347;105;64549;3205;67859;"2025-09-25 11:28:42"
11094;"2024-01-01";100;194;128799;2909;131902;144;3662;589;4395;155;16039;3270;19464;25;302;205;532;518;148802;6973;156293;"2025-09-25 11:28:42"
11095;"2024-01-01";101;190;178578;4603;183371;60;2490;1381;3931;108;7775;1945;9828;10;344;217;571;368;189187;8146;197701;"2025-09-25 11:28:42"
11096;"2024-01-01";102;167;71431;1061;72659;61;2178;226;2465;76;7664;1548;9288;3;195;158;356;307;81468;2993;84768;"2025-09-25 11:28:42"
11097;"2024-01-01";103;217;63417;2000;65634;59;2196;250;2505;105;8909;1622;10636;17;164;137;318;398;74686;4009;79093;"2025-09-25 11:28:42"
11098;"2024-01-01";104;133;180608;4559;185300;155;4804;1544;6503;161;20572;3110;23843;26;547;561;1134;475;206531;9774;216780;"2025-09-25 11:28:42"
11099;"2024-01-01";105;295;142516;1936;144747;104;2174;104;2382;65;6790;1499;8354;3;250;137;390;467;151730;3676;155873;"2025-09-25 11:28:42"
11100;"2024-01-01";106;221;95707;973;96901;154;2802;556;3512;100;8240;2129;10469;14;217;123;354;489;106966;3781;111236;"2025-09-25 11:28:42"
11101;"2024-01-01";107;129;73093;1218;74440;92;2511;63;2666;91;6644;1836;8571;21;162;101;284;333;82410;3218;85961;"2025-09-25 11:28:42"
11102;"2024-01-01";108;175;224546;1784;226505;110;6647;454;7211;154;37603;6423;44180;22;686;478;1186;461;269482;9139;279082;"2025-09-25 11:28:42"
11103;"2024-01-01";109;198;135550;2566;138314;158;5195;1144;6497;225;22919;3949;27093;13;384;319;716;594;164048;7978;172620;"2025-09-25 11:28:42"
11104;"2024-01-01";110;77;122174;2321;124572;40;4102;672;4814;35;18576;2614;21225;3;414;378;795;155;145266;5985;151406;"2025-09-25 11:28:42"
11105;"2024-01-01";111;159;91020;744;91923;99;3129;484;3712;133;19071;3289;22493;14;974;297;1285;405;114194;4814;119413;"2025-09-25 11:28:42"
11106;"2024-01-01";112;149;112921;2371;115441;119;2229;592;2940;123;9968;3818;13909;11;338;173;522;402;125456;6954;132812;"2025-09-25 11:28:42"
11107;"2024-01-01";113;97;73790;1297;75184;28;2269;914;3211;38;9186;1630;10854;0;186;131;317;163;85431;3972;89566;"2025-09-25 11:28:42"
11108;"2024-01-01";114;175;108688;690;109553;90;3800;457;4347;167;19499;2985;22651;13;478;231;722;445;132465;4363;137273;"2025-09-25 11:28:42"
11109;"2024-01-01";115;248;52355;428;53031;102;1760;557;2419;261;12205;884;13350;12;271;86;369;623;66591;1955;69169;"2025-09-25 11:28:42"
11110;"2024-01-01";116;186;52559;466;53211;84;2037;678;2799;199;14205;6206;20610;8;289;356;653;477;69090;7706;77273;"2025-09-25 11:28:42"
11111;"2024-01-01";117;93;17544;86;17723;72;740;189;1001;159;6351;4178;10688;8;133;493;634;332;24768;4946;30046;"2025-09-25 11:28:42"
11112;"2024-01-01";118;92;100572;1151;101815;59;2827;547;3433;71;10400;2453;12924;10;288;170;468;232;114087;4321;118640;"2025-09-25 11:28:42"
11113;"2024-01-01";119;54;183188;3181;186423;26;3564;702;4292;36;11694;3764;15494;8;486;176;670;124;198932;7823;206879;"2025-09-25 11:28:42"
11114;"2024-01-01";120;21;143934;733;144688;16;1954;192;2162;23;4962;1415;6400;0;223;40;263;60;151073;2380;153513;"2025-09-25 11:28:42"
11115;"2024-01-01";121;383;116779;1575;118737;189;4013;1314;5516;257;21407;4830;26494;21;654;436;1111;850;142853;8155;151858;"2025-09-25 11:28:42"
11116;"2024-01-01";122;117;59340;386;59843;95;1343;177;1615;87;5871;2119;8077;9;145;310;464;308;66699;2992;69999;"2025-09-25 11:28:42"
11117;"2024-01-01";123;263;151314;2064;153641;262;4607;452;5321;200;18312;2942;21454;29;514;270;813;754;174747;5728;181229;"2025-09-25 11:28:42"
11118;"2024-01-01";124;203;100721;1037;101961;93;3446;720;4259;126;18999;4279;23404;16;438;545;999;438;123604;6581;130623;"2025-09-25 11:28:42"
11119;"2024-01-01";125;264;206506;2835;209605;98;5647;2677;8422;180;30893;6351;37424;19;636;307;962;561;243682;12170;256413;"2025-09-25 11:28:42"
11120;"2024-01-01";126;353;284265;3755;288373;166;7961;2208;10335;249;35737;7355;43341;24;930;1020;1974;792;328893;14338;344023;"2025-09-25 11:28:42"
11121;"2024-01-01";127;184;65823;5605;71612;75;2829;781;3685;156;20899;2755;23810;13;339;379;731;428;89890;9520;99838;"2025-09-25 11:28:42"
11122;"2024-01-01";128;197;121810;977;122984;91;2609;354;3054;149;15776;2297;18222;10;329;157;496;447;140524;3785;144756;"2025-09-25 11:28:42"
11123;"2024-01-01";129;392;440627;3086;444105;233;10447;2715;13395;293;63516;7984;71793;75;1619;676;2370;993;516209;14461;531663;"2025-09-25 11:28:42"
11125;"2024-01-01";131;77;15335;131;15543;56;774;52;882;79;7961;265;8305;11;87;29;127;223;24157;477;24857;"2025-09-25 11:28:42"
11126;"2024-01-01";132;73;10970;151;11194;45;465;93;603;115;4883;383;5381;4;83;226;313;237;16401;853;17491;"2025-09-25 11:28:42"
11127;"2024-01-01";133;69;12018;121;12208;58;618;89;765;104;6322;621;7047;16;68;71;155;247;19026;902;20175;"2025-09-25 11:28:42"
11128;"2024-01-01";134;86;17261;118;17465;58;696;96;850;111;8205;184;8500;11;85;41;137;266;26247;439;26952;"2025-09-25 11:28:42"
11129;"2024-01-01";135;71;19909;236;20216;56;828;93;977;79;7984;681;8744;12;173;85;270;218;28894;1095;30207;"2025-09-25 11:28:42"
11130;"2024-01-01";136;82;46589;299;46970;69;2123;214;2406;111;13766;1398;15275;14;225;144;383;276;62703;2055;65034;"2025-09-25 11:28:42"
11131;"2024-01-01";137;101;54257;708;55066;81;1756;179;2016;157;13787;1723;15667;11;344;890;1245;350;70144;3500;73994;"2025-09-25 11:28:42"
11132;"2024-01-01";138;35;17123;157;17315;28;562;35;625;30;3248;581;3859;8;65;49;122;101;20998;822;21921;"2025-09-25 11:28:42"
11133;"2024-01-01";139;72;44085;294;44451;66;1538;84;1688;85;9215;1075;10375;6;202;81;289;229;55040;1534;56803;"2025-09-25 11:28:42"
11134;"2024-01-01";140;1;8;0;9;0;3;0;3;0;8;0;8;0;0;0;0;1;19;0;20;"2025-09-25 11:28:42"
11135;"2024-01-01";141;211;87557;1045;88813;112;2238;370;2720;174;12128;1121;13423;16;317;259;592;513;102240;2795;105548;"2025-09-25 11:28:42"
11136;"2024-01-01";142;55;85812;1758;87625;130;2078;857;3065;62;11170;1794;13026;4;309;207;520;251;99369;4616;104236;"2025-09-25 11:28:42"
11137;"2024-01-01";143;170;90721;2131;93022;118;2448;538;3104;128;14617;2084;16829;9;386;205;600;425;108172;4958;113555;"2025-09-25 11:28:42"
11138;"2024-01-01";144;134;123790;4650;128574;90;3066;662;3818;133;15640;2357;18130;13;516;317;846;370;143012;7986;151368;"2025-09-25 11:28:42"
11139;"2024-01-01";145;204;93430;6128;99762;154;2908;404;3466;255;20110;1784;22149;28;413;284;725;641;116861;8600;126102;"2025-09-25 11:28:42"
11141;"2024-01-01";147;73;23128;62;23263;38;596;105;739;53;2267;409;2729;9;79;37;125;173;26070;613;26856;"2025-09-25 11:28:42"
11142;"2024-01-01";148;232;41821;1459;43512;125;1586;377;2088;226;12854;675;13755;26;194;126;346;609;56455;2637;59701;"2025-09-25 11:28:42"
11143;"2024-01-01";149;70;20402;1484;21956;43;1031;238;1312;92;8668;605;9365;6;114;72;192;211;30215;2399;32825;"2025-09-25 11:28:42"
11144;"2024-01-01";150;152;45267;832;46251;92;2073;369;2534;143;15183;1087;16413;30;184;79;293;417;62707;2367;65491;"2025-09-25 11:28:42"
11145;"2024-01-01";151;151;83833;763;84747;81;2469;356;2906;179;18970;2340;21489;17;451;797;1265;428;105723;4256;110407;"2025-09-25 11:28:42"
11146;"2024-01-01";152;132;40001;536;40669;75;1410;178;1663;184;12803;539;13526;33;187;150;370;424;54401;1403;56228;"2025-09-25 11:28:42"
11147;"2024-01-01";153;97;22947;193;23237;71;1131;336;1538;145;11235;393;11773;13;86;55;154;326;35399;977;36702;"2025-09-25 11:28:42"
11148;"2024-01-01";154;168;80813;966;81947;89;2492;489;3070;164;19012;1863;21039;22;376;428;826;443;102693;3746;106882;"2025-09-25 11:28:42"
11149;"2024-01-01";155;76;19489;150;19715;42;747;111;900;106;7737;455;8298;14;87;80;181;238;28060;796;29094;"2025-09-25 11:28:42"
11150;"2024-01-01";156;186;167177;2497;169860;143;4856;520;5519;182;24077;3765;28024;43;634;378;1055;554;196744;7160;204458;"2025-09-25 11:28:42"
11151;"2024-01-01";157;127;33904;291;34322;119;1396;324;1839;182;11548;735;12465;16;198;114;328;444;47046;1464;48954;"2025-09-25 11:28:42"
11152;"2024-01-01";158;103;116664;1768;118535;72;3840;673;4585;123;19659;2770;22552;10;499;402;911;308;140662;5613;146583;"2025-09-25 11:28:42"
11153;"2024-01-01";159;175;179770;1945;181890;149;4512;837;5498;218;20818;2468;23504;24;566;277;867;566;205666;5527;211759;"2025-09-25 11:28:42"
11154;"2024-01-01";160;77;11393;67;11537;54;491;61;606;120;5989;507;6616;16;61;73;150;267;17934;708;18909;"2025-09-25 11:28:42"
11155;"2024-01-01";161;82;24390;196;24668;46;1004;81;1131;195;10727;256;11178;19;126;52;197;342;36247;585;37174;"2025-09-25 11:28:42"
11156;"2024-01-01";162;158;41651;327;42136;93;1404;203;1700;143;12264;770;13177;22;215;144;381;416;55534;1444;57394;"2025-09-25 11:28:42"
11158;"2024-01-01";164;85;12265;173;12523;62;524;83;669;98;6618;733;7449;10;83;42;135;255;19490;1031;20776;"2025-09-25 11:28:42"
11159;"2024-01-01";165;101;20494;160;20755;77;1043;94;1214;133;12602;260;12995;9;116;42;167;320;34255;556;35131;"2025-09-25 11:28:42"
11160;"2024-01-01";166;68;10410;113;10591;41;430;64;535;71;5026;397;5494;6;50;65;121;186;15916;639;16741;"2025-09-25 11:28:42"
11161;"2024-01-01";167;92;75394;861;76347;70;2201;280;2551;86;14439;3472;17997;15;524;1648;2187;263;92558;6261;99082;"2025-09-25 11:28:42"
11162;"2024-01-01";168;58;9122;433;9613;40;406;55;501;74;3944;206;4224;4;65;23;92;176;13537;717;14430;"2025-09-25 11:28:42"
11163;"2024-01-01";169;150;52137;814;53101;119;1889;380;2388;210;15577;1707;17494;19;343;271;633;498;69946;3172;73616;"2025-09-25 11:28:42"
11164;"2024-01-01";170;81;20036;379;20496;49;797;257;1103;79;7912;1000;8991;11;121;147;279;220;28866;1783;30869;"2025-09-25 11:28:42"
11165;"2024-01-01";171;125;82591;2300;85016;120;2719;420;3259;165;13108;2369;15642;11;315;346;672;421;98733;5435;104589;"2025-09-25 11:28:42"
11166;"2024-01-01";172;231;38853;152;39236;202;1508;70;1780;155;11772;909;12836;16;178;130;324;604;52311;1261;54176;"2025-09-25 11:28:42"
11167;"2024-01-01";173;81;13828;150;14059;54;718;69;841;100;7895;360;8355;12;82;48;142;247;22523;627;23397;"2025-09-25 11:28:42"
11168;"2024-01-01";174;174;122370;1821;124365;133;3028;609;3770;194;22834;2084;25112;20;445;911;1376;521;148677;5425;154623;"2025-09-25 11:28:42"
11169;"2024-01-01";175;114;13615;97946;111675;66;642;2151;2859;200;9380;445;10025;5;143;40;188;385;23780;100582;124747;"2025-09-25 11:28:42"
11170;"2024-01-01";176;198;112514;2376;115088;153;3268;712;4133;201;21803;3464;25468;16;414;849;1279;568;137999;7401;145968;"2025-09-25 11:28:42"
11171;"2024-01-01";177;79;20741;144;20964;47;811;91;949;107;8099;505;8711;7;101;52;160;240;29752;792;30784;"2025-09-25 11:28:42"
11172;"2024-01-01";178;92;24059;129;24280;61;1194;78;1333;119;11209;766;12094;8;206;135;349;280;36668;1108;38056;"2025-09-25 11:28:42"
11173;"2024-01-01";179;127;16064;170;16361;58;718;107;883;108;9679;208;9995;11;88;30;129;304;26549;515;27368;"2025-09-25 11:28:42"
11174;"2024-01-01";180;82;18956;209;19247;44;750;72;866;87;8196;916;9199;3;120;88;211;216;28022;1285;29523;"2025-09-25 11:28:42"
11175;"2024-01-01";181;92;13118;84;13294;75;566;48;689;107;7066;284;7457;7;55;35;97;281;20805;451;21537;"2025-09-25 11:28:42"
11176;"2024-01-01";182;78;10998;92;11168;49;525;58;632;92;6293;133;6518;8;58;21;87;227;17874;304;18405;"2025-09-25 11:28:42"
11177;"2024-01-01";183;71;12154;7710;19935;53;533;186;772;87;6549;199;6835;12;82;23;117;223;19318;8118;27659;"2025-09-25 11:28:42"
11178;"2024-01-01";184;114;24167;80946;105227;85;1624;1251;2960;142;15572;231;15945;10;115;44;169;351;41478;82472;124301;"2025-09-25 11:28:42"
11179;"2024-01-01";185;98;25315;454;25867;54;957;950;1961;100;8088;504;8692;8;145;149;302;260;34505;2057;36822;"2025-09-25 11:28:42"
11181;"2024-01-01";187;144;118274;947;119365;98;3058;389;3545;134;22241;2733;25108;13;392;384;789;389;143965;4453;148807;"2025-09-25 11:28:42"
11182;"2024-01-01";188;219;117870;1670;119759;149;3803;556;4508;223;25869;1955;28047;19;531;380;930;610;148073;4561;153244;"2025-09-25 11:28:42"
11183;"2024-01-01";189;61;14025;37;14123;36;658;53;747;71;6488;684;7243;17;82;48;147;185;21253;822;22260;"2025-09-25 11:28:42"
11184;"2024-01-01";190;199;189853;2536;192588;115;5046;799;5960;229;25950;3655;29834;19;618;458;1095;562;221467;7448;229477;"2025-09-25 11:28:42"
11186;"2024-01-01";192;146;58190;627;58963;89;2048;270;2407;160;17956;1071;19187;16;232;170;418;411;78426;2138;80975;"2025-09-25 11:28:42"
11187;"2024-01-01";193;98;27025;387;27510;59;1194;120;1373;135;10357;285;10777;11;143;96;250;303;38719;888;39910;"2025-09-25 11:28:42"
11188;"2024-01-01";194;100;11111;53;11264;51;432;42;525;91;7026;88;7205;15;46;14;75;257;18615;197;19069;"2025-09-25 11:28:42"
11189;"2024-01-01";195;120;36778;409;37307;89;1635;243;1967;190;17319;1044;18553;16;196;163;375;415;55928;1859;58202;"2025-09-25 11:28:42"
11190;"2024-01-01";196;72;20022;163;20257;47;791;43;881;96;11304;991;12391;10;126;150;286;225;32243;1347;33815;"2025-09-25 11:28:42"
11191;"2024-01-01";197;243;63722;907;64872;224;2160;309;2693;266;19375;1183;20824;49;317;225;591;782;85574;2624;88980;"2025-09-25 11:28:42"
11192;"2024-01-01";198;74;12901;111;13086;53;601;53;707;121;6055;113;6289;14;78;27;119;262;19635;304;20201;"2025-09-25 11:28:42"
11193;"2024-01-01";199;55;6032;35;6122;31;281;27;339;60;3878;46;3984;2;34;8;44;148;10225;116;10489;"2025-09-25 11:28:42"
11194;"2024-01-01";200;130;40904;492;41526;78;1599;144;1821;137;14746;729;15612;27;217;156;400;372;57466;1521;59359;"2025-09-25 11:28:42"
11195;"2024-01-01";201;129;45075;388;45592;83;1760;242;2085;132;16351;1524;18007;17;233;361;611;361;63419;2515;66295;"2025-09-25 11:28:42"
11196;"2024-01-01";202;98;22787;168;23053;61;716;78;855;106;8558;199;8863;20;110;44;174;285;32171;489;32945;"2025-09-25 11:28:42"
11197;"2024-01-01";203;58;4196;365;4619;21;261;192;474;65;1400;31;1496;8;21;2;31;152;5878;590;6620;"2025-09-25 11:28:42"
11198;"2024-01-01";204;132;20215;119;20466;61;646;83;790;129;6634;126;6889;15;119;39;173;337;27614;367;28318;"2025-09-25 11:28:42"
11199;"2024-01-01";205;84;19558;90;19732;81;849;81;1011;130;12314;854;13298;10;109;101;220;305;32830;1126;34261;"2025-09-25 11:28:42"
11200;"2024-01-01";206;80;17704;155;17939;45;638;50;733;88;7798;590;8476;13;96;165;274;226;26236;960;27422;"2025-09-25 11:28:42"
11201;"2024-01-01";207;62;9875;40;9977;70;462;44;576;86;5989;114;6189;10;75;12;97;228;16401;210;16839;"2025-09-25 11:28:42"
11202;"2024-01-01";208;135;56166;270;56571;69;1878;343;2290;104;13008;1549;14661;10;240;310;560;318;71292;2472;74082;"2025-09-25 11:28:42"
11203;"2024-01-01";209;140;105573;1391;107104;88;2995;762;3845;206;18064;4315;22585;13;442;1730;2185;447;127074;8198;135719;"2025-09-25 11:28:42"
11204;"2024-01-01";210;166;124213;1982;126361;92;2923;307;3322;101;18085;1039;19225;27;415;303;745;386;145636;3631;149653;"2025-09-25 11:28:42"
11206;"2024-01-01";212;129;94583;1004;95716;92;2936;459;3487;128;11964;487;12579;15;297;156;468;364;109780;2106;112250;"2025-09-25 11:28:42"
11207;"2024-01-01";213;104;24212;194;24510;72;870;171;1113;104;9355;255;9714;12;74;175;261;292;34511;795;35598;"2025-09-25 11:28:42"
11208;"2024-01-01";214;49;11719;78;11846;48;456;37;541;100;4001;90;4191;6;53;26;85;203;16229;231;16663;"2025-09-25 11:28:42"
11209;"2024-01-01";215;252;241518;2305;244075;168;6302;530;7000;233;41011;4673;45917;33;778;576;1387;686;289609;8084;298379;"2025-09-25 11:28:42"
11210;"2024-01-01";216;107;14073;145;14325;59;546;115;720;131;6194;162;6487;9;68;32;109;306;20881;454;21641;"2025-09-25 11:28:42"
11211;"2024-01-01";217;113;43289;484;43886;95;1417;184;1696;108;13734;2617;16459;14;179;635;828;330;58619;3920;62869;"2025-09-25 11:28:42"
11212;"2024-01-01";218;102;47372;669;48143;84;1473;229;1786;138;10520;538;11196;14;177;114;305;338;59542;1550;61430;"2025-09-25 11:28:42"
11213;"2024-01-01";219;97;13596;65;13758;60;515;58;633;95;7194;486;7775;8;142;147;297;260;21447;756;22463;"2025-09-25 11:28:42"
11214;"2024-01-01";220;162;150031;1197;151390;99;4206;794;5099;147;22459;7170;29776;21;635;1586;2242;429;177331;10747;188507;"2025-09-25 11:28:42"
11215;"2024-01-01";221;66;10357;57;10480;53;397;43;493;91;4603;558;5252;14;55;102;171;224;15412;760;16396;"2025-09-25 11:28:42"
11216;"2024-01-01";222;218;142589;2878;145685;175;3373;1010;4558;239;26853;2366;29458;31;478;427;936;663;173293;6681;180637;"2025-09-25 11:28:42"
11217;"2024-01-01";223;73;24997;177;25247;70;1050;102;1222;94;10334;405;10833;10;140;68;218;247;36521;752;37520;"2025-09-25 11:28:42"
11218;"2024-01-01";224;138;88583;1278;89999;67;1977;476;2520;133;10506;996;11635;11;154;153;318;349;101220;2903;104472;"2025-09-25 11:28:42"
11219;"2024-01-01";225;66;93014;5094;98174;32;1956;434;2422;54;11102;1657;12813;4;190;224;418;156;106262;7409;113827;"2025-09-25 11:28:42"
11220;"2024-01-01";226;242;157030;60217;217489;220;2106;1231;3557;141;10571;992;11704;12;208;180;400;615;169915;62620;233150;"2025-09-25 11:28:42"
11221;"2024-01-01";227;215;99986;1751;101952;166;2248;265;2679;137;16602;1437;18176;16;287;340;643;534;119123;3793;123450;"2025-09-25 11:28:42"
11222;"2024-01-01";228;93;86829;719;87641;37;1972;163;2172;91;7836;974;8901;9;264;257;530;230;96901;2113;99244;"2025-09-25 11:28:42"
11223;"2024-01-01";229;99;42931;710;43740;87;1707;247;2041;118;8896;332;9346;14;143;72;229;318;53677;1361;55356;"2025-09-25 11:28:42"
11224;"2024-01-01";230;59;16082;93;16234;66;547;39;652;103;7801;168;8072;11;74;85;170;239;24504;385;25128;"2025-09-25 11:28:42"
11225;"2024-01-01";231;78;33309;33493;66880;58;1102;361;1521;75;10318;523;10916;6;246;232;484;217;44975;34609;79801;"2025-09-25 11:28:42"
11226;"2024-01-01";232;58;13341;256;13655;54;494;88;636;116;6530;145;6791;11;67;27;105;239;20432;516;21187;"2025-09-25 11:28:42"
11227;"2024-01-01";233;85;15541;89;15715;57;613;79;749;134;8198;399;8731;14;81;72;167;290;24433;639;25362;"2025-09-25 11:28:42"
11229;"2024-01-01";235;248;77315;949;78512;140;2955;149;3244;346;27298;644;28288;39;233;143;415;773;107801;1885;110459;"2025-09-25 11:28:42"
11230;"2024-01-01";236;608;248704;266365;515677;351;7258;6347;13956;690;57342;3569;61601;41;1206;546;1793;1690;314510;276827;593027;"2025-09-25 11:28:42"
11232;"2024-01-01";238;167;93138;2568;95873;150;2596;507;3253;260;18256;1422;19938;36;400;418;854;613;114390;4915;119918;"2025-09-25 11:28:42"
11234;"2024-01-01";240;114;39499;664;40277;77;1254;152;1483;126;6954;506;7586;14;160;220;394;331;47867;1542;49740;"2025-09-25 11:28:42"
11235;"2024-01-01";241;123;26017;492;26632;106;845;129;1080;184;6793;179;7156;9;143;44;196;422;33798;844;35064;"2025-09-25 11:28:42"
11236;"2024-01-01";242;109;34183;947;35239;92;1093;144;1329;110;5445;299;5854;7;146;99;252;318;40867;1489;42674;"2025-09-25 11:28:42"
11237;"2024-01-01";243;55;8789;51;8895;52;316;27;395;112;3363;47;3522;10;53;13;76;229;12521;138;12888;"2025-09-25 11:28:42"
11238;"2024-01-01";244;45;12359;169;12573;43;411;25;479;119;4170;76;4365;11;78;20;109;218;17018;290;17526;"2025-09-25 11:28:42"
11239;"2024-01-01";245;135;15041;156;15332;81;647;57;785;124;6208;135;6467;11;109;52;172;351;22005;400;22756;"2025-09-25 11:28:42"
11240;"2024-01-01";246;220;158586;2854;161660;171;4395;511;5077;231;26975;2259;29465;25;631;360;1016;647;190587;5984;197218;"2025-09-25 11:28:42"
11241;"2024-01-01";247;54;14534;93;14681;53;475;63;591;117;4955;106;5178;8;85;28;121;232;20049;290;20571;"2025-09-25 11:28:42"
11242;"2024-01-01";248;108;14206;250;14564;94;570;74;738;138;6186;166;6490;19;91;34;144;359;21053;524;21936;"2025-09-25 11:28:42"
11243;"2024-01-01";249;53;16996;166;17215;69;689;43;801;138;7033;159;7330;14;82;20;116;274;24800;388;25462;"2025-09-25 11:28:42"
11244;"2024-01-01";250;319;120342;2529;123190;272;3164;625;4061;270;18828;2730;21828;21;510;407;938;882;142844;6291;150017;"2025-09-25 11:28:42"
11245;"2024-01-01";251;60;16180;377;16617;63;614;121;798;116;3391;127;3634;11;122;41;174;250;20307;666;21223;"2025-09-25 11:28:42"
11246;"2024-01-01";252;102;17590;333;18025;83;802;96;981;123;8768;142;9033;18;90;96;204;326;27250;667;28243;"2025-09-25 11:28:42"
11247;"2024-01-01";253;127;27912;255;28294;113;1223;268;1604;186;11764;443;12393;25;142;64;231;451;41041;1030;42522;"2025-09-25 11:28:42"
11248;"2024-01-01";254;57;9678;61;9796;61;299;50;410;101;3304;49;3454;10;56;24;90;229;13337;184;13750;"2025-09-25 11:28:42"
11249;"2024-01-01";255;83;19183;511;19777;66;862;76;1004;123;8610;267;9000;13;119;50;182;285;28774;904;29963;"2025-09-25 11:28:42"
11251;"2024-01-01";257;107;19912;167;20186;70;1270;101;1441;150;10660;270;11080;14;102;50;166;341;31944;588;32873;"2025-09-25 11:28:42"
11252;"2024-01-01";258;205;114785;2098;117088;129;3154;527;3810;206;19368;3110;22684;18;453;698;1169;558;137760;6433;144751;"2025-09-25 11:28:42"
11253;"2024-01-01";259;118;33369;595;34082;71;1513;162;1746;141;13538;1055;14734;8;248;158;414;338;48668;1970;50976;"2025-09-25 11:28:42"
11254;"2024-01-01";260;143;29066;655;29864;96;1182;171;1449;179;12527;438;13144;19;164;67;250;437;42939;1331;44707;"2025-09-25 11:28:42"
11255;"2024-01-01";261;71;8809;61;8941;45;461;58;564;101;4429;252;4782;6;43;39;88;223;13742;410;14375;"2025-09-25 11:28:42"
11256;"2024-01-01";262;91;18806;181;19078;61;841;120;1022;125;8694;256;9075;12;108;52;172;289;28449;609;29347;"2025-09-25 11:28:42"
11257;"2024-01-01";263;70;10036;57;10163;63;407;21;491;96;5223;61;5380;9;45;16;70;238;15711;155;16104;"2025-09-25 11:28:42"
11258;"2024-01-01";264;117;45168;230;45515;123;1651;417;2191;201;12324;2318;14843;26;248;201;475;467;59391;3166;63024;"2025-09-25 11:28:42"
11259;"2024-01-01";265;184;112713;1899;114796;144;3974;473;4591;218;24356;3109;27683;16;391;429;836;562;141434;5910;147906;"2025-09-25 11:28:42"
11260;"2024-01-01";266;78;9592;59;9729;55;422;70;547;118;4951;269;5338;8;61;27;96;259;15026;425;15710;"2025-09-25 11:28:42"
11261;"2024-01-01";267;74;7815;33;7922;40;362;21;423;114;4420;75;4609;6;50;18;74;234;12647;147;13028;"2025-09-25 11:28:42"
11262;"2024-01-01";268;153;152619;3240;156012;103;3510;965;4578;130;19609;2567;22306;14;498;396;908;400;176236;7168;183804;"2025-09-25 11:28:42"
11263;"2024-01-01";269;311;136434;2001;138746;227;3192;563;3982;198;15958;1507;17663;27;319;239;585;763;155903;4310;160976;"2025-09-25 11:28:42"
11264;"2024-01-01";270;108;40691;2307;43106;112;1626;206;1944;159;15072;849;16080;7;230;131;368;386;57619;3493;61498;"2025-09-25 11:28:42"
11265;"2024-01-01";271;103;9414;41;9558;57;433;88;578;109;5032;106;5247;14;54;19;87;283;14933;254;15470;"2025-09-25 11:28:42"
11267;"2024-02-01";1;154;217167;17423;234744;57;4019;535;4611;178;13694;2433;16305;19;353;157;529;408;235233;20548;256189;"2025-09-25 11:28:54"
11268;"2024-02-01";2;107;129782;5016;134905;41;3357;803;4201;148;12099;2553;14800;8;212;222;442;304;145450;8594;154348;"2025-09-25 11:28:54"
11269;"2024-02-01";3;106;60478;2093;62677;67;2212;718;2997;132;7014;1305;8451;14;146;113;273;319;69850;4229;74398;"2025-09-25 11:28:54"
11270;"2024-02-01";4;119;66956;1932;69007;86;1667;298;2051;127;16245;2770;19142;10;417;638;1065;342;85285;5638;91265;"2025-09-25 11:28:54"
11271;"2024-02-01";5;91;99507;3060;102658;46;3109;346;3501;144;9185;2235;11564;12;182;182;376;293;111983;5823;118099;"2025-09-25 11:28:54"
11272;"2024-02-01";6;93;80763;3031;83887;45;2202;331;2578;175;8841;1650;10666;11;124;106;241;324;91930;5118;97372;"2025-09-25 11:28:54"
11273;"2024-02-01";7;107;115571;9868;125546;62;4213;532;4807;129;13963;2682;16774;7;320;163;490;305;134067;13245;147617;"2025-09-25 11:28:54"
11274;"2024-02-01";8;58;71702;3476;75236;31;2758;450;3239;72;10861;2310;13243;12;185;102;299;173;85506;6338;92017;"2025-09-25 11:28:54"
11275;"2024-02-01";9;84;129689;5463;135236;58;3413;780;4251;175;9960;2167;12302;12;261;258;531;329;143323;8668;152320;"2025-09-25 11:28:54"
11276;"2024-02-01";10;92;76705;4643;81440;48;2370;591;3009;125;8066;2054;10245;12;171;167;350;277;87312;7455;95044;"2025-09-25 11:28:54"
11277;"2024-02-01";11;102;84302;2894;87298;55;2664;154;2873;132;9868;2194;12194;10;201;100;311;299;97035;5342;102676;"2025-09-25 11:28:54"
11278;"2024-02-01";12;111;94422;1139;95672;47;2305;132;2484;122;6527;1208;7857;16;138;196;350;296;103392;2675;106363;"2025-09-25 11:28:54"
11279;"2024-02-01";13;95;101740;4212;106047;54;2612;624;3290;172;9366;2253;11791;20;239;544;803;341;113957;7633;121931;"2025-09-25 11:28:54"
11280;"2024-02-01";14;196;77623;3216;81035;99;2079;404;2582;131;5866;1809;7806;7;147;107;261;433;85715;5536;91684;"2025-09-25 11:28:54"
11281;"2024-02-01";15;173;152578;3949;156700;130;2992;663;3785;181;10779;4822;15782;18;273;167;458;502;166622;9601;176725;"2025-09-25 11:28:54"
11282;"2024-02-01";16;131;82260;8753;91144;49;1867;962;2878;176;8394;1878;10448;19;197;98;314;375;92718;11691;104784;"2025-09-25 11:28:54"
11283;"2024-02-01";17;95;105227;2041;107363;49;2929;1111;4089;143;8578;1724;10445;9;188;104;301;296;116922;4980;122198;"2025-09-25 11:28:54"
11284;"2024-02-01";18;127;207281;7280;214688;101;4101;1645;5847;163;17852;4937;22952;16;383;379;778;407;229617;14241;244265;"2025-09-25 11:28:54"
11285;"2024-02-01";19;130;128393;4374;132897;60;3180;756;3996;140;11195;2948;14283;8;277;429;714;338;143045;8507;151890;"2025-09-25 11:28:54"
11286;"2024-02-01";20;126;118454;2930;121510;58;3802;177;4037;166;13481;4435;18082;14;460;625;1099;364;136197;8167;144728;"2025-09-25 11:28:54"
11287;"2024-02-01";21;248;64540;1294;66082;121;1846;71;2038;153;5080;779;6012;12;131;27;170;534;71597;2171;74302;"2025-09-25 11:28:54"
11288;"2024-02-01";22;99;114406;4061;118566;45;3087;729;3861;139;9951;2072;12162;17;182;186;385;300;127626;7048;134974;"2025-09-25 11:28:54"
11289;"2024-02-01";23;1652;39459;547;41658;1535;1500;257;3292;347;3659;1566;5572;105;85;95;285;3639;44703;2465;50807;"2025-09-25 11:28:54"
11290;"2024-02-01";63;140;90468;1173;91781;113;1895;298;2306;90;10054;969;11113;6;209;281;496;349;102626;2721;105696;"2025-09-25 11:28:54"
11291;"2024-02-01";25;83;91711;5919;97713;32;3108;559;3699;122;11708;2818;14648;15;210;328;553;252;106737;9624;116613;"2025-09-25 11:28:54"
11292;"2024-02-01";146;1940;750499;13492;765931;1389;23986;3964;29339;2246;176366;16226;194838;206;3045;2546;5797;5781;953896;36228;995905;"2025-09-25 11:28:54"
11294;"2024-02-01";28;103;65497;2434;68034;62;2076;842;2980;105;9566;3144;12815;14;175;665;854;284;77314;7085;84683;"2025-09-25 11:28:54"
11295;"2024-02-01";29;82;73556;845;74483;50;2077;546;2673;119;10861;1333;12313;12;246;209;467;263;86740;2933;89936;"2025-09-25 11:28:54"
11296;"2024-02-01";77;294;137872;2861;141027;211;2699;550;3460;226;16193;3172;19591;17;358;567;942;748;157122;7150;165020;"2025-09-25 11:28:54"
11297;"2024-02-01";57;70;58110;730;58910;42;1219;151;1412;73;4693;327;5093;7;147;55;209;192;64169;1263;65624;"2025-09-25 11:28:54"
11298;"2024-02-01";32;73;84985;1623;86681;27;1921;362;2310;63;9935;1479;11477;1;199;260;460;164;97040;3724;100928;"2025-09-25 11:28:54"
11299;"2024-02-01";33;128;115861;20260;136249;62;2775;512;3349;170;13118;2324;15612;11;200;544;755;371;131954;23640;155965;"2025-09-25 11:28:54"
11300;"2024-02-01";79;87;109003;1510;110600;41;2104;276;2421;91;11240;1674;13005;9;249;327;585;228;122596;3787;126611;"2025-09-25 11:28:54"
11301;"2024-02-01";35;98;67044;2465;69607;58;2113;246;2417;102;14379;2327;16808;9;217;323;549;267;83753;5361;89381;"2025-09-25 11:28:54"
11302;"2024-02-01";36;108;92372;3418;95898;49;2733;340;3122;104;12928;1993;15025;9;206;287;502;270;108239;6038;114547;"2025-09-25 11:28:54"
11303;"2024-02-01";60;304;187054;15631;202989;315;4196;375;4886;198;18708;2376;21282;31;505;500;1036;848;210463;18882;230193;"2025-09-25 11:28:54"
11304;"2024-02-01";38;51;57184;58566;115801;24;1440;875;2339;82;5590;1368;7040;11;151;369;531;168;64365;61178;125711;"2025-09-25 11:28:54"
11305;"2024-02-01";39;329;103814;13279;117422;510;1614;630;2754;183;8355;2285;10823;31;192;701;924;1053;113975;16895;131923;"2025-09-25 11:28:54"
11306;"2024-02-01";40;85;26761;1380;28226;48;981;292;1321;83;4129;380;4592;9;50;53;112;225;31921;2105;34251;"2025-09-25 11:28:54"
11308;"2024-02-01";42;142;149156;10872;160170;57;3082;255;3394;128;13157;2175;15460;9;309;489;807;336;165704;13791;179831;"2025-09-25 11:28:54"
11310;"2024-02-01";44;0;19;2;21;0;4;0;4;0;28;3;31;0;0;0;0;0;51;5;56;"2025-09-25 11:28:54"
11312;"2024-02-01";46;191;240245;11422;251858;112;4831;724;5667;181;29367;5558;35106;14;582;577;1173;498;275025;18281;293804;"2025-09-25 11:28:54"
11313;"2024-02-01";47;121;118172;1534;119827;122;2956;511;3589;301;19739;2881;22921;61;391;288;740;605;141258;5214;147077;"2025-09-25 11:28:54"
11317;"2024-02-01";51;189;196071;3114;199374;197;3019;623;3839;214;15995;1337;17546;12;461;161;634;612;215546;5235;221393;"2025-09-25 11:28:54"
11320;"2024-02-01";54;127;26999;12159;39285;52;1130;342;1524;154;10305;767;11226;9;152;87;248;342;38586;13355;52283;"2025-09-25 11:28:54"
11321;"2024-02-01";55;109;93999;137166;231274;63;3171;1974;5208;118;25954;2794;28866;17;554;321;892;307;123678;142255;266240;"2025-09-25 11:28:54"
11322;"2024-02-01";56;344;222521;24983;247848;415;5241;884;6540;170;29615;3556;33341;23;544;483;1050;952;257921;29906;288779;"2025-09-25 11:28:54"
11324;"2024-02-01";58;182;142912;3693;146787;99;4220;53;4372;138;17013;4759;21910;19;415;857;1291;438;164560;9362;174360;"2025-09-25 11:28:54"
11325;"2024-02-01";59;148;206267;36123;242538;81;4750;1048;5879;110;21105;3191;24406;11;403;324;738;350;232525;40686;273561;"2025-09-25 11:28:54"
11327;"2024-02-01";61;172;203317;5220;208709;99;3188;706;3993;150;12293;3406;15849;13;387;522;922;434;219185;9854;229473;"2025-09-25 11:28:54"
11328;"2024-02-01";62;67;8783;140;8990;54;512;69;635;125;3921;62;4108;3;50;14;67;249;13266;285;13800;"2025-09-25 11:28:54"
11331;"2024-02-01";65;212;173305;3800;177317;154;4371;400;4925;188;26868;8084;35140;28;705;911;1644;582;205249;13195;219026;"2025-09-25 11:28:54"
11337;"2024-02-01";71;83;71565;2011;73659;46;2154;541;2741;106;13929;3918;17953;9;330;442;781;244;87978;6912;95134;"2025-09-25 11:28:54"
11340;"2024-02-01";74;130;175083;2802;178015;94;3235;362;3691;432;15749;2450;18631;23;580;293;896;679;194647;5907;201233;"2025-09-25 11:28:54"
11346;"2024-02-01";80;172;107357;1177;108706;94;2563;665;3322;170;20628;4196;24994;12;396;1021;1429;448;130944;7059;138451;"2025-09-25 11:28:54"
11349;"2024-02-01";83;353;175327;1127;176807;248;3346;512;4106;261;15078;1977;17316;65;610;170;845;927;194361;3786;199074;"2025-09-25 11:28:54"
11351;"2024-02-01";85;142;25260;237;25639;86;1154;134;1374;162;6642;206;7010;22;125;46;193;412;33181;623;34216;"2025-09-25 11:28:54"
11352;"2024-02-01";86;303;173558;1867;175728;157;4216;338;4711;194;19474;2671;22339;22;419;293;734;676;197667;5169;203512;"2025-09-25 11:28:54"
11353;"2024-02-01";87;105;113056;3389;116550;76;2522;672;3270;81;13155;2233;15469;10;339;163;512;272;129072;6457;135801;"2025-09-25 11:28:54"
11354;"2024-02-01";88;71;105850;2500;108421;22;2201;625;2848;36;9507;1503;11046;1;213;132;346;130;117771;4760;122661;"2025-09-25 11:28:54"
11355;"2024-02-01";89;458;29026;300;29784;107;531;37;675;122;1865;406;2393;12;68;11;91;699;31490;754;32943;"2025-09-25 11:28:54"
11356;"2024-02-01";90;122;88135;1800;90057;71;2405;446;2922;107;10406;2345;12858;11;204;199;414;311;101150;4790;106251;"2025-09-25 11:28:54"
11357;"2024-02-01";91;181;169389;833;170403;98;4905;2481;7484;127;30622;5482;36231;15;665;362;1042;421;205581;9158;215160;"2025-09-25 11:28:54"
11358;"2024-02-01";92;87;61097;1146;62330;76;1612;267;1955;98;8444;1429;9971;12;180;156;348;273;71333;2998;74604;"2025-09-25 11:28:54"
11359;"2024-02-01";93;126;87965;1016;89107;74;2176;175;2425;93;9112;3907;13112;10;175;259;444;303;99428;5357;105088;"2025-09-25 11:28:54"
11360;"2024-02-01";94;251;200619;2567;203437;113;5211;1531;6855;203;30985;4430;35618;8;676;687;1371;575;237491;9215;247281;"2025-09-25 11:28:54"
11361;"2024-02-01";95;361;267779;2176;270316;201;7488;1055;8744;221;43258;6315;49794;27;1076;484;1587;810;319601;10030;330441;"2025-09-25 11:28:54"
11362;"2024-02-01";96;87;32004;710;32801;43;1246;76;1365;82;5424;713;6219;11;88;51;150;223;38762;1550;40535;"2025-09-25 11:28:54"
11363;"2024-02-01";97;8;129;101;238;13;43;48;104;1;151;104;256;0;0;6;6;22;323;259;604;"2025-09-25 11:28:54"
11364;"2024-02-01";98;46;73087;1742;74875;19;2209;79;2307;19;8379;1230;9628;0;163;172;335;84;83838;3223;87145;"2025-09-25 11:28:54"
11365;"2024-02-01";99;36;52035;898;52969;32;1960;460;2452;36;9982;1657;11675;4;159;184;347;108;64136;3199;67443;"2025-09-25 11:28:54"
11366;"2024-02-01";100;190;128678;2871;131739;142;3646;589;4377;154;16045;3281;19480;25;304;204;533;511;148673;6945;156129;"2025-09-25 11:28:54"
11367;"2024-02-01";101;198;178653;4615;183466;58;2476;1388;3922;106;7762;1956;9824;10;347;218;575;372;189238;8177;197787;"2025-09-25 11:28:54"
11368;"2024-02-01";102;169;71564;1354;73087;61;2170;224;2455;75;7660;1550;9285;3;198;158;359;308;81592;3286;85186;"2025-09-25 11:28:54"
11369;"2024-02-01";103;213;63374;1999;65586;58;2194;260;2512;105;8887;1618;10610;17;170;137;324;393;74625;4014;79032;"2025-09-25 11:28:54"
11370;"2024-02-01";104;132;178760;4583;183475;154;4788;1527;6469;158;20542;3105;23805;22;545;560;1127;466;204635;9775;214876;"2025-09-25 11:28:54"
11371;"2024-02-01";105;284;142732;1929;144945;103;2182;105;2390;64;6801;1491;8356;3;249;141;393;454;151964;3666;156084;"2025-09-25 11:28:54"
11372;"2024-02-01";106;230;95963;965;97158;155;2798;532;3485;103;8247;2129;10479;14;217;117;348;502;107225;3743;111470;"2025-09-25 11:28:54"
11373;"2024-02-01";107;129;73126;1339;74594;91;2483;66;2640;91;6643;1917;8651;21;163;101;285;332;82415;3423;86170;"2025-09-25 11:28:54"
11374;"2024-02-01";108;175;224639;1756;226570;109;6609;451;7169;153;37540;6411;44104;22;682;480;1184;459;269470;9098;279027;"2025-09-25 11:28:54"
11375;"2024-02-01";109;194;135465;2552;138211;157;5160;1139;6456;226;22976;3954;27156;12;395;321;728;589;163996;7966;172551;"2025-09-25 11:28:54"
11376;"2024-02-01";110;89;122008;2289;124386;39;4058;673;4770;34;18496;2611;21141;3;420;375;798;165;144982;5948;151095;"2025-09-25 11:28:54"
11377;"2024-02-01";111;164;91286;748;92198;99;3118;493;3710;134;19103;3327;22564;14;982;296;1292;411;114489;4864;119764;"2025-09-25 11:28:54"
11378;"2024-02-01";112;145;113302;2378;115825;119;2219;595;2933;123;9961;3810;13894;11;339;172;522;398;125821;6955;133174;"2025-09-25 11:28:54"
11379;"2024-02-01";113;91;73802;1253;75146;28;2244;913;3185;38;9194;1626;10858;0;190;130;320;157;85430;3922;89509;"2025-09-25 11:28:54"
11380;"2024-02-01";114;176;109897;686;110759;90;3800;457;4347;167;19606;2989;22762;13;485;235;733;446;133788;4367;138601;"2025-09-25 11:28:54"
11381;"2024-02-01";115;248;52592;426;53266;102;1757;557;2416;262;12230;884;13376;13;275;86;374;625;66854;1953;69432;"2025-09-25 11:28:54"
11382;"2024-02-01";116;186;52675;383;53244;84;2036;674;2794;199;14239;6267;20705;8;290;352;650;477;69240;7676;77393;"2025-09-25 11:28:54"
11383;"2024-02-01";117;93;17529;87;17709;72;741;223;1036;159;6348;4174;10681;8;134;491;633;332;24752;4975;30059;"2025-09-25 11:28:54"
11384;"2024-02-01";118;93;101417;1155;102665;62;2820;552;3434;67;10405;2462;12934;10;292;172;474;232;114934;4341;119507;"2025-09-25 11:28:54"
11385;"2024-02-01";119;54;183050;3200;186304;26;3533;699;4258;36;11674;3746;15456;8;493;176;677;124;198750;7821;206695;"2025-09-25 11:28:54"
11386;"2024-02-01";120;22;144154;740;144916;12;1944;189;2145;22;4947;1417;6386;0;224;40;264;56;151269;2386;153711;"2025-09-25 11:28:54"
11387;"2024-02-01";121;382;117478;1578;119438;190;4011;1317;5518;256;21420;4837;26513;21;660;435;1116;849;143569;8167;152585;"2025-09-25 11:28:54"
11388;"2024-02-01";122;116;59282;384;59782;94;1336;176;1606;88;5864;2101;8053;9;145;312;466;307;66627;2973;69907;"2025-09-25 11:28:54"
11389;"2024-02-01";123;283;151287;2066;153636;262;4618;459;5339;200;18385;2938;21523;29;517;270;816;774;174807;5733;181314;"2025-09-25 11:28:54"
11390;"2024-02-01";124;203;100855;1033;102091;92;3436;710;4238;128;19033;4277;23438;16;443;545;1004;439;123767;6565;130771;"2025-09-25 11:28:54"
11391;"2024-02-01";125;264;207832;2767;210863;98;5618;2681;8397;171;30932;6353;37456;19;641;312;972;552;245023;12113;257688;"2025-09-25 11:28:54"
11392;"2024-02-01";126;354;284945;3764;289063;165;7934;2221;10320;250;35784;7329;43363;24;946;1030;2000;793;329609;14344;344746;"2025-09-25 11:28:54"
11393;"2024-02-01";127;183;65848;5428;71459;75;2829;783;3687;157;20945;2615;23717;13;345;375;733;428;89967;9201;99596;"2025-09-25 11:28:54"
11394;"2024-02-01";128;198;121989;961;123148;89;2606;354;3049;150;15763;2281;18194;11;321;153;485;448;140679;3749;144876;"2025-09-25 11:28:54"
11395;"2024-02-01";129;392;441958;2965;445315;232;10417;2723;13372;290;63670;8003;71963;75;1615;681;2371;989;517660;14372;533021;"2025-09-25 11:28:54"
11397;"2024-02-01";131;76;15377;131;15584;56;767;53;876;80;7963;267;8310;11;87;29;127;223;24194;480;24897;"2025-09-25 11:28:54"
11398;"2024-02-01";132;72;10988;151;11211;45;466;93;604;115;4894;384;5393;4;83;229;316;236;16431;857;17524;"2025-09-25 11:28:54"
11399;"2024-02-01";133;67;12058;120;12245;57;620;89;766;105;6324;620;7049;16;66;68;150;245;19068;897;20210;"2025-09-25 11:28:54"
11400;"2024-02-01";134;86;17272;117;17475;57;693;96;846;112;8216;182;8510;11;86;40;137;266;26267;435;26968;"2025-09-25 11:28:54"
11401;"2024-02-01";135;71;19958;224;20253;57;825;87;969;80;7999;684;8763;12;171;84;267;220;28953;1079;30252;"2025-09-25 11:28:54"
11402;"2024-02-01";136;81;46643;298;47022;68;2116;207;2391;110;13759;1399;15268;14;225;144;383;273;62743;2048;65064;"2025-09-25 11:28:54"
11403;"2024-02-01";137;103;54338;710;55151;80;1766;181;2027;158;13782;1724;15664;11;347;886;1244;352;70233;3501;74086;"2025-09-25 11:28:54"
11404;"2024-02-01";138;35;17162;159;17356;28;557;35;620;30;3244;581;3855;8;69;50;127;101;21032;825;21958;"2025-09-25 11:28:54"
11405;"2024-02-01";139;71;44164;295;44530;67;1531;85;1683;87;9251;1076;10414;6;202;81;289;231;55148;1537;56916;"2025-09-25 11:28:54"
11406;"2024-02-01";140;1;8;0;9;0;3;0;3;0;8;0;8;0;0;0;0;1;19;0;20;"2025-09-25 11:28:54"
11407;"2024-02-01";141;210;87777;1042;89029;112;2238;374;2724;175;12137;1115;13427;16;319;261;596;513;102471;2792;105776;"2025-09-25 11:28:54"
11408;"2024-02-01";142;55;85563;1751;87369;126;2064;838;3028;62;11145;1797;13004;4;303;208;515;247;99075;4594;103916;"2025-09-25 11:28:54"
11409;"2024-02-01";143;170;90855;2120;93145;118;2455;537;3110;126;14648;2091;16865;9;386;202;597;423;108344;4950;113717;"2025-09-25 11:28:54"
11410;"2024-02-01";144;134;124170;4663;128967;89;3039;674;3802;132;15663;2343;18138;13;528;318;859;368;143400;7998;151766;"2025-09-25 11:28:54"
11411;"2024-02-01";145;207;93564;6041;99812;155;2919;404;3478;258;20140;1787;22185;28;414;282;724;648;117037;8514;126199;"2025-09-25 11:28:54"
11413;"2024-02-01";147;72;23283;62;23417;38;600;104;742;54;2265;409;2728;9;85;37;131;173;26233;612;27018;"2025-09-25 11:28:54"
11414;"2024-02-01";148;232;41904;1456;43592;125;1582;374;2081;226;12878;676;13780;25;192;127;344;608;56556;2633;59797;"2025-09-25 11:28:54"
11415;"2024-02-01";149;70;20410;1489;21969;43;1028;235;1306;91;8679;599;9369;6;113;72;191;210;30230;2395;32835;"2025-09-25 11:28:54"
11416;"2024-02-01";150;151;45366;833;46350;92;2056;376;2524;144;15205;1071;16420;28;189;80;297;415;62816;2360;65591;"2025-09-25 11:28:54"
11417;"2024-02-01";151;151;83884;762;84797;81;2469;342;2892;185;19047;2335;21567;17;462;797;1276;434;105862;4236;110532;"2025-09-25 11:28:54"
11418;"2024-02-01";152;131;40048;535;40714;75;1419;176;1670;184;12831;535;13550;32;189;149;370;422;54487;1395;56304;"2025-09-25 11:28:54"
11419;"2024-02-01";153;97;22948;193;23238;70;1129;336;1535;145;11274;393;11812;11;88;54;153;323;35439;976;36738;"2025-09-25 11:28:54"
11420;"2024-02-01";154;168;81016;968;82152;91;2493;487;3071;162;19038;1863;21063;22;377;430;829;443;102924;3748;107115;"2025-09-25 11:28:54"
11421;"2024-02-01";155;76;19504;151;19731;42;743;114;899;106;7754;454;8314;14;85;82;181;238;28086;801;29125;"2025-09-25 11:28:54"
11422;"2024-02-01";156;186;168224;2464;170874;143;4854;493;5490;184;24158;3775;28117;43;653;377;1073;556;197889;7109;205554;"2025-09-25 11:28:54"
11423;"2024-02-01";157;138;33913;289;34340;119;1405;321;1845;182;11557;725;12464;16;199;115;330;455;47074;1450;48979;"2025-09-25 11:28:54"
11424;"2024-02-01";158;104;117340;1777;119221;70;3881;641;4592;123;19724;2773;22620;10;501;400;911;307;141446;5591;147344;"2025-09-25 11:28:54"
11425;"2024-02-01";159;175;179654;1961;181790;148;4487;870;5505;213;20831;2461;23505;24;563;280;867;560;205535;5572;211667;"2025-09-25 11:28:54"
11426;"2024-02-01";160;77;11390;67;11534;54;491;61;606;120;6001;508;6629;16;62;72;150;267;17944;708;18919;"2025-09-25 11:28:54"
11427;"2024-02-01";161;82;24427;196;24705;46;1001;105;1152;194;10765;256;11215;19;127;52;198;341;36320;609;37270;"2025-09-25 11:28:54"
11428;"2024-02-01";162;158;41885;326;42369;92;1408;202;1702;143;12293;769;13205;20;218;140;378;413;55804;1437;57654;"2025-09-25 11:28:54"
11430;"2024-02-01";164;83;12271;174;12528;62;521;82;665;98;6616;733;7447;10;86;41;137;253;19494;1030;20777;"2025-09-25 11:28:54"
11431;"2024-02-01";165;97;20522;160;20779;76;1048;95;1219;133;12628;263;13024;9;115;42;166;315;34313;560;35188;"2025-09-25 11:28:54"
11432;"2024-02-01";166;67;10430;112;10609;41;426;64;531;71;5041;395;5507;6;51;65;122;185;15948;636;16769;"2025-09-25 11:28:54"
11433;"2024-02-01";167;89;75663;857;76609;70;2197;275;2542;86;14468;3454;18008;15;523;1647;2185;260;92851;6233;99344;"2025-09-25 11:28:54"
11434;"2024-02-01";168;57;9130;430;9617;40;409;53;502;74;3953;207;4234;4;65;23;92;175;13557;713;14445;"2025-09-25 11:28:54"
11435;"2024-02-01";169;142;52242;814;53198;119;1888;380;2387;210;15574;1713;17497;19;344;277;640;490;70048;3184;73722;"2025-09-25 11:28:54"
11436;"2024-02-01";170;80;20044;383;20507;49;795;256;1100;79;7948;1005;9032;11;121;148;280;219;28908;1792;30919;"2025-09-25 11:28:54"
11437;"2024-02-01";171;121;82766;2305;85192;120;2714;423;3257;163;13121;2367;15651;11;314;344;669;415;98915;5439;104769;"2025-09-25 11:28:54"
11438;"2024-02-01";172;237;38863;152;39252;204;1504;69;1777;155;11777;860;12792;16;182;123;321;612;52326;1204;54142;"2025-09-25 11:28:54"
11439;"2024-02-01";173;77;13842;152;14071;53;711;70;834;100;7908;358;8366;12;83;49;144;242;22544;629;23415;"2025-09-25 11:28:54"
11440;"2024-02-01";174;167;122533;1825;124525;130;3024;608;3762;194;22817;2114;25125;20;452;919;1391;511;148826;5466;154803;"2025-09-25 11:28:54"
11441;"2024-02-01";175;113;13727;98609;112449;66;647;2146;2859;199;9415;444;10058;5;146;40;191;383;23935;101239;125557;"2025-09-25 11:28:54"
11442;"2024-02-01";176;194;112737;2369;115300;151;3261;719;4131;199;21867;3493;25559;16;417;847;1280;560;138282;7428;146270;"2025-09-25 11:28:54"
11443;"2024-02-01";177;78;20808;144;21030;47;808;91;946;107;8114;505;8726;7;103;52;162;239;29833;792;30864;"2025-09-25 11:28:54"
11444;"2024-02-01";178;87;24124;129;24340;61;1194;76;1331;120;11236;770;12126;8;207;135;350;276;36761;1110;38147;"2025-09-25 11:28:54"
11445;"2024-02-01";179;124;16057;168;16349;58;713;107;878;108;9690;207;10005;11;90;31;132;301;26550;513;27364;"2025-09-25 11:28:54"
11446;"2024-02-01";180;80;18996;171;19247;44;747;78;869;87;8227;919;9233;3;124;88;215;214;28094;1256;29564;"2025-09-25 11:28:54"
11447;"2024-02-01";181;90;13156;84;13330;75;564;48;687;107;7110;285;7502;7;55;35;97;279;20885;452;21616;"2025-09-25 11:28:54"
11448;"2024-02-01";182;78;11029;91;11198;49;531;58;638;90;6307;136;6533;8;59;22;89;225;17926;307;18458;"2025-09-25 11:28:54"
11449;"2024-02-01";183;67;12173;7077;19317;53;526;163;742;87;6561;199;6847;12;83;23;118;219;19343;7462;27024;"2025-09-25 11:28:54"
11450;"2024-02-01";184;110;24209;81039;105358;82;1619;1202;2903;142;15592;231;15965;10;113;44;167;344;41533;82516;124393;"2025-09-25 11:28:54"
11451;"2024-02-01";185;96;25349;455;25900;55;960;953;1968;100;8101;505;8706;8;147;150;305;259;34557;2063;36879;"2025-09-25 11:28:54"
11453;"2024-02-01";187;145;118326;939;119410;97;3053;392;3542;133;22064;2728;24925;13;396;386;795;388;143839;4445;148672;"2025-09-25 11:28:54"
11454;"2024-02-01";188;218;118064;1682;119964;147;3802;549;4498;224;25920;1955;28099;19;535;378;932;608;148321;4564;153493;"2025-09-25 11:28:54"
11455;"2024-02-01";189;61;14056;37;14154;35;661;53;749;73;6475;684;7232;17;82;49;148;186;21274;823;22283;"2025-09-25 11:28:54"
11456;"2024-02-01";190;197;190373;2529;193099;114;5049;779;5942;228;26020;3646;29894;19;620;461;1100;558;222062;7415;230035;"2025-09-25 11:28:54"
11458;"2024-02-01";192;145;58196;624;58965;87;2042;273;2402;162;17979;1071;19212;17;234;181;432;411;78451;2149;81011;"2025-09-25 11:28:54"
11459;"2024-02-01";193;98;27007;386;27491;59;1195;120;1374;130;10393;283;10806;11;146;96;253;298;38741;885;39924;"2025-09-25 11:28:54"
11460;"2024-02-01";194;100;11129;53;11282;51;429;42;522;91;7033;88;7212;14;46;14;74;256;18637;197;19090;"2025-09-25 11:28:54"
11461;"2024-02-01";195;120;36813;408;37341;88;1636;253;1977;190;17353;1049;18592;16;199;166;381;414;56001;1876;58291;"2025-09-25 11:28:54"
11462;"2024-02-01";196;72;20067;161;20300;44;793;43;880;96;11333;990;12419;10;128;149;287;222;32321;1343;33886;"2025-09-25 11:28:54"
11463;"2024-02-01";197;262;63875;901;65038;246;2157;309;2712;267;19435;1183;20885;50;320;226;596;825;85787;2619;89231;"2025-09-25 11:28:54"
11464;"2024-02-01";198;73;12889;110;13072;52;599;57;708;121;6058;115;6294;15;78;27;120;261;19624;309;20194;"2025-09-25 11:28:54"
11465;"2024-02-01";199;55;6038;34;6127;31;280;27;338;60;3886;46;3992;2;33;8;43;148;10237;115;10500;"2025-09-25 11:28:54"
11466;"2024-02-01";200;133;40966;490;41589;76;1606;144;1826;139;14778;732;15649;26;219;157;402;374;57569;1523;59466;"2025-09-25 11:28:54"
11467;"2024-02-01";201;128;45247;386;45761;83;1764;246;2093;132;16417;1525;18074;17;237;363;617;360;63665;2520;66545;"2025-09-25 11:28:54"
11468;"2024-02-01";202;99;22865;167;23131;61;723;77;861;106;8591;198;8895;20;109;44;173;286;32288;486;33060;"2025-09-25 11:28:54"
11469;"2024-02-01";203;58;4237;333;4628;21;257;194;472;65;1408;31;1504;8;21;2;31;152;5923;560;6635;"2025-09-25 11:28:54"
11470;"2024-02-01";204;134;20225;120;20479;59;646;83;788;131;6656;126;6913;15;119;38;172;339;27646;367;28352;"2025-09-25 11:28:54"
11471;"2024-02-01";205;84;19590;89;19763;81;847;84;1012;128;12339;852;13319;10;109;101;220;303;32885;1126;34314;"2025-09-25 11:28:54"
11472;"2024-02-01";206;80;17744;154;17978;44;628;51;723;89;7826;588;8503;13;96;172;281;226;26294;965;27485;"2025-09-25 11:28:54"
11473;"2024-02-01";207;61;9896;40;9997;70;464;43;577;85;6014;113;6212;10;72;13;95;226;16446;209;16881;"2025-09-25 11:28:54"
11474;"2024-02-01";208;134;56238;269;56641;67;1872;343;2282;105;12996;1552;14653;10;247;315;572;316;71353;2479;74148;"2025-09-25 11:28:54"
11475;"2024-02-01";209;140;105784;1325;107249;87;2992;771;3850;209;18103;4317;22629;13;453;1726;2192;449;127332;8139;135920;"2025-09-25 11:28:54"
11476;"2024-02-01";210;166;124482;2067;126715;89;2930;309;3328;101;18108;1034;19243;27;418;301;746;383;145938;3711;150032;"2025-09-25 11:28:54"
11478;"2024-02-01";212;125;94761;1003;95889;91;2928;463;3482;128;11989;488;12605;15;295;157;467;359;109973;2111;112443;"2025-09-25 11:28:54"
11479;"2024-02-01";213;104;24275;195;24574;72;868;173;1113;104;9396;253;9753;12;75;175;262;292;34614;796;35702;"2025-09-25 11:28:54"
11480;"2024-02-01";214;48;11768;77;11893;48;457;37;542;102;3997;88;4187;6;54;28;88;204;16276;230;16710;"2025-09-25 11:28:54"
11481;"2024-02-01";215;246;242233;2298;244777;162;6307;507;6976;234;41177;4678;46089;33;780;577;1390;675;290497;8060;299232;"2025-09-25 11:28:54"
11482;"2024-02-01";216;107;14057;145;14309;56;547;112;715;131;6202;161;6494;9;68;32;109;303;20874;450;21627;"2025-09-25 11:28:54"
11483;"2024-02-01";217;108;43402;485;43995;92;1418;186;1696;106;13771;2616;16493;14;178;631;823;320;58769;3918;63007;"2025-09-25 11:28:54"
11484;"2024-02-01";218;100;47490;666;48256;81;1472;229;1782;134;10544;537;11215;14;178;114;306;329;59684;1546;61559;"2025-09-25 11:28:54"
11485;"2024-02-01";219;94;13581;65;13740;59;516;56;631;95;7195;488;7778;8;143;148;299;256;21435;757;22448;"2025-09-25 11:28:54"
11486;"2024-02-01";220;161;150419;1188;151768;99;4220;787;5106;147;22490;7152;29789;21;644;1584;2249;428;177773;10711;188912;"2025-09-25 11:28:54"
11487;"2024-02-01";221;64;10404;57;10525;54;399;44;497;90;4608;561;5259;14;56;103;173;222;15467;765;16454;"2025-09-25 11:28:54"
11488;"2024-02-01";222;214;142760;2856;145830;173;3372;1007;4552;236;26899;2370;29505;31;483;430;944;654;173514;6663;180831;"2025-09-25 11:28:54"
11489;"2024-02-01";223;70;24995;177;25242;69;1047;106;1222;94;10350;406;10850;10;143;68;221;243;36535;757;37535;"2025-09-25 11:28:54"
11490;"2024-02-01";224;137;88636;1286;90059;65;1980;472;2517;133;10519;993;11645;11;158;153;322;346;101293;2904;104543;"2025-09-25 11:28:54"
11491;"2024-02-01";225;64;93463;5081;98608;32;1953;433;2418;53;11119;1658;12830;4;194;227;425;153;106729;7399;114281;"2025-09-25 11:28:54"
11492;"2024-02-01";226;239;157110;60808;218157;220;2112;1220;3552;139;10609;994;11742;13;208;180;401;611;170039;63202;233852;"2025-09-25 11:28:54"
11493;"2024-02-01";227;219;100233;1744;102196;181;2248;267;2696;137;16636;1443;18216;16;294;339;649;553;119411;3793;123757;"2025-09-25 11:28:54"
11494;"2024-02-01";228;92;86814;719;87625;36;1961;162;2159;91;7869;973;8933;9;265;257;531;228;96909;2111;99248;"2025-09-25 11:28:54"
11495;"2024-02-01";229;99;42898;701;43698;83;1703;242;2028;118;8874;333;9325;15;150;73;238;315;53625;1349;55289;"2025-09-25 11:28:54"
11496;"2024-02-01";230;57;16072;92;16221;65;549;39;653;104;7829;168;8101;11;76;84;171;237;24526;383;25146;"2025-09-25 11:28:54"
11497;"2024-02-01";231;78;33282;33958;67318;54;1089;358;1501;75;10333;525;10933;6;244;230;480;213;44948;35071;80232;"2025-09-25 11:28:54"
11498;"2024-02-01";232;57;13369;256;13682;53;492;86;631;116;6541;144;6801;11;71;27;109;237;20473;513;21223;"2025-09-25 11:28:54"
11499;"2024-02-01";233;84;15577;101;15762;56;613;79;748;133;8206;399;8738;14;82;73;169;287;24478;652;25417;"2025-09-25 11:28:54"
11501;"2024-02-01";235;247;77401;947;78595;139;2945;150;3234;343;27321;641;28305;39;234;141;414;768;107901;1879;110548;"2025-09-25 11:28:54"
11502;"2024-02-01";236;620;249252;265473;515345;350;7245;6335;13930;690;57415;3567;61672;39;1210;547;1796;1699;315122;275922;592743;"2025-09-25 11:28:54"
11504;"2024-02-01";238;164;93413;2551;96128;148;2594;515;3257;261;18283;1419;19963;36;401;469;906;609;114691;4954;120254;"2025-09-25 11:28:54"
11506;"2024-02-01";240;112;39561;661;40334;75;1253;155;1483;127;6963;506;7596;14;157;222;393;328;47934;1544;49806;"2025-09-25 11:28:54"
11507;"2024-02-01";241;120;25983;493;26596;105;844;126;1075;183;6787;179;7149;10;144;44;198;418;33758;842;35018;"2025-09-25 11:28:54"
11508;"2024-02-01";242;109;34180;945;35234;91;1086;144;1321;111;5461;295;5867;7;143;99;249;318;40870;1483;42671;"2025-09-25 11:28:54"
11509;"2024-02-01";243;54;8836;50;8940;52;315;27;394;112;3361;47;3520;10;54;13;77;228;12566;137;12931;"2025-09-25 11:28:54"
11510;"2024-02-01";244;45;12404;169;12618;42;413;24;479;121;4183;74;4378;11;80;20;111;219;17080;287;17586;"2025-09-25 11:28:54"
11511;"2024-02-01";245;134;15077;154;15365;81;644;58;783;126;6225;131;6482;11;114;52;177;352;22060;395;22807;"2025-09-25 11:28:54"
11512;"2024-02-01";246;220;158890;2848;161958;171;4363;517;5051;236;26919;2265;29420;25;629;366;1020;652;190801;5996;197449;"2025-09-25 11:28:54"
11513;"2024-02-01";247;54;14522;91;14667;53;472;63;588;118;4959;108;5185;8;84;30;122;233;20037;292;20562;"2025-09-25 11:28:54"
11514;"2024-02-01";248;108;14223;245;14576;93;573;74;740;138;6198;166;6502;19;93;34;146;358;21087;519;21964;"2025-09-25 11:28:54"
11515;"2024-02-01";249;52;17001;173;17226;69;688;43;800;138;7040;160;7338;14;81;20;115;273;24810;396;25479;"2025-09-25 11:28:54"
11516;"2024-02-01";250;321;120565;2509;123395;278;3164;625;4067;270;18836;2733;21839;21;512;408;941;890;143077;6275;150242;"2025-09-25 11:28:54"
11517;"2024-02-01";251;60;16195;373;16628;62;614;121;797;116;3384;127;3627;10;123;41;174;248;20316;662;21226;"2025-09-25 11:28:54"
11518;"2024-02-01";252;102;17605;360;18067;83;798;96;977;123;8799;142;9064;19;92;56;167;327;27294;654;28275;"2025-09-25 11:28:54"
11519;"2024-02-01";253;126;27922;253;28301;113;1224;270;1607;181;11785;443;12409;23;144;65;232;443;41075;1031;42549;"2025-09-25 11:28:54"
11520;"2024-02-01";254;57;9651;60;9768;61;299;49;409;102;3299;51;3452;10;58;24;92;230;13307;184;13721;"2025-09-25 11:28:54"
11521;"2024-02-01";255;84;19232;503;19819;67;859;79;1005;121;8620;269;9010;13;119;50;182;285;28830;901;30016;"2025-09-25 11:28:54"
11523;"2024-02-01";257;104;19977;167;20248;66;1270;101;1437;154;10674;268;11096;14;102;50;166;338;32023;586;32947;"2025-09-25 11:28:54"
11524;"2024-02-01";258;204;114992;2094;117290;128;3145;527;3800;206;19403;3102;22711;18;458;701;1177;556;137998;6424;144978;"2025-09-25 11:28:54"
11525;"2024-02-01";259;112;33497;594;34203;70;1507;161;1738;141;13596;1063;14800;9;248;157;414;332;48848;1975;51155;"2025-09-25 11:28:54"
11526;"2024-02-01";260;139;29158;628;29925;96;1187;170;1453;179;12534;439;13152;19;166;66;251;433;43045;1303;44781;"2025-09-25 11:28:54"
11527;"2024-02-01";261;71;8816;59;8946;44;457;60;561;101;4443;251;4795;6;45;38;89;222;13761;408;14391;"2025-09-25 11:28:54"
11528;"2024-02-01";262;90;18838;179;19107;61;833;120;1014;125;8704;254;9083;13;109;52;174;289;28484;605;29378;"2025-09-25 11:28:54"
11529;"2024-02-01";263;69;10080;57;10206;63;410;20;493;96;5233;61;5390;9;46;16;71;237;15769;154;16160;"2025-09-25 11:28:54"
11530;"2024-02-01";264;115;45433;231;45779;119;1666;421;2206;200;12327;2319;14846;26;255;205;486;460;59681;3176;63317;"2025-09-25 11:28:54"
11531;"2024-02-01";265;182;112846;1891;114919;144;3958;472;4574;217;24390;3104;27711;16;397;428;841;559;141591;5895;148045;"2025-09-25 11:28:54"
11532;"2024-02-01";266;76;9596;59;9731;55;422;70;547;118;4959;269;5346;8;62;26;96;257;15039;424;15720;"2025-09-25 11:28:54"
11533;"2024-02-01";267;74;7836;33;7943;40;363;21;424;115;4429;76;4620;6;50;18;74;235;12678;148;13061;"2025-09-25 11:28:54"
11534;"2024-02-01";268;168;152613;3216;155997;99;3527;963;4589;130;19570;2566;22266;14;496;402;912;411;176206;7147;183764;"2025-09-25 11:28:54"
11535;"2024-02-01";269;326;136585;1993;138904;235;3176;563;3974;196;15965;1503;17664;27;324;238;589;784;156050;4297;161131;"2025-09-25 11:28:54"
11536;"2024-02-01";270;107;40770;2250;43127;112;1630;204;1946;159;15099;846;16104;7;231;130;368;385;57730;3430;61545;"2025-09-25 11:28:54"
11537;"2024-02-01";271;103;9462;41;9606;57;435;91;583;109;5040;105;5254;14;56;19;89;283;14993;256;15532;"2025-09-25 11:28:54"
11539;"2024-03-01";1;154;217524;17038;234716;58;3986;533;4577;178;13665;2426;16269;19;360;158;537;409;235535;20155;256099;"2025-09-25 11:29:04"
11540;"2024-03-01";2;107;130110;4976;135193;41;3336;798;4175;147;12026;2539;14712;8;212;222;442;303;145684;8535;154522;"2025-09-25 11:29:04"
11541;"2024-03-01";3;107;60324;2091;62522;67;2188;718;2973;132;6968;1298;8398;14;148;114;276;320;69628;4221;74169;"2025-09-25 11:29:04"
11542;"2024-03-01";4;121;67078;1905;69104;86;1659;300;2045;128;16254;2780;19162;10;405;637;1052;345;85396;5622;91363;"2025-09-25 11:29:04"
11543;"2024-03-01";5;89;99440;3053;102582;46;3083;346;3475;143;9139;2221;11503;12;184;180;376;290;111846;5800;117936;"2025-09-25 11:29:04"
11544;"2024-03-01";6;92;80662;3013;83767;45;2190;334;2569;175;8813;1647;10635;11;127;109;247;323;91792;5103;97218;"2025-09-25 11:29:04"
11545;"2024-03-01";7;106;115590;10017;125713;62;4154;538;4754;129;13933;2656;16718;7;324;162;493;304;134001;13373;147678;"2025-09-25 11:29:04"
11546;"2024-03-01";8;58;71800;3440;75298;32;2709;451;3192;72;10805;2312;13189;12;185;99;296;174;85499;6302;91975;"2025-09-25 11:29:04"
11547;"2024-03-01";9;85;129620;5453;135158;58;3391;773;4222;174;9908;2157;12239;12;263;261;536;329;143182;8644;152155;"2025-09-25 11:29:04"
11548;"2024-03-01";10;91;76681;4623;81395;48;2352;575;2975;125;8049;2052;10226;12;172;166;350;276;87254;7416;94946;"2025-09-25 11:29:04"
11549;"2024-03-01";11;101;84444;2900;87445;55;2642;154;2851;131;9824;2185;12140;10;201;102;313;297;97111;5341;102749;"2025-09-25 11:29:04"
11550;"2024-03-01";12;111;94504;1122;95737;47;2268;131;2446;122;6507;1206;7835;16;136;192;344;296;103415;2651;106362;"2025-09-25 11:29:04"
11551;"2024-03-01";13;93;101803;4188;106084;54;2595;620;3269;170;9374;2244;11788;21;238;543;802;338;114010;7595;121943;"2025-09-25 11:29:04"
11552;"2024-03-01";14;197;77606;3225;81028;99;2065;401;2565;129;5865;1802;7796;7;145;109;261;432;85681;5537;91650;"2025-09-25 11:29:04"
11553;"2024-03-01";15;172;152542;3972;156686;129;2974;665;3768;181;10718;4816;15715;18;273;168;459;500;166507;9621;176628;"2025-09-25 11:29:04"
11554;"2024-03-01";16;131;82262;8640;91033;49;1863;956;2868;176;8367;1881;10424;19;198;99;316;375;92690;11576;104641;"2025-09-25 11:29:04"
11555;"2024-03-01";17;94;105211;2043;107348;48;2910;1099;4057;143;8569;1721;10433;8;185;104;297;293;116875;4967;122135;"2025-09-25 11:29:04"
11556;"2024-03-01";18;128;207115;7270;214513;100;4099;1654;5853;163;17820;4954;22937;16;380;380;776;407;229414;14258;244079;"2025-09-25 11:29:04"
11557;"2024-03-01";19;129;127854;4361;132344;60;3114;756;3930;140;11116;2939;14195;7;282;431;720;336;142366;8487;151189;"2025-09-25 11:29:04"
11558;"2024-03-01";20;126;118455;2950;121531;58;3793;179;4030;167;13407;4425;17999;14;466;625;1105;365;136121;8179;144665;"2025-09-25 11:29:04"
11559;"2024-03-01";21;246;64323;1278;65847;121;1819;72;2012;153;5019;800;5972;12;130;28;170;532;71291;2178;74001;"2025-09-25 11:29:04"
11560;"2024-03-01";22;99;114527;4047;118673;45;3054;730;3829;139;9951;2063;12153;17;185;190;392;300;127717;7030;135047;"2025-09-25 11:29:04"
11561;"2024-03-01";23;1669;39450;245;41364;1537;1486;248;3271;346;3659;1558;5563;105;85;94;284;3657;44680;2145;50482;"2025-09-25 11:29:04"
11562;"2024-03-01";63;141;90572;1163;91876;112;1888;296;2296;90;10047;963;11100;6;209;282;497;349;102716;2704;105769;"2025-09-25 11:29:04"
11563;"2024-03-01";25;84;91698;5934;97716;32;3067;570;3669;122;11681;2829;14632;15;211;332;558;253;106657;9665;116575;"2025-09-25 11:29:04"
11564;"2024-03-01";146;1929;751873;13377;767179;1388;23894;3965;29247;2246;176407;16291;194944;206;3065;2547;5818;5769;955239;36180;997188;"2025-09-25 11:29:04"
11566;"2024-03-01";28;104;65479;2432;68015;62;2059;845;2966;105;9541;3130;12776;14;176;665;855;285;77255;7072;84612;"2025-09-25 11:29:04"
11567;"2024-03-01";29;83;73671;843;74597;49;2055;545;2649;119;10847;1328;12294;12;244;208;464;263;86817;2924;90004;"2025-09-25 11:29:04"
11568;"2024-03-01";77;296;137985;2854;141135;211;2683;552;3446;228;16196;3177;19601;17;359;572;948;752;157223;7155;165130;"2025-09-25 11:29:04"
11569;"2024-03-01";57;70;58109;733;58912;43;1211;150;1404;74;4703;330;5107;7;146;55;208;194;64169;1268;65631;"2025-09-25 11:29:04"
11570;"2024-03-01";32;73;84995;1666;86734;27;1906;362;2295;63;9909;1476;11448;1;196;262;459;164;97006;3766;100936;"2025-09-25 11:29:04"
11571;"2024-03-01";33;127;116171;20537;136835;62;2754;510;3326;169;13077;2331;15577;11;200;540;751;369;132202;23918;156489;"2025-09-25 11:29:04"
11572;"2024-03-01";79;87;109086;1508;110681;41;2093;279;2413;91;11182;1672;12945;9;255;327;591;228;122616;3786;126630;"2025-09-25 11:29:04"
11573;"2024-03-01";35;98;67133;2470;69701;58;2101;245;2404;102;14351;2323;16776;9;219;323;551;267;83804;5361;89432;"2025-09-25 11:29:04"
11574;"2024-03-01";36;108;92293;3381;95782;49;2707;339;3095;104;12905;1987;14996;9;208;285;502;270;108113;5992;114375;"2025-09-25 11:29:04"
11575;"2024-03-01";60;301;187039;16253;203593;313;4145;378;4836;198;18609;2366;21173;31;513;504;1048;843;210306;19501;230650;"2025-09-25 11:29:04"
11576;"2024-03-01";38;51;57144;58905;116100;24;1432;872;2328;82;5562;1385;7029;11;151;370;532;168;64289;61532;125989;"2025-09-25 11:29:04"
11577;"2024-03-01";39;332;104229;13743;118304;508;1633;635;2776;183;8390;2288;10861;31;187;703;921;1054;114439;17369;132862;"2025-09-25 11:29:04"
11578;"2024-03-01";40;84;26831;1383;28298;48;972;292;1312;83;4121;382;4586;9;51;53;113;224;31975;2110;34309;"2025-09-25 11:29:04"
11580;"2024-03-01";42;141;149084;10772;159997;57;3064;255;3376;128;13098;2184;15410;9;302;492;803;335;165548;13703;179586;"2025-09-25 11:29:04"
11582;"2024-03-01";44;0;19;2;21;0;4;0;4;0;28;3;31;0;0;0;0;0;51;5;56;"2025-09-25 11:29:04"
11584;"2024-03-01";46;216;240251;11458;251925;112;4816;726;5654;183;29397;5560;35140;14;584;582;1180;525;275048;18326;293899;"2025-09-25 11:29:04"
11585;"2024-03-01";47;120;118154;1491;119765;122;2935;511;3568;298;19725;2883;22906;61;397;285;743;601;141211;5170;146982;"2025-09-25 11:29:04"
11589;"2024-03-01";51;191;196411;3059;199661;197;3003;621;3821;214;16070;1340;17624;12;457;162;631;614;215941;5182;221737;"2025-09-25 11:29:04"
11592;"2024-03-01";54;131;27080;11303;38514;50;1126;330;1506;153;10316;771;11240;8;155;88;251;342;38677;12492;51511;"2025-09-25 11:29:04"
11593;"2024-03-01";55;110;94319;138610;233039;62;3139;1979;5180;116;25855;2780;28751;17;551;321;889;305;123864;143690;267859;"2025-09-25 11:29:04"
11594;"2024-03-01";56;344;222892;24694;247930;415;5180;891;6486;170;29484;3543;33197;23;555;487;1065;952;258111;29615;288678;"2025-09-25 11:29:04"
11596;"2024-03-01";58;185;142842;3892;146919;99;4140;51;4290;139;16935;4750;21824;20;416;852;1288;443;164333;9545;174321;"2025-09-25 11:29:04"
11597;"2024-03-01";59;151;205959;35766;241876;81;4678;1042;5801;110;20897;3198;24205;11;408;321;740;353;231942;40327;272622;"2025-09-25 11:29:04"
11599;"2024-03-01";61;175;203970;5180;209325;97;3168;700;3965;150;12212;3414;15776;13;392;520;925;435;219742;9814;229991;"2025-09-25 11:29:04"
11600;"2024-03-01";62;66;8775;143;8984;54;509;68;631;125;3906;65;4096;3;48;14;65;248;13238;290;13776;"2025-09-25 11:29:04"
11603;"2024-03-01";65;214;173311;3761;177286;153;4341;401;4895;189;26901;8190;35280;28;703;908;1639;584;205256;13260;219100;"2025-09-25 11:29:04"
11609;"2024-03-01";71;83;71912;2016;74011;44;2129;544;2717;106;13849;3951;17906;9;331;442;782;242;88221;6953;95416;"2025-09-25 11:29:04"
11612;"2024-03-01";74;130;175120;2798;178048;93;3185;363;3641;434;15658;2436;18528;23;589;294;906;680;194552;5891;201123;"2025-09-25 11:29:04"
11618;"2024-03-01";80;172;107647;1168;108987;95;2568;666;3329;170;20649;4218;25037;12;396;1021;1429;449;131260;7073;138782;"2025-09-25 11:29:04"
11621;"2024-03-01";83;354;175912;1078;177344;251;3351;504;4106;259;15112;1968;17339;65;614;166;845;929;194989;3716;199634;"2025-09-25 11:29:04"
11623;"2024-03-01";85;150;25331;237;25718;86;1150;134;1370;163;6635;205;7003;22;124;46;192;421;33240;622;34283;"2025-09-25 11:29:04"
11624;"2024-03-01";86;307;173635;1854;175796;156;4161;383;4700;194;19418;2680;22292;22;422;296;740;679;197636;5213;203528;"2025-09-25 11:29:04"
11625;"2024-03-01";87;105;113269;3348;116722;76;2500;629;3205;79;13100;2250;15429;10;344;161;515;270;129213;6388;135871;"2025-09-25 11:29:04"
11626;"2024-03-01";88;72;105821;2506;108399;22;2155;625;2802;36;9488;1516;11040;1;211;134;346;131;117675;4781;122587;"2025-09-25 11:29:04"
11627;"2024-03-01";89;458;29530;304;30292;106;540;37;683;122;1879;410;2411;12;75;10;97;698;32024;761;33483;"2025-09-25 11:29:04"
11628;"2024-03-01";90;123;88327;1786;90236;71;2376;447;2894;107;10357;2346;12810;11;210;201;422;312;101270;4780;106362;"2025-09-25 11:29:04"
11629;"2024-03-01";91;182;169897;837;170916;97;4881;2371;7349;129;30650;5480;36259;16;666;362;1044;424;206094;9050;215568;"2025-09-25 11:29:04"
11630;"2024-03-01";92;87;61117;1147;62351;76;1599;277;1952;98;8451;1425;9974;12;178;159;349;273;71345;3008;74626;"2025-09-25 11:29:04"
11631;"2024-03-01";93;125;88031;1011;89167;74;2177;175;2426;92;9090;3906;13088;10;183;260;453;301;99481;5352;105134;"2025-09-25 11:29:04"
11632;"2024-03-01";94;252;201007;2520;203779;113;5169;1543;6825;202;30953;4431;35586;8;682;675;1365;575;237811;9169;247555;"2025-09-25 11:29:04"
11633;"2024-03-01";95;362;268398;2139;270899;202;7437;1038;8677;221;43223;6301;49745;27;1068;483;1578;812;320126;9961;330899;"2025-09-25 11:29:04"
11634;"2024-03-01";96;92;31892;702;32686;43;1222;75;1340;82;5406;686;6174;11;85;50;146;228;38605;1513;40346;"2025-09-25 11:29:04"
11635;"2024-03-01";97;8;114;52;174;13;42;21;76;1;144;32;177;0;0;4;4;22;300;109;431;"2025-09-25 11:29:04"
11636;"2024-03-01";98;47;73206;1737;74990;19;2192;79;2290;19;8330;1223;9572;0;165;172;337;85;83893;3211;87189;"2025-09-25 11:29:04"
11637;"2024-03-01";99;37;51816;906;52759;32;1954;477;2463;36;9932;1693;11661;4;167;185;356;109;63869;3261;67239;"2025-09-25 11:29:04"
11638;"2024-03-01";100;187;128632;2907;131726;142;3603;600;4345;160;15961;3314;19435;25;308;205;538;514;148504;7026;156044;"2025-09-25 11:29:04"
11639;"2024-03-01";101;198;178852;4490;183540;58;2464;1377;3899;105;7778;1955;9838;10;353;217;580;371;189447;8039;197857;"2025-09-25 11:29:04"
11640;"2024-03-01";102;168;71730;1368;73266;61;2160;221;2442;75;7668;1551;9294;3;207;161;371;307;81765;3301;85373;"2025-09-25 11:29:04"
11641;"2024-03-01";103;212;63444;2016;65672;58;2182;264;2504;105;8873;1612;10590;17;172;141;330;392;74671;4033;79096;"2025-09-25 11:29:04"
11642;"2024-03-01";104;131;178790;4546;183467;174;4741;1488;6403;159;20627;3106;23892;22;545;560;1127;486;204703;9700;214889;"2025-09-25 11:29:04"
11643;"2024-03-01";105;283;143084;1924;145291;101;2181;125;2407;65;6806;1505;8376;3;253;139;395;452;152324;3693;156469;"2025-09-25 11:29:04"
11644;"2024-03-01";106;228;96187;960;97375;153;2795;521;3469;103;8263;2147;10513;13;213;122;348;497;107458;3750;111705;"2025-09-25 11:29:04"
11645;"2024-03-01";107;124;73103;1297;74524;60;2492;65;2617;91;6614;1914;8619;20;167;101;288;295;82376;3377;86048;"2025-09-25 11:29:04"
11646;"2024-03-01";108;177;225435;1750;227362;107;6568;452;7127;152;37502;6416;44070;23;683;488;1194;459;270188;9106;279753;"2025-09-25 11:29:04"
11647;"2024-03-01";109;193;135664;2533;138390;157;5104;1140;6401;225;22930;3969;27124;12;381;319;712;587;164079;7961;172627;"2025-09-25 11:29:04"
11648;"2024-03-01";110;89;121962;2250;124301;39;4023;663;4725;33;18428;2616;21077;3;415;378;796;164;144828;5907;150899;"2025-09-25 11:29:04"
11649;"2024-03-01";111;166;91668;739;92573;99;3114;491;3704;134;19101;3348;22583;14;988;299;1301;413;114871;4877;120161;"2025-09-25 11:29:04"
11650;"2024-03-01";112;145;113664;2344;116153;119;2196;601;2916;123;9973;3801;13897;11;332;171;514;398;126165;6917;133480;"2025-09-25 11:29:04"
11651;"2024-03-01";113;89;73783;1244;75116;27;2230;915;3172;38;9188;1622;10848;0;188;130;318;154;85389;3911;89454;"2025-09-25 11:29:04"
11652;"2024-03-01";114;177;111427;684;112288;90;3799;445;4334;166;19676;3027;22869;13;490;238;741;446;135392;4394;140232;"2025-09-25 11:29:04"
11653;"2024-03-01";115;249;52881;421;53551;102;1741;555;2398;266;12303;886;13455;13;281;85;379;630;67206;1947;69783;"2025-09-25 11:29:04"
11654;"2024-03-01";116;187;52884;350;53421;83;2036;668;2787;199;14285;6419;20903;8;302;349;659;477;69507;7786;77770;"2025-09-25 11:29:04"
11655;"2024-03-01";117;94;17535;87;17716;71;733;221;1025;158;6347;4162;10667;8;134;491;633;331;24749;4961;30041;"2025-09-25 11:29:04"
11656;"2024-03-01";118;93;102473;1154;103720;62;2821;555;3438;64;10457;2467;12988;10;299;168;477;229;116050;4344;120623;"2025-09-25 11:29:04"
11657;"2024-03-01";119;53;182978;3180;186211;26;3478;700;4204;36;11613;3747;15396;8;497;176;681;123;198566;7803;206492;"2025-09-25 11:29:04"
11658;"2024-03-01";120;24;144207;749;144980;12;1918;187;2117;22;4949;1412;6383;0;230;40;270;58;151304;2388;153750;"2025-09-25 11:29:04"
11659;"2024-03-01";121;386;118006;1567;119959;189;3953;1322;5464;257;21410;4845;26512;24;658;440;1122;856;144027;8174;153057;"2025-09-25 11:29:04"
11660;"2024-03-01";122;117;59210;388;59715;98;1311;176;1585;88;5818;2098;8004;9;140;316;465;312;66479;2978;69769;"2025-09-25 11:29:04"
11661;"2024-03-01";123;283;151380;2048;153711;261;4619;458;5338;198;18361;2934;21493;28;528;271;827;770;174888;5711;181369;"2025-09-25 11:29:04"
11662;"2024-03-01";124;204;100949;1020;102173;87;3405;721;4213;129;19028;4307;23464;16;448;550;1014;436;123830;6598;130864;"2025-09-25 11:29:04"
11663;"2024-03-01";125;268;208865;2705;211838;99;5586;2678;8363;180;30956;6385;37521;19;649;317;985;566;246056;12085;258707;"2025-09-25 11:29:04"
11664;"2024-03-01";126;359;286108;3809;290276;165;7953;2206;10324;252;35853;7357;43462;24;952;1037;2013;800;330866;14409;346075;"2025-09-25 11:29:04"
11665;"2024-03-01";127;182;65851;5226;71259;75;2800;775;3650;153;20925;2472;23550;13;347;375;735;423;89923;8848;99194;"2025-09-25 11:29:04"
11666;"2024-03-01";128;198;122151;1029;123378;89;2612;360;3061;150;15746;2280;18176;11;330;155;496;448;140839;3824;145111;"2025-09-25 11:29:04"
11667;"2024-03-01";129;402;443954;2964;447320;232;10366;2714;13312;291;63801;8023;72115;75;1649;676;2400;1000;519770;14377;535147;"2025-09-25 11:29:04"
11669;"2024-03-01";131;74;15385;135;15594;56;766;53;875;79;7960;265;8304;11;88;29;128;220;24199;482;24901;"2025-09-25 11:29:04"
11670;"2024-03-01";132;73;11003;150;11226;45;461;94;600;116;4905;386;5407;4;83;229;316;238;16452;859;17549;"2025-09-25 11:29:04"
11671;"2024-03-01";133;68;12075;121;12264;57;615;89;761;107;6343;624;7074;16;69;68;153;248;19102;902;20252;"2025-09-25 11:29:04"
11672;"2024-03-01";134;86;17354;117;17557;57;698;92;847;112;8224;180;8516;11;90;41;142;266;26366;430;27062;"2025-09-25 11:29:04"
11673;"2024-03-01";135;72;20022;209;20303;57;815;87;959;81;7978;681;8740;11;168;85;264;221;28983;1062;30266;"2025-09-25 11:29:04"
11674;"2024-03-01";136;79;46636;298;47013;68;2118;207;2393;108;13765;1405;15278;14;225;144;383;269;62744;2054;65067;"2025-09-25 11:29:05"
11675;"2024-03-01";137;103;54445;704;55252;80;1762;184;2026;158;13783;1715;15656;11;355;885;1251;352;70345;3488;74185;"2025-09-25 11:29:05"
11676;"2024-03-01";138;35;17201;159;17395;27;554;35;616;30;3247;578;3855;8;71;49;128;100;21073;821;21994;"2025-09-25 11:29:05"
11677;"2024-03-01";139;70;44555;294;44919;66;1517;85;1668;88;9288;1087;10463;6;205;83;294;230;55565;1549;57344;"2025-09-25 11:29:05"
11678;"2024-03-01";140;1;8;0;9;0;3;0;3;0;8;0;8;0;0;0;0;1;19;0;20;"2025-09-25 11:29:05"
11679;"2024-03-01";141;210;88022;1034;89266;110;2219;371;2700;172;12165;1119;13456;16;323;264;603;508;102729;2788;106025;"2025-09-25 11:29:05"
11680;"2024-03-01";142;55;85472;1727;87254;125;2078;843;3046;62;11174;1800;13036;4;308;208;520;246;99032;4578;103856;"2025-09-25 11:29:05"
11681;"2024-03-01";143;166;91100;2127;93393;122;2461;538;3121;125;14649;2064;16838;9;388;198;595;422;108598;4927;113947;"2025-09-25 11:29:05"
11682;"2024-03-01";144;159;124750;4627;129536;87;3016;675;3778;132;15694;2366;18192;13;533;323;869;391;143993;7991;152375;"2025-09-25 11:29:05"
11683;"2024-03-01";145;203;93800;5950;99953;154;2911;406;3471;256;20163;1791;22210;28;416;283;727;641;117290;8430;126361;"2025-09-25 11:29:05"
11685;"2024-03-01";147;72;23299;62;23433;38;591;103;732;54;2267;408;2729;9;83;36;128;173;26240;609;27022;"2025-09-25 11:29:05"
11686;"2024-03-01";148;235;42000;1407;43642;125;1571;369;2065;225;12892;674;13791;25;196;126;347;610;56659;2576;59845;"2025-09-25 11:29:05"
11687;"2024-03-01";149;70;20445;1495;22010;43;1028;231;1302;90;8667;597;9354;6;113;72;191;209;30253;2395;32857;"2025-09-25 11:29:05"
11688;"2024-03-01";150;151;45490;846;46487;92;2060;373;2525;142;15224;1071;16437;28;192;79;299;413;62966;2369;65748;"2025-09-25 11:29:05"
11689;"2024-03-01";151;152;84215;781;85148;81;2463;342;2886;187;19118;2335;21640;17;463;799;1279;437;106259;4257;110953;"2025-09-25 11:29:05"
11690;"2024-03-01";152;132;40086;533;40751;75;1418;177;1670;182;12831;544;13557;32;197;151;380;421;54532;1405;56358;"2025-09-25 11:29:05"
11691;"2024-03-01";153;96;22985;192;23273;69;1127;342;1538;149;11274;392;11815;11;86;54;151;325;35472;980;36777;"2025-09-25 11:29:05"
11692;"2024-03-01";154;169;81168;970;82307;88;2495;485;3068;162;19054;1863;21079;22;379;431;832;441;103096;3749;107286;"2025-09-25 11:29:05"
11693;"2024-03-01";155;78;19564;151;19793;42;738;115;895;107;7733;451;8291;14;87;83;184;241;28122;800;29163;"2025-09-25 11:29:05"
11694;"2024-03-01";156;187;169424;2424;172035;142;4869;491;5502;184;24295;3775;28254;42;656;380;1078;555;199244;7070;206869;"2025-09-25 11:29:05"
11695;"2024-03-01";157;138;33978;291;34407;124;1411;322;1857;182;11583;727;12492;16;193;115;324;460;47165;1455;49080;"2025-09-25 11:29:05"
11696;"2024-03-01";158;106;117920;1783;119809;68;3858;638;4564;124;19813;2782;22719;10;503;402;915;308;142094;5605;148007;"2025-09-25 11:29:05"
11697;"2024-03-01";159;177;179905;1929;182011;148;4457;876;5481;212;20902;2455;23569;24;572;278;874;561;205836;5538;211935;"2025-09-25 11:29:05"
11698;"2024-03-01";160;77;11407;67;11551;55;488;61;604;118;6009;510;6637;15;63;72;150;265;17967;710;18942;"2025-09-25 11:29:05"
11699;"2024-03-01";161;82;24473;195;24750;46;999;105;1150;194;10802;253;11249;19;129;52;200;341;36403;605;37349;"2025-09-25 11:29:05"
11700;"2024-03-01";162;156;42268;327;42751;99;1404;200;1703;142;12337;753;13232;20;217;137;374;417;56226;1417;58060;"2025-09-25 11:29:05"
11702;"2024-03-01";164;84;12272;172;12528;62;516;87;665;98;6586;731;7415;10;85;41;136;254;19459;1031;20744;"2025-09-25 11:29:05"
11703;"2024-03-01";165;97;20610;160;20867;76;1047;95;1218;134;12678;261;13073;9;116;42;167;316;34451;558;35325;"2025-09-25 11:29:05"
11704;"2024-03-01";166;68;10473;111;10652;41;431;63;535;71;5064;394;5529;6;52;65;123;186;16020;633;16839;"2025-09-25 11:29:05"
11705;"2024-03-01";167;91;75967;858;76916;70;2194;278;2542;86;14504;3466;18056;15;529;1653;2197;262;93194;6255;99711;"2025-09-25 11:29:05"
11706;"2024-03-01";168;58;9149;408;9615;40;402;53;495;75;3959;208;4242;4;65;22;91;177;13575;691;14443;"2025-09-25 11:29:05"
11707;"2024-03-01";169;141;52327;764;53232;119;1901;366;2386;209;15604;1709;17522;19;350;276;645;488;70182;3115;73785;"2025-09-25 11:29:05"
11708;"2024-03-01";170;81;20043;400;20524;49;788;259;1096;79;7951;1003;9033;11;120;148;279;220;28902;1810;30932;"2025-09-25 11:29:05"
11709;"2024-03-01";171;122;82941;2289;85352;121;2686;411;3218;157;13095;2365;15617;11;316;345;672;411;99038;5410;104859;"2025-09-25 11:29:05"
11710;"2024-03-01";172;240;38959;150;39349;204;1507;69;1780;155;11785;866;12806;16;182;126;324;615;52433;1211;54259;"2025-09-25 11:29:05"
11711;"2024-03-01";173;77;13884;157;14118;53;714;69;836;104;7933;361;8398;12;83;49;144;246;22614;636;23496;"2025-09-25 11:29:05"
11712;"2024-03-01";174;168;122883;1823;124874;130;3021;603;3754;193;22925;2105;25223;19;450;924;1393;510;149279;5455;155244;"2025-09-25 11:29:05"
11713;"2024-03-01";175;113;13820;99282;113215;67;651;2131;2849;200;9461;444;10105;5;148;39;192;385;24080;101896;126361;"2025-09-25 11:29:05"
11714;"2024-03-01";176;194;112974;2352;115520;150;3261;718;4129;199;21903;3511;25613;16;418;848;1282;559;138556;7429;146544;"2025-09-25 11:29:05"
11715;"2024-03-01";177;79;20864;144;21087;47;805;93;945;107;8137;506;8750;7;104;51;162;240;29910;794;30944;"2025-09-25 11:29:05"
11716;"2024-03-01";178;89;24246;128;24463;61;1198;77;1336;121;11268;771;12160;8;211;134;353;279;36923;1110;38312;"2025-09-25 11:29:05"
11717;"2024-03-01";179;124;16043;173;16340;58;705;106;869;108;9666;206;9980;11;90;30;131;301;26504;515;27320;"2025-09-25 11:29:05"
11718;"2024-03-01";180;81;19063;171;19315;44;749;77;870;90;8220;916;9226;3;123;88;214;218;28155;1252;29625;"2025-09-25 11:29:05"
11719;"2024-03-01";181;91;13191;80;13362;75;554;48;677;107;7076;283;7466;7;56;35;98;280;20877;446;21603;"2025-09-25 11:29:05"
11720;"2024-03-01";182;77;11090;90;11257;49;529;59;637;90;6300;138;6528;8;59;22;89;224;17978;309;18511;"2025-09-25 11:29:05"
11721;"2024-03-01";183;69;12202;6710;18981;53;530;143;726;88;6564;202;6854;11;83;23;117;221;19379;7078;26678;"2025-09-25 11:29:05"
11722;"2024-03-01";184;111;24278;80720;105109;81;1626;1160;2867;140;15615;227;15982;10;112;44;166;342;41631;82151;124124;"2025-09-25 11:29:05"
11723;"2024-03-01";185;97;25402;424;25923;53;945;968;1966;101;8097;509;8707;8;149;151;308;259;34593;2052;36904;"2025-09-25 11:29:05"
11725;"2024-03-01";187;141;118535;931;119607;100;3042;391;3533;131;22031;2736;24898;13;398;385;796;385;144006;4443;148834;"2025-09-25 11:29:05"
11726;"2024-03-01";188;216;118344;1682;120242;146;3789;552;4487;224;26075;1948;28247;18;534;377;929;604;148742;4559;153905;"2025-09-25 11:29:05"
11727;"2024-03-01";189;63;14133;37;14233;35;664;53;752;73;6483;684;7240;17;78;52;147;188;21358;826;22372;"2025-09-25 11:29:05"
11728;"2024-03-01";190;194;191001;2524;193719;113;5048;772;5933;229;26045;3654;29928;20;616;461;1097;556;222710;7411;230677;"2025-09-25 11:29:05"
11730;"2024-03-01";192;141;58261;621;59023;87;2035;273;2395;162;17987;1072;19221;18;238;178;434;408;78521;2144;81073;"2025-09-25 11:29:05"
11731;"2024-03-01";193;96;27071;386;27553;59;1197;119;1375;131;10438;285;10854;11;150;98;259;297;38856;888;40041;"2025-09-25 11:29:05"
11732;"2024-03-01";194;98;11137;53;11288;53;430;42;525;91;7046;89;7226;15;46;14;75;257;18659;198;19114;"2025-09-25 11:29:05"
11733;"2024-03-01";195;117;36862;402;37381;88;1634;254;1976;192;17414;1049;18655;16;202;166;384;413;56112;1871;58396;"2025-09-25 11:29:05"
11734;"2024-03-01";196;71;20125;160;20356;44;796;43;883;96;11332;989;12417;13;131;148;292;224;32384;1340;33948;"2025-09-25 11:29:05"
11735;"2024-03-01";197;249;64007;899;65155;246;2145;309;2700;267;19378;1188;20833;49;323;228;600;811;85853;2624;89288;"2025-09-25 11:29:05"
11736;"2024-03-01";198;73;12882;111;13066;51;600;56;707;122;6059;116;6297;15;77;27;119;261;19618;310;20189;"2025-09-25 11:29:05"
11737;"2024-03-01";199;54;6041;35;6130;31;280;27;338;60;3894;46;4000;2;33;8;43;147;10248;116;10511;"2025-09-25 11:29:05"
11738;"2024-03-01";200;131;41078;491;41700;76;1594;146;1816;144;14798;731;15673;26;217;157;400;377;57687;1525;59589;"2025-09-25 11:29:05"
11739;"2024-03-01";201;128;45363;381;45872;83;1747;242;2072;133;16474;1521;18128;16;237;364;617;360;63821;2508;66689;"2025-09-25 11:29:05"
11740;"2024-03-01";202;101;22963;165;23229;61;715;77;853;106;8612;196;8914;20;112;43;175;288;32402;481;33171;"2025-09-25 11:29:05"
11741;"2024-03-01";203;58;4274;335;4667;21;263;196;480;65;1416;31;1512;8;22;2;32;152;5975;564;6691;"2025-09-25 11:29:05"
11742;"2024-03-01";204;134;20235;119;20488;59;642;83;784;128;6643;125;6896;15;121;38;174;336;27641;365;28342;"2025-09-25 11:29:05"
11743;"2024-03-01";205;81;19640;89;19810;81;847;84;1012;128;12348;850;13326;10;109;101;220;300;32944;1124;34368;"2025-09-25 11:29:05"
11744;"2024-03-01";206;79;17795;156;18030;44;619;51;714;89;7836;590;8515;13;96;166;275;225;26346;963;27534;"2025-09-25 11:29:05"
11745;"2024-03-01";207;62;9962;40;10064;70;463;43;576;85;6040;114;6239;10;72;13;95;227;16537;210;16974;"2025-09-25 11:29:05"
11746;"2024-03-01";208;122;56239;268;56629;67;1879;345;2291;106;13005;1554;14665;11;254;315;580;306;71377;2482;74165;"2025-09-25 11:29:05"
11747;"2024-03-01";209;136;105860;1338;107334;87;2969;775;3831;206;18152;4286;22644;13;456;1727;2196;442;127437;8126;136005;"2025-09-25 11:29:05"
11748;"2024-03-01";210;164;125064;2067;127295;89;2920;309;3318;104;18171;1033;19308;28;418;302;748;385;146573;3711;150669;"2025-09-25 11:29:05"
11750;"2024-03-01";212;123;95040;1000;96163;91;2909;462;3462;128;12043;495;12666;15;294;157;466;357;110286;2114;112757;"2025-09-25 11:29:05"
11751;"2024-03-01";213;103;24427;195;24725;71;860;172;1103;104;9437;253;9794;12;78;176;266;290;34802;796;35888;"2025-09-25 11:29:05"
11752;"2024-03-01";214;48;11795;77;11920;48;454;37;539;103;3997;88;4188;6;54;28;88;205;16300;230;16735;"2025-09-25 11:29:05"
11753;"2024-03-01";215;247;242710;2291;245248;162;6211;508;6881;235;41024;4693;45952;35;793;576;1404;679;290738;8068;299485;"2025-09-25 11:29:05"
11754;"2024-03-01";216;104;14082;144;14330;57;543;112;712;131;6229;160;6520;9;66;30;105;301;20920;446;21667;"2025-09-25 11:29:05"
11755;"2024-03-01";217;109;43479;479;44067;92;1417;188;1697;106;13792;2612;16510;14;178;639;831;321;58866;3918;63105;"2025-09-25 11:29:05"
11756;"2024-03-01";218;101;47645;661;48407;81;1472;236;1789;137;10507;537;11181;14;182;116;312;333;59806;1550;61689;"2025-09-25 11:29:05"
11757;"2024-03-01";219;93;13610;66;13769;63;512;54;629;94;7180;486;7760;8;141;149;298;258;21443;755;22456;"2025-09-25 11:29:05"
11758;"2024-03-01";220;164;150856;1126;152146;99;4195;786;5080;149;22436;7145;29730;21;640;1574;2235;433;178127;10631;189191;"2025-09-25 11:29:05"
11759;"2024-03-01";221;64;10400;57;10521;53;393;44;490;91;4612;558;5261;14;56;102;172;222;15461;761;16444;"2025-09-25 11:29:05"
11760;"2024-03-01";222;216;143081;2850;146147;174;3329;1013;4516;236;26931;2370;29537;32;486;433;951;658;173827;6666;181151;"2025-09-25 11:29:05"
11761;"2024-03-01";223;70;25063;178;25311;70;1047;105;1222;94;10396;408;10898;10;144;69;223;244;36650;760;37654;"2025-09-25 11:29:05"
11762;"2024-03-01";224;137;88761;1287;90185;65;1981;472;2518;134;10568;997;11699;11;159;154;324;347;101469;2910;104726;"2025-09-25 11:29:05"
11763;"2024-03-01";225;65;93933;5098;99096;32;1957;430;2419;53;11145;1656;12854;4;198;228;430;154;107233;7412;114799;"2025-09-25 11:29:05"
11764;"2024-03-01";226;240;157480;61341;219061;221;2096;1199;3516;139;10622;998;11759;13;212;182;407;613;170410;63720;234743;"2025-09-25 11:29:05"
11765;"2024-03-01";227;219;100359;1749;102327;180;2249;272;2701;137;16750;1433;18320;16;294;338;648;552;119652;3792;123996;"2025-09-25 11:29:05"
11766;"2024-03-01";228;92;86959;715;87766;36;1962;161;2159;91;7913;980;8984;9;266;255;530;228;97100;2111;99439;"2025-09-25 11:29:05"
11767;"2024-03-01";229;100;42965;694;43759;84;1701;242;2027;117;8868;335;9320;15;158;74;247;316;53692;1345;55353;"2025-09-25 11:29:05"
11768;"2024-03-01";230;57;16128;91;16276;66;547;41;654;104;7837;168;8109;11;76;84;171;238;24588;384;25210;"2025-09-25 11:29:05"
11769;"2024-03-01";231;78;33265;34284;67627;55;1081;373;1509;77;10330;520;10927;6;245;231;482;216;44921;35408;80545;"2025-09-25 11:29:05"
11770;"2024-03-01";232;57;13381;377;13815;53;494;86;633;116;6538;145;6799;11;73;27;111;237;20486;635;21358;"2025-09-25 11:29:05"
11771;"2024-03-01";233;85;15637;100;15822;57;615;78;750;136;8207;400;8743;14;86;73;173;292;24545;651;25488;"2025-09-25 11:29:05"
11773;"2024-03-01";235;254;77517;945;78716;141;2932;150;3223;341;27309;636;28286;40;235;144;419;776;107993;1875;110644;"2025-09-25 11:29:05"
11774;"2024-03-01";236;624;249884;265920;516428;349;7207;6351;13907;691;57386;3581;61658;38;1201;578;1817;1702;315678;276430;593810;"2025-09-25 11:29:05"
11776;"2024-03-01";238;163;93535;2545;96243;146;2581;522;3249;266;18293;1423;19982;36;404;454;894;611;114813;4944;120368;"2025-09-25 11:29:05"
11778;"2024-03-01";240;112;39546;663;40321;75;1246;156;1477;129;6975;512;7616;14;160;220;394;330;47927;1551;49808;"2025-09-25 11:29:05"
11779;"2024-03-01";241;120;26122;489;26731;103;835;124;1062;182;6784;181;7147;10;143;45;198;415;33884;839;35138;"2025-09-25 11:29:05"
11780;"2024-03-01";242;108;34194;941;35243;91;1091;146;1328;112;5453;304;5869;7;148;97;252;318;40886;1488;42692;"2025-09-25 11:29:05"
11781;"2024-03-01";243;54;8836;50;8940;52;325;27;404;112;3381;49;3542;10;54;13;77;228;12596;139;12963;"2025-09-25 11:29:05"
11782;"2024-03-01";244;45;12423;169;12637;42;414;24;480;121;4187;74;4382;11;79;20;110;219;17103;287;17609;"2025-09-25 11:29:05"
11783;"2024-03-01";245;132;15101;154;15387;81;645;59;785;124;6245;131;6500;12;119;52;183;349;22110;396;22855;"2025-09-25 11:29:05"
11784;"2024-03-01";246;222;159154;2847;162223;170;4340;511;5021;236;26894;2268;29398;25;629;367;1021;653;191017;5993;197663;"2025-09-25 11:29:05"
11785;"2024-03-01";247;53;14500;91;14644;52;468;63;583;118;4951;107;5176;8;85;30;123;231;20004;291;20526;"2025-09-25 11:29:05"
11786;"2024-03-01";248;108;14214;243;14565;93;571;74;738;138;6215;165;6518;19;95;34;148;358;21095;516;21969;"2025-09-25 11:29:05"
11787;"2024-03-01";249;55;17029;182;17266;69;681;43;793;138;7054;159;7351;14;81;20;115;276;24845;404;25525;"2025-09-25 11:29:05"
11788;"2024-03-01";250;324;120653;2503;123480;278;3135;626;4039;270;18786;2740;21796;21;511;408;940;893;143085;6277;150255;"2025-09-25 11:29:05"
11789;"2024-03-01";251;60;16211;368;16639;62;615;121;798;116;3371;128;3615;10;123;41;174;248;20320;658;21226;"2025-09-25 11:29:05"
11790;"2024-03-01";252;102;17652;359;18113;83;799;94;976;122;8739;141;9002;19;95;56;170;326;27285;650;28261;"2025-09-25 11:29:05"
11791;"2024-03-01";253;127;28019;247;28393;112;1234;268;1614;180;11783;449;12412;22;146;65;233;441;41182;1029;42652;"2025-09-25 11:29:05"
11792;"2024-03-01";254;57;9680;58;9795;61;294;48;403;102;3284;52;3438;10;57;24;91;230;13315;182;13727;"2025-09-25 11:29:05"
11793;"2024-03-01";255;84;19234;509;19827;67;836;79;982;121;8626;268;9015;13;119;50;182;285;28815;906;30006;"2025-09-25 11:29:05"
11795;"2024-03-01";257;105;20069;166;20340;66;1273;102;1441;155;10709;268;11132;14;103;50;167;340;32154;586;33080;"2025-09-25 11:29:05"
11796;"2024-03-01";258;205;115220;2076;117501;126;3123;527;3776;206;19475;3100;22781;19;467;699;1185;556;138285;6402;145243;"2025-09-25 11:29:05"
11797;"2024-03-01";259;111;33569;591;34271;70;1507;168;1745;141;13593;1055;14789;9;251;157;417;331;48920;1971;51222;"2025-09-25 11:29:05"
11798;"2024-03-01";260;141;29262;594;29997;95;1178;169;1442;179;12522;443;13144;18;169;67;254;433;43131;1273;44837;"2025-09-25 11:29:05"
11799;"2024-03-01";261;71;8860;59;8990;42;455;59;556;101;4446;245;4792;6;46;38;90;220;13807;401;14428;"2025-09-25 11:29:05"
11800;"2024-03-01";262;89;18868;181;19138;61;828;120;1009;126;8691;252;9069;12;108;53;173;288;28495;606;29389;"2025-09-25 11:29:05"
11801;"2024-03-01";263;69;10116;57;10242;60;408;20;488;96;5216;65;5377;9;46;17;72;234;15786;159;16179;"2025-09-25 11:29:05"
11802;"2024-03-01";264;114;45735;234;46083;119;1669;427;2215;198;12375;2324;14897;26;255;208;489;457;60034;3193;63684;"2025-09-25 11:29:05"
11803;"2024-03-01";265;181;113077;1877;115135;144;3962;471;4577;214;24471;3107;27792;16;397;427;840;555;141907;5882;148344;"2025-09-25 11:29:05"
11804;"2024-03-01";266;76;9610;58;9744;59;415;69;543;119;4958;271;5348;8;61;26;95;262;15044;424;15730;"2025-09-25 11:29:05"
11805;"2024-03-01";267;74;7857;33;7964;42;357;21;420;115;4432;77;4624;6;50;18;74;237;12696;149;13082;"2025-09-25 11:29:05"
11806;"2024-03-01";268;153;152632;3231;156016;98;3523;961;4582;129;19497;2618;22244;14;499;402;915;394;176151;7212;183757;"2025-09-25 11:29:05"
11807;"2024-03-01";269;329;136766;1977;139072;236;3157;557;3950;196;15989;1505;17690;27;329;238;594;788;156241;4277;161306;"2025-09-25 11:29:05"
11808;"2024-03-01";270;107;40730;2197;43034;112;1608;202;1922;162;14973;853;15988;8;226;131;365;389;57537;3383;61309;"2025-09-25 11:29:05"
11809;"2024-03-01";271;104;9502;46;9652;58;431;92;581;109;5060;108;5277;14;58;16;88;285;15051;262;15598;"2025-09-25 11:29:05"
11811;"2024-04-01";1;154;217733;16813;234700;58;3984;531;4573;179;13682;2421;16282;19;360;156;535;410;235759;19921;256090;"2025-09-25 11:29:15"
11812;"2024-04-01";2;108;130444;4970;135522;41;3308;732;4081;147;12012;2532;14691;7;220;218;445;303;145984;8452;154739;"2025-09-25 11:29:15"
11813;"2024-04-01";3;107;60285;2079;62471;67;2174;717;2958;132;6958;1295;8385;15;148;112;275;321;69565;4203;74089;"2025-09-25 11:29:15"
11814;"2024-04-01";4;122;67315;1941;69378;85;1666;308;2059;130;16183;2784;19097;10;401;638;1049;347;85565;5671;91583;"2025-09-25 11:29:15"
11815;"2024-04-01";5;90;99437;3034;102561;45;3060;347;3452;143;9112;2224;11479;12;181;177;370;290;111790;5782;117862;"2025-09-25 11:29:15"
11816;"2024-04-01";6;92;80705;3034;83831;45;2172;334;2551;173;8793;1640;10606;11;125;109;245;321;91795;5117;97233;"2025-09-25 11:29:15"
11817;"2024-04-01";7;106;115570;9992;125668;62;4110;584;4756;127;13905;2655;16687;7;325;165;497;302;133910;13396;147608;"2025-09-25 11:29:15"
11818;"2024-04-01";8;58;71782;3414;75254;32;2698;451;3181;72;10798;2317;13187;12;183;100;295;174;85461;6282;91917;"2025-09-25 11:29:15"
11819;"2024-04-01";9;83;129687;5446;135216;54;3388;771;4213;177;9885;2163;12225;12;264;259;535;326;143224;8639;152189;"2025-09-25 11:29:15"
11820;"2024-04-01";10;92;76655;4619;81366;48;2330;635;3013;125;8021;2059;10205;12;175;168;355;277;87181;7481;94939;"2025-09-25 11:29:15"
11821;"2024-04-01";11;100;84548;2887;87535;54;2629;142;2825;131;9793;2199;12123;10;196;97;303;295;97166;5325;102786;"2025-09-25 11:29:15"
11822;"2024-04-01";12;111;94610;1114;95835;47;2248;132;2427;122;6498;1200;7820;17;136;189;342;297;103492;2635;106424;"2025-09-25 11:29:15"
11823;"2024-04-01";13;93;101846;4186;106125;54;2578;623;3255;177;9367;2228;11772;21;238;543;802;345;114029;7580;121954;"2025-09-25 11:29:15"
11824;"2024-04-01";14;197;77645;3260;81102;100;2052;400;2552;130;5861;1790;7781;7;146;110;263;434;85704;5560;91698;"2025-09-25 11:29:15"
11825;"2024-04-01";15;172;152561;3918;156651;129;2968;666;3763;187;10724;4803;15714;16;274;169;459;504;166527;9556;176587;"2025-09-25 11:29:15"
11826;"2024-04-01";16;131;82289;8711;91131;47;1851;960;2858;176;8355;1878;10409;19;191;100;310;373;92686;11649;104708;"2025-09-25 11:29:15"
11827;"2024-04-01";17;94;105236;2042;107372;48;2894;1100;4042;138;8555;1718;10411;8;189;105;302;288;116874;4965;122127;"2025-09-25 11:29:15"
11828;"2024-04-01";18;127;207155;7316;214598;98;4067;1622;5787;164;17742;4873;22779;16;380;382;778;405;229344;14193;243942;"2025-09-25 11:29:15"
11829;"2024-04-01";19;129;127483;4353;131965;60;3114;760;3934;142;11056;2935;14133;7;275;435;717;338;141928;8483;150749;"2025-09-25 11:29:15"
11830;"2024-04-01";20;129;118551;2927;121607;58;3758;179;3995;168;13409;4425;18002;14;469;633;1116;369;136187;8164;144720;"2025-09-25 11:29:15"
11831;"2024-04-01";21;248;64049;1258;65555;118;1808;73;1999;153;4978;832;5963;12;129;28;169;531;70964;2191;73686;"2025-09-25 11:29:15"
11832;"2024-04-01";22;100;114534;4053;118687;45;3035;743;3823;140;9903;2061;12104;16;186;189;391;301;127658;7046;135005;"2025-09-25 11:29:15"
11833;"2024-04-01";23;1671;39381;239;41291;1536;1482;249;3267;347;3645;1562;5554;105;86;94;285;3659;44594;2144;50397;"2025-09-25 11:29:15"
11834;"2024-04-01";63;141;90757;1165;92063;112;1860;299;2271;90;10036;953;11079;6;214;280;500;349;102867;2697;105913;"2025-09-25 11:29:15"
11835;"2024-04-01";25;84;91736;5906;97726;33;3052;573;3658;122;11688;2826;14636;14;215;331;560;253;106691;9636;116580;"2025-09-25 11:29:15"
11836;"2024-04-01";146;1921;752220;13315;767456;1384;23667;3959;29010;2250;175896;16324;194470;203;3097;2548;5848;5758;954880;36146;996784;"2025-09-25 11:29:15"
11838;"2024-04-01";28;105;65402;2440;67947;62;2053;852;2967;105;9500;3121;12726;14;174;662;850;286;77129;7075;84490;"2025-09-25 11:29:15"
11839;"2024-04-01";29;84;73735;841;74660;49;2034;544;2627;120;10806;1338;12264;12;242;208;462;265;86817;2931;90013;"2025-09-25 11:29:15"
11840;"2024-04-01";77;299;137994;2837;141130;219;2682;556;3457;229;16158;3165;19552;17;362;573;952;764;157196;7131;165091;"2025-09-25 11:29:15"
11841;"2024-04-01";57;68;58251;720;59039;43;1206;150;1399;75;4712;331;5118;7;148;55;210;193;64317;1256;65766;"2025-09-25 11:29:15"
11842;"2024-04-01";32;73;85096;1670;86839;28;1882;362;2272;63;9918;1483;11464;1;198;266;465;165;97094;3781;101040;"2025-09-25 11:29:15"
11843;"2024-04-01";33;127;116408;20904;137439;62;2747;515;3324;171;13021;2328;15520;11;207;538;756;371;132383;24285;157039;"2025-09-25 11:29:15"
11844;"2024-04-01";79;87;109209;1515;110811;41;2071;288;2400;90;11152;1679;12921;9;261;329;599;227;122693;3811;126731;"2025-09-25 11:29:15"
11845;"2024-04-01";35;98;67061;2442;69601;58;2076;246;2380;104;14302;2309;16715;9;222;327;558;269;83661;5324;89254;"2025-09-25 11:29:15"
11846;"2024-04-01";36;108;92250;3365;95723;49;2687;338;3074;105;12902;1986;14993;9;211;288;508;271;108050;5977;114298;"2025-09-25 11:29:15"
11847;"2024-04-01";60;298;186862;16856;204016;312;4094;388;4794;198;18578;2368;21144;30;502;503;1035;838;210036;20115;230989;"2025-09-25 11:29:15"
11848;"2024-04-01";38;51;57021;59625;116697;24;1423;863;2310;82;5546;1365;6993;11;148;367;526;168;64138;62220;126526;"2025-09-25 11:29:15"
11849;"2024-04-01";39;332;104283;14180;118795;508;1636;642;2786;186;8392;2288;10866;31;188;707;926;1057;114499;17817;133373;"2025-09-25 11:29:15"
11850;"2024-04-01";40;82;26798;1397;28277;48;970;291;1309;83;4114;379;4576;9;49;53;111;222;31931;2120;34273;"2025-09-25 11:29:15"
11852;"2024-04-01";42;142;149285;10589;160016;57;3017;254;3328;130;13088;2194;15412;9;301;490;800;338;165691;13527;179556;"2025-09-25 11:29:15"
11854;"2024-04-01";44;0;19;2;21;0;4;0;4;0;28;3;31;0;0;0;0;0;51;5;56;"2025-09-25 11:29:15"
11856;"2024-04-01";46;194;240059;11628;251881;110;4762;728;5600;183;29212;5574;34969;14;580;583;1177;501;274613;18513;293627;"2025-09-25 11:29:15"
11857;"2024-04-01";47;119;117998;1476;119593;120;2914;511;3545;295;19683;2891;22869;61;395;290;746;595;140990;5168;146753;"2025-09-25 11:29:15"
11861;"2024-04-01";51;188;196426;3176;199790;191;2985;623;3799;214;15996;1334;17544;12;461;162;635;605;215868;5295;221768;"2025-09-25 11:29:15"
11864;"2024-04-01";54;132;27118;10391;37641;50;1118;325;1493;153;10319;759;11231;8;158;88;254;343;38713;11563;50619;"2025-09-25 11:29:15"
11865;"2024-04-01";55;109;94766;139795;234670;61;3128;2002;5191;111;25937;2767;28815;16;555;323;894;297;124386;144887;269570;"2025-09-25 11:29:15"
11866;"2024-04-01";56;343;223125;24374;247842;415;5139;886;6440;170;29394;3586;33150;23;561;488;1072;951;258219;29334;288504;"2025-09-25 11:29:15"
11868;"2024-04-01";58;185;143235;4253;147673;98;4085;52;4235;138;16914;4785;21837;20;425;859;1304;441;164659;9949;175049;"2025-09-25 11:29:15"
11869;"2024-04-01";59;151;205501;35333;240985;81;4615;1036;5732;110;20736;3200;24046;11;416;321;748;353;231268;39890;271511;"2025-09-25 11:29:15"
11871;"2024-04-01";61;176;204633;5221;210030;97;3143;707;3947;150;12175;3419;15744;13;389;520;922;436;220340;9867;230643;"2025-09-25 11:29:15"
11872;"2024-04-01";62;65;8753;143;8961;54;500;67;621;125;3910;65;4100;3;48;13;64;247;13211;288;13746;"2025-09-25 11:29:15"
11875;"2024-04-01";65;213;173414;3746;177373;153;4301;407;4861;189;26783;8267;35239;28;704;912;1644;583;205202;13332;219117;"2025-09-25 11:29:15"
11881;"2024-04-01";71;81;72281;2002;74364;44;2102;546;2692;106;13805;3923;17834;9;345;445;799;240;88533;6916;95689;"2025-09-25 11:29:15"
11884;"2024-04-01";74;128;175159;2776;178063;93;3148;366;3607;434;15481;2431;18346;23;598;295;916;678;194386;5868;200932;"2025-09-25 11:29:15"
11890;"2024-04-01";80;172;107906;1156;109234;95;2546;664;3305;170;20652;4218;25040;13;400;1021;1434;450;131504;7059;139013;"2025-09-25 11:29:15"
11893;"2024-04-01";83;358;175988;1085;177431;248;3330;522;4100;259;15112;1973;17344;65;624;165;854;930;195054;3745;199729;"2025-09-25 11:29:15"
11895;"2024-04-01";85;150;25374;238;25762;86;1149;134;1369;163;6616;203;6982;22;124;46;192;421;33263;621;34305;"2025-09-25 11:29:15"
11896;"2024-04-01";86;314;173491;1849;175654;156;4130;384;4670;194;19417;2676;22287;22;429;293;744;686;197467;5202;203355;"2025-09-25 11:29:15"
11897;"2024-04-01";87;106;114065;3250;117421;76;2500;626;3202;81;13131;2213;15425;10;346;160;516;273;130042;6249;136564;"2025-09-25 11:29:15"
11898;"2024-04-01";88;72;105717;2507;108296;22;2146;623;2791;36;9394;1513;10943;1;212;133;346;131;117469;4776;122376;"2025-09-25 11:29:15"
11899;"2024-04-01";89;458;29699;305;30462;106;535;37;678;122;1890;456;2468;12;78;10;100;698;32202;808;33708;"2025-09-25 11:29:15"
11900;"2024-04-01";90;125;88309;1793;90227;71;2345;429;2845;108;10307;2340;12755;11;208;200;419;315;101169;4762;106246;"2025-09-25 11:29:15"
11901;"2024-04-01";91;187;170332;838;171357;96;4850;2355;7301;131;30645;5458;36234;16;670;364;1050;430;206497;9015;215942;"2025-09-25 11:29:15"
11902;"2024-04-01";92;87;61069;1134;62290;76;1561;278;1915;97;8423;1430;9950;12;179;158;349;272;71232;3000;74504;"2025-09-25 11:29:15"
11903;"2024-04-01";93;126;88085;1015;89226;74;2159;174;2407;92;9053;3905;13050;10;181;256;447;302;99478;5350;105130;"2025-09-25 11:29:15"
11904;"2024-04-01";94;250;200963;2493;203706;113;5107;1572;6792;201;30891;4436;35528;8;679;700;1387;572;237640;9201;247413;"2025-09-25 11:29:15"
11905;"2024-04-01";95;365;268886;2201;271452;204;7319;1029;8552;220;43222;6279;49721;27;1076;485;1588;816;320503;9994;331313;"2025-09-25 11:29:15"
11906;"2024-04-01";96;92;31909;698;32699;43;1220;74;1337;83;5361;688;6132;11;87;50;148;229;38577;1510;40316;"2025-09-25 11:29:15"
11907;"2024-04-01";97;6;98;3;107;0;38;10;48;0;132;8;140;0;0;1;1;6;268;22;296;"2025-09-25 11:29:15"
11908;"2024-04-01";98;47;73137;1740;74924;19;2177;79;2275;19;8311;1228;9558;0;164;172;336;85;83789;3219;87093;"2025-09-25 11:29:15"
11909;"2024-04-01";99;38;51739;907;52684;32;1920;480;2432;36;9941;1718;11695;4;166;185;355;110;63766;3290;67166;"2025-09-25 11:29:15"
11910;"2024-04-01";100;189;128667;2947;131803;155;3593;609;4357;160;15924;3304;19388;25;315;206;546;529;148499;7066;156094;"2025-09-25 11:29:15"
11911;"2024-04-01";101;197;178751;4467;183415;55;2449;1371;3875;104;7743;1953;9800;10;353;213;576;366;189296;8004;197666;"2025-09-25 11:29:15"
11912;"2024-04-01";102;170;71800;1369;73339;61;2148;224;2433;77;7665;1543;9285;3;203;160;366;311;81816;3296;85423;"2025-09-25 11:29:15"
11913;"2024-04-01";103;213;63472;2013;65698;58;2173;264;2495;103;8837;1607;10547;17;174;142;333;391;74656;4026;79073;"2025-09-25 11:29:15"
11914;"2024-04-01";104;130;178788;4583;183501;174;4631;1478;6283;158;20488;3095;23741;22;541;559;1122;484;204448;9715;214647;"2025-09-25 11:29:15"
11915;"2024-04-01";105;283;142931;1930;145144;104;2149;124;2377;66;6757;1503;8326;3;258;139;400;456;152095;3696;156247;"2025-09-25 11:29:15"
11916;"2024-04-01";106;227;97078;963;98268;153;2768;518;3439;104;8262;2147;10513;13;220;122;355;497;108328;3750;112575;"2025-09-25 11:29:15"
11917;"2024-04-01";107;124;72983;1279;74386;60;2454;66;2580;91;6548;1932;8571;20;171;99;290;295;82156;3376;85827;"2025-09-25 11:29:15"
11918;"2024-04-01";108;175;225505;1759;227439;108;6518;455;7081;151;37486;6414;44051;23;699;496;1218;457;270208;9124;279789;"2025-09-25 11:29:15"
11919;"2024-04-01";109;190;135882;2541;138613;154;5064;1159;6377;225;22915;3971;27111;12;380;323;715;581;164241;7994;172816;"2025-09-25 11:29:15"
11920;"2024-04-01";110;85;121985;2222;124292;39;3990;654;4683;33;18378;2598;21009;3;420;376;799;160;144773;5850;150783;"2025-09-25 11:29:15"
11921;"2024-04-01";111;162;92224;716;93102;99;3114;487;3700;134;19088;3373;22595;14;986;298;1298;409;115412;4874;120695;"2025-09-25 11:29:15"
11922;"2024-04-01";112;148;113775;2379;116302;119;2163;595;2877;127;9986;3798;13911;11;338;171;520;405;126262;6943;133610;"2025-09-25 11:29:15"
11923;"2024-04-01";113;92;73756;1233;75081;27;2207;907;3141;40;9173;1608;10821;0;184;130;314;159;85320;3878;89357;"2025-09-25 11:29:15"
11924;"2024-04-01";114;175;112216;681;113072;89;3763;446;4298;166;19686;2973;22825;13;492;240;745;443;136157;4340;140940;"2025-09-25 11:29:15"
11925;"2024-04-01";115;243;53068;419;53730;102;1729;547;2378;265;12285;894;13444;13;280;84;377;623;67362;1944;69929;"2025-09-25 11:29:15"
11926;"2024-04-01";116;183;52949;353;53485;83;2012;669;2764;199;14291;6467;20957;9;304;350;663;474;69556;7839;77869;"2025-09-25 11:29:15"
11927;"2024-04-01";117;93;17533;74;17700;71;729;220;1020;159;6351;4131;10641;7;137;492;636;330;24750;4917;29997;"2025-09-25 11:29:15"
11928;"2024-04-01";118;90;103492;1160;104742;62;2810;553;3425;64;10494;2480;13038;10;296;173;479;226;117092;4366;121684;"2025-09-25 11:29:15"
11929;"2024-04-01";119;49;182897;3168;186114;26;3443;699;4168;36;11664;3748;15448;8;497;179;684;119;198501;7794;206414;"2025-09-25 11:29:15"
11930;"2024-04-01";120;24;144167;738;144929;12;1896;185;2093;22;4904;1407;6333;0;231;40;271;58;151198;2370;153626;"2025-09-25 11:29:15"
11931;"2024-04-01";121;388;118849;1584;120821;189;3925;1318;5432;248;21470;4845;26563;24;664;444;1132;849;144908;8191;153948;"2025-09-25 11:29:15"
11932;"2024-04-01";122;114;59094;389;59597;98;1299;178;1575;88;5825;2093;8006;9;140;317;466;309;66358;2977;69644;"2025-09-25 11:29:15"
11933;"2024-04-01";123;284;151253;2038;153575;264;4535;452;5251;196;18203;2973;21372;28;530;273;831;772;174521;5736;181029;"2025-09-25 11:29:15"
11934;"2024-04-01";124;207;101116;1013;102336;87;3363;730;4180;130;18978;4311;23419;16;454;549;1019;440;123911;6603;130954;"2025-09-25 11:29:15"
11935;"2024-04-01";125;268;209876;2634;212778;99;5542;2695;8336;176;31019;6290;37485;19;653;296;968;562;247090;11915;259567;"2025-09-25 11:29:15"
11936;"2024-04-01";126;355;286463;3811;290629;162;7848;2208;10218;254;35736;7364;43354;24;969;1053;2046;795;331016;14436;346247;"2025-09-25 11:29:15"
11937;"2024-04-01";127;182;65919;5006;71107;75;2784;781;3640;153;20846;2465;23464;14;349;379;742;424;89898;8631;98953;"2025-09-25 11:29:15"
11938;"2024-04-01";128;196;122344;902;123442;90;2588;357;3035;150;15697;2269;18116;10;339;154;503;446;140968;3682;145096;"2025-09-25 11:29:15"
11939;"2024-04-01";129;397;445486;2998;448881;226;10312;2731;13269;295;63868;8059;72222;75;1652;673;2400;993;521318;14461;536772;"2025-09-25 11:29:15"
11941;"2024-04-01";131;75;15372;133;15580;56;758;53;867;78;7957;260;8295;11;88;29;128;220;24175;475;24870;"2025-09-25 11:29:15"
11942;"2024-04-01";132;72;11049;148;11269;46;459;94;599;115;4884;386;5385;4;89;231;324;237;16481;859;17577;"2025-09-25 11:29:15"
11943;"2024-04-01";133;68;12093;119;12280;57;610;89;756;107;6341;620;7068;16;70;65;151;248;19114;893;20255;"2025-09-25 11:29:15"
11944;"2024-04-01";134;86;17367;120;17573;56;693;91;840;111;8211;179;8501;11;90;41;142;264;26361;431;27056;"2025-09-25 11:29:15"
11945;"2024-04-01";135;72;20034;202;20308;57;811;85;953;81;8013;679;8773;11;184;85;280;221;29042;1051;30314;"2025-09-25 11:29:15"
11946;"2024-04-01";136;79;46685;299;47063;71;2115;207;2393;108;13810;1400;15318;14;230;144;388;272;62840;2050;65162;"2025-09-25 11:29:15"
11947;"2024-04-01";137;103;54468;700;55271;79;1726;183;1988;160;13714;1729;15603;11;351;884;1246;353;70259;3496;74108;"2025-09-25 11:29:15"
11948;"2024-04-01";138;34;17192;159;17385;25;549;35;609;30;3212;579;3821;7;70;48;125;96;21023;821;21940;"2025-09-25 11:29:15"
11949;"2024-04-01";139;70;44794;297;45161;66;1508;84;1658;89;9245;1090;10424;6;206;84;296;231;55753;1555;57539;"2025-09-25 11:29:15"
11950;"2024-04-01";140;1;8;0;9;0;3;0;3;0;8;0;8;0;0;0;0;1;19;0;20;"2025-09-25 11:29:15"
11951;"2024-04-01";141;210;88061;1032;89303;110;2210;369;2689;173;12143;1123;13439;16;326;261;603;509;102740;2785;106034;"2025-09-25 11:29:15"
11952;"2024-04-01";142;55;85278;1724;87057;125;2081;839;3045;64;11173;1794;13031;4;301;209;514;248;98833;4566;103647;"2025-09-25 11:29:15"
11953;"2024-04-01";143;166;91145;2360;93671;122;2442;543;3107;124;14613;2059;16796;9;391;192;592;421;108591;5154;114166;"2025-09-25 11:29:15"
11954;"2024-04-01";144;148;125711;4362;130221;86;3013;687;3786;134;15745;2369;18248;13;539;325;877;381;145008;7743;153132;"2025-09-25 11:29:15"
11955;"2024-04-01";145;196;93941;5833;99970;156;2897;405;3458;259;20099;1792;22150;29;427;277;733;640;117364;8307;126311;"2025-09-25 11:29:15"
11957;"2024-04-01";147;72;23303;62;23437;37;586;103;726;57;2266;411;2734;9;83;36;128;175;26238;612;27025;"2025-09-25 11:29:15"
11958;"2024-04-01";148;235;42046;1384;43665;123;1560;367;2050;221;12861;673;13755;24;201;127;352;603;56668;2551;59822;"2025-09-25 11:29:15"
11959;"2024-04-01";149;70;20505;1513;22088;43;1025;231;1299;90;8647;601;9338;6;114;72;192;209;30291;2417;32917;"2025-09-25 11:29:15"
11960;"2024-04-01";150;151;45524;830;46505;91;2057;374;2522;143;15236;1072;16451;29;194;81;304;414;63011;2357;65782;"2025-09-25 11:29:15"
11961;"2024-04-01";151;152;84392;783;85327;79;2463;338;2880;189;19072;2331;21592;17;463;797;1277;437;106390;4249;111076;"2025-09-25 11:29:15"
11962;"2024-04-01";152;132;40179;531;40842;74;1408;178;1660;182;12821;543;13546;32;196;152;380;420;54604;1404;56428;"2025-09-25 11:29:15"
11963;"2024-04-01";153;96;22968;193;23257;69;1110;339;1518;152;11240;391;11783;12;85;53;150;329;35403;976;36708;"2025-09-25 11:29:15"
11964;"2024-04-01";154;172;81436;1012;82620;88;2470;486;3044;162;19077;1865;21104;24;382;429;835;446;103365;3792;107603;"2025-09-25 11:29:15"
11965;"2024-04-01";155;79;19573;149;19801;40;737;116;893;107;7697;445;8249;14;89;82;185;240;28096;792;29128;"2025-09-25 11:29:15"
11966;"2024-04-01";156;189;170185;2408;172782;142;4811;488;5441;186;24228;3774;28188;42;664;383;1089;559;199888;7053;207500;"2025-09-25 11:29:15"
11967;"2024-04-01";157;139;34138;288;34565;124;1400;319;1843;185;11538;723;12446;16;193;112;321;464;47269;1442;49175;"2025-09-25 11:29:15"
11968;"2024-04-01";158;106;118235;1774;120115;67;3812;644;4523;124;19667;2789;22580;10;503;406;919;307;142217;5613;148137;"2025-09-25 11:29:15"
11969;"2024-04-01";159;177;180338;1935;182450;146;4456;873;5475;214;20921;2465;23600;24;580;281;885;561;206295;5554;212410;"2025-09-25 11:29:15"
11970;"2024-04-01";160;79;11409;67;11555;55;484;61;600;119;6013;509;6641;15;63;73;151;268;17969;710;18947;"2025-09-25 11:29:15"
11971;"2024-04-01";161;85;24540;195;24820;45;993;109;1147;194;10807;253;11254;19;131;53;203;343;36471;610;37424;"2025-09-25 11:29:15"
11972;"2024-04-01";162;160;42426;326;42912;91;1396;199;1686;145;12296;759;13200;20;220;138;378;416;56338;1422;58176;"2025-09-25 11:29:15"
11974;"2024-04-01";164;83;12264;170;12517;64;507;78;649;99;6578;737;7414;10;85;41;136;256;19434;1026;20716;"2025-09-25 11:29:15"
11975;"2024-04-01";165;99;20659;160;20918;73;1033;93;1199;137;12607;260;13004;9;117;42;168;318;34416;555;35289;"2025-09-25 11:29:15"
11976;"2024-04-01";166;68;10509;104;10681;41;426;63;530;71;5027;392;5490;6;51;65;122;186;16013;624;16823;"2025-09-25 11:29:15"
11977;"2024-04-01";167;93;76043;862;76998;70;2163;278;2511;86;14464;3471;18021;14;515;1653;2182;263;93185;6264;99712;"2025-09-25 11:29:15"
11978;"2024-04-01";168;58;9158;409;9625;40;403;51;494;74;3948;206;4228;4;66;22;92;176;13575;688;14439;"2025-09-25 11:29:15"
11979;"2024-04-01";169;142;52362;766;53270;119;1896;372;2387;210;15547;1713;17470;19;344;276;639;490;70149;3127;73766;"2025-09-25 11:29:15"
11980;"2024-04-01";170;80;20113;400;20593;48;778;265;1091;78;7919;1010;9007;11;118;147;276;217;28928;1822;30967;"2025-09-25 11:29:15"
11981;"2024-04-01";171;117;83086;2271;85474;120;2667;411;3198;156;13104;2364;15624;11;314;342;667;404;99171;5388;104963;"2025-09-25 11:29:15"
11982;"2024-04-01";172;249;39058;151;39458;211;1509;69;1789;155;11813;855;12823;16;185;120;321;631;52565;1195;54391;"2025-09-25 11:29:15"
11983;"2024-04-01";173;77;13909;152;14138;53;718;69;840;104;7928;365;8397;14;83;50;147;248;22638;636;23522;"2025-09-25 11:29:15"
11984;"2024-04-01";174;168;122960;1824;124952;130;2984;606;3720;194;22811;2112;25117;19;452;925;1396;511;149207;5467;155185;"2025-09-25 11:29:15"
11985;"2024-04-01";175;113;13845;100270;114228;67;656;2360;3083;199;9429;445;10073;5;147;38;190;384;24077;103113;127574;"2025-09-25 11:29:15"
11986;"2024-04-01";176;195;113158;2348;115701;146;3237;719;4102;200;21828;3515;25543;16;416;848;1280;557;138639;7430;146626;"2025-09-25 11:29:15"
11987;"2024-04-01";177;79;20895;143;21117;47;801;93;941;109;8150;505;8764;7;109;50;166;242;29955;791;30988;"2025-09-25 11:29:15"
11988;"2024-04-01";178;88;24318;127;24533;61;1200;78;1339;122;11278;777;12177;8;208;135;351;279;37004;1117;38400;"2025-09-25 11:29:15"
11989;"2024-04-01";179;124;16085;172;16381;57;703;106;866;108;9674;207;9989;11;92;30;133;300;26554;515;27369;"2025-09-25 11:29:15"
11990;"2024-04-01";180;82;19093;233;19408;44;731;78;853;90;8190;911;9191;3;121;90;214;219;28135;1312;29666;"2025-09-25 11:29:15"
11991;"2024-04-01";181;90;13223;93;13406;75;556;48;679;107;7072;282;7461;7;57;36;100;279;20908;459;21646;"2025-09-25 11:29:15"
11992;"2024-04-01";182;77;11100;90;11267;48;525;60;633;93;6317;142;6552;8;59;22;89;226;18001;314;18541;"2025-09-25 11:29:15"
11993;"2024-04-01";183;68;12230;6435;18733;52;526;134;712;87;6556;198;6841;11;83;23;117;218;19395;6790;26403;"2025-09-25 11:29:15"
11994;"2024-04-01";184;111;24333;81440;105884;80;1630;1111;2821;140;15587;230;15957;10;119;44;173;341;41669;82825;124835;"2025-09-25 11:29:15"
11995;"2024-04-01";185;97;25465;415;25977;53;926;935;1914;101;8084;510;8695;8;151;151;310;259;34626;2011;36896;"2025-09-25 11:29:15"
11997;"2024-04-01";187;143;118678;923;119744;96;3005;387;3488;132;21988;2730;24850;13;398;388;799;384;144069;4428;148881;"2025-09-25 11:29:15"
11998;"2024-04-01";188;217;118384;1679;120280;148;3772;547;4467;224;25984;1956;28164;18;540;374;932;607;148680;4556;153843;"2025-09-25 11:29:15"
11999;"2024-04-01";189;61;14292;37;14390;35;666;53;754;72;6493;674;7239;16;79;54;149;184;21530;818;22532;"2025-09-25 11:29:15"
12000;"2024-04-01";190;194;191275;2551;194020;111;5002;774;5887;227;25974;3658;29859;20;622;462;1104;552;222873;7445;230870;"2025-09-25 11:29:15"
12002;"2024-04-01";192;143;58284;620;59047;87;2035;272;2394;163;17965;1065;19193;18;235;179;432;411;78519;2136;81066;"2025-09-25 11:29:15"
12003;"2024-04-01";193;95;27128;385;27608;56;1193;118;1367;135;10401;284;10820;11;146;96;253;297;38868;883;40048;"2025-09-25 11:29:15"
12004;"2024-04-01";194;96;11141;53;11290;50;425;42;517;88;7035;90;7213;15;46;15;76;249;18647;200;19096;"2025-09-25 11:29:15"
12005;"2024-04-01";195;117;36872;401;37390;88;1623;255;1966;191;17323;1053;18567;16;202;167;385;412;56020;1876;58308;"2025-09-25 11:29:15"
12006;"2024-04-01";196;70;20193;119;20382;44;796;44;884;96;11345;986;12427;13;132;147;292;223;32466;1296;33985;"2025-09-25 11:29:15"
12007;"2024-04-01";197;250;64103;904;65257;244;2137;310;2691;266;19337;1191;20794;50;323;228;601;810;85900;2633;89343;"2025-09-25 11:29:15"
12008;"2024-04-01";198;72;12859;110;13041;50;600;56;706;122;5982;117;6221;15;77;27;119;259;19518;310;20087;"2025-09-25 11:29:15"
12009;"2024-04-01";199;54;6032;35;6121;31;282;27;340;60;3882;46;3988;2;33;8;43;147;10229;116;10492;"2025-09-25 11:29:15"
12010;"2024-04-01";200;132;41111;493;41736;76;1583;147;1806;148;14727;734;15609;27;216;158;401;383;57637;1532;59552;"2025-09-25 11:29:15"
12011;"2024-04-01";201;127;45400;412;45939;83;1732;249;2064;134;16399;1519;18052;17;231;364;612;361;63762;2544;66667;"2025-09-25 11:29:15"
12012;"2024-04-01";202;100;22977;166;23243;61;707;77;845;106;8637;199;8942;20;112;44;176;287;32433;486;33206;"2025-09-25 11:29:15"
12013;"2024-04-01";203;57;4297;333;4687;21;265;196;482;64;1415;31;1510;8;22;2;32;150;5999;562;6711;"2025-09-25 11:29:15"
12014;"2024-04-01";204;134;20280;119;20533;58;640;83;781;128;6644;124;6896;14;122;38;174;334;27686;364;28384;"2025-09-25 11:29:15"
12015;"2024-04-01";205;79;19601;89;19769;80;846;84;1010;127;12248;849;13224;10;108;102;220;296;32803;1124;34223;"2025-09-25 11:29:15"
12016;"2024-04-01";206;78;17823;158;18059;42;618;51;711;90;7817;585;8492;13;97;169;279;223;26355;963;27541;"2025-09-25 11:29:15"
12017;"2024-04-01";207;61;9956;40;10057;70;457;43;570;84;5992;113;6189;10;71;13;94;225;16476;209;16910;"2025-09-25 11:29:15"
12018;"2024-04-01";208;123;56166;267;56556;67;1868;344;2279;110;12948;1558;14616;14;249;313;576;314;71231;2482;74027;"2025-09-25 11:29:15"
12019;"2024-04-01";209;135;105318;1349;106802;87;2933;782;3802;207;18113;4279;22599;13;453;1723;2189;442;126817;8133;135392;"2025-09-25 11:29:15"
12020;"2024-04-01";210;165;126060;2070;128295;89;2909;310;3308;104;18068;1046;19218;27;425;306;758;385;147462;3732;151579;"2025-09-25 11:29:15"
12022;"2024-04-01";212;123;95106;997;96226;91;2883;465;3439;136;11965;496;12597;15;299;160;474;365;110253;2118;112736;"2025-09-25 11:29:15"
12023;"2024-04-01";213;103;24469;192;24764;69;856;169;1094;104;9354;252;9710;12;80;176;268;288;34759;789;35836;"2025-09-25 11:29:15"
12024;"2024-04-01";214;48;11821;79;11948;48;449;37;534;103;4019;89;4211;6;54;28;88;205;16343;233;16781;"2025-09-25 11:29:15"
12025;"2024-04-01";215;260;243002;2284;245546;171;6181;509;6861;235;41016;4607;45858;35;813;574;1422;701;291012;7974;299687;"2025-09-25 11:29:15"
12026;"2024-04-01";216;105;14066;145;14316;57;544;112;713;131;6183;160;6474;9;65;30;104;302;20858;447;21607;"2025-09-25 11:29:15"
12027;"2024-04-01";217;110;43515;478;44103;92;1401;193;1686;107;13725;2609;16441;14;183;636;833;323;58824;3916;63063;"2025-09-25 11:29:15"
12028;"2024-04-01";218;102;47742;659;48503;81;1459;230;1770;144;10526;532;11202;14;183;116;313;341;59910;1537;61788;"2025-09-25 11:29:15"
12029;"2024-04-01";219;92;13646;65;13803;62;513;55;630;94;7205;482;7781;8;140;149;297;256;21504;751;22511;"2025-09-25 11:29:15"
12030;"2024-04-01";220;171;151119;1128;152418;99;4188;795;5082;150;22394;7148;29692;21;648;1565;2234;441;178349;10636;189426;"2025-09-25 11:29:15"
12031;"2024-04-01";221;64;10430;58;10552;53;390;44;487;90;4598;556;5244;14;56;102;172;221;15474;760;16455;"2025-09-25 11:29:15"
12032;"2024-04-01";222;217;143088;2850;146155;174;3288;1013;4475;244;26806;2370;29420;32;492;433;957;667;173674;6666;181007;"2025-09-25 11:29:15"
12033;"2024-04-01";223;70;25006;178;25254;70;1047;105;1222;94;10340;413;10847;10;143;68;221;244;36536;764;37544;"2025-09-25 11:29:15"
12034;"2024-04-01";224;137;89143;1279;90559;65;1958;472;2495;136;10544;992;11672;16;162;152;330;354;101807;2895;105056;"2025-09-25 11:29:15"
12035;"2024-04-01";225;66;94113;5140;99319;32;1926;431;2389;53;11055;1651;12759;4;199;227;430;155;107293;7449;114897;"2025-09-25 11:29:15"
12036;"2024-04-01";226;242;157691;61609;219542;219;2085;1188;3492;141;10553;987;11681;15;213;183;411;617;170542;63967;235126;"2025-09-25 11:29:15"
12037;"2024-04-01";227;220;100382;1754;102356;179;2233;274;2686;138;16701;1448;18287;18;295;341;654;555;119611;3817;123983;"2025-09-25 11:29:15"
12038;"2024-04-01";228;92;87009;715;87816;36;1952;161;2149;93;7893;969;8955;13;263;252;528;234;97117;2097;99448;"2025-09-25 11:29:15"
12039;"2024-04-01";229;102;43023;691;43816;82;1692;242;2016;117;8882;336;9335;15;159;74;248;316;53756;1343;55415;"2025-09-25 11:29:15"
12040;"2024-04-01";230;57;16135;91;16283;65;547;43;655;103;7827;171;8101;11;75;85;171;236;24584;390;25210;"2025-09-25 11:29:15"
12041;"2024-04-01";231;82;33163;34103;67348;55;1063;397;1515;83;10263;524;10870;6;243;229;478;226;44732;35253;80211;"2025-09-25 11:29:15"
12042;"2024-04-01";232;59;13438;376;13873;53;489;86;628;119;6534;144;6797;11;75;27;113;242;20536;633;21411;"2025-09-25 11:29:15"
12043;"2024-04-01";233;88;15643;101;15832;56;605;77;738;135;8207;403;8745;14;85;74;173;293;24540;655;25488;"2025-09-25 11:29:15"
12045;"2024-04-01";235;252;77497;942;78691;141;2898;151;3190;343;27195;636;28174;42;238;142;422;778;107828;1871;110477;"2025-09-25 11:29:15"
12046;"2024-04-01";236;624;250430;267408;518462;349;7179;6375;13903;693;57487;3573;61753;38;1195;583;1816;1704;316291;277939;595934;"2025-09-25 11:29:15"
12048;"2024-04-01";238;163;93574;2541;96278;149;2567;523;3239;270;18277;1425;19972;36;411;455;902;618;114829;4944;120391;"2025-09-25 11:29:15"
12050;"2024-04-01";240;111;39650;667;40428;75;1224;157;1456;129;6956;512;7597;14;166;223;403;329;47996;1559;49884;"2025-09-25 11:29:15"
12051;"2024-04-01";241;119;26187;491;26797;103;828;122;1053;186;6772;183;7141;10;142;47;199;418;33929;843;35190;"2025-09-25 11:29:15"
12052;"2024-04-01";242;109;34189;939;35237;91;1091;147;1329;113;5391;306;5810;7;146;96;249;320;40817;1488;42625;"2025-09-25 11:29:15"
12053;"2024-04-01";243;54;8816;50;8920;52;319;27;398;110;3377;50;3537;10;53;14;77;226;12565;141;12932;"2025-09-25 11:29:15"
12054;"2024-04-01";244;45;12411;169;12625;42;412;25;479;121;4180;73;4374;11;78;20;109;219;17081;287;17587;"2025-09-25 11:29:15"
12055;"2024-04-01";245;132;15104;154;15390;81;642;59;782;124;6221;132;6477;12;121;51;184;349;22088;396;22833;"2025-09-25 11:29:15"
12056;"2024-04-01";246;221;159380;2830;162431;167;4320;512;4999;238;26836;2268;29342;25;640;366;1031;651;191176;5976;197803;"2025-09-25 11:29:15"
12057;"2024-04-01";247;53;14547;88;14688;51;460;63;574;119;4978;106;5203;9;84;30;123;232;20069;287;20588;"2025-09-25 11:29:15"
12058;"2024-04-01";248;109;14225;234;14568;93;573;74;740;143;6204;160;6507;19;98;34;151;364;21100;502;21966;"2025-09-25 11:29:15"
12059;"2024-04-01";249;55;17045;191;17291;72;681;43;796;138;7051;140;7329;14;85;20;119;279;24862;394;25535;"2025-09-25 11:29:15"
12060;"2024-04-01";250;335;120836;2489;123660;279;3123;617;4019;269;18748;2736;21753;21;517;410;948;904;143224;6252;150380;"2025-09-25 11:29:15"
12061;"2024-04-01";251;61;16190;370;16621;62;613;121;796;116;3356;131;3603;10;127;41;178;249;20286;663;21198;"2025-09-25 11:29:15"
12062;"2024-04-01";252;102;17644;300;18046;84;792;90;966;123;8693;142;8958;20;95;56;171;329;27224;588;28141;"2025-09-25 11:29:15"
12063;"2024-04-01";253;122;28049;248;28419;112;1227;270;1609;179;11780;447;12406;22;148;66;236;435;41204;1031;42670;"2025-09-25 11:29:15"
12064;"2024-04-01";254;57;9719;58;9834;61;292;46;399;102;3290;52;3444;10;58;23;91;230;13359;179;13768;"2025-09-25 11:29:15"
12065;"2024-04-01";255;85;19277;507;19869;69;828;82;979;123;8622;270;9015;13;123;50;186;290;28850;909;30049;"2025-09-25 11:29:15"
12067;"2024-04-01";257;104;20069;165;20338;65;1272;103;1440;155;10682;268;11105;14;103;50;167;338;32126;586;33050;"2025-09-25 11:29:15"
12068;"2024-04-01";258;207;115326;2063;117596;127;3086;522;3735;208;19360;3100;22668;18;476;702;1196;560;138248;6387;145195;"2025-09-25 11:29:15"
12069;"2024-04-01";259;111;33620;580;34311;68;1494;160;1722;141;13574;1056;14771;8;251;156;415;328;48939;1952;51219;"2025-09-25 11:29:15"
12070;"2024-04-01";260;142;29306;571;30019;95;1170;168;1433;182;12507;447;13136;18;169;67;254;437;43152;1253;44842;"2025-09-25 11:29:15"
12071;"2024-04-01";261;71;8847;59;8977;42;454;59;555;101;4431;247;4779;6;47;37;90;220;13779;402;14401;"2025-09-25 11:29:15"
12072;"2024-04-01";262;89;18890;181;19160;61;820;116;997;127;8673;265;9065;12;108;53;173;289;28491;615;29395;"2025-09-25 11:29:15"
12073;"2024-04-01";263;68;10167;69;10304;60;403;27;490;96;5193;65;5354;9;47;17;73;233;15810;178;16221;"2025-09-25 11:29:15"
12074;"2024-04-01";264;113;45874;236;46223;120;1661;425;2206;200;12386;2331;14917;26;256;209;491;459;60177;3201;63837;"2025-09-25 11:29:15"
12075;"2024-04-01";265;181;113225;1875;115281;144;3930;494;4568;215;24373;3112;27700;16;405;425;846;556;141933;5906;148395;"2025-09-25 11:29:15"
12076;"2024-04-01";266;76;9625;58;9759;59;416;68;543;119;4955;272;5346;8;62;26;96;262;15058;424;15744;"2025-09-25 11:29:15"
12077;"2024-04-01";267;75;7860;33;7968;42;357;21;420;114;4433;76;4623;6;52;18;76;237;12702;148;13087;"2025-09-25 11:29:15"
12078;"2024-04-01";268;146;152316;3248;155710;99;3457;959;4515;125;19315;2616;22056;14;501;404;919;384;175589;7227;183200;"2025-09-25 11:29:15"
12079;"2024-04-01";269;327;136806;1989;139122;236;3113;543;3892;195;15965;1509;17669;27;332;236;595;785;156216;4277;161278;"2025-09-25 11:29:15"
12080;"2024-04-01";270;106;40747;2134;42987;110;1608;199;1917;161;14986;854;16001;7;230;131;368;384;57571;3318;61273;"2025-09-25 11:29:15"
12081;"2024-04-01";271;105;9542;54;9701;56;426;95;577;111;5063;106;5280;14;58;17;89;286;15089;272;15647;"2025-09-25 11:29:15"
12083;"2024-05-01";1;153;218216;16595;234964;58;3957;534;4549;179;13661;2436;16276;19;365;160;544;409;236199;19725;256333;"2025-09-25 11:29:26"
12084;"2024-05-01";2;108;130717;4948;135773;41;3284;730;4055;146;11977;2533;14656;7;219;215;441;302;146197;8426;154925;"2025-09-25 11:29:26"
12085;"2024-05-01";3;108;60247;2080;62435;68;2157;716;2941;132;6981;1287;8400;15;153;110;278;323;69538;4193;74054;"2025-09-25 11:29:26"
12086;"2024-05-01";4;122;67571;2082;69775;85;1656;311;2052;129;16160;2773;19062;10;408;641;1059;346;85795;5807;91948;"2025-09-25 11:29:26"
12087;"2024-05-01";5;90;99475;3040;102605;45;3049;346;3440;143;9093;2216;11452;12;182;177;371;290;111799;5779;117868;"2025-09-25 11:29:26"
12088;"2024-05-01";6;92;80732;3039;83863;45;2153;336;2534;172;8726;1636;10534;11;125;108;244;320;91736;5119;97175;"2025-09-25 11:29:26"
12089;"2024-05-01";7;107;115550;9830;125487;62;4076;585;4723;127;13875;2653;16655;7;328;167;502;303;133829;13235;147367;"2025-09-25 11:29:26"
12090;"2024-05-01";8;58;71786;3389;75233;32;2672;452;3156;72;10767;2335;13174;12;186;99;297;174;85411;6275;91860;"2025-09-25 11:29:26"
12091;"2024-05-01";9;83;129619;5452;135154;54;3374;770;4198;177;9890;2163;12230;12;267;259;538;326;143150;8644;152120;"2025-09-25 11:29:26"
12092;"2024-05-01";10;92;76631;4603;81326;48;2316;631;2995;124;7974;2057;10155;12;180;164;356;276;87101;7455;94832;"2025-09-25 11:29:26"
12093;"2024-05-01";11;100;84564;2917;87581;53;2608;146;2807;131;9760;2204;12095;10;199;98;307;294;97131;5365;102790;"2025-09-25 11:29:26"
12094;"2024-05-01";12;111;94712;1107;95930;46;2237;131;2414;124;6545;1189;7858;17;134;184;335;298;103628;2611;106537;"2025-09-25 11:29:26"
12095;"2024-05-01";13;94;101911;4197;106202;55;2556;637;3248;179;9344;2220;11743;21;242;542;805;349;114053;7596;121998;"2025-09-25 11:29:26"
12096;"2024-05-01";14;200;77698;3298;81196;106;2047;402;2555;141;5879;1793;7813;7;148;109;264;454;85772;5602;91828;"2025-09-25 11:29:26"
12097;"2024-05-01";15;206;152523;3880;156609;129;2948;671;3748;182;10715;4788;15685;16;279;180;475;533;166465;9519;176517;"2025-09-25 11:29:26"
12098;"2024-05-01";16;131;82350;8778;91259;46;1838;953;2837;179;8318;1879;10376;19;192;100;311;375;92698;11710;104783;"2025-09-25 11:29:26"
12099;"2024-05-01";17;94;105272;2022;107388;48;2860;1101;4009;138;8550;1711;10399;8;189;103;300;288;116871;4937;122096;"2025-09-25 11:29:26"
12100;"2024-05-01";18;126;207215;7376;214717;97;4063;1633;5793;163;17698;4801;22662;16;382;381;779;402;229358;14191;243951;"2025-09-25 11:29:26"
12101;"2024-05-01";19;129;127459;4328;131916;60;3092;762;3914;143;11066;2952;14161;7;273;434;714;339;141890;8476;150705;"2025-09-25 11:29:26"
12102;"2024-05-01";20;130;118614;2940;121684;58;3714;178;3950;168;13344;4434;17946;15;470;637;1122;371;136142;8189;144702;"2025-09-25 11:29:26"
12103;"2024-05-01";21;255;63874;1276;65405;118;1787;73;1978;154;4960;844;5958;12;137;27;176;539;70758;2220;73517;"2025-09-25 11:29:26"
12104;"2024-05-01";22;100;114579;4053;118732;46;3014;741;3801;139;9880;2076;12095;16;186;189;391;301;127659;7059;135019;"2025-09-25 11:29:26"
12105;"2024-05-01";23;1672;39383;240;41295;1535;1479;248;3262;347;3642;1557;5546;104;87;95;286;3658;44591;2140;50389;"2025-09-25 11:29:26"
12106;"2024-05-01";63;138;90860;1164;92162;112;1861;299;2272;91;10027;955;11073;6;214;275;495;347;102962;2693;106002;"2025-09-25 11:29:26"
12107;"2024-05-01";25;78;91873;5903;97854;33;3051;571;3655;121;11674;2816;14611;14;216;328;558;246;106814;9618;116678;"2025-09-25 11:29:26"
12108;"2024-05-01";146;1920;752997;13233;768150;1381;23536;3915;28832;2261;175868;16350;194479;204;3108;2565;5877;5766;955509;36063;997338;"2025-09-25 11:29:26"
12110;"2024-05-01";28;105;65256;2449;67810;62;2038;857;2957;105;9523;3119;12747;14;180;660;854;286;76997;7085;84368;"2025-09-25 11:29:26"
12111;"2024-05-01";29;84;73868;846;74798;49;2033;540;2622;119;10860;1294;12273;12;237;211;460;264;86998;2891;90153;"2025-09-25 11:29:26"
12112;"2024-05-01";77;299;138089;2840;141228;219;2667;552;3438;228;16159;3189;19576;17;360;585;962;763;157275;7166;165204;"2025-09-25 11:29:26"
12113;"2024-05-01";57;68;58309;724;59101;43;1198;147;1388;75;4713;330;5118;7;149;57;213;193;64369;1258;65820;"2025-09-25 11:29:26"
12114;"2024-05-01";32;73;85087;1661;86821;27;1877;361;2265;64;9919;1493;11476;1;198;266;465;165;97081;3781;101027;"2025-09-25 11:29:26"
12115;"2024-05-01";33;126;116651;21236;138013;61;2733;518;3312;170;13023;2338;15531;11;205;538;754;368;132612;24630;157610;"2025-09-25 11:29:26"
12116;"2024-05-01";79;87;109421;1517;111025;41;2091;280;2412;90;11210;1623;12923;9;263;328;600;227;122985;3748;126960;"2025-09-25 11:29:26"
12117;"2024-05-01";35;97;67144;2442;69683;56;2088;245;2389;103;14253;2315;16671;9;223;323;555;265;83708;5325;89298;"2025-09-25 11:29:26"
12118;"2024-05-01";36;108;92301;3376;95785;49;2673;337;3059;106;12856;1992;14954;9;213;288;510;272;108043;5993;114308;"2025-09-25 11:29:26"
12119;"2024-05-01";60;295;186643;17600;204538;313;4062;403;4778;200;18584;2371;21155;30;515;506;1051;838;209804;20880;231522;"2025-09-25 11:29:26"
12120;"2024-05-01";38;50;56971;60652;117673;24;1420;854;2298;80;5525;1365;6970;11;149;368;528;165;64065;63239;127469;"2025-09-25 11:29:26"
12121;"2024-05-01";39;332;104478;14558;119368;507;1622;644;2773;186;8388;2288;10862;30;187;707;924;1055;114675;18197;133927;"2025-09-25 11:29:26"
12122;"2024-05-01";40;82;26769;1303;28154;48;968;290;1306;83;4101;375;4559;9;48;53;110;222;31886;2021;34129;"2025-09-25 11:29:26"
12124;"2024-05-01";42;142;149268;10327;159737;57;2999;252;3308;130;13068;2187;15385;9;308;486;803;338;165643;13252;179233;"2025-09-25 11:29:26"
12126;"2024-05-01";44;0;19;2;21;0;4;0;4;0;28;3;31;0;0;0;0;0;51;5;56;"2025-09-25 11:29:26"
12128;"2024-05-01";46;189;239711;11866;251766;110;4726;729;5565;174;29153;5560;34887;14;571;580;1165;487;274161;18735;293383;"2025-09-25 11:29:26"
12129;"2024-05-01";47;118;117821;1481;119420;120;2892;515;3527;297;19643;2887;22827;61;396;289;746;596;140752;5172;146520;"2025-09-25 11:29:26"
12133;"2024-05-01";51;188;196224;3156;199568;191;2966;611;3768;212;15971;1333;17516;12;461;165;638;603;215622;5265;221490;"2025-09-25 11:29:26"
12136;"2024-05-01";54;133;27117;9746;36996;51;1120;324;1495;153;10341;758;11252;8;157;86;251;345;38735;10914;49994;"2025-09-25 11:29:26"
12137;"2024-05-01";55;110;95010;142844;237964;61;3110;2023;5194;113;26051;2785;28949;16;571;324;911;300;124742;147976;273018;"2025-09-25 11:29:26"
12138;"2024-05-01";56;345;223107;22563;246015;415;5101;882;6398;171;29354;3595;33120;23;566;491;1080;954;258128;27531;286613;"2025-09-25 11:29:26"
12140;"2024-05-01";58;182;143434;5761;149377;98;4065;71;4234;139;16930;4818;21887;20;423;857;1300;439;164852;11507;176798;"2025-09-25 11:29:26"
12141;"2024-05-01";59;150;205264;35041;240455;81;4588;1031;5700;110;21259;3209;24578;11;474;318;803;352;231585;39599;271536;"2025-09-25 11:29:26"
12143;"2024-05-01";61;177;205381;5282;210840;96;3124;707;3927;150;12169;3458;15777;13;393;503;909;436;221067;9950;231453;"2025-09-25 11:29:26"
12144;"2024-05-01";62;65;8726;146;8937;54;500;67;621;125;3919;65;4109;3;47;13;63;247;13192;291;13730;"2025-09-25 11:29:26"
12147;"2024-05-01";65;207;173734;3785;177726;152;4255;406;4813;189;26685;8272;35146;28;708;910;1646;576;205382;13373;219331;"2025-09-25 11:29:26"
12153;"2024-05-01";71;80;72379;1993;74452;44;2081;546;2671;106;13765;3906;17777;9;346;444;799;239;88571;6889;95699;"2025-09-25 11:29:26"
12156;"2024-05-01";74;120;176029;2713;178862;93;3148;365;3606;434;15453;2435;18322;23;607;297;927;670;195237;5810;201717;"2025-09-25 11:29:26"
12162;"2024-05-01";80;173;108114;1154;109441;94;2543;664;3301;170;20638;4196;25004;13;403;1013;1429;450;131698;7027;139175;"2025-09-25 11:29:26"
12165;"2024-05-01";83;358;176253;1095;177706;253;3285;547;4085;267;15059;1976;17302;65;630;171;866;943;195227;3789;199959;"2025-09-25 11:29:26"
12167;"2024-05-01";85;149;25471;239;25859;86;1141;134;1361;163;6617;201;6981;22;125;45;192;420;33354;619;34393;"2025-09-25 11:29:26"
12168;"2024-05-01";86;310;173589;1842;175741;167;4095;386;4648;195;19353;2670;22218;22;442;287;751;694;197479;5185;203358;"2025-09-25 11:29:26"
12169;"2024-05-01";87;103;114578;3248;117929;76;2478;616;3170;81;13092;2208;15381;10;348;163;521;270;130496;6235;137001;"2025-09-25 11:29:26"
12170;"2024-05-01";88;71;105631;2463;108165;21;2133;621;2775;36;9347;1518;10901;1;219;135;355;129;117330;4737;122196;"2025-09-25 11:29:26"
12171;"2024-05-01";89;466;30115;308;30889;106;534;37;677;123;1909;458;2490;13;80;10;103;708;32638;813;34159;"2025-09-25 11:29:26"
12172;"2024-05-01";90;125;88351;1783;90259;71;2327;429;2827;106;10275;2348;12729;11;210;202;423;313;101163;4762;106238;"2025-09-25 11:29:26"
12173;"2024-05-01";91;191;170428;847;171466;96;4810;2350;7256;131;30586;5457;36174;16;678;363;1057;434;206502;9017;215953;"2025-09-25 11:29:26"
12174;"2024-05-01";92;91;61090;1129;62310;75;1543;280;1898;98;8387;1428;9913;12;187;160;359;276;71207;2997;74480;"2025-09-25 11:29:26"
12175;"2024-05-01";93;127;88048;1018;89193;75;2146;170;2391;92;9039;3870;13001;10;178;254;442;304;99411;5312;105027;"2025-09-25 11:29:26"
12176;"2024-05-01";94;255;201410;2484;204149;114;5045;1551;6710;201;30945;4427;35573;9;679;698;1386;579;238079;9160;247818;"2025-09-25 11:29:26"
12177;"2024-05-01";95;359;269035;2210;271604;200;7235;1030;8465;219;43071;6335;49625;27;1078;490;1595;805;320419;10065;331289;"2025-09-25 11:29:26"
12178;"2024-05-01";96;90;31856;707;32653;43;1222;74;1339;84;5345;687;6116;11;87;51;149;228;38510;1519;40257;"2025-09-25 11:29:26"
12179;"2024-05-01";97;6;98;3;107;0;38;10;48;0;131;8;139;0;0;1;1;6;267;22;295;"2025-09-25 11:29:26"
12180;"2024-05-01";98;47;73132;1749;74928;19;2163;79;2261;19;8326;1232;9577;0;169;172;341;85;83790;3232;87107;"2025-09-25 11:29:26"
12181;"2024-05-01";99;38;51717;912;52667;32;1928;480;2440;37;9945;1727;11709;5;170;183;358;112;63760;3302;67174;"2025-09-25 11:29:26"
12182;"2024-05-01";100;189;128757;2948;131894;155;3554;611;4320;161;15887;3312;19360;24;323;207;554;529;148521;7078;156128;"2025-09-25 11:29:26"
12183;"2024-05-01";101;197;178696;4486;183379;54;2423;1360;3837;104;7728;1941;9773;10;358;209;577;365;189205;7996;197566;"2025-09-25 11:29:26"
12184;"2024-05-01";102;168;71913;1387;73468;61;2126;223;2410;77;7661;1574;9312;3;206;159;368;309;81906;3343;85558;"2025-09-25 11:29:26"
12185;"2024-05-01";103;215;63449;2010;65674;58;2156;262;2476;103;8829;1602;10534;17;173;140;330;393;74607;4014;79014;"2025-09-25 11:29:26"
12186;"2024-05-01";104;129;179769;4650;184548;173;4620;1508;6301;160;20506;3109;23775;22;539;561;1122;484;205434;9828;215746;"2025-09-25 11:29:26"
12187;"2024-05-01";105;282;142997;1922;145201;105;2132;124;2361;66;6741;1489;8296;3;262;138;403;456;152132;3673;156261;"2025-09-25 11:29:26"
12188;"2024-05-01";106;230;97823;972;99025;149;2752;513;3414;103;8262;2202;10567;13;223;119;355;495;109060;3806;113361;"2025-09-25 11:29:26"
12189;"2024-05-01";107;127;73000;1233;74360;60;2451;65;2576;91;6523;1943;8557;20;169;98;287;298;82143;3339;85780;"2025-09-25 11:29:26"
12190;"2024-05-01";108;168;225685;1759;227612;108;6499;463;7070;151;37393;6426;43970;23;708;500;1231;450;270285;9148;279883;"2025-09-25 11:29:26"
12191;"2024-05-01";109;199;136354;2555;139108;154;5044;1107;6305;227;22960;3981;27168;12;395;319;726;592;164753;7962;173307;"2025-09-25 11:29:26"
12192;"2024-05-01";110;85;122071;2194;124350;39;3965;652;4656;33;18355;2603;20991;3;419;375;797;160;144810;5824;150794;"2025-09-25 11:29:26"
12193;"2024-05-01";111;161;92588;715;93464;99;3089;500;3688;134;19102;3366;22602;15;985;297;1297;409;115764;4878;121051;"2025-09-25 11:29:26"
12194;"2024-05-01";112;148;113880;2381;116409;117;2144;593;2854;122;9935;3775;13832;11;343;176;530;398;126302;6925;133625;"2025-09-25 11:29:26"
12195;"2024-05-01";113;92;73830;1245;75167;27;2192;907;3126;38;9153;1603;10794;0;187;131;318;157;85362;3886;89405;"2025-09-25 11:29:26"
12196;"2024-05-01";114;180;113054;704;113938;89;3749;448;4286;169;19666;2991;22826;13;497;239;749;451;136966;4382;141799;"2025-09-25 11:29:26"
12197;"2024-05-01";115;243;53192;422;53857;101;1720;546;2367;263;12276;889;13428;13;286;84;383;620;67474;1941;70035;"2025-09-25 11:29:26"
12198;"2024-05-01";116;186;53079;348;53613;84;1998;672;2754;202;14268;6500;20970;9;310;348;667;481;69655;7868;78004;"2025-09-25 11:29:26"
12199;"2024-05-01";117;90;17515;73;17678;70;721;230;1021;160;6345;4125;10630;7;137;490;634;327;24718;4918;29963;"2025-09-25 11:29:26"
12200;"2024-05-01";118;91;104013;1170;105274;62;2799;543;3404;64;10485;2488;13037;10;305;176;491;227;117602;4377;122206;"2025-09-25 11:29:26"
12201;"2024-05-01";119;49;183335;3180;186564;25;3411;702;4138;36;11597;3717;15350;8;500;179;687;118;198843;7778;206739;"2025-09-25 11:29:26"
12202;"2024-05-01";120;24;144171;727;144922;13;1871;169;2053;22;4888;1411;6321;0;235;40;275;59;151165;2347;153571;"2025-09-25 11:29:26"
12203;"2024-05-01";121;389;119850;1576;121815;189;3920;1360;5469;250;21522;4856;26628;24;662;446;1132;852;145954;8238;155044;"2025-09-25 11:29:26"
12204;"2024-05-01";122;115;58984;392;59491;98;1276;178;1552;88;5783;2084;7955;9;139;319;467;310;66182;2973;69465;"2025-09-25 11:29:26"
12205;"2024-05-01";123;280;151328;2049;153657;268;4522;454;5244;196;18184;2971;21351;29;540;270;839;773;174574;5744;181091;"2025-09-25 11:29:26"
12206;"2024-05-01";124;209;101460;1004;102673;87;3356;751;4194;130;18961;4319;23410;16;456;549;1021;442;124233;6623;131298;"2025-09-25 11:29:26"
12207;"2024-05-01";125;267;210473;2569;213309;99;5503;2696;8298;175;30960;6298;37433;19;654;296;969;560;247590;11859;260009;"2025-09-25 11:29:26"
12208;"2024-05-01";126;359;286697;3788;290844;162;7790;2197;10149;254;35719;7404;43377;24;982;1049;2055;799;331188;14438;346425;"2025-09-25 11:29:26"
12209;"2024-05-01";127;178;65972;4777;70927;75;2760;780;3615;153;20803;2456;23412;14;352;383;749;420;89887;8396;98703;"2025-09-25 11:29:26"
12210;"2024-05-01";128;201;122554;893;123648;90;2568;350;3008;149;15656;2274;18079;10;337;150;497;450;141115;3667;145232;"2025-09-25 11:29:26"
12211;"2024-05-01";129;398;446385;3066;449849;226;10242;2743;13211;294;63975;8112;72381;75;1642;674;2391;993;522244;14595;537832;"2025-09-25 11:29:26"
12213;"2024-05-01";131;76;15365;132;15573;56;754;53;863;79;7947;262;8288;11;86;28;125;222;24152;475;24849;"2025-09-25 11:29:26"
12214;"2024-05-01";132;71;11091;146;11308;49;453;94;596;114;4878;392;5384;4;89;230;323;238;16511;862;17611;"2025-09-25 11:29:26"
12215;"2024-05-01";133;68;12127;119;12314;57;613;90;760;109;6351;615;7075;16;72;64;152;250;19163;888;20301;"2025-09-25 11:29:26"
12216;"2024-05-01";134;85;17415;119;17619;56;695;91;842;112;8216;177;8505;11;89;41;141;264;26415;428;27107;"2025-09-25 11:29:26"
12217;"2024-05-01";135;71;20034;192;20297;59;811;83;953;83;8097;684;8864;11;187;86;284;224;29129;1045;30398;"2025-09-25 11:29:26"
12218;"2024-05-01";136;78;46700;299;47077;71;2095;206;2372;108;13740;1420;15268;14;226;145;385;271;62761;2070;65102;"2025-09-25 11:29:26"
12219;"2024-05-01";137;102;54543;698;55343;82;1707;183;1972;157;13710;1727;15594;11;346;886;1243;352;70306;3494;74152;"2025-09-25 11:29:26"
12220;"2024-05-01";138;34;17235;158;17427;25;538;35;598;30;3229;579;3838;7;71;50;128;96;21073;822;21991;"2025-09-25 11:29:26"
12221;"2024-05-01";139;72;44998;297;45367;66;1495;85;1646;88;9263;1092;10443;6;210;82;298;232;55966;1556;57754;"2025-09-25 11:29:26"
12222;"2024-05-01";140;1;8;0;9;0;3;0;3;0;8;0;8;0;0;0;0;1;19;0;20;"2025-09-25 11:29:26"
12223;"2024-05-01";141;208;87861;1056;89125;111;2165;368;2644;173;12087;1118;13378;16;324;267;607;508;102437;2809;105754;"2025-09-25 11:29:26"
12224;"2024-05-01";142;55;84853;1723;86631;125;2068;844;3037;64;11026;1784;12874;4;299;208;511;248;98246;4559;103053;"2025-09-25 11:29:26"
12225;"2024-05-01";143;165;91002;2365;93532;122;2423;547;3092;126;14425;2059;16610;9;396;192;597;422;108246;5163;113831;"2025-09-25 11:29:26"
12226;"2024-05-01";144;133;126809;4325;131267;86;2970;682;3738;132;15707;2375;18214;13;547;329;889;364;146033;7711;154108;"2025-09-25 11:29:26"
12227;"2024-05-01";145;193;94067;5718;99978;154;2869;415;3438;258;20029;1786;22073;29;424;279;732;634;117389;8198;126221;"2025-09-25 11:29:26"
12229;"2024-05-01";147;72;23335;62;23469;37;577;104;718;59;2250;412;2721;9;87;36;132;177;26249;614;27040;"2025-09-25 11:29:26"
12230;"2024-05-01";148;234;42151;1338;43723;120;1563;370;2053;223;12850;675;13748;24;200;128;352;601;56764;2511;59876;"2025-09-25 11:29:26"
12231;"2024-05-01";149;70;20540;1541;22151;43;1019;232;1294;90;8627;604;9321;6;114;71;191;209;30300;2448;32957;"2025-09-25 11:29:26"
12232;"2024-05-01";150;151;45586;836;46573;91;2045;377;2513;144;15246;1072;16462;29;197;84;310;415;63074;2369;65858;"2025-09-25 11:29:26"
12233;"2024-05-01";151;153;84645;782;85580;78;2444;354;2876;186;19081;2337;21604;17;470;798;1285;434;106640;4271;111345;"2025-09-25 11:29:26"
12234;"2024-05-01";152;130;40195;534;40859;74;1396;178;1648;182;12822;540;13544;32;197;152;381;418;54610;1404;56432;"2025-09-25 11:29:26"
12235;"2024-05-01";153;96;22978;194;23268;69;1099;336;1504;151;11250;392;11793;12;83;53;148;328;35410;975;36713;"2025-09-25 11:29:26"
12236;"2024-05-01";154;171;81559;1051;82781;88;2466;494;3048;161;19034;1868;21063;24;387;431;842;444;103446;3844;107734;"2025-09-25 11:29:26"
12237;"2024-05-01";155;79;19629;149;19857;40;733;115;888;107;7703;454;8264;14;87;83;184;240;28152;801;29193;"2025-09-25 11:29:26"
12238;"2024-05-01";156;190;170692;2397;173279;144;4769;488;5401;185;24234;3769;28188;44;679;376;1099;563;200374;7030;207967;"2025-09-25 11:29:26"
12239;"2024-05-01";157;142;34282;281;34705;124;1391;317;1832;186;11515;725;12426;16;196;113;325;468;47384;1436;49288;"2025-09-25 11:29:26"
12240;"2024-05-01";158;106;118550;1788;120444;67;3766;649;4482;125;19703;2796;22624;10;504;402;916;308;142523;5635;148466;"2025-09-25 11:29:26"
12241;"2024-05-01";159;169;180788;1900;182857;146;4432;865;5443;218;20946;2471;23635;24;570;280;874;557;206736;5516;212809;"2025-09-25 11:29:26"
12242;"2024-05-01";160;79;11414;66;11559;55;478;61;594;120;6021;495;6636;15;64;73;152;269;17977;695;18941;"2025-09-25 11:29:26"
12243;"2024-05-01";161;86;24628;195;24909;45;995;109;1149;194;10798;255;11247;19;136;52;207;344;36557;611;37512;"2025-09-25 11:29:26"
12244;"2024-05-01";162;159;42506;320;42985;91;1386;195;1672;147;12264;757;13168;20;221;135;376;417;56377;1407;58201;"2025-09-25 11:29:26"
12246;"2024-05-01";164;82;12280;167;12529;63;504;76;643;100;6602;734;7436;10;83;41;134;255;19469;1018;20742;"2025-09-25 11:29:26"
12247;"2024-05-01";165;99;20707;159;20965;72;1026;93;1191;137;12622;258;13017;10;117;42;169;318;34472;552;35342;"2025-09-25 11:29:26"
12248;"2024-05-01";166;68;10534;102;10704;41;425;62;528;71;5023;396;5490;6;51;65;122;186;16033;625;16844;"2025-09-25 11:29:26"
12249;"2024-05-01";167;93;76258;845;77196;69;2146;279;2494;87;14465;3462;18014;14;517;1651;2182;263;93386;6237;99886;"2025-09-25 11:29:26"
12250;"2024-05-01";168;59;9191;405;9655;40;399;52;491;75;3947;206;4228;4;65;23;92;178;13602;686;14466;"2025-09-25 11:29:26"
12251;"2024-05-01";169;142;52355;779;53276;119;1897;373;2389;210;15547;1711;17468;19;346;272;637;490;70145;3135;73770;"2025-09-25 11:29:26"
12252;"2024-05-01";170;80;20154;407;20641;48;775;265;1088;78;7908;1006;8992;11;120;148;279;217;28957;1826;31000;"2025-09-25 11:29:26"
12253;"2024-05-01";171;117;83241;2283;85641;119;2657;413;3189;155;13095;2357;15607;10;319;343;672;401;99312;5396;105109;"2025-09-25 11:29:26"
12254;"2024-05-01";172;249;39122;151;39522;208;1499;69;1776;153;11812;853;12818;14;184;120;318;624;52617;1193;54434;"2025-09-25 11:29:26"
12255;"2024-05-01";173;76;13945;149;14170;52;719;69;840;104;7925;361;8390;14;87;49;150;246;22676;628;23550;"2025-09-25 11:29:26"
12256;"2024-05-01";174;168;123167;1833;125168;130;2963;602;3695;194;22799;2116;25109;19;453;930;1402;511;149382;5481;155374;"2025-09-25 11:29:26"
12257;"2024-05-01";175;113;13880;100750;114743;69;657;2454;3180;200;9432;449;10081;5;147;36;188;387;24116;103689;128192;"2025-09-25 11:29:26"
12258;"2024-05-01";176;197;113274;2399;115870;148;3210;717;4075;201;21762;3515;25478;16;417;848;1281;562;138663;7479;146704;"2025-09-25 11:29:26"
12259;"2024-05-01";177;79;20848;142;21069;47;793;97;937;113;8137;504;8754;7;108;50;165;246;29886;793;30925;"2025-09-25 11:29:26"
12260;"2024-05-01";178;87;24343;127;24557;63;1198;79;1340;122;11257;774;12153;8;207;133;348;280;37005;1113;38398;"2025-09-25 11:29:26"
12261;"2024-05-01";179;124;16091;165;16380;57;699;105;861;108;9690;209;10007;11;93;31;135;300;26573;510;27383;"2025-09-25 11:29:26"
12262;"2024-05-01";180;82;19065;219;19366;44;729;75;848;91;8178;908;9177;3;117;91;211;220;28089;1293;29602;"2025-09-25 11:29:26"
12263;"2024-05-01";181;90;13247;92;13429;74;552;48;674;106;7063;283;7452;7;58;35;100;277;20920;458;21655;"2025-09-25 11:29:26"
12264;"2024-05-01";182;76;11106;90;11272;49;521;60;630;93;6322;141;6556;8;60;22;90;226;18009;313;18548;"2025-09-25 11:29:26"
12265;"2024-05-01";183;68;12253;6335;18656;53;524;132;709;88;6581;196;6865;11;85;24;120;220;19443;6687;26350;"2025-09-25 11:29:26"
12266;"2024-05-01";184;111;24333;82181;106625;80;1631;1091;2802;140;15589;229;15958;10;120;45;175;341;41673;83546;125560;"2025-09-25 11:29:26"
12267;"2024-05-01";185;97;25508;444;26049;54;928;918;1900;101;8077;512;8690;8;153;152;313;260;34666;2026;36952;"2025-09-25 11:29:26"
12269;"2024-05-01";187;143;118854;923;119920;96;2986;385;3467;131;21977;2743;24851;13;406;388;807;383;144223;4439;149045;"2025-09-25 11:29:26"
12270;"2024-05-01";188;218;118563;1674;120455;148;3757;541;4446;225;25969;1963;28157;15;539;374;928;606;148828;4552;153986;"2025-09-25 11:29:26"
12271;"2024-05-01";189;61;14399;37;14497;32;663;53;748;71;6496;676;7243;17;81;54;152;181;21639;820;22640;"2025-09-25 11:29:26"
12272;"2024-05-01";190;191;191442;2548;194181;112;4953;775;5840;227;25897;3650;29774;20;628;465;1113;550;222920;7438;230908;"2025-09-25 11:29:26"
12274;"2024-05-01";192;142;58329;618;59089;87;2025;273;2385;163;17946;1069;19178;18;236;179;433;410;78536;2139;81085;"2025-09-25 11:29:26"
12275;"2024-05-01";193;95;27126;385;27606;55;1190;118;1363;134;10420;283;10837;11;144;96;251;295;38880;882;40057;"2025-09-25 11:29:26"
12276;"2024-05-01";194;96;11131;54;11281;51;422;42;515;86;7018;89;7193;15;47;15;77;248;18618;200;19066;"2025-09-25 11:29:26"
12277;"2024-05-01";195;117;36928;402;37447;88;1618;253;1959;190;17291;1053;18534;16;200;167;383;411;56037;1875;58323;"2025-09-25 11:29:26"
12278;"2024-05-01";196;70;20161;120;20351;43;790;45;878;85;11357;982;12424;11;131;146;288;209;32439;1293;33941;"2025-09-25 11:29:26"
12279;"2024-05-01";197;253;64275;908;65436;244;2125;311;2680;262;19284;1186;20732;47;328;227;602;806;86012;2632;89450;"2025-09-25 11:29:26"
12280;"2024-05-01";198;72;12884;110;13066;50;597;56;703;119;5989;117;6225;15;76;27;118;256;19546;310;20112;"2025-09-25 11:29:26"
12281;"2024-05-01";199;54;6051;35;6140;31;285;27;343;60;3878;47;3985;2;33;8;43;147;10247;117;10511;"2025-09-25 11:29:26"
12282;"2024-05-01";200;132;41160;493;41785;76;1588;146;1810;147;14702;744;15593;26;219;158;403;381;57669;1541;59591;"2025-09-25 11:29:26"
12283;"2024-05-01";201;127;45440;413;45980;83;1725;245;2053;133;16409;1511;18053;17;231;365;613;360;63805;2534;66699;"2025-09-25 11:29:26"
12284;"2024-05-01";202;103;22995;166;23264;62;706;77;845;111;8639;199;8949;20;111;44;175;296;32451;486;33233;"2025-09-25 11:29:26"
12285;"2024-05-01";203;57;4344;341;4742;21;263;196;480;64;1427;31;1522;8;24;2;34;150;6058;570;6778;"2025-09-25 11:29:26"
12286;"2024-05-01";204;133;20305;119;20557;58;632;83;773;126;6645;125;6896;14;122;38;174;331;27704;365;28400;"2025-09-25 11:29:26"
12287;"2024-05-01";205;79;19600;90;19769;80;841;85;1006;127;12186;848;13161;10;109;101;220;296;32736;1124;34156;"2025-09-25 11:29:26"
12288;"2024-05-01";206;78;17809;158;18045;42;620;52;714;93;7803;586;8482;13;98;170;281;226;26330;966;27522;"2025-09-25 11:29:26"
12289;"2024-05-01";207;60;9927;40;10027;70;451;42;563;84;5982;115;6181;10;73;13;96;224;16433;210;16867;"2025-09-25 11:29:26"
12290;"2024-05-01";208;123;56199;269;56591;66;1855;346;2267;111;12995;1559;14665;14;255;312;581;314;71304;2486;74104;"2025-09-25 11:29:26"
12291;"2024-05-01";209;133;104985;1357;106475;86;2906;780;3772;211;18071;4268;22550;13;449;1723;2185;443;126411;8128;134982;"2025-09-25 11:29:26"
12292;"2024-05-01";210;163;126721;2064;128948;90;2909;309;3308;104;18085;1056;19245;26;441;309;776;383;148156;3738;152277;"2025-09-25 11:29:26"
12294;"2024-05-01";212;123;95228;1014;96365;92;2862;466;3420;136;11981;499;12616;15;305;160;480;366;110376;2139;112881;"2025-09-25 11:29:26"
12295;"2024-05-01";213;103;24504;191;24798;69;861;171;1101;106;9361;255;9722;12;81;176;269;290;34807;793;35890;"2025-09-25 11:29:26"
12296;"2024-05-01";214;50;11835;77;11962;48;451;37;536;104;4017;89;4210;6;54;28;88;208;16357;231;16796;"2025-09-25 11:29:26"
12297;"2024-05-01";215;259;243445;2307;246011;171;6155;517;6843;235;40996;4609;45840;35;814;574;1423;700;291410;8007;300117;"2025-09-25 11:29:26"
12298;"2024-05-01";216;106;14059;146;14311;56;536;112;704;132;6187;158;6477;9;65;30;104;303;20847;446;21596;"2025-09-25 11:29:26"
12299;"2024-05-01";217;110;43539;482;44131;92;1401;192;1685;108;13675;2594;16377;14;182;638;834;324;58797;3906;63027;"2025-09-25 11:29:26"
12300;"2024-05-01";218;102;47862;679;48643;81;1445;229;1755;142;10508;534;11184;16;187;116;319;341;60002;1558;61901;"2025-09-25 11:29:26"
12301;"2024-05-01";219;91;13662;65;13818;62;508;55;625;94;7196;485;7775;8;140;147;295;255;21506;752;22513;"2025-09-25 11:29:26"
12302;"2024-05-01";220;170;151547;1129;152846;99;4189;797;5085;149;22414;7168;29731;21;647;1560;2228;439;178797;10654;189890;"2025-09-25 11:29:26"
12303;"2024-05-01";221;66;10453;59;10578;52;386;45;483;89;4584;555;5228;14;56;103;173;221;15479;762;16462;"2025-09-25 11:29:26"
12304;"2024-05-01";222;214;143168;2881;146263;174;3285;1018;4477;246;26809;2368;29423;33;494;427;954;667;173756;6694;181117;"2025-09-25 11:29:26"
12305;"2024-05-01";223;70;25032;179;25281;71;1046;106;1223;94;10366;410;10870;10;141;70;221;245;36585;765;37595;"2025-09-25 11:29:26"
12306;"2024-05-01";224;137;89195;1273;90605;65;1943;474;2482;135;10543;994;11672;16;160;152;328;353;101841;2893;105087;"2025-09-25 11:29:26"
12307;"2024-05-01";225;66;94358;5455;99879;32;1904;423;2359;53;11025;1656;12734;4;199;226;429;155;107486;7760;115401;"2025-09-25 11:29:26"
12308;"2024-05-01";226;240;158160;59999;218399;220;2076;1149;3445;141;10558;980;11679;15;213;179;407;616;171007;62307;233930;"2025-09-25 11:29:26"
12309;"2024-05-01";227;218;100560;1747;102525;178;2216;276;2670;137;16654;1443;18234;18;301;346;665;551;119731;3812;124094;"2025-09-25 11:29:26"
12310;"2024-05-01";228;92;87057;716;87865;36;1940;161;2137;90;7859;974;8923;13;264;254;531;231;97120;2105;99456;"2025-09-25 11:29:26"
12311;"2024-05-01";229;101;43043;696;43840;82;1688;245;2015;118;8884;342;9344;15;161;74;250;316;53776;1357;55449;"2025-09-25 11:29:26"
12312;"2024-05-01";230;59;16144;89;16292;65;545;43;653;104;7814;170;8088;11;75;85;171;239;24578;387;25204;"2025-09-25 11:29:26"
12313;"2024-05-01";231;81;33396;34959;68436;54;1063;410;1527;82;10275;524;10881;6;245;229;480;223;44979;36122;81324;"2025-09-25 11:29:26"
12314;"2024-05-01";232;59;13469;376;13904;53;486;86;625;122;6535;146;6803;11;75;27;113;245;20565;635;21445;"2025-09-25 11:29:26"
12315;"2024-05-01";233;86;15657;110;15853;56;607;77;740;139;8169;403;8711;14;86;75;175;295;24519;665;25479;"2025-09-25 11:29:26"
12317;"2024-05-01";235;252;77526;940;78718;140;2866;151;3157;343;27078;637;28058;42;238;142;422;777;107708;1870;110355;"2025-09-25 11:29:26"
12318;"2024-05-01";236;623;250591;267221;518435;348;7156;6395;13899;692;57761;3573;62026;38;1196;586;1820;1701;316704;277775;596180;"2025-09-25 11:29:26"
12320;"2024-05-01";238;162;93747;2503;96412;147;2559;515;3221;267;18226;1430;19923;37;411;455;903;613;114943;4903;120459;"2025-09-25 11:29:26"
12322;"2024-05-01";240;110;39758;680;40548;75;1216;154;1445;129;6965;512;7606;14;167;222;403;328;48106;1568;50002;"2025-09-25 11:29:26"
12323;"2024-05-01";241;119;26227;490;26836;103;819;123;1045;184;6751;181;7116;10;142;45;197;416;33939;839;35194;"2025-09-25 11:29:26"
12324;"2024-05-01";242;110;34180;938;35228;90;1088;149;1327;113;5376;309;5798;7;147;95;249;320;40791;1491;42602;"2025-09-25 11:29:26"
12325;"2024-05-01";243;54;8807;49;8910;53;316;28;397;108;3372;50;3530;10;53;15;78;225;12548;142;12915;"2025-09-25 11:29:26"
12326;"2024-05-01";244;45;12415;167;12627;42;416;24;482;120;4170;69;4359;12;78;20;110;219;17079;280;17578;"2025-09-25 11:29:26"
12327;"2024-05-01";245;134;15120;154;15408;81;641;59;781;126;6222;132;6480;12;120;54;186;353;22103;399;22855;"2025-09-25 11:29:26"
12328;"2024-05-01";246;220;159558;2825;162603;167;4280;526;4973;237;26784;2263;29284;25;650;371;1046;649;191272;5985;197906;"2025-09-25 11:29:26"
12329;"2024-05-01";247;54;14600;86;14740;53;460;63;576;119;4994;104;5217;9;84;30;123;235;20138;283;20656;"2025-09-25 11:29:26"
12330;"2024-05-01";248;112;14204;234;14550;93;567;74;734;144;6190;155;6489;19;99;35;153;368;21060;498;21926;"2025-09-25 11:29:26"
12331;"2024-05-01";249;55;17082;195;17332;71;673;43;787;138;7035;140;7313;14;85;20;119;278;24875;398;25551;"2025-09-25 11:29:26"
12332;"2024-05-01";250;331;120950;2501;123782;279;3105;606;3990;265;18696;2741;21702;21;513;412;946;896;143264;6260;150420;"2025-09-25 11:29:26"
12333;"2024-05-01";251;61;16190;370;16621;62;608;121;791;117;3349;131;3597;10;127;41;178;250;20274;663;21187;"2025-09-25 11:29:26"
12334;"2024-05-01";252;103;17688;334;18125;84;789;90;963;123;8690;144;8957;20;95;56;171;330;27262;624;28216;"2025-09-25 11:29:26"
12335;"2024-05-01";253;122;28112;242;28476;113;1222;275;1610;179;11796;449;12424;22;146;68;236;436;41276;1034;42746;"2025-09-25 11:29:26"
12336;"2024-05-01";254;58;9756;58;9872;61;290;48;399;102;3289;51;3442;10;59;23;92;231;13394;180;13805;"2025-09-25 11:29:26"
12337;"2024-05-01";255;87;19289;506;19882;69;826;82;977;125;8624;271;9020;13;124;50;187;294;28863;909;30066;"2025-09-25 11:29:26"
12339;"2024-05-01";257;105;20130;166;20401;65;1273;101;1439;155;10659;266;11080;14;105;50;169;339;32167;583;33089;"2025-09-25 11:29:26"
12340;"2024-05-01";258;208;115428;2061;117697;127;3069;524;3720;210;19353;3113;22676;18;476;702;1196;563;138326;6400;145289;"2025-09-25 11:29:26"
12341;"2024-05-01";259;111;33647;584;34342;68;1481;142;1691;144;13594;1033;14771;8;250;155;413;331;48972;1914;51217;"2025-09-25 11:29:26"
12342;"2024-05-01";260;143;29351;556;30050;95;1161;170;1426;182;12510;447;13139;18;171;67;256;438;43193;1240;44871;"2025-09-25 11:29:26"
12343;"2024-05-01";261;71;8879;59;9009;41;456;59;556;100;4433;248;4781;6;46;37;89;218;13814;403;14435;"2025-09-25 11:29:26"
12344;"2024-05-01";262;89;18905;181;19175;61;819;115;995;127;8685;265;9077;12;108;51;171;289;28517;612;29418;"2025-09-25 11:29:26"
12345;"2024-05-01";263;68;10209;78;10355;60;402;28;490;97;5211;65;5373;9;47;17;73;234;15869;188;16291;"2025-09-25 11:29:26"
12346;"2024-05-01";264;113;45936;237;46286;120;1646;424;2190;203;12326;2342;14871;26;257;209;492;462;60165;3212;63839;"2025-09-25 11:29:26"
12347;"2024-05-01";265;182;113271;1870;115323;144;3898;495;4537;215;24377;3107;27699;16;406;428;850;557;141952;5900;148409;"2025-09-25 11:29:26"
12348;"2024-05-01";266;77;9676;58;9811;59;417;69;545;119;4954;276;5349;8;63;25;96;263;15110;428;15801;"2025-09-25 11:29:26"
12349;"2024-05-01";267;75;7862;33;7970;41;355;22;418;115;4440;77;4632;6;53;18;77;237;12710;150;13097;"2025-09-25 11:29:26"
12350;"2024-05-01";268;138;152536;3230;155904;98;3430;931;4459;126;19336;2627;22089;14;505;410;929;376;175807;7198;183381;"2025-09-25 11:29:26"
12351;"2024-05-01";269;328;136781;1973;139082;236;3096;541;3873;194;15956;1508;17658;28;334;241;603;786;156167;4263;161216;"2025-09-25 11:29:27"
12352;"2024-05-01";270;107;40817;2092;43016;110;1607;199;1916;164;14978;873;16015;7;229;138;374;388;57631;3302;61321;"2025-09-25 11:29:27"
12353;"2024-05-01";271;105;9569;55;9729;56;426;95;577;110;5056;103;5269;14;58;17;89;285;15109;270;15664;"2025-09-25 11:29:27"
12355;"2024-06-01";1;152;218463;17319;235934;58;3934;562;4554;180;13708;2423;16311;19;369;159;547;409;236474;20463;257346;"2025-09-25 11:29:39"
12356;"2024-06-01";2;108;131107;4945;136160;41;3260;705;4006;146;11945;2536;14627;7;223;214;444;302;146535;8400;155237;"2025-09-25 11:29:39"
12357;"2024-06-01";3;106;60200;2063;62369;69;2136;713;2918;132;6932;1291;8355;15;154;109;278;322;69422;4176;73920;"2025-09-25 11:29:39"
12358;"2024-06-01";4;122;67645;2075;69842;85;1651;312;2048;129;16199;2729;19057;10;409;643;1062;346;85904;5759;92009;"2025-09-25 11:29:39"
12359;"2024-06-01";5;90;99428;3022;102540;45;3021;346;3412;143;9075;2239;11457;12;181;176;369;290;111705;5783;117778;"2025-09-25 11:29:39"
12360;"2024-06-01";6;92;80620;3084;83796;44;2139;341;2524;172;8700;1646;10518;10;123;110;243;318;91582;5181;97081;"2025-09-25 11:29:39"
12361;"2024-06-01";7;107;115548;9701;125356;62;4043;585;4690;127;13862;2649;16638;7;331;167;505;303;133784;13102;147189;"2025-09-25 11:29:39"
12362;"2024-06-01";8;57;71715;3380;75152;32;2671;452;3155;72;10764;2330;13166;12;189;98;299;173;85339;6260;91772;"2025-09-25 11:29:39"
12363;"2024-06-01";9;84;129587;5507;135178;54;3348;766;4168;176;9844;2164;12184;12;268;260;540;326;143047;8697;152070;"2025-09-25 11:29:39"
12364;"2024-06-01";10;92;76579;4600;81271;48;2308;599;2955;125;7971;2053;10149;12;182;164;358;277;87040;7416;94733;"2025-09-25 11:29:39"
12365;"2024-06-01";11;101;84549;2938;87588;54;2573;146;2773;131;9769;2204;12104;10;202;98;310;296;97093;5386;102775;"2025-09-25 11:29:39"
12366;"2024-06-01";12;112;94797;1096;96005;46;2236;132;2414;125;6516;1184;7825;17;137;178;332;300;103686;2590;106576;"2025-09-25 11:29:39"
12367;"2024-06-01";13;94;101896;4240;106230;55;2535;633;3223;180;9278;2220;11678;21;241;540;802;350;113950;7633;121933;"2025-09-25 11:29:39"
12368;"2024-06-01";14;207;77745;3377;81329;105;2039;400;2544;140;5858;1806;7804;7;148;109;264;459;85790;5692;91941;"2025-09-25 11:29:39"
12369;"2024-06-01";15;178;152864;3909;156951;130;2947;650;3727;182;10675;4763;15620;16;278;196;490;506;166764;9518;176788;"2025-09-25 11:29:39"
12370;"2024-06-01";16;131;82495;8974;91600;46;1818;992;2856;177;8247;1876;10300;19;193;101;313;373;92753;11943;105069;"2025-09-25 11:29:39"
12371;"2024-06-01";17;94;105340;2011;107445;49;2835;1100;3984;138;8521;1714;10373;8;189;102;299;289;116885;4927;122101;"2025-09-25 11:29:39"
12372;"2024-06-01";18;124;207228;7458;214810;99;4047;1634;5780;161;17618;4808;22587;16;390;384;790;400;229283;14284;243967;"2025-09-25 11:29:39"
12373;"2024-06-01";19;130;127359;4307;131796;60;3080;760;3900;144;11044;2940;14128;7;270;431;708;341;141753;8438;150532;"2025-09-25 11:29:39"
12374;"2024-06-01";20;128;118767;2930;121825;59;3696;179;3934;168;13319;4434;17921;15;475;644;1134;370;136257;8187;144814;"2025-09-25 11:29:39"
12375;"2024-06-01";21;258;63834;1276;65368;118;1783;73;1974;154;5010;904;6068;12;140;28;180;542;70767;2281;73590;"2025-09-25 11:29:39"
12376;"2024-06-01";22;100;114409;4051;118560;46;2977;740;3763;139;9876;2066;12081;16;183;191;390;301;127445;7048;134794;"2025-09-25 11:29:39"
12377;"2024-06-01";23;1626;39323;242;41191;1535;1463;247;3245;344;3627;1553;5524;106;85;96;287;3611;44498;2138;50247;"2025-09-25 11:29:39"
12378;"2024-06-01";63;137;90940;1164;92241;112;1862;300;2274;91;10043;953;11087;6;216;276;498;346;103061;2693;106100;"2025-09-25 11:29:39"
12379;"2024-06-01";25;78;91898;5959;97935;33;3032;571;3636;121;11665;2812;14598;14;219;328;561;246;106814;9670;116730;"2025-09-25 11:29:39"
12380;"2024-06-01";146;1926;754068;13144;769138;1398;23433;3918;28749;2281;175945;16377;194603;205;3127;2566;5898;5810;956573;36005;998388;"2025-09-25 11:29:39"
12382;"2024-06-01";28;104;65165;2450;67719;62;2029;858;2949;105;9489;3116;12710;14;180;657;851;285;76863;7081;84229;"2025-09-25 11:29:39"
12383;"2024-06-01";29;82;74198;834;75114;49;2034;539;2622;120;10816;1302;12238;12;243;217;472;263;87291;2892;90446;"2025-09-25 11:29:39"
12384;"2024-06-01";77;302;138297;2865;141464;220;2653;550;3423;227;16128;3188;19543;18;361;585;964;767;157439;7188;165394;"2025-09-25 11:29:39"
12385;"2024-06-01";57;67;58360;727;59154;43;1187;149;1379;75;4713;330;5118;7;150;57;214;192;64410;1263;65865;"2025-09-25 11:29:39"
12386;"2024-06-01";32;73;85236;1656;86965;27;1878;361;2266;64;9904;1497;11465;1;202;266;469;165;97220;3780;101165;"2025-09-25 11:29:39"
12387;"2024-06-01";33;128;117138;21843;139109;60;2723;517;3300;170;13022;2339;15531;11;205;535;751;369;133088;25234;158691;"2025-09-25 11:29:39"
12388;"2024-06-01";79;86;109619;1519;111224;40;2085;278;2403;92;11209;1630;12931;9;262;327;598;227;123175;3754;127156;"2025-09-25 11:29:39"
12389;"2024-06-01";35;97;67157;2427;69681;56;2071;242;2369;103;14213;2311;16627;9;223;322;554;265;83664;5302;89231;"2025-09-25 11:29:39"
12390;"2024-06-01";36;108;92304;3364;95776;49;2653;338;3040;105;12841;1991;14937;9;211;280;500;271;108009;5973;114253;"2025-09-25 11:29:39"
12391;"2024-06-01";60;291;186495;18871;205657;327;4052;410;4789;206;18526;2379;21111;30;512;503;1045;854;209585;22163;232602;"2025-09-25 11:29:39"
12392;"2024-06-01";38;51;56897;61313;118261;24;1412;847;2283;80;5520;1368;6968;11;152;367;530;166;63981;63895;128042;"2025-09-25 11:29:39"
12393;"2024-06-01";39;330;104670;14792;119792;506;1624;649;2779;187;8380;2302;10869;28;183;709;920;1051;114857;18452;134360;"2025-09-25 11:29:39"
12394;"2024-06-01";40;82;26714;1301;28097;48;974;293;1315;83;4093;367;4543;9;49;52;110;222;31830;2013;34065;"2025-09-25 11:29:39"
12396;"2024-06-01";42;141;149513;10141;159795;57;2980;250;3287;130;13062;2180;15372;9;308;476;793;337;165863;13047;179247;"2025-09-25 11:29:39"
12398;"2024-06-01";44;0;19;2;21;0;4;0;4;0;27;3;30;0;0;0;0;0;50;5;55;"2025-09-25 11:29:39"
12400;"2024-06-01";46;190;239692;12120;252002;112;4712;731;5555;175;29184;5576;34935;14;580;578;1172;491;274168;19005;293664;"2025-09-25 11:29:39"
12401;"2024-06-01";47;118;117758;1484;119360;121;2878;515;3514;297;19637;2872;22806;62;398;293;753;598;140671;5164;146433;"2025-09-25 11:29:39"
12405;"2024-06-01";51;188;196225;3168;199581;192;2941;610;3743;212;15968;1331;17511;12;463;163;638;604;215597;5272;221473;"2025-09-25 11:29:39"
12408;"2024-06-01";54;129;27143;9101;36373;51;1117;317;1485;157;10395;760;11312;8;159;88;255;345;38814;10266;49425;"2025-09-25 11:29:39"
12409;"2024-06-01";55;111;95140;142839;238090;61;3114;2028;5203;112;26122;2783;29017;16;575;325;916;300;124951;147975;273226;"2025-09-25 11:29:39"
12410;"2024-06-01";56;345;223559;22119;246023;414;5057;875;6346;176;29385;3602;33163;23;566;491;1080;958;258567;27087;286612;"2025-09-25 11:29:39"
12412;"2024-06-01";58;185;143738;6058;149981;98;4045;77;4220;140;16956;4871;21967;20;425;860;1305;443;165164;11866;177473;"2025-09-25 11:29:39"
12413;"2024-06-01";59;150;204134;34720;239004;81;4550;1030;5661;103;21047;3211;24361;11;477;315;803;345;230208;39276;269829;"2025-09-25 11:29:39"
12415;"2024-06-01";61;166;206136;5363;211665;90;3127;714;3931;140;12151;3437;15728;13;390;505;908;409;221804;10019;232232;"2025-09-25 11:29:39"
12416;"2024-06-01";62;66;8740;149;8955;53;505;67;625;125;3947;64;4136;3;47;13;63;247;13239;293;13779;"2025-09-25 11:29:39"
12419;"2024-06-01";65;209;173920;3764;177893;153;4235;403;4791;185;26665;8265;35115;28;710;912;1650;575;205530;13344;219449;"2025-09-25 11:29:39"
12425;"2024-06-01";71;82;72596;1999;74677;44;2079;546;2669;107;13746;3914;17767;9;348;447;804;242;88769;6906;95917;"2025-09-25 11:29:39"
12428;"2024-06-01";74;121;176785;2737;179643;94;3143;368;3605;427;15433;2447;18307;23;612;298;933;665;195973;5850;202488;"2025-09-25 11:29:39"
12434;"2024-06-01";80;167;108248;1148;109563;94;2528;664;3286;171;20702;4195;25068;13;412;1014;1439;445;131890;7021;139356;"2025-09-25 11:29:39"
12437;"2024-06-01";83;356;176499;1205;178060;252;3258;574;4084;268;15079;1979;17326;65;634;173;872;941;195470;3931;200342;"2025-09-25 11:29:39"
12439;"2024-06-01";85;150;25485;238;25873;86;1141;136;1363;165;6609;200;6974;22;124;44;190;423;33359;618;34400;"2025-09-25 11:29:39"
12440;"2024-06-01";86;313;173804;1843;175960;158;4101;387;4646;196;19310;2664;22170;22;444;290;756;689;197659;5184;203532;"2025-09-25 11:29:39"
12441;"2024-06-01";87;104;114833;3284;118221;76;2459;612;3147;82;13127;2170;15379;10;354;161;525;272;130773;6227;137272;"2025-09-25 11:29:39"
12442;"2024-06-01";88;71;105565;2467;108103;21;2107;619;2747;36;9363;1512;10911;1;222;136;359;129;117257;4734;122120;"2025-09-25 11:29:39"
12443;"2024-06-01";89;470;30391;308;31169;106;534;37;677;124;1928;460;2512;13;82;10;105;713;32935;815;34463;"2025-09-25 11:29:39"
12444;"2024-06-01";90;128;88381;1789;90298;71;2300;428;2799;107;10233;2363;12703;11;211;203;425;317;101125;4783;106225;"2025-09-25 11:29:39"
12445;"2024-06-01";91;191;170817;864;171872;96;4775;2343;7214;131;30562;5459;36152;16;678;363;1057;434;206832;9029;216295;"2025-09-25 11:29:39"
12446;"2024-06-01";92;91;61261;1119;62471;75;1530;280;1885;98;8388;1413;9899;12;188;157;357;276;71367;2969;74612;"2025-09-25 11:29:39"
12447;"2024-06-01";93;129;87939;1014;89082;75;2127;170;2372;92;9031;3906;13029;10;179;254;443;306;99276;5344;104926;"2025-09-25 11:29:39"
12448;"2024-06-01";94;254;201865;2555;204674;114;5058;1595;6767;201;30933;4467;35601;9;687;703;1399;578;238543;9320;248441;"2025-09-25 11:29:39"
12449;"2024-06-01";95;360;269286;2224;271870;200;7180;1012;8392;220;43092;6341;49653;27;1076;497;1600;807;320634;10074;331515;"2025-09-25 11:29:39"
12450;"2024-06-01";96;92;31873;674;32639;43;1203;72;1318;83;5305;689;6077;11;88;50;149;229;38469;1485;40183;"2025-09-25 11:29:39"
12451;"2024-06-01";97;6;100;3;109;0;38;10;48;0;129;8;137;0;0;1;1;6;267;22;295;"2025-09-25 11:29:39"
12452;"2024-06-01";98;46;73182;1753;74981;19;2160;79;2258;31;8330;1234;9595;1;166;174;341;97;83838;3240;87175;"2025-09-25 11:29:39"
12453;"2024-06-01";99;37;51827;918;52782;32;1927;478;2437;30;9891;1729;11650;4;173;185;362;103;63818;3310;67231;"2025-09-25 11:29:39"
12454;"2024-06-01";100;188;129071;2917;132176;155;3520;611;4286;154;15861;3309;19324;24;327;206;557;521;148779;7043;156343;"2025-09-25 11:29:39"
12455;"2024-06-01";101;200;178812;4471;183483;54;2404;1375;3833;104;7729;1921;9754;10;365;206;581;368;189310;7973;197651;"2025-09-25 11:29:39"
12456;"2024-06-01";102;168;71933;1417;73518;61;2117;223;2401;76;7619;1583;9278;3;200;162;365;308;81869;3385;85562;"2025-09-25 11:29:39"
12457;"2024-06-01";103;215;63463;2017;65695;58;2131;262;2451;103;8872;1596;10571;17;172;139;328;393;74638;4014;79045;"2025-09-25 11:29:39"
12458;"2024-06-01";104;129;181227;4706;186062;172;4630;1501;6303;159;20498;3120;23777;22;542;559;1123;482;206897;9886;217265;"2025-09-25 11:29:39"
12459;"2024-06-01";105;277;143066;1931;145274;105;2120;133;2358;66;6730;1479;8275;3;266;135;404;451;152182;3678;156311;"2025-09-25 11:29:39"
12460;"2024-06-01";106;230;98091;978;99299;149;2747;513;3409;103;8279;2184;10566;13;218;121;352;495;109335;3796;113626;"2025-09-25 11:29:39"
12461;"2024-06-01";107;126;72954;1267;74347;60;2446;65;2571;90;6507;1940;8537;20;172;99;291;296;82079;3371;85746;"2025-09-25 11:29:39"
12462;"2024-06-01";108;167;226030;1767;227964;112;6488;456;7056;150;37428;6416;43994;23;708;504;1235;452;270654;9143;280249;"2025-09-25 11:29:39"
12463;"2024-06-01";109;202;136975;2553;139730;153;5002;1104;6259;226;22957;3995;27178;12;389;327;728;593;165323;7979;173895;"2025-09-25 11:29:39"
12464;"2024-06-01";110;85;122033;2163;124281;40;3947;654;4641;33;18331;2603;20967;3;418;371;792;161;144729;5791;150681;"2025-09-25 11:29:39"
12465;"2024-06-01";111;166;93151;711;94028;99;3075;513;3687;134;19249;3369;22752;15;990;296;1301;414;116465;4889;121768;"2025-09-25 11:29:39"
12466;"2024-06-01";112;148;114201;2328;116677;117;2137;596;2850;122;9918;3812;13852;11;341;174;526;398;126597;6910;133905;"2025-09-25 11:29:39"
12467;"2024-06-01";113;93;73866;1249;75208;27;2177;907;3111;38;9165;1590;10793;0;191;128;319;158;85399;3874;89431;"2025-09-25 11:29:39"
12468;"2024-06-01";114;181;113926;703;114810;89;3744;441;4274;172;19809;2951;22932;13;502;245;760;455;137981;4340;142776;"2025-09-25 11:29:39"
12469;"2024-06-01";115;241;53360;418;54019;101;1714;546;2361;261;12250;897;13408;13;286;85;384;616;67610;1946;70172;"2025-09-25 11:29:39"
12470;"2024-06-01";116;185;53177;349;53711;84;2005;650;2739;203;14270;6514;20987;9;310;347;666;481;69762;7860;78103;"2025-09-25 11:29:39"
12471;"2024-06-01";117;90;17508;73;17671;70;723;231;1024;159;6353;4122;10634;7;137;495;639;326;24721;4921;29968;"2025-09-25 11:29:39"
12472;"2024-06-01";118;92;104894;1174;106160;62;2775;545;3382;64;10538;2510;13112;10;313;179;502;228;118520;4408;123156;"2025-09-25 11:29:39"
12473;"2024-06-01";119;53;184264;3171;187488;39;3402;700;4141;49;11593;3661;15303;13;495;204;712;154;199754;7736;207644;"2025-09-25 11:29:39"
12474;"2024-06-01";120;27;144158;729;144914;13;1854;129;1996;22;4871;1412;6305;0;233;40;273;62;151116;2310;153488;"2025-09-25 11:29:39"
12475;"2024-06-01";121;385;120292;1584;122261;175;3901;1407;5483;237;21533;4851;26621;19;669;443;1131;816;146395;8285;155496;"2025-09-25 11:29:39"
12476;"2024-06-01";122;114;58967;397;59478;94;1268;176;1538;88;5750;2080;7918;9;137;324;470;305;66122;2977;69404;"2025-09-25 11:29:39"
12477;"2024-06-01";123;278;151430;2040;153748;268;4496;450;5214;197;18127;2963;21287;29;539;270;838;772;174592;5723;181087;"2025-09-25 11:29:39"
12478;"2024-06-01";124;207;101758;1000;102965;89;3376;753;4218;131;19011;4326;23468;16;460;546;1022;443;124605;6625;131673;"2025-09-25 11:29:39"
12479;"2024-06-01";125;267;211057;2557;213881;99;5483;2684;8266;172;31010;6306;37488;20;667;294;981;558;248217;11841;260616;"2025-09-25 11:29:39"
12480;"2024-06-01";126;358;287169;3789;291316;162;7756;2234;10152;255;35749;7455;43459;24;975;1029;2028;799;331649;14507;346955;"2025-09-25 11:29:39"
12481;"2024-06-01";127;178;66086;4578;70842;75;2745;780;3600;154;20805;2449;23408;14;358;382;754;421;89994;8189;98604;"2025-09-25 11:29:39"
12482;"2024-06-01";128;204;122766;887;123857;90;2561;348;2999;150;15656;2289;18095;12;339;152;503;456;141322;3676;145454;"2025-09-25 11:29:39"
12483;"2024-06-01";129;396;447547;3075;451018;226;10234;2725;13185;291;63997;8127;72415;75;1651;674;2400;988;523429;14601;539018;"2025-09-25 11:29:39"
12485;"2024-06-01";131;76;15383;127;15586;57;762;53;872;79;7949;259;8287;11;86;29;126;223;24180;468;24871;"2025-09-25 11:29:39"
12486;"2024-06-01";132;71;11130;145;11346;50;456;94;600;114;4874;385;5373;4;89;230;323;239;16549;854;17642;"2025-09-25 11:29:39"
12487;"2024-06-01";133;69;12083;119;12271;57;613;89;759;109;6354;615;7078;16;74;64;154;251;19124;887;20262;"2025-09-25 11:29:39"
12488;"2024-06-01";134;86;17458;117;17661;58;690;89;837;115;8226;180;8521;13;88;41;142;272;26462;427;27161;"2025-09-25 11:29:39"
12489;"2024-06-01";135;71;20084;188;20343;59;806;83;948;83;8081;684;8848;11;173;86;270;224;29144;1041;30409;"2025-09-25 11:29:39"
12490;"2024-06-01";136;78;46804;299;47181;72;2080;207;2359;112;13753;1427;15292;14;224;143;381;276;62861;2076;65213;"2025-09-25 11:29:39"
12491;"2024-06-01";137;103;54574;702;55379;82;1697;181;1960;157;13703;1724;15584;11;346;892;1249;353;70320;3499;74172;"2025-09-25 11:29:39"
12492;"2024-06-01";138;34;17250;164;17448;25;536;35;596;31;3224;583;3838;7;67;50;124;97;21077;832;22006;"2025-09-25 11:29:39"
12493;"2024-06-01";139;75;45112;297;45484;67;1494;85;1646;87;9294;1086;10467;6;215;82;303;235;56115;1550;57900;"2025-09-25 11:29:39"
12494;"2024-06-01";140;1;8;0;9;0;3;0;3;0;8;0;8;0;0;0;0;1;19;0;20;"2025-09-25 11:29:39"
12495;"2024-06-01";141;207;87796;1061;89064;115;2150;368;2633;176;12076;1109;13361;16;330;265;611;514;102352;2803;105669;"2025-09-25 11:29:39"
12496;"2024-06-01";142;55;84433;1724;86212;125;2049;842;3016;65;10953;1790;12808;4;301;211;516;249;97736;4567;102552;"2025-09-25 11:29:39"
12497;"2024-06-01";143;165;91061;2376;93602;122;2430;547;3099;128;14462;2058;16648;9;398;190;597;424;108351;5171;113946;"2025-09-25 11:29:39"
12498;"2024-06-01";144;133;128046;4301;132480;87;2975;679;3741;131;15801;2342;18274;13;547;334;894;364;147369;7656;155389;"2025-09-25 11:29:39"
12499;"2024-06-01";145;193;94244;5606;100043;154;2844;417;3415;259;20036;1790;22085;29;426;279;734;635;117550;8092;126277;"2025-09-25 11:29:39"
12501;"2024-06-01";147;77;23374;62;23513;38;579;98;715;55;2268;416;2739;9;90;33;132;179;26311;609;27099;"2025-09-25 11:29:39"
12502;"2024-06-01";148;229;42199;1344;43772;120;1557;372;2049;224;12853;671;13748;24;200;129;353;597;56809;2516;59922;"2025-09-25 11:29:39"
12503;"2024-06-01";149;70;20581;1573;22224;45;1011;233;1289;94;8622;600;9316;7;111;74;192;216;30325;2480;33021;"2025-09-25 11:29:39"
12504;"2024-06-01";150;151;45585;831;46567;91;2039;377;2507;145;15249;1079;16473;29;200;86;315;416;63073;2373;65862;"2025-09-25 11:29:39"
12505;"2024-06-01";151;156;84797;791;85744;78;2439;358;2875;188;19095;2328;21611;17;473;798;1288;439;106804;4275;111518;"2025-09-25 11:29:39"
12506;"2024-06-01";152;132;40295;528;40955;73;1401;180;1654;183;12841;545;13569;32;195;155;382;420;54732;1408;56560;"2025-09-25 11:29:39"
12507;"2024-06-01";153;95;23013;194;23302;69;1089;336;1494;149;11231;395;11775;13;85;53;151;326;35418;978;36722;"2025-09-25 11:29:39"
12508;"2024-06-01";154;172;81761;1011;82944;88;2457;489;3034;162;19043;1861;21066;25;396;432;853;447;103657;3793;107897;"2025-09-25 11:29:39"
12509;"2024-06-01";155;78;19621;148;19847;40;726;115;881;109;7706;436;8251;15;87;81;183;242;28140;780;29162;"2025-09-25 11:29:39"
12510;"2024-06-01";156;189;171220;2383;173792;144;4750;484;5378;189;24300;3760;28249;46;686;379;1111;568;200956;7006;208530;"2025-09-25 11:29:39"
12511;"2024-06-01";157;140;34412;281;34833;124;1400;315;1839;188;11511;722;12421;16;195;116;327;468;47518;1434;49420;"2025-09-25 11:29:39"
12512;"2024-06-01";158;110;118908;1792;120810;67;3805;657;4529;126;19752;2808;22686;10;519;405;934;313;142984;5662;148959;"2025-09-25 11:29:39"
12513;"2024-06-01";159;167;181048;1748;182963;146;4431;867;5444;214;20937;2474;23625;23;577;282;882;550;206993;5371;212914;"2025-09-25 11:29:39"
12514;"2024-06-01";160;77;11440;66;11583;55;478;61;594;120;6019;491;6630;17;65;72;154;269;18002;690;18961;"2025-09-25 11:29:39"
12515;"2024-06-01";161;83;24621;194;24898;45;989;114;1148;196;10795;259;11250;19;137;53;209;343;36542;620;37505;"2025-09-25 11:29:39"
12516;"2024-06-01";162;175;42678;319;43172;91;1379;196;1666;142;12247;759;13148;20;226;129;375;428;56530;1403;58361;"2025-09-25 11:29:39"
12518;"2024-06-01";164;83;12298;166;12547;64;503;76;643;100;6611;735;7446;10;83;40;133;257;19495;1017;20769;"2025-09-25 11:29:39"
12519;"2024-06-01";165;101;20762;160;21023;74;1024;93;1191;139;12652;261;13052;10;117;42;169;324;34555;556;35435;"2025-09-25 11:29:39"
12520;"2024-06-01";166;68;10548;102;10718;42;424;61;527;73;5025;392;5490;6;52;65;123;189;16049;620;16858;"2025-09-25 11:29:39"
12521;"2024-06-01";167;92;76615;837;77544;69;2148;277;2494;88;14521;3456;18065;14;527;1662;2203;263;93811;6232;100306;"2025-09-25 11:29:39"
12522;"2024-06-01";168;59;9220;402;9681;40;396;52;488;77;3949;205;4231;4;66;23;93;180;13631;682;14493;"2025-09-25 11:29:39"
12523;"2024-06-01";169;142;52409;784;53335;122;1887;375;2384;212;15544;1709;17465;19;350;267;636;495;70190;3135;73820;"2025-09-25 11:29:39"
12524;"2024-06-01";170;80;20201;400;20681;49;772;264;1085;78;7913;1048;9039;11;119;147;277;218;29005;1859;31082;"2025-09-25 11:29:39"
12525;"2024-06-01";171;117;83194;2271;85582;117;2659;409;3185;154;13051;2347;15552;10;325;339;674;398;99229;5366;104993;"2025-09-25 11:29:39"
12526;"2024-06-01";172;245;39371;151;39767;211;1480;69;1760;157;11812;848;12817;14;188;120;322;627;52851;1188;54666;"2025-09-25 11:29:39"
12527;"2024-06-01";173;76;13961;153;14190;52;717;69;838;106;7931;364;8401;14;85;50;149;248;22694;636;23578;"2025-09-25 11:29:39"
12528;"2024-06-01";174;168;123335;1848;125351;133;2947;600;3680;194;22762;2122;25078;19;453;932;1404;514;149497;5502;155513;"2025-09-25 11:29:39"
12529;"2024-06-01";175;113;13949;100572;114634;69;652;2479;3200;204;9418;388;10010;5;147;36;188;391;24166;103475;128032;"2025-09-25 11:29:39"
12530;"2024-06-01";176;198;113467;2440;116105;146;3195;722;4063;202;21771;3523;25496;16;412;850;1278;562;138845;7535;146942;"2025-09-25 11:29:39"
12531;"2024-06-01";177;79;20894;142;21115;47;791;94;932;115;8145;509;8769;7;112;50;169;248;29942;795;30985;"2025-09-25 11:29:39"
12532;"2024-06-01";178;87;24357;124;24568;64;1201;79;1344;120;11284;779;12183;8;209;134;351;279;37051;1116;38446;"2025-09-25 11:29:39"
12533;"2024-06-01";179;124;16111;165;16400;57;704;105;866;106;9693;207;10006;11;95;31;137;298;26603;508;27409;"2025-09-25 11:29:39"
12534;"2024-06-01";180;82;19088;229;19399;45;726;83;854;94;8201;908;9203;3;117;91;211;224;28132;1311;29667;"2025-09-25 11:29:39"
12535;"2024-06-01";181;90;13251;93;13434;74;545;48;667;106;7099;282;7487;7;60;34;101;277;20955;457;21689;"2025-09-25 11:29:39"
12536;"2024-06-01";182;77;11094;90;11261;50;521;60;631;93;6309;143;6545;8;60;22;90;228;17984;315;18527;"2025-09-25 11:29:39"
12537;"2024-06-01";183;69;12307;6186;18562;53;517;126;696;91;6565;199;6855;11;88;25;124;224;19477;6536;26237;"2025-09-25 11:29:39"
12538;"2024-06-01";184;112;24349;82562;107023;81;1614;1070;2765;139;15542;233;15914;10;120;44;174;342;41625;83909;125876;"2025-09-25 11:29:39"
12539;"2024-06-01";185;97;25561;451;26109;52;923;925;1900;101;8054;506;8661;9;155;151;315;259;34693;2033;36985;"2025-09-25 11:29:39"
12541;"2024-06-01";187;143;119217;925;120285;98;2993;376;3467;132;22001;2760;24893;13;411;387;811;386;144622;4448;149456;"2025-09-25 11:29:39"
12542;"2024-06-01";188;212;118705;1717;120634;148;3746;540;4434;228;25939;1974;28141;15;540;374;929;603;148930;4605;154138;"2025-09-25 11:29:39"
12543;"2024-06-01";189;62;14399;37;14498;32;661;55;748;70;6483;675;7228;17;80;53;150;181;21623;820;22624;"2025-09-25 11:29:39"
12544;"2024-06-01";190;191;191797;2532;194520;108;4949;773;5830;227;25899;3637;29763;20;632;465;1117;546;223277;7407;231230;"2025-09-25 11:29:39"
12546;"2024-06-01";192;143;58294;621;59058;87;2018;266;2371;161;17931;1074;19166;18;239;179;436;409;78482;2140;81031;"2025-09-25 11:29:39"
12547;"2024-06-01";193;95;27172;384;27651;55;1190;118;1363;134;10423;281;10838;11;143;96;250;295;38928;879;40102;"2025-09-25 11:29:39"
12548;"2024-06-01";194;96;11149;53;11298;51;425;41;517;87;7001;88;7176;16;49;14;79;250;18624;196;19070;"2025-09-25 11:29:39"
12549;"2024-06-01";195;117;36971;401;37489;88;1620;253;1961;192;17286;1052;18530;16;202;168;386;413;56079;1874;58366;"2025-09-25 11:29:39"
12550;"2024-06-01";196;70;20214;127;20411;43;790;46;879;86;11355;980;12421;15;128;145;288;214;32487;1298;33999;"2025-09-25 11:29:39"
12551;"2024-06-01";197;253;64400;910;65563;244;2137;312;2693;262;19292;1195;20749;48;330;227;605;807;86159;2644;89610;"2025-09-25 11:29:39"
12552;"2024-06-01";198;72;12884;110;13066;50;599;56;705;122;6012;116;6250;16;77;27;120;260;19572;309;20141;"2025-09-25 11:29:39"
12553;"2024-06-01";199;54;6065;36;6155;31;285;27;343;60;3877;47;3984;2;34;7;43;147;10261;117;10525;"2025-09-25 11:29:39"
12554;"2024-06-01";200;134;41243;481;41858;77;1579;145;1801;148;14709;745;15602;26;220;160;406;385;57751;1531;59667;"2025-09-25 11:29:39"
12555;"2024-06-01";201;127;45499;408;46034;83;1718;245;2046;130;16435;1508;18073;17;231;355;603;357;63883;2516;66756;"2025-09-25 11:29:39"
12556;"2024-06-01";202;103;23013;166;23282;62;704;77;843;113;8644;201;8958;20;110;44;174;298;32471;488;33257;"2025-09-25 11:29:39"
12557;"2024-06-01";203;58;4366;340;4764;21;264;196;481;63;1419;31;1513;8;26;2;36;150;6075;569;6794;"2025-09-25 11:29:39"
12558;"2024-06-01";204;134;20333;118;20585;58;624;83;765;122;6638;127;6887;15;118;38;171;329;27713;366;28408;"2025-09-25 11:29:39"
12559;"2024-06-01";205;79;19629;87;19795;80;841;84;1005;125;12208;848;13181;10;113;101;224;294;32791;1120;34205;"2025-09-25 11:29:39"
12560;"2024-06-01";206;78;17819;158;18055;42;620;52;714;92;7809;593;8494;14;94;168;276;226;26342;971;27539;"2025-09-25 11:29:39"
12561;"2024-06-01";207;60;9927;40;10027;67;453;42;562;83;5984;114;6181;10;72;13;95;220;16436;209;16865;"2025-09-25 11:29:39"
12562;"2024-06-01";208;123;56166;272;56561;66;1836;341;2243;111;12966;1573;14650;14;257;310;581;314;71225;2496;74035;"2025-09-25 11:29:39"
12563;"2024-06-01";209;133;104860;1363;106356;85;2915;769;3769;212;18117;4261;22590;13;449;1733;2195;443;126341;8126;134910;"2025-09-25 11:29:39"
12564;"2024-06-01";210;163;127260;2107;129530;92;2905;321;3318;100;18104;1055;19259;26;444;303;773;381;148713;3786;152880;"2025-09-25 11:29:39"
12566;"2024-06-01";212;123;95358;1021;96502;90;2866;470;3426;138;12024;500;12662;15;309;161;485;366;110557;2152;113075;"2025-09-25 11:29:39"
12567;"2024-06-01";213;102;24516;190;24808;70;850;169;1089;106;9354;252;9712;12;80;177;269;290;34800;788;35878;"2025-09-25 11:29:39"
12568;"2024-06-01";214;49;11872;78;11999;48;451;37;536;103;4019;91;4213;6;51;28;85;206;16393;234;16833;"2025-09-25 11:29:39"
12569;"2024-06-01";215;258;243710;2299;246267;171;6118;530;6819;236;40914;4619;45769;36;824;576;1436;701;291566;8024;300291;"2025-09-25 11:29:39"
12570;"2024-06-01";216;106;14076;146;14328;54;535;111;700;136;6186;157;6479;9;63;30;102;305;20860;444;21609;"2025-09-25 11:29:39"
12571;"2024-06-01";217;110;43604;482;44196;92;1401;193;1686;108;13677;2599;16384;14;192;630;836;324;58874;3904;63102;"2025-09-25 11:29:39"
12572;"2024-06-01";218;101;47955;678;48734;79;1438;239;1756;138;10497;536;11171;17;182;116;315;335;60072;1569;61976;"2025-09-25 11:29:39"
12573;"2024-06-01";219;91;13678;65;13834;62;510;55;627;97;7185;487;7769;8;141;149;298;258;21514;756;22528;"2025-09-25 11:29:39"
12574;"2024-06-01";220;168;152216;1123;153507;98;4188;794;5080;148;22398;7172;29718;21;653;1549;2223;435;179455;10638;190528;"2025-09-25 11:29:39"
12575;"2024-06-01";221;65;10453;56;10574;52;385;45;482;89;4571;549;5209;14;58;104;176;220;15467;754;16441;"2025-09-25 11:29:39"
12576;"2024-06-01";222;212;143539;2870;146621;174;3282;1018;4474;240;26847;2369;29456;34;494;428;956;660;174162;6685;181507;"2025-09-25 11:29:39"
12577;"2024-06-01";223;70;25028;180;25278;73;1039;111;1223;95;10361;412;10868;10;142;66;218;248;36570;769;37587;"2025-09-25 11:29:39"
12578;"2024-06-01";224;139;89391;1269;90799;65;1937;475;2477;136;10541;985;11662;16;156;152;324;356;102025;2881;105262;"2025-09-25 11:29:39"
12579;"2024-06-01";225;66;94580;5533;100179;32;1888;409;2329;53;10944;1660;12657;4;206;229;439;155;107618;7831;115604;"2025-09-25 11:29:39"
12580;"2024-06-01";226;238;159217;60311;219766;220;2094;1135;3449;143;10563;990;11696;15;208;178;401;616;172082;62614;235312;"2025-09-25 11:29:39"
12581;"2024-06-01";227;218;100343;1753;102314;178;2207;277;2662;137;16665;1449;18251;18;297;348;663;551;119512;3827;123890;"2025-09-25 11:29:39"
12582;"2024-06-01";228;92;87126;720;87938;36;1928;168;2132;90;7874;973;8937;14;270;262;546;232;97198;2123;99553;"2025-09-25 11:29:39"
12583;"2024-06-01";229;100;43091;695;43886;82;1676;232;1990;120;8870;345;9335;16;160;73;249;318;53797;1345;55460;"2025-09-25 11:29:39"
12584;"2024-06-01";230;60;16165;88;16313;65;543;43;651;105;7826;166;8097;11;78;85;174;241;24612;382;25235;"2025-09-25 11:29:39"
12585;"2024-06-01";231;81;33375;35333;68789;54;1059;386;1499;82;10265;527;10874;6;248;229;483;223;44947;36475;81645;"2025-09-25 11:29:39"
12586;"2024-06-01";232;59;13489;374;13922;53;486;85;624;122;6553;152;6827;11;75;27;113;245;20603;638;21486;"2025-09-25 11:29:39"
12587;"2024-06-01";233;85;15696;111;15892;58;603;77;738;139;8156;405;8700;14;86;76;176;296;24541;669;25506;"2025-09-25 11:29:39"
12589;"2024-06-01";235;253;77476;943;78672;137;2851;150;3138;344;27045;641;28030;42;241;142;425;776;107613;1876;110265;"2025-09-25 11:29:39"
12590;"2024-06-01";236;622;251300;268194;520116;354;7131;6401;13886;695;57939;3568;62202;38;1213;595;1846;1709;317583;278758;598050;"2025-09-25 11:29:39"
12592;"2024-06-01";238;156;93912;2521;96589;147;2554;520;3221;269;18225;1429;19923;38;407;455;900;610;115098;4925;120633;"2025-09-25 11:29:39"
12594;"2024-06-01";240;107;39760;680;40547;75;1218;153;1446;130;6937;511;7578;13;172;221;406;325;48087;1565;49977;"2025-09-25 11:29:39"
12595;"2024-06-01";241;118;26273;483;26874;103;816;122;1041;184;6771;181;7136;10;141;44;195;415;34001;830;35246;"2025-09-25 11:29:39"
12596;"2024-06-01";242;110;34184;948;35242;89;1079;149;1317;111;5385;307;5803;7;146;95;248;317;40794;1499;42610;"2025-09-25 11:29:39"
12597;"2024-06-01";243;52;8811;63;8926;53;314;30;397;109;3361;50;3520;10;53;16;79;224;12539;159;12922;"2025-09-25 11:29:39"
12598;"2024-06-01";244;45;12450;167;12662;42;414;24;480;122;4167;71;4360;12;80;20;112;221;17111;282;17614;"2025-09-25 11:29:39"
12599;"2024-06-01";245;132;15146;151;15429;80;635;59;774;127;6244;129;6500;13;123;54;190;352;22148;393;22893;"2025-09-25 11:29:39"
12600;"2024-06-01";246;217;160007;2843;163067;167;4284;513;4964;235;26814;2281;29330;25;661;372;1058;644;191766;6009;198419;"2025-09-25 11:29:39"
12601;"2024-06-01";247;56;14625;92;14773;54;456;63;573;119;4994;109;5222;9;83;30;122;238;20158;294;20690;"2025-09-25 11:29:39"
12602;"2024-06-01";248;111;14197;230;14538;93;566;74;733;144;6182;153;6479;19;99;35;153;367;21044;492;21903;"2025-09-25 11:29:39"
12603;"2024-06-01";249;55;17050;201;17306;67;670;53;790;139;7022;142;7303;14;83;21;118;275;24825;417;25517;"2025-09-25 11:29:39"
12604;"2024-06-01";250;358;121032;2500;123890;279;3100;607;3986;266;18671;2748;21685;21;511;412;944;924;143314;6267;150505;"2025-09-25 11:29:39"
12605;"2024-06-01";251;61;16166;385;16612;63;609;121;793;117;3343;133;3593;10;127;39;176;251;20245;678;21174;"2025-09-25 11:29:39"
12606;"2024-06-01";252;102;17704;281;18087;84;784;97;965;123;8674;143;8940;20;95;57;172;329;27257;578;28164;"2025-09-25 11:29:39"
12607;"2024-06-01";253;121;28132;259;28512;114;1220;267;1601;179;11791;450;12420;22;147;68;237;436;41290;1044;42770;"2025-09-25 11:29:39"
12608;"2024-06-01";254;57;9855;59;9971;61;287;45;393;103;3300;52;3455;10;58;23;91;231;13500;179;13910;"2025-09-25 11:29:39"
12609;"2024-06-01";255;89;19339;505;19933;67;820;81;968;127;8636;272;9035;13;125;50;188;296;28920;908;30124;"2025-09-25 11:29:39"
12611;"2024-06-01";257;105;20163;166;20434;66;1263;99;1428;155;10668;274;11097;14;104;48;166;340;32198;587;33125;"2025-09-25 11:29:39"
12612;"2024-06-01";258;210;115647;2055;117912;129;3052;525;3706;211;19334;3125;22670;18;475;704;1197;568;138508;6409;145485;"2025-09-25 11:29:39"
12613;"2024-06-01";259;115;33776;584;34475;69;1472;132;1673;145;13604;1033;14782;8;251;152;411;337;49103;1901;51341;"2025-09-25 11:29:39"
12614;"2024-06-01";260;138;29381;539;30058;103;1154;172;1429;182;12504;449;13135;18;176;67;261;441;43215;1227;44883;"2025-09-25 11:29:39"
12615;"2024-06-01";261;71;8895;59;9025;41;458;58;557;100;4440;246;4786;7;46;38;91;219;13839;401;14459;"2025-09-25 11:29:39"
12616;"2024-06-01";262;88;18906;182;19176;61;818;115;994;129;8685;270;9084;12;105;52;169;290;28514;619;29423;"2025-09-25 11:29:39"
12617;"2024-06-01";263;68;10245;79;10392;61;393;28;482;99;5214;64;5377;9;47;18;74;237;15899;189;16325;"2025-09-25 11:29:39"
12618;"2024-06-01";264;111;46045;236;46392;122;1637;424;2183;206;12323;2337;14866;26;255;209;490;465;60260;3206;63931;"2025-09-25 11:29:39"
12619;"2024-06-01";265;181;113414;1869;115464;144;3892;494;4530;215;24404;3106;27725;16;413;431;860;556;142123;5900;148579;"2025-09-25 11:29:39"
12620;"2024-06-01";266;79;9724;58;9861;57;422;70;549;120;4956;273;5349;8;64;25;97;264;15166;426;15856;"2025-09-25 11:29:39"
12621;"2024-06-01";267;75;7865;34;7974;41;352;22;415;114;4433;77;4624;6;52;18;76;236;12702;151;13089;"2025-09-25 11:29:39"
12622;"2024-06-01";268;139;152806;3203;156148;100;3411;939;4450;125;19348;2629;22102;14;515;406;935;378;176080;7177;183635;"2025-09-25 11:29:39"
12623;"2024-06-01";269;332;136769;1975;139076;238;3087;545;3870;206;15989;1512;17707;28;337;246;611;804;156182;4278;161264;"2025-09-25 11:29:39"
12624;"2024-06-01";270;109;40871;2049;43029;110;1601;200;1911;164;14994;878;16036;7;230;135;372;390;57696;3262;61348;"2025-09-25 11:29:39"
12625;"2024-06-01";271;105;9561;56;9722;56;421;95;572;110;5049;104;5263;14;57;17;88;285;15088;272;15645;"2025-09-25 11:29:39"
12627;"2024-07-01";1;151;218439;17130;235720;59;3927;573;4559;179;13676;2456;16311;19;369;160;548;408;236411;20319;257138;"2025-09-25 11:29:50"
12628;"2024-07-01";2;110;131523;4941;136574;41;3272;684;3997;145;11918;2534;14597;7;223;210;440;303;146936;8369;155608;"2025-09-25 11:29:50"
12629;"2024-07-01";3;107;60126;2085;62318;69;2109;713;2891;130;6878;1282;8290;14;155;110;279;320;69268;4190;73778;"2025-09-25 11:29:50"
12630;"2024-07-01";4;117;67856;2166;70139;85;1647;315;2047;130;16248;2737;19115;10;416;641;1067;342;86167;5859;92368;"2025-09-25 11:29:50"
12631;"2024-07-01";5;89;99321;3029;102439;45;2993;345;3383;143;9047;2223;11413;12;183;176;371;289;111544;5773;117606;"2025-09-25 11:29:50"
12632;"2024-07-01";6;92;80537;3091;83720;46;2105;330;2481;172;8617;1633;10422;10;124;109;243;320;91383;5163;96866;"2025-09-25 11:29:50"
12633;"2024-07-01";7;108;115501;9627;125236;62;3972;586;4620;127;13825;2640;16592;7;338;165;510;304;133636;13018;146958;"2025-09-25 11:29:50"
12634;"2024-07-01";8;60;71801;3388;75249;32;2646;452;3130;73;10755;2308;13136;12;186;99;297;177;85388;6247;91812;"2025-09-25 11:29:50"
12635;"2024-07-01";9;84;129615;5612;135311;56;3311;766;4133;175;9797;2166;12138;12;271;259;542;327;142994;8803;152124;"2025-09-25 11:29:50"
12636;"2024-07-01";10;92;76504;4643;81239;48;2274;588;2910;129;7931;2055;10115;12;187;162;361;281;86896;7448;94625;"2025-09-25 11:29:50"
12637;"2024-07-01";11;102;84586;2909;87597;54;2564;132;2750;131;9748;2202;12081;10;200;99;309;297;97098;5342;102737;"2025-09-25 11:29:50"
12638;"2024-07-01";12;114;94843;1067;96024;44;2208;130;2382;135;6481;1183;7799;17;135;174;326;310;103667;2554;106531;"2025-09-25 11:29:50"
12639;"2024-07-01";13;94;101922;4255;106271;55;2516;635;3206;182;9262;2212;11656;21;242;539;802;352;113942;7641;121935;"2025-09-25 11:29:50"
12640;"2024-07-01";14;210;77718;3414;81342;105;2003;401;2509;140;5821;1802;7763;7;148;107;262;462;85690;5724;91876;"2025-09-25 11:29:50"
12641;"2024-07-01";15;186;153036;3849;157071;137;2938;647;3722;184;10638;4751;15573;16;266;205;487;523;166878;9452;176853;"2025-09-25 11:29:50"
12642;"2024-07-01";16;131;82387;8886;91404;46;1806;988;2840;177;8208;1875;10260;19;191;102;312;373;92592;11851;104816;"2025-09-25 11:29:50"
12643;"2024-07-01";17;96;105373;2005;107474;50;2795;1102;3947;138;8496;1712;10346;8;196;101;305;292;116860;4920;122072;"2025-09-25 11:29:50"
12644;"2024-07-01";18;131;207074;7539;214744;99;3999;1642;5740;160;17509;4784;22453;16;391;388;795;406;228973;14353;243732;"2025-09-25 11:29:50"
12645;"2024-07-01";19;131;127355;4366;131852;61;3066;734;3861;145;11022;2930;14097;7;272;429;708;344;141715;8459;150518;"2025-09-25 11:29:50"
12646;"2024-07-01";20;128;118726;2920;121774;62;3652;177;3891;167;13240;4442;17849;15;481;637;1133;372;136099;8176;144647;"2025-09-25 11:29:50"
12647;"2024-07-01";21;258;63715;1273;65246;118;1768;72;1958;153;4986;938;6077;12;144;28;184;541;70613;2311;73465;"2025-09-25 11:29:50"
12648;"2024-07-01";22;100;114333;4044;118477;46;2949;740;3735;140;9817;2066;12023;16;188;193;397;302;127287;7043;134632;"2025-09-25 11:29:50"
12649;"2024-07-01";23;1654;39418;237;41309;1533;1447;249;3229;339;3632;1561;5532;107;88;95;290;3633;44585;2142;50360;"2025-09-25 11:29:50"
12650;"2024-07-01";63;140;91054;1140;92334;112;1859;277;2248;93;10006;949;11048;6;217;277;500;351;103136;2643;106130;"2025-09-25 11:29:50"
12651;"2024-07-01";25;78;91962;5976;98016;33;2999;570;3602;122;11610;2801;14533;14;218;328;560;247;106789;9675;116711;"2025-09-25 11:29:50"
12652;"2024-07-01";146;1959;754947;13126;770032;1401;23374;3920;28695;2308;176165;16403;194876;205;3147;2567;5919;5873;957633;36016;999522;"2025-09-25 11:29:50"
12654;"2024-07-01";28;98;65081;2454;67633;62;2024;856;2942;103;9457;3107;12667;14;183;658;855;277;76745;7075;84097;"2025-09-25 11:29:50"
12655;"2024-07-01";29;80;74239;832;75151;49;2029;540;2618;121;10815;1298;12234;12;243;215;470;262;87326;2885;90473;"2025-09-25 11:29:50"
12656;"2024-07-01";77;298;138466;2894;141658;220;2647;547;3414;227;16112;3202;19541;18;356;584;958;763;157581;7227;165571;"2025-09-25 11:29:50"
12657;"2024-07-01";57;67;58413;744;59224;44;1183;147;1374;75;4709;331;5115;7;150;58;215;193;64455;1280;65928;"2025-09-25 11:29:50"
12658;"2024-07-01";32;71;85318;1641;87030;27;1876;365;2268;65;9867;1509;11441;1;207;270;478;164;97268;3785;101217;"2025-09-25 11:29:50"
12659;"2024-07-01";33;126;117332;22396;139854;63;2701;516;3280;168;13017;2344;15529;10;204;536;750;367;133254;25792;159413;"2025-09-25 11:29:50"
12660;"2024-07-01";79;86;109766;1522;111374;41;2084;279;2404;92;11173;1628;12893;9;268;326;603;228;123291;3755;127274;"2025-09-25 11:29:50"
12661;"2024-07-01";35;94;67114;2424;69632;57;2074;242;2373;102;14269;2311;16682;9;222;322;553;262;83679;5299;89240;"2025-09-25 11:29:50"
12662;"2024-07-01";36;107;92325;3382;95814;49;2632;338;3019;103;12823;1992;14918;9;211;279;499;268;107991;5991;114250;"2025-09-25 11:29:50"
12663;"2024-07-01";60;298;186402;19445;206145;314;4036;419;4769;204;18448;2386;21038;30;513;503;1046;846;209399;22753;232998;"2025-09-25 11:29:50"
12664;"2024-07-01";38;51;56727;62134;118912;24;1407;839;2270;81;5496;1366;6943;11;154;366;531;167;63784;64705;128656;"2025-09-25 11:29:50"
12665;"2024-07-01";39;328;104788;15050;120166;506;1639;656;2801;191;8412;2297;10900;27;183;716;926;1052;115022;18719;134793;"2025-09-25 11:29:50"
12666;"2024-07-01";40;82;26672;1310;28064;48;974;293;1315;83;4096;367;4546;9;50;51;110;222;31792;2021;34035;"2025-09-25 11:29:50"
12668;"2024-07-01";42;136;149839;9942;159917;56;2972;249;3277;129;13059;2175;15363;9;311;473;793;330;166181;12839;179350;"2025-09-25 11:29:50"
12670;"2024-07-01";44;0;19;2;21;0;4;0;4;0;24;3;27;0;0;0;0;0;47;5;52;"2025-09-25 11:29:50"
12672;"2024-07-01";46;191;239828;12412;252431;111;4706;730;5547;177;29196;5563;34936;14;588;575;1177;493;274318;19280;294091;"2025-09-25 11:29:50"
12673;"2024-07-01";47;127;117792;1484;119403;121;2872;518;3511;294;19630;2878;22802;62;404;292;758;604;140698;5172;146474;"2025-09-25 11:29:50"
12677;"2024-07-01";51;191;196173;3160;199524;193;2950;608;3751;212;15905;1333;17450;12;459;160;631;608;215487;5261;221356;"2025-09-25 11:29:50"
12680;"2024-07-01";54;136;27201;8361;35698;51;1122;308;1481;158;10410;753;11321;8;169;89;266;353;38902;9511;48766;"2025-09-25 11:29:50"
12681;"2024-07-01";55;111;95284;142132;237527;61;3116;2000;5177;112;26146;2758;29016;15;578;331;924;299;125124;147221;272644;"2025-09-25 11:29:50"
12682;"2024-07-01";56;349;223879;21323;245551;413;5031;875;6319;175;29321;3623;33119;23;573;499;1095;960;258804;26320;286084;"2025-09-25 11:29:50"
12684;"2024-07-01";58;186;144103;7747;152036;99;4043;80;4222;134;16945;4852;21931;18;434;831;1283;437;165525;13510;179472;"2025-09-25 11:29:50"
12685;"2024-07-01";59;151;203964;34327;238442;84;4514;1030;5628;105;20944;3213;24262;11;474;314;799;351;229896;38884;269131;"2025-09-25 11:29:50"
12687;"2024-07-01";61;170;207262;5334;212766;90;3116;710;3916;141;12227;3441;15809;13;395;505;913;414;223000;9990;233404;"2025-09-25 11:29:50"
12688;"2024-07-01";62;71;8797;144;9012;53;506;67;626;124;3974;63;4161;3;46;13;62;251;13323;287;13861;"2025-09-25 11:29:50"
12691;"2024-07-01";65;214;174191;3699;178104;152;4234;371;4757;184;26632;8241;35057;28;717;915;1660;578;205774;13226;219578;"2025-09-25 11:29:50"
12697;"2024-07-01";71;82;72584;1946;74612;45;2069;544;2658;109;13698;3883;17690;9;344;448;801;245;88695;6821;95761;"2025-09-25 11:29:50"
12700;"2024-07-01";74;123;177056;2722;179901;93;3137;368;3598;441;15494;2446;18381;23;612;297;932;680;196299;5833;202812;"2025-09-25 11:29:50"
12706;"2024-07-01";80;169;108501;1151;109821;95;2518;666;3279;171;20720;4197;25088;14;417;1019;1450;449;132156;7033;139638;"2025-09-25 11:29:50"
12709;"2024-07-01";83;362;176829;1192;178383;252;3243;585;4080;268;15098;1978;17344;65;634;172;871;947;195804;3927;200678;"2025-09-25 11:29:50"
12711;"2024-07-01";85;152;25491;238;25881;85;1139;136;1360;160;6617;202;6979;23;125;44;192;420;33372;620;34412;"2025-09-25 11:29:50"
12712;"2024-07-01";86;312;173964;1853;176129;158;4073;380;4611;196;19305;2674;22175;22;449;287;758;688;197791;5194;203673;"2025-09-25 11:29:50"
12713;"2024-07-01";87;105;115064;3279;118448;76;2442;614;3132;82;13100;2177;15359;10;357;160;527;273;130963;6230;137466;"2025-09-25 11:29:50"
12714;"2024-07-01";88;70;105451;2461;107982;21;2075;610;2706;36;9373;1516;10925;1;222;136;359;128;117121;4723;121972;"2025-09-25 11:29:50"
12715;"2024-07-01";89;471;30484;309;31264;103;531;35;669;123;1924;458;2505;15;83;10;108;712;33022;812;34546;"2025-09-25 11:29:50"
12716;"2024-07-01";90;128;88267;1768;90163;71;2285;426;2782;107;10207;2371;12685;11;214;202;427;317;100973;4767;106057;"2025-09-25 11:29:50"
12717;"2024-07-01";91;191;171202;871;172264;96;4742;2356;7194;128;30581;5473;36182;16;693;362;1071;431;207218;9062;216711;"2025-09-25 11:29:50"
12718;"2024-07-01";92;92;61374;1118;62584;75;1524;279;1878;98;8378;1434;9910;12;187;152;351;277;71463;2983;74723;"2025-09-25 11:29:50"
12719;"2024-07-01";93;130;87915;829;88874;76;2118;171;2365;92;9023;3904;13019;10;180;254;444;308;99236;5158;104702;"2025-09-25 11:29:50"
12720;"2024-07-01";94;256;202176;2544;204976;114;5045;1625;6784;201;30908;4489;35598;9;694;699;1402;580;238823;9357;248760;"2025-09-25 11:29:50"
12721;"2024-07-01";95;362;269625;2200;272187;200;7140;1019;8359;222;42998;6383;49603;27;1081;502;1610;811;320844;10104;331759;"2025-09-25 11:29:50"
12722;"2024-07-01";96;90;31845;670;32605;43;1195;72;1310;82;5308;693;6083;11;93;50;154;226;38441;1485;40152;"2025-09-25 11:29:50"
12723;"2024-07-01";97;6;99;3;108;0;38;10;48;0;129;8;137;0;0;1;1;6;266;22;294;"2025-09-25 11:29:50"
12724;"2024-07-01";98;47;73163;1763;74973;19;2145;116;2280;31;8295;1236;9562;1;169;174;344;98;83772;3289;87159;"2025-09-25 11:29:50"
12725;"2024-07-01";99;38;51760;919;52717;32;1923;443;2398;30;9899;1724;11653;4;171;179;354;104;63753;3265;67122;"2025-09-25 11:29:50"
12726;"2024-07-01";100;194;129040;2886;132120;150;3479;599;4228;156;15793;3292;19241;24;330;203;557;524;148642;6980;156146;"2025-09-25 11:29:50"
12727;"2024-07-01";101;200;178860;4377;183437;56;2388;1380;3824;104;7696;1914;9714;10;360;204;574;370;189304;7875;197549;"2025-09-25 11:29:50"
12728;"2024-07-01";102;170;71997;1518;73685;61;2104;223;2388;77;7603;1588;9268;3;200;160;363;311;81904;3489;85704;"2025-09-25 11:29:50"
12729;"2024-07-01";103;217;63511;2048;65776;58;2116;270;2444;103;8855;1596;10554;17;178;140;335;395;74660;4054;79109;"2025-09-25 11:29:50"
12730;"2024-07-01";104;131;181584;4803;186518;172;4632;1508;6312;159;20521;3111;23791;22;548;559;1129;484;207285;9981;217750;"2025-09-25 11:29:50"
12731;"2024-07-01";105;285;143139;1943;145367;106;2088;130;2324;66;6716;1485;8267;3;265;136;404;460;152208;3694;156362;"2025-09-25 11:29:50"
12732;"2024-07-01";106;247;98387;996;99630;149;2738;513;3400;103;8309;2170;10582;13;222;120;355;512;109656;3799;113967;"2025-09-25 11:29:50"
12733;"2024-07-01";107;126;72993;1352;74471;59;2443;66;2568;90;6501;1962;8553;20;169;99;288;295;82106;3479;85880;"2025-09-25 11:29:50"
12734;"2024-07-01";108;173;226069;1825;228067;112;6445;460;7017;155;37399;6402;43956;23;717;509;1249;463;270630;9196;280289;"2025-09-25 11:29:50"
12735;"2024-07-01";109;203;137315;2581;140099;152;5016;1120;6288;227;22904;4008;27139;12;400;331;743;594;165635;8040;174269;"2025-09-25 11:29:50"
12736;"2024-07-01";110;85;122168;2149;124402;41;3924;650;4615;33;18346;2608;20987;3;429;362;794;162;144867;5769;150798;"2025-09-25 11:29:50"
12737;"2024-07-01";111;166;93637;705;94508;99;3062;516;3677;134;19291;3379;22804;15;997;297;1309;414;116987;4897;122298;"2025-09-25 11:29:50"
12738;"2024-07-01";112;148;115053;2285;117486;117;2117;591;2825;122;9970;3823;13915;11;336;171;518;398;127476;6870;134744;"2025-09-25 11:29:50"
12739;"2024-07-01";113;93;73810;1275;75178;27;2174;908;3109;38;9086;1595;10719;0;193;128;321;158;85263;3906;89327;"2025-09-25 11:29:50"
12740;"2024-07-01";114;185;114875;698;115758;89;3758;441;4288;173;19838;2973;22984;13;509;245;767;460;138980;4357;143797;"2025-09-25 11:29:50"
12741;"2024-07-01";115;241;53555;425;54221;101;1707;535;2343;259;12241;892;13392;13;292;85;390;614;67795;1937;70346;"2025-09-25 11:29:50"
12742;"2024-07-01";116;191;53330;343;53864;86;2015;649;2750;203;14255;6520;20978;9;313;344;666;489;69913;7856;78258;"2025-09-25 11:29:50"
12743;"2024-07-01";117;89;17502;73;17664;71;722;235;1028;156;6345;4118;10619;7;139;491;637;323;24708;4917;29948;"2025-09-25 11:29:50"
12744;"2024-07-01";118;92;105533;1172;106797;62;2776;545;3383;64;10494;2528;13086;10;311;184;505;228;119114;4429;123771;"2025-09-25 11:29:50"
12745;"2024-07-01";119;53;184959;3319;188331;39;3392;705;4136;49;11677;3658;15384;13;503;207;723;154;200531;7889;208574;"2025-09-25 11:29:50"
12746;"2024-07-01";120;27;144238;724;144989;13;1849;128;1990;23;5027;1411;6461;0;236;41;277;63;151350;2304;153717;"2025-09-25 11:29:50"
12747;"2024-07-01";121;383;120569;1571;122523;175;3892;1430;5497;237;21522;4863;26622;19;672;446;1137;814;146655;8310;155779;"2025-09-25 11:29:50"
12748;"2024-07-01";122;116;58929;400;59445;94;1248;179;1521;88;5724;2072;7884;9;137;324;470;307;66038;2975;69320;"2025-09-25 11:29:50"
12749;"2024-07-01";123;284;151580;2037;153901;269;4481;451;5201;196;18120;2955;21271;29;543;271;843;778;174724;5714;181216;"2025-09-25 11:29:50"
12750;"2024-07-01";124;208;101940;990;103138;90;3365;755;4210;130;19046;4338;23514;16;469;548;1033;444;124820;6631;131895;"2025-09-25 11:29:50"
12751;"2024-07-01";125;270;212033;2512;214815;98;5477;2687;8262;171;31053;6303;37527;20;682;295;997;559;249245;11797;261601;"2025-09-25 11:29:50"
12752;"2024-07-01";126;361;287714;3786;291861;163;7723;2224;10110;255;35778;7462;43495;25;976;1030;2031;804;332191;14502;347497;"2025-09-25 11:29:50"
12753;"2024-07-01";127;183;66170;4341;70694;76;2721;771;3568;156;20776;2458;23390;14;366;383;763;429;90033;7953;98415;"2025-09-25 11:29:50"
12754;"2024-07-01";128;206;122932;942;124080;90;2521;352;2963;150;15676;2285;18111;12;338;154;504;458;141467;3733;145658;"2025-09-25 11:29:50"
12755;"2024-07-01";129;404;449154;2876;452434;226;10201;2719;13146;294;64183;8208;72685;75;1664;683;2422;999;525202;14486;540687;"2025-09-25 11:29:50"
12757;"2024-07-01";131;75;15389;125;15589;57;762;54;873;78;7968;257;8303;11;90;29;130;221;24209;465;24895;"2025-09-25 11:29:50"
12758;"2024-07-01";132;71;11115;144;11330;51;455;94;600;115;4878;384;5377;4;92;227;323;241;16540;849;17630;"2025-09-25 11:29:50"
12759;"2024-07-01";133;71;12091;115;12277;58;611;89;758;109;6379;616;7104;16;73;63;152;254;19154;883;20291;"2025-09-25 11:29:50"
12760;"2024-07-01";134;90;17427;116;17633;61;687;90;838;115;8201;182;8498;13;90;42;145;279;26405;430;27114;"2025-09-25 11:29:50"
12761;"2024-07-01";135;72;20104;186;20362;59;809;84;952;82;8145;685;8912;11;150;89;250;224;29208;1044;30476;"2025-09-25 11:29:50"
12762;"2024-07-01";136;78;46959;298;47335;71;2083;205;2359;114;13789;1420;15323;14;231;141;386;277;63062;2064;65403;"2025-09-25 11:29:50"
12763;"2024-07-01";137;104;54604;700;55408;82;1690;181;1953;156;13682;1724;15562;11;342;892;1245;353;70318;3497;74168;"2025-09-25 11:29:50"
12764;"2024-07-01";138;34;17220;160;17414;26;530;35;591;31;3230;590;3851;7;66;50;123;98;21046;835;21979;"2025-09-25 11:29:50"
12765;"2024-07-01";139;78;45243;297;45618;66;1487;84;1637;87;9263;1089;10439;6;223;84;313;237;56216;1554;58007;"2025-09-25 11:29:50"
12766;"2024-07-01";140;1;8;0;9;0;3;0;3;0;8;0;8;0;0;0;0;1;19;0;20;"2025-09-25 11:29:50"
12767;"2024-07-01";141;207;87777;1099;89083;117;2141;370;2628;178;12082;1120;13380;16;340;267;623;518;102340;2856;105714;"2025-09-25 11:29:50"
12768;"2024-07-01";142;56;84023;1687;85766;127;2045;842;3014;67;10863;1792;12722;4;307;211;522;254;97238;4532;102024;"2025-09-25 11:29:50"
12769;"2024-07-01";143;169;91364;2383;93916;123;2437;547;3107;129;14536;2077;16742;9;405;193;607;430;108742;5200;114372;"2025-09-25 11:29:50"
12770;"2024-07-01";144;133;129023;4387;133543;89;2970;691;3750;132;15793;2363;18288;13;554;339;906;367;148340;7780;156487;"2025-09-25 11:29:50"
12771;"2024-07-01";145;198;94318;5395;99911;155;2842;415;3412;258;20045;1800;22103;29;428;280;737;640;117633;7890;126163;"2025-09-25 11:29:50"
12773;"2024-07-01";147;78;23397;61;23536;38;576;99;713;56;2268;423;2747;9;91;34;134;181;26332;617;27130;"2025-09-25 11:29:50"
12774;"2024-07-01";148;230;42220;1277;43727;122;1550;369;2041;225;12826;668;13719;24;200;130;354;601;56796;2444;59841;"2025-09-25 11:29:50"
12775;"2024-07-01";149;70;20584;1644;22298;45;1010;233;1288;95;8643;596;9334;7;112;73;192;217;30349;2546;33112;"2025-09-25 11:29:50"
12776;"2024-07-01";150;150;45604;828;46582;91;2018;366;2475;143;15250;1079;16472;30;198;86;314;414;63070;2359;65843;"2025-09-25 11:29:50"
12777;"2024-07-01";151;157;85154;787;86098;79;2429;353;2861;190;19121;2339;21650;17;474;796;1287;443;107178;4275;111896;"2025-09-25 11:29:50"
12778;"2024-07-01";152;131;40330;519;40980;73;1397;177;1647;183;12830;543;13556;32;192;155;379;419;54749;1394;56562;"2025-09-25 11:29:50"
12779;"2024-07-01";153;95;23058;193;23346;69;1086;335;1490;151;11270;390;11811;14;92;53;159;329;35506;971;36806;"2025-09-25 11:29:50"
12780;"2024-07-01";154;176;81866;1029;83071;88;2454;497;3039;162;19026;1874;21062;25;403;437;865;451;103749;3837;108037;"2025-09-25 11:29:50"
12781;"2024-07-01";155;75;19549;148;19772;40;712;112;864;109;7689;439;8237;16;86;82;184;240;28036;781;29057;"2025-09-25 11:29:50"
12782;"2024-07-01";156;188;172167;2357;174712;144;4714;482;5340;190;24335;3738;28263;48;701;380;1129;570;201917;6957;209444;"2025-09-25 11:29:50"
12783;"2024-07-01";157;140;34486;279;34905;125;1383;318;1826;186;11494;721;12401;15;194;119;328;466;47557;1437;49460;"2025-09-25 11:29:50"
12784;"2024-07-01";158;115;118739;1805;120659;68;3788;671;4527;126;19615;2823;22564;12;520;405;937;321;142662;5704;148687;"2025-09-25 11:29:50"
12785;"2024-07-01";159;169;181408;1747;183324;158;4392;878;5428;215;20963;2493;23671;24;582;284;890;566;207345;5402;213313;"2025-09-25 11:29:50"
12786;"2024-07-01";160;76;11429;66;11571;55;472;61;588;119;6023;495;6637;17;70;71;158;267;17994;693;18954;"2025-09-25 11:29:50"
12787;"2024-07-01";161;83;24637;192;24912;47;988;114;1149;196;10813;258;11267;20;140;50;210;346;36578;614;37538;"2025-09-25 11:29:50"
12788;"2024-07-01";162;176;42798;317;43291;93;1387;198;1678;143;12243;761;13147;20;228;128;376;432;56656;1404;58492;"2025-09-25 11:29:50"
12790;"2024-07-01";164;83;12327;164;12574;64;503;76;643;100;6621;728;7449;11;84;40;135;258;19535;1008;20801;"2025-09-25 11:29:50"
12791;"2024-07-01";165;106;20783;159;21048;74;1024;93;1191;143;12670;266;13079;10;115;42;167;333;34592;560;35485;"2025-09-25 11:29:50"
12792;"2024-07-01";166;67;10580;101;10748;44;421;61;526;72;5016;397;5485;6;53;63;122;189;16070;622;16881;"2025-09-25 11:29:50"
12793;"2024-07-01";167;93;76968;819;77880;70;2149;278;2497;88;14576;3443;18107;14;538;1659;2211;265;94231;6199;100695;"2025-09-25 11:29:50"
12794;"2024-07-01";168;58;9223;397;9678;40;395;52;487;77;3946;205;4228;4;66;23;93;179;13630;677;14486;"2025-09-25 11:29:50"
12795;"2024-07-01";169;138;52461;785;53384;123;1876;374;2373;216;15548;1710;17474;20;352;270;642;497;70237;3139;73873;"2025-09-25 11:29:50"
12796;"2024-07-01";170;79;20215;399;20693;49;775;269;1093;78;7907;1081;9066;11;119;148;278;217;29016;1897;31130;"2025-09-25 11:29:50"
12797;"2024-07-01";171;122;83248;2256;85626;116;2640;409;3165;153;13042;2335;15530;10;330;347;687;401;99260;5347;105008;"2025-09-25 11:29:50"
12798;"2024-07-01";172;250;39643;152;40045;210;1474;69;1753;157;11813;853;12823;14;191;122;327;631;53121;1196;54948;"2025-09-25 11:29:50"
12799;"2024-07-01";173;77;13964;157;14198;49;711;69;829;106;7908;356;8370;14;86;50;150;246;22669;632;23547;"2025-09-25 11:29:50"
12800;"2024-07-01";174;168;123652;1856;125676;132;2944;600;3676;194;22738;2115;25047;19;456;930;1405;513;149790;5501;155804;"2025-09-25 11:29:50"
12801;"2024-07-01";175;114;13999;100136;114249;69;648;2410;3127;206;9429;385;10020;5;146;36;187;394;24222;102967;127583;"2025-09-25 11:29:50"
12802;"2024-07-01";176;197;113486;2437;116120;152;3184;724;4060;206;21757;3527;25490;16;416;844;1276;571;138843;7532;146946;"2025-09-25 11:29:50"
12803;"2024-07-01";177;80;20979;143;21202;47;782;89;918;115;8161;507;8783;7;112;53;172;249;30034;792;31075;"2025-09-25 11:29:50"
12804;"2024-07-01";178;87;24427;100;24614;64;1196;80;1340;121;11286;781;12188;8;210;139;357;280;37119;1100;38499;"2025-09-25 11:29:50"
12805;"2024-07-01";179;125;16154;165;16444;57;698;106;861;106;9696;208;10010;11;94;31;136;299;26642;510;27451;"2025-09-25 11:29:50"
12806;"2024-07-01";180;81;19178;230;19489;45;724;83;852;94;8231;909;9234;3;116;90;209;223;28249;1312;29784;"2025-09-25 11:29:50"
12807;"2024-07-01";181;91;13266;93;13450;74;547;48;669;106;7084;288;7478;7;59;34;100;278;20956;463;21697;"2025-09-25 11:29:50"
12808;"2024-07-01";182;78;11112;88;11278;50;514;60;624;97;6296;143;6536;8;60;23;91;233;17982;314;18529;"2025-09-25 11:29:50"
12809;"2024-07-01";183;69;12307;6010;18386;51;510;120;681;91;6549;201;6841;11;85;25;121;222;19451;6356;26029;"2025-09-25 11:29:50"
12810;"2024-07-01";184;115;24341;83950;108406;82;1612;1115;2809;141;15525;233;15899;10;122;44;176;348;41600;85342;127290;"2025-09-25 11:29:50"
12811;"2024-07-01";185;96;25590;454;26140;53;918;922;1893;101;8034;510;8645;9;155;151;315;259;34697;2037;36993;"2025-09-25 11:29:50"
12813;"2024-07-01";187;141;119380;913;120434;100;2983;395;3478;132;22046;2768;24946;13;408;386;807;386;144817;4462;149665;"2025-09-25 11:29:50"
12814;"2024-07-01";188;213;118950;1735;120898;149;3727;540;4416;225;25945;1977;28147;15;548;380;943;602;149170;4632;154404;"2025-09-25 11:29:50"
12815;"2024-07-01";189;62;14486;38;14586;32;658;55;745;70;6476;676;7222;17;83;52;152;181;21703;821;22705;"2025-09-25 11:29:50"
12816;"2024-07-01";190;192;192117;2559;194868;110;4928;775;5813;227;25884;3635;29746;20;644;466;1130;549;223573;7435;231557;"2025-09-25 11:29:50"
12818;"2024-07-01";192;145;58405;630;59180;87;2011;266;2364;163;17913;1075;19151;18;242;182;442;413;78571;2153;81137;"2025-09-25 11:29:50"
12819;"2024-07-01";193;97;27175;386;27658;55;1190;118;1363;133;10391;282;10806;12;145;97;254;297;38901;883;40081;"2025-09-25 11:29:50"
12820;"2024-07-01";194;96;11151;48;11295;51;426;41;518;86;7008;88;7182;16;50;14;80;249;18635;191;19075;"2025-09-25 11:29:50"
12821;"2024-07-01";195;118;37060;408;37586;88;1614;255;1957;196;17343;1044;18583;16;204;168;388;418;56221;1875;58514;"2025-09-25 11:29:50"
12822;"2024-07-01";196;70;20206;127;20403;43;789;46;878;86;11364;976;12426;15;132;147;294;214;32491;1296;34001;"2025-09-25 11:29:50"
12823;"2024-07-01";197;272;64467;912;65651;243;2139;315;2697;260;19295;1199;20754;48;328;229;605;823;86229;2655;89707;"2025-09-25 11:29:50"
12824;"2024-07-01";198;73;12874;110;13057;50;598;56;704;123;6010;116;6249;16;76;27;119;262;19558;309;20129;"2025-09-25 11:29:50"
12825;"2024-07-01";199;54;6055;36;6145;31;284;27;342;60;3890;47;3997;2;34;7;43;147;10263;117;10527;"2025-09-25 11:29:50"
12826;"2024-07-01";200;139;41301;480;41920;78;1582;144;1804;150;14739;745;15634;27;217;161;405;394;57839;1530;59763;"2025-09-25 11:29:50"
12827;"2024-07-01";201;128;45433;403;45964;83;1720;242;2045;131;16423;1513;18067;17;236;356;609;359;63812;2514;66685;"2025-09-25 11:29:50"
12828;"2024-07-01";202;104;23041;165;23310;63;700;80;843;112;8658;202;8972;20;109;44;173;299;32508;491;33298;"2025-09-25 11:29:50"
12829;"2024-07-01";203;59;4375;342;4776;21;263;197;481;63;1426;31;1520;8;27;2;37;151;6091;572;6814;"2025-09-25 11:29:50"
12830;"2024-07-01";204;133;20402;117;20652;58;625;84;767;122;6638;127;6887;16;117;38;171;329;27782;366;28477;"2025-09-25 11:29:50"
12831;"2024-07-01";205;79;19628;88;19795;80;831;82;993;125;12272;848;13245;10;115;99;224;294;32846;1117;34257;"2025-09-25 11:29:50"
12832;"2024-07-01";206;79;17827;160;18066;42;625;52;719;92;7824;593;8509;14;95;175;284;227;26371;980;27578;"2025-09-25 11:29:50"
12833;"2024-07-01";207;56;9915;39;10010;68;456;42;566;83;5998;113;6194;10;73;13;96;217;16442;207;16866;"2025-09-25 11:29:50"
12834;"2024-07-01";208;126;56215;270;56611;66;1832;345;2243;112;12973;1574;14659;14;265;308;587;318;71285;2497;74100;"2025-09-25 11:29:50"
12835;"2024-07-01";209;132;104804;1336;106272;86;2910;772;3768;213;18098;4254;22565;13;453;1743;2209;444;126265;8105;134814;"2025-09-25 11:29:50"
12836;"2024-07-01";210;164;127698;2187;130049;93;2894;321;3308;103;18108;1047;19258;26;441;301;768;386;149141;3856;153383;"2025-09-25 11:29:50"
12838;"2024-07-01";212;125;95587;1021;96733;90;2843;472;3405;147;12010;499;12656;14;308;163;485;376;110748;2155;113279;"2025-09-25 11:29:50"
12839;"2024-07-01";213;101;24568;190;24859;71;850;168;1089;106;9355;257;9718;13;80;177;270;291;34853;792;35936;"2025-09-25 11:29:50"
12840;"2024-07-01";214;51;11865;78;11994;50;448;36;534;104;4022;92;4218;6;51;28;85;211;16386;234;16831;"2025-09-25 11:29:50"
12841;"2024-07-01";215;267;244260;2294;246821;161;6117;530;6808;234;40995;4622;45851;36;827;577;1440;698;292199;8023;300920;"2025-09-25 11:29:50"
12842;"2024-07-01";216;107;14137;146;14390;54;535;111;700;136;6194;156;6486;9;63;29;101;306;20929;442;21677;"2025-09-25 11:29:50"
12843;"2024-07-01";217;108;43628;483;44219;92;1394;195;1681;107;13720;2610;16437;15;198;631;844;322;58940;3919;63181;"2025-09-25 11:29:50"
12844;"2024-07-01";218;101;48076;678;48855;79;1440;241;1760;136;10524;541;11201;17;181;117;315;333;60221;1577;62131;"2025-09-25 11:29:50"
12845;"2024-07-01";219;92;13688;65;13845;62;503;56;621;97;7204;484;7785;8;142;148;298;259;21537;753;22549;"2025-09-25 11:29:50"
12846;"2024-07-01";220;169;152883;1119;154171;98;4158;794;5050;148;22418;7186;29752;22;652;1551;2225;437;180111;10650;191198;"2025-09-25 11:29:50"
12847;"2024-07-01";221;65;10476;54;10595;52;378;45;475;91;4571;555;5217;13;57;106;176;221;15482;760;16463;"2025-09-25 11:29:50"
12848;"2024-07-01";222;213;143742;2860;146815;175;3271;1017;4463;240;26802;2368;29410;33;494;431;958;661;174309;6676;181646;"2025-09-25 11:29:50"
12849;"2024-07-01";223;70;25094;183;25347;73;1034;110;1217;96;10312;420;10828;10;142;67;219;249;36582;780;37611;"2025-09-25 11:29:50"
12850;"2024-07-01";224;140;89211;1273;90624;66;1920;474;2460;137;10533;985;11655;16;163;154;333;359;101827;2886;105072;"2025-09-25 11:29:50"
12851;"2024-07-01";225;66;94912;5927;100905;32;1859;403;2294;53;10933;1654;12640;4;204;228;436;155;107908;8212;116275;"2025-09-25 11:29:50"
12852;"2024-07-01";226;242;160079;59520;219841;222;2100;1114;3436;143;10588;998;11729;15;211;180;406;622;172978;61812;235412;"2025-09-25 11:29:50"
12853;"2024-07-01";227;228;100169;1746;102143;179;2197;279;2655;133;16639;1459;18231;18;293;348;659;558;119298;3832;123688;"2025-09-25 11:29:50"
12854;"2024-07-01";228;95;87223;721;88039;36;1930;160;2126;89;7863;987;8939;13;271;267;551;233;97287;2135;99655;"2025-09-25 11:29:50"
12855;"2024-07-01";229;103;43089;690;43882;82;1673;230;1985;121;8864;346;9331;15;160;74;249;321;53786;1340;55447;"2025-09-25 11:29:50"
12856;"2024-07-01";230;60;16202;88;16350;67;543;42;652;106;7826;166;8098;10;78;84;172;243;24649;380;25272;"2025-09-25 11:29:50"
12857;"2024-07-01";231;87;33328;36548;69963;54;1049;394;1497;82;10285;527;10894;6;250;229;485;229;44912;37698;82839;"2025-09-25 11:29:50"
12858;"2024-07-01";232;60;13486;374;13920;54;486;87;627;122;6566;152;6840;12;71;29;112;248;20609;642;21499;"2025-09-25 11:29:50"
12859;"2024-07-01";233;86;15741;116;15943;60;601;75;736;139;8174;404;8717;15;87;77;179;300;24603;672;25575;"2025-09-25 11:29:50"
12861;"2024-07-01";235;250;77475;944;78669;137;2836;150;3123;343;27006;648;27997;42;248;143;433;772;107565;1885;110222;"2025-09-25 11:29:50"
12862;"2024-07-01";236;628;251749;269043;521420;354;7103;6397;13854;692;58261;3577;62530;38;1255;598;1891;1712;318368;279615;599695;"2025-09-25 11:29:50"
12864;"2024-07-01";238;158;93981;2531;96670;148;2543;521;3212;267;18185;1430;19882;38;403;446;887;611;115112;4928;120651;"2025-09-25 11:29:50"
12866;"2024-07-01";240;110;39712;686;40508;76;1209;154;1439;130;6906;518;7554;13;175;224;412;329;48002;1582;49913;"2025-09-25 11:29:50"
12867;"2024-07-01";241;122;26362;478;26962;102;814;121;1037;183;6766;184;7133;10;143;45;198;417;34085;828;35330;"2025-09-25 11:29:50"
12868;"2024-07-01";242;113;34280;957;35350;89;1068;144;1301;113;5390;310;5813;7;146;94;247;322;40884;1505;42711;"2025-09-25 11:29:50"
12869;"2024-07-01";243;53;8831;61;8945;53;313;30;396;109;3352;51;3512;10;53;16;79;225;12549;158;12932;"2025-09-25 11:29:50"
12870;"2024-07-01";244;45;12487;164;12696;42;413;24;479;122;4157;71;4350;12;80;20;112;221;17137;279;17637;"2025-09-25 11:29:50"
12871;"2024-07-01";245;133;15159;149;15441;80;630;59;769;127;6228;128;6483;13;125;53;191;353;22142;389;22884;"2025-09-25 11:29:50"
12872;"2024-07-01";246;218;160402;2821;163441;165;4262;513;4940;236;26772;2262;29270;25;674;371;1070;644;192110;5967;198721;"2025-09-25 11:29:50"
12873;"2024-07-01";247;57;14624;92;14773;53;452;64;569;123;4993;110;5226;9;81;30;120;242;20150;296;20688;"2025-09-25 11:29:50"
12874;"2024-07-01";248;112;14200;233;14545;100;559;74;733;150;6161;152;6463;19;99;35;153;381;21019;494;21894;"2025-09-25 11:29:50"
12875;"2024-07-01";249;55;17032;202;17289;70;670;53;793;137;7019;143;7299;14;86;21;121;276;24807;419;25502;"2025-09-25 11:29:50"
12876;"2024-07-01";250;330;121140;2500;123970;280;3080;607;3967;266;18644;2759;21669;21;515;415;951;897;143379;6281;150557;"2025-09-25 11:29:50"
12877;"2024-07-01";251;62;16191;379;16632;64;608;121;793;117;3343;133;3593;10;128;39;177;253;20270;672;21195;"2025-09-25 11:29:50"
12878;"2024-07-01";252;103;17700;280;18083;87;773;97;957;123;8667;143;8933;21;97;56;174;334;27237;576;28147;"2025-09-25 11:29:50"
12879;"2024-07-01";253;123;28168;261;28552;117;1212;273;1602;181;11812;455;12448;22;147;67;236;443;41339;1056;42838;"2025-09-25 11:29:50"
12880;"2024-07-01";254;57;9902;59;10018;61;287;44;392;103;3306;52;3461;10;58;23;91;231;13553;178;13962;"2025-09-25 11:29:50"
12881;"2024-07-01";255;88;19393;505;19986;66;820;81;967;126;8628;271;9025;14;128;49;191;294;28969;906;30169;"2025-09-25 11:29:50"
12883;"2024-07-01";257;108;20188;165;20461;66;1267;98;1431;155;10684;272;11111;14;105;49;168;343;32244;584;33171;"2025-09-25 11:29:50"
12884;"2024-07-01";258;211;115730;2051;117992;129;3036;528;3693;212;19353;3134;22699;18;477;703;1198;570;138596;6416;145582;"2025-09-25 11:29:50"
12885;"2024-07-01";259;122;33834;570;34526;70;1468;131;1669;141;13611;1029;14781;8;254;152;414;341;49167;1882;51390;"2025-09-25 11:29:50"
12886;"2024-07-01";260;140;29433;531;30104;100;1153;170;1423;178;12500;449;13127;18;173;67;258;436;43259;1217;44912;"2025-09-25 11:29:50"
12887;"2024-07-01";261;71;8910;59;9040;41;465;59;565;100;4444;248;4792;7;47;38;92;219;13866;404;14489;"2025-09-25 11:29:50"
12888;"2024-07-01";262;91;18968;181;19240;62;810;115;987;129;8692;271;9092;12;104;51;167;294;28574;618;29486;"2025-09-25 11:29:50"
12889;"2024-07-01";263;69;10307;79;10455;62;398;30;490;98;5235;65;5398;9;48;18;75;238;15988;192;16418;"2025-09-25 11:29:50"
12890;"2024-07-01";264;113;46214;235;46562;119;1631;423;2173;206;12393;2337;14936;26;251;206;483;464;60489;3201;64154;"2025-09-25 11:29:50"
12891;"2024-07-01";265;184;113541;1862;115587;144;3888;492;4524;215;24429;3121;27765;16;411;432;859;559;142269;5907;148735;"2025-09-25 11:29:50"
12892;"2024-07-01";266;80;9721;57;9858;59;423;70;552;119;4952;272;5343;8;64;25;97;266;15160;424;15850;"2025-09-25 11:29:50"
12893;"2024-07-01";267;75;7884;33;7992;41;351;22;414;114;4433;79;4626;6;55;18;79;236;12723;152;13111;"2025-09-25 11:29:50"
12894;"2024-07-01";268;142;152781;3284;156207;101;3394;975;4470;125;19411;2621;22157;14;531;406;951;382;176117;7286;183785;"2025-09-25 11:29:50"
12895;"2024-07-01";269;338;136875;1980;139193;239;3086;515;3840;242;15980;1516;17738;28;339;250;617;847;156280;4261;161388;"2025-09-25 11:29:50"
12896;"2024-07-01";270;109;40946;1981;43036;110;1591;197;1898;165;14994;885;16044;7;231;135;373;391;57762;3198;61351;"2025-09-25 11:29:50"
12897;"2024-07-01";271;106;9615;58;9779;58;413;95;566;109;5054;104;5267;14;57;17;88;287;15139;274;15700;"2025-09-25 11:29:50"
12899;"2024-08-01";1;160;218724;16964;235848;61;3923;570;4554;189;13621;2423;16233;21;369;159;549;431;236637;20116;257184;"2025-09-25 11:30:00"
12900;"2024-08-01";2;110;132052;4939;137101;41;3258;679;3978;145;11902;2544;14591;7;220;212;439;303;147432;8374;156109;"2025-09-25 11:30:00"
12901;"2024-08-01";3;107;60092;2088;62287;69;2092;714;2875;130;6834;1288;8252;14;158;111;283;320;69176;4201;73697;"2025-09-25 11:30:00"
12902;"2024-08-01";4;117;68089;2114;70320;86;1646;310;2042;130;16244;2752;19126;10;415;639;1064;343;86394;5815;92552;"2025-09-25 11:30:00"
12903;"2024-08-01";5;89;99193;3024;102306;45;2978;345;3368;139;9047;2232;11418;11;183;174;368;284;111401;5775;117460;"2025-09-25 11:30:00"
12904;"2024-08-01";6;91;80461;3105;83657;45;2085;326;2456;172;8570;1599;10341;11;127;108;246;319;91243;5138;96700;"2025-09-25 11:30:00"
12905;"2024-08-01";7;108;115461;9532;125101;62;3941;578;4581;128;13832;2637;16597;7;340;166;513;305;133574;12913;146792;"2025-09-25 11:30:00"
12906;"2024-08-01";8;60;71811;3385;75256;32;2619;451;3102;74;10747;2299;13120;12;190;99;301;178;85367;6234;91779;"2025-09-25 11:30:00"
12907;"2024-08-01";9;84;129663;5611;135358;54;3289;770;4113;175;9783;2161;12119;11;281;260;552;324;143016;8802;152142;"2025-09-25 11:30:00"
12908;"2024-08-01";10;92;76344;4639;81075;48;2252;578;2878;129;7926;2050;10105;12;191;157;360;281;86713;7424;94418;"2025-09-25 11:30:00"
12909;"2024-08-01";11;106;84542;2912;87560;55;2541;131;2727;131;9722;2196;12049;11;204;97;312;303;97009;5336;102648;"2025-09-25 11:30:00"
12910;"2024-08-01";12;115;94686;1119;95920;45;2189;130;2364;135;6452;1196;7783;16;130;177;323;311;103457;2622;106390;"2025-09-25 11:30:00"
12911;"2024-08-01";13;95;101855;4234;106184;55;2493;639;3187;177;9240;2174;11591;21;246;531;798;348;113834;7578;121760;"2025-09-25 11:30:00"
12912;"2024-08-01";14;209;77691;3436;81336;106;1983;402;2491;134;5821;1805;7760;7;152;107;266;456;85647;5750;91853;"2025-09-25 11:30:00"
12913;"2024-08-01";15;176;153184;3805;157165;134;2940;646;3720;183;10618;4727;15528;16;269;210;495;509;167011;9388;176908;"2025-09-25 11:30:00"
12914;"2024-08-01";16;132;82131;9166;91429;46;1792;982;2820;179;8169;1872;10220;19;189;104;312;376;92281;12124;104781;"2025-09-25 11:30:00"
12915;"2024-08-01";17;96;105369;2005;107470;50;2781;1103;3934;138;8507;1714;10359;8;196;102;306;292;116853;4924;122069;"2025-09-25 11:30:00"
12916;"2024-08-01";18;130;206948;7592;214670;101;3962;1635;5698;160;17466;4777;22403;16;395;393;804;407;228771;14397;243575;"2025-09-25 11:30:00"
12917;"2024-08-01";19;131;127351;4393;131875;61;3036;730;3827;147;11012;2928;14087;7;271;431;709;346;141670;8482;150498;"2025-09-25 11:30:00"
12918;"2024-08-01";20;128;118418;2918;121464;61;3621;180;3862;168;13208;4470;17846;15;474;641;1130;372;135721;8209;144302;"2025-09-25 11:30:00"
12919;"2024-08-01";21;260;63683;1279;65222;118;1767;77;1962;154;4983;962;6099;11;142;29;182;543;70575;2347;73465;"2025-09-25 11:30:00"
12920;"2024-08-01";22;101;114108;4038;118247;47;2931;743;3721;143;9809;2063;12015;15;187;191;393;306;127035;7035;134376;"2025-09-25 11:30:00"
12921;"2024-08-01";23;1654;39397;236;41287;1540;1432;249;3221;340;3645;1564;5549;108;88;96;292;3642;44562;2145;50349;"2025-09-25 11:30:00"
12922;"2024-08-01";63;140;91223;1138;92501;114;1852;278;2244;92;9995;945;11032;6;222;279;507;352;103292;2640;106284;"2025-09-25 11:30:00"
12923;"2024-08-01";25;78;91894;5967;97939;33;2968;580;3581;125;11565;2792;14482;14;222;326;562;250;106649;9665;116564;"2025-09-25 11:30:00"
12924;"2024-08-01";146;1974;755428;13038;770440;1398;23298;3905;28601;2304;176257;16380;194941;206;3179;2573;5958;5882;958162;35896;999940;"2025-09-25 11:30:00"
12926;"2024-08-01";28;99;65067;2448;67614;62;2008;870;2940;103;9437;3101;12641;14;183;656;853;278;76695;7075;84048;"2025-09-25 11:30:00"
12927;"2024-08-01";29;80;74323;832;75235;49;2008;549;2606;120;10767;1284;12171;13;242;215;470;262;87340;2880;90482;"2025-09-25 11:30:00"
12928;"2024-08-01";77;290;138587;2892;141769;224;2631;550;3405;226;16055;3216;19497;18;353;581;952;758;157626;7239;165623;"2025-09-25 11:30:00"
12929;"2024-08-01";57;67;58357;798;59222;44;1180;150;1374;75;4702;329;5106;7;151;59;217;193;64390;1336;65919;"2025-09-25 11:30:00"
12930;"2024-08-01";32;71;85429;1642;87142;27;1865;371;2263;65;9887;1509;11461;1;210;271;482;164;97391;3793;101348;"2025-09-25 11:30:00"
12931;"2024-08-01";33;128;117480;22800;140408;62;2698;517;3277;168;13020;2350;15538;10;205;538;753;368;133403;26205;159976;"2025-09-25 11:30:00"
12932;"2024-08-01";79;86;109707;1525;111318;40;2074;280;2394;92;11177;1621;12890;9;268;328;605;227;123226;3754;127207;"2025-09-25 11:30:00"
12933;"2024-08-01";35;94;66987;2428;69509;60;2078;245;2383;99;14236;2279;16614;9;224;322;555;262;83525;5274;89061;"2025-09-25 11:30:00"
12934;"2024-08-01";36;107;92169;3398;95674;49;2611;338;2998;104;12819;2032;14955;9;213;280;502;269;107812;6048;114129;"2025-09-25 11:30:00"
12935;"2024-08-01";60;323;185945;19863;206131;319;4000;422;4741;205;18427;2373;21005;30;516;503;1049;877;208888;23161;232926;"2025-09-25 11:30:00"
12936;"2024-08-01";38;51;56656;63200;119907;24;1407;832;2263;80;5461;1363;6904;11;153;365;529;166;63677;65760;129603;"2025-09-25 11:30:00"
12937;"2024-08-01";39;328;104905;15344;120577;506;1623;662;2791;188;8404;2298;10890;26;189;716;931;1048;115121;19020;135189;"2025-09-25 11:30:00"
12938;"2024-08-01";40;82;26625;1300;28007;48;975;294;1317;86;4091;368;4545;9;50;51;110;225;31741;2013;33979;"2025-09-25 11:30:00"
12940;"2024-08-01";42;135;149906;9781;159822;56;2959;244;3259;129;13009;2170;15308;9;315;471;795;329;166189;12666;179184;"2025-09-25 11:30:00"
12942;"2024-08-01";44;0;19;2;21;0;4;0;4;0;22;3;25;0;0;0;0;0;45;5;50;"2025-09-25 11:30:00"
12944;"2024-08-01";46;215;239655;12583;252453;111;4686;728;5525;177;29154;5577;34908;14;599;569;1182;517;274094;19457;294068;"2025-09-25 11:30:00"
12945;"2024-08-01";47;123;117814;1500;119437;120;2864;519;3503;292;19621;2880;22793;62;401;294;757;597;140700;5193;146490;"2025-09-25 11:30:00"
12949;"2024-08-01";51;188;196309;3179;199676;192;2949;607;3748;212;15865;1346;17423;13;462;160;635;605;215585;5292;221482;"2025-09-25 11:30:00"
12952;"2024-08-01";54;136;27215;7789;35140;54;1119;311;1484;159;10391;770;11320;9;170;88;267;358;38895;8958;48211;"2025-09-25 11:30:00"
12953;"2024-08-01";55;108;95319;142982;238409;62;3095;2041;5198;113;25982;2761;28856;15;582;332;929;298;124978;148116;273392;"2025-09-25 11:30:00"
12954;"2024-08-01";56;352;223905;20724;244981;415;4950;880;6245;174;29177;3630;32981;23;583;497;1103;964;258615;25731;285310;"2025-09-25 11:30:00"
12956;"2024-08-01";58;187;143900;8189;152276;103;4018;80;4201;136;16884;4871;21891;18;429;834;1281;444;165231;13974;179649;"2025-09-25 11:30:00"
12957;"2024-08-01";59;147;203776;33939;237862;81;4454;1026;5561;104;20790;3214;24108;10;472;312;794;342;229492;38491;268325;"2025-09-25 11:30:00"
12959;"2024-08-01";61;169;207807;5361;213337;91;3100;708;3899;141;12192;3441;15774;14;400;501;915;415;223499;10011;233925;"2025-09-25 11:30:00"
12960;"2024-08-01";62;71;8803;142;9016;56;503;69;628;123;3970;63;4156;3;48;13;64;253;13324;287;13864;"2025-09-25 11:30:00"
12963;"2024-08-01";65;214;174119;3731;178064;155;4207;370;4732;187;26602;8225;35014;28;728;916;1672;584;205656;13242;219482;"2025-09-25 11:30:00"
12969;"2024-08-01";71;83;72560;1941;74584;45;2056;545;2646;110;13716;3890;17716;9;346;444;799;247;88678;6820;95745;"2025-09-25 11:30:00"
12972;"2024-08-01";74;123;176745;2719;179587;93;3117;363;3573;455;15470;2446;18371;23;623;299;945;694;195955;5827;202476;"2025-09-25 11:30:00"
12978;"2024-08-01";80;169;108711;1147;110027;97;2539;666;3302;173;20721;4198;25092;14;416;1015;1445;453;132387;7026;139866;"2025-09-25 11:30:00"
12981;"2024-08-01";83;361;177118;1183;178662;253;3236;636;4125;268;15130;1989;17387;65;637;170;872;947;196121;3978;201046;"2025-09-25 11:30:00"
12983;"2024-08-01";85;152;25555;238;25945;82;1136;138;1356;161;6643;202;7006;23;128;44;195;418;33462;622;34502;"2025-09-25 11:30:00"
12984;"2024-08-01";86;313;173947;1853;176113;156;4048;380;4584;196;19249;2682;22127;22;442;286;750;687;197686;5201;203574;"2025-09-25 11:30:00"
12985;"2024-08-01";87;107;115188;3418;118713;77;2435;625;3137;82;13105;2166;15353;10;359;159;528;276;131087;6368;137731;"2025-09-25 11:30:00"
12986;"2024-08-01";88;70;105475;2460;108005;21;2064;598;2683;36;9308;1529;10873;1;223;139;363;128;117070;4726;121924;"2025-09-25 11:30:00"
12987;"2024-08-01";89;473;30613;308;31394;103;530;35;668;126;1937;458;2521;15;80;10;105;717;33160;811;34688;"2025-09-25 11:30:00"
12988;"2024-08-01";90;125;88151;1763;90039;71;2263;425;2759;107;10187;2368;12662;11;218;204;433;314;100819;4760;105893;"2025-09-25 11:30:00"
12989;"2024-08-01";91;191;171659;870;172720;96;4741;2336;7173;129;30649;5497;36275;16;688;359;1063;432;207737;9062;217231;"2025-09-25 11:30:00"
12990;"2024-08-01";92;92;61473;1118;62683;75;1515;282;1872;98;8350;1401;9849;13;189;153;355;278;71527;2954;74759;"2025-09-25 11:30:00"
12991;"2024-08-01";93;131;87795;839;88765;76;2107;171;2354;92;8998;3895;12985;10;180;256;446;309;99080;5161;104550;"2025-09-25 11:30:00"
12992;"2024-08-01";94;255;202319;2639;205213;114;4991;1624;6729;200;30927;4488;35615;9;699;699;1407;578;238936;9450;248964;"2025-09-25 11:30:00"
12993;"2024-08-01";95;366;269742;2198;272306;201;7109;1023;8333;222;42973;6408;49603;27;1091;502;1620;816;320915;10131;331862;"2025-09-25 11:30:00"
12994;"2024-08-01";96;91;31735;667;32493;43;1185;72;1300;82;5318;689;6089;11;95;51;157;227;38333;1479;40039;"2025-09-25 11:30:00"
12995;"2024-08-01";97;6;99;3;108;0;38;10;48;0;128;8;136;0;0;1;1;6;265;22;293;"2025-09-25 11:30:00"
12996;"2024-08-01";98;47;73286;1760;75093;19;2128;116;2263;32;8314;1246;9592;1;169;172;342;99;83897;3294;87290;"2025-09-25 11:30:00"
12997;"2024-08-01";99;37;51397;897;52331;31;1927;445;2403;32;9872;1721;11625;4;178;177;359;104;63374;3240;66718;"2025-09-25 11:30:00"
12998;"2024-08-01";100;194;128851;2893;131938;151;3475;599;4225;156;15745;3296;19197;24;330;200;554;525;148401;6988;155914;"2025-09-25 11:30:00"
12999;"2024-08-01";101;200;178787;4329;183316;58;2366;1379;3803;104;7704;1910;9718;10;358;201;569;372;189215;7819;197406;"2025-09-25 11:30:00"
13000;"2024-08-01";102;170;72001;1553;73724;61;2078;222;2361;77;7611;1584;9272;3;199;158;360;311;81889;3517;85717;"2025-09-25 11:30:00"
13001;"2024-08-01";103;217;63450;2044;65711;58;2108;270;2436;101;8817;1595;10513;17;180;141;338;393;74555;4050;78998;"2025-09-25 11:30:00"
13002;"2024-08-01";104;134;180794;4846;185774;173;4649;1500;6322;159;20280;3133;23572;22;544;558;1124;488;206267;10037;216792;"2025-09-25 11:30:00"
13003;"2024-08-01";105;282;143098;1979;145359;107;2076;130;2313;66;6716;1489;8271;3;260;135;398;458;152150;3733;156341;"2025-09-25 11:30:00"
13004;"2024-08-01";106;247;98658;1011;99916;150;2742;514;3406;103;8310;2172;10585;14;228;120;362;514;109938;3817;114269;"2025-09-25 11:30:00"
13005;"2024-08-01";107;126;72917;1345;74388;59;2431;66;2556;90;6482;1958;8530;20;170;97;287;295;82000;3466;85761;"2025-09-25 11:30:00"
13006;"2024-08-01";108;174;226371;1839;228384;112;6415;460;6987;156;37396;6414;43966;23;721;510;1254;465;270903;9223;280591;"2025-09-25 11:30:00"
13007;"2024-08-01";109;202;137062;2573;139837;152;4965;1118;6235;226;22945;3996;27167;12;407;331;750;592;165379;8018;173989;"2025-09-25 11:30:00"
13008;"2024-08-01";110;86;122145;2135;124366;42;3919;639;4600;33;18354;2611;20998;3;430;367;800;164;144848;5752;150764;"2025-09-25 11:30:00"
13009;"2024-08-01";111;167;93618;701;94486;97;3044;521;3662;134;19417;3382;22933;15;996;296;1307;413;117075;4900;122388;"2025-09-25 11:30:00"
13010;"2024-08-01";112;148;116012;2231;118391;116;2110;597;2823;121;9992;3830;13943;11;336;173;520;396;128450;6831;135677;"2025-09-25 11:30:00"
13011;"2024-08-01";113;93;73564;1332;74989;27;2151;913;3091;38;9042;1596;10676;0;192;128;320;158;84949;3969;89076;"2025-09-25 11:30:00"
13012;"2024-08-01";114;186;115883;699;116768;90;3761;459;4310;172;19948;2947;23067;13;507;243;763;461;140099;4348;144908;"2025-09-25 11:30:00"
13013;"2024-08-01";115;240;53654;428;54322;100;1699;533;2332;256;12249;899;13404;13;294;83;390;609;67896;1943;70448;"2025-09-25 11:30:00"
13014;"2024-08-01";116;193;53475;341;54009;86;2005;646;2737;203;14270;6499;20972;9;317;354;680;491;70067;7840;78398;"2025-09-25 11:30:00"
13015;"2024-08-01";117;89;17500;74;17663;70;721;233;1024;156;6333;4107;10596;7;138;488;633;322;24692;4902;29916;"2025-09-25 11:30:00"
13016;"2024-08-01";118;92;105973;1173;107238;61;2777;545;3383;64;10528;2540;13132;10;319;184;513;227;119597;4442;124266;"2025-09-25 11:30:00"
13017;"2024-08-01";119;53;185007;3315;188375;39;3395;712;4146;50;11588;3649;15287;13;507;305;825;155;200497;7981;208633;"2025-09-25 11:30:00"
13018;"2024-08-01";120;26;144267;725;145018;14;1828;128;1970;22;5025;1405;6452;0;238;42;280;62;151358;2300;153720;"2025-09-25 11:30:00"
13019;"2024-08-01";121;388;120934;1572;122894;175;3883;1441;5499;237;21515;4863;26615;19;680;350;1049;819;147012;8226;156057;"2025-09-25 11:30:00"
13020;"2024-08-01";122;116;58912;401;59429;95;1243;191;1529;88;5744;2065;7897;9;141;324;474;308;66040;2981;69329;"2025-09-25 11:30:00"
13021;"2024-08-01";123;285;151498;2036;153819;268;4478;449;5195;196;18110;2980;21286;29;545;271;845;778;174631;5736;181145;"2025-09-25 11:30:00"
13022;"2024-08-01";124;213;101897;971;103081;87;3338;789;4214;129;19012;4336;23477;16;467;550;1033;445;124714;6646;131805;"2025-09-25 11:30:00"
13023;"2024-08-01";125;273;212510;2428;215211;99;5447;2687;8233;171;31073;6292;37536;20;691;295;1006;563;249721;11702;261986;"2025-09-25 11:30:00"
13024;"2024-08-01";126;362;288276;3783;292421;164;7701;2223;10088;255;35872;7445;43572;25;985;1031;2041;806;332834;14482;348122;"2025-09-25 11:30:00"
13025;"2024-08-01";127;185;66128;4134;70447;75;2709;772;3556;155;20789;2459;23403;14;367;379;760;429;89993;7744;98166;"2025-09-25 11:30:00"
13026;"2024-08-01";128;206;122939;942;124087;90;2516;360;2966;148;15578;2311;18037;12;338;153;503;456;141371;3766;145593;"2025-09-25 11:30:00"
13027;"2024-08-01";129;403;450591;2863;453857;228;10149;2708;13085;290;64247;8210;72747;75;1669;679;2423;996;526656;14460;542112;"2025-09-25 11:30:00"
13029;"2024-08-01";131;75;15391;130;15596;56;760;54;870;78;7985;256;8319;11;91;29;131;220;24227;469;24916;"2025-09-25 11:30:00"
13030;"2024-08-01";132;72;11140;144;11356;52;452;95;599;118;4895;387;5400;4;91;227;322;246;16578;853;17677;"2025-09-25 11:30:00"
13031;"2024-08-01";133;71;12079;115;12265;58;609;89;756;108;6382;611;7101;17;77;64;158;254;19147;879;20280;"2025-09-25 11:30:00"
13032;"2024-08-01";134;90;17449;116;17655;61;680;91;832;116;8206;183;8505;13;91;42;146;280;26426;432;27138;"2025-09-25 11:30:00"
13033;"2024-08-01";135;71;20044;183;20298;59;808;84;951;82;8107;687;8876;11;137;89;237;223;29096;1043;30362;"2025-09-25 11:30:00"
13034;"2024-08-01";136;77;47143;296;47516;71;2096;204;2371;113;13780;1417;15310;14;228;141;383;275;63247;2058;65580;"2025-09-25 11:30:00"
13035;"2024-08-01";137;103;54647;702;55452;82;1682;182;1946;155;13671;1716;15542;11;345;893;1249;351;70345;3493;74189;"2025-09-25 11:30:00"
13036;"2024-08-01";138;34;17199;159;17392;26;531;35;592;31;3220;588;3839;7;67;48;122;98;21017;830;21945;"2025-09-25 11:30:00"
13037;"2024-08-01";139;75;45266;295;45636;65;1474;84;1623;87;9265;1096;10448;6;222;84;312;233;56227;1559;58019;"2025-09-25 11:30:00"
13038;"2024-08-01";140;1;8;0;9;0;3;0;3;0;8;0;8;0;0;0;0;1;19;0;20;"2025-09-25 11:30:00"
13039;"2024-08-01";141;207;87836;1099;89142;113;2134;370;2617;179;12069;1126;13374;16;342;268;626;515;102381;2863;105759;"2025-09-25 11:30:00"
13040;"2024-08-01";142;55;83633;1694;85382;126;2016;845;2987;67;10872;1829;12768;4;310;215;529;252;96831;4583;101666;"2025-09-25 11:30:00"
13041;"2024-08-01";143;171;91387;2397;93955;126;2438;548;3112;128;14584;2086;16798;9;406;194;609;434;108815;5225;114474;"2025-09-25 11:30:00"
13042;"2024-08-01";144;135;129611;4360;134106;89;2982;692;3763;131;15805;2385;18321;13;553;347;913;368;148951;7784;157103;"2025-09-25 11:30:00"
13043;"2024-08-01";145;198;94438;5258;99894;157;2838;417;3412;256;19999;1806;22061;29;431;281;741;640;117706;7762;126108;"2025-09-25 11:30:00"
13045;"2024-08-01";147;79;23386;62;23527;38;581;99;718;55;2290;427;2772;9;92;34;135;181;26349;622;27152;"2025-09-25 11:30:00"
13046;"2024-08-01";148;219;42277;1226;43722;122;1548;373;2043;225;12851;674;13750;24;206;132;362;590;56882;2405;59877;"2025-09-25 11:30:00"
13047;"2024-08-01";149;70;20589;1717;22376;45;1003;221;1269;94;8636;596;9326;8;111;72;191;217;30339;2606;33162;"2025-09-25 11:30:00"
13048;"2024-08-01";150;150;45651;811;46612;91;2015;354;2460;143;15254;1079;16476;28;200;88;316;412;63120;2332;65864;"2025-09-25 11:30:00"
13049;"2024-08-01";151;154;85456;787;86397;78;2419;353;2850;187;19095;2337;21619;16;476;798;1290;435;107446;4275;112156;"2025-09-25 11:30:00"
13050;"2024-08-01";152;131;40312;521;40964;73;1396;174;1643;180;12827;542;13549;33;189;157;379;417;54724;1394;56535;"2025-09-25 11:30:00"
13051;"2024-08-01";153;98;23041;193;23332;69;1087;333;1489;150;11267;391;11808;14;91;53;158;331;35486;970;36787;"2025-09-25 11:30:00"
13052;"2024-08-01";154;177;81969;914;83060;89;2438;487;3014;162;18963;1865;20990;24;406;438;868;452;103776;3704;107932;"2025-09-25 11:30:00"
13053;"2024-08-01";155;78;19598;148;19824;40;715;115;870;108;7704;436;8248;16;89;84;189;242;28106;783;29131;"2025-09-25 11:30:00"
13054;"2024-08-01";156;190;172855;2336;175381;145;4686;485;5316;188;24430;3715;28333;48;712;379;1139;571;202683;6915;210169;"2025-09-25 11:30:00"
13055;"2024-08-01";157;149;34547;277;34973;125;1375;317;1817;185;11493;726;12404;14;194;119;327;473;47609;1439;49521;"2025-09-25 11:30:00"
13056;"2024-08-01";158;113;118739;1799;120651;67;3748;677;4492;128;19621;2821;22570;11;529;397;937;319;142637;5694;148650;"2025-09-25 11:30:00"
13057;"2024-08-01";159;170;181592;1739;183501;164;4375;878;5417;212;20957;2505;23674;24;583;293;900;570;207507;5415;213492;"2025-09-25 11:30:00"
13058;"2024-08-01";160;76;11428;65;11569;55;463;61;579;119;6019;495;6633;17;70;69;156;267;17980;690;18937;"2025-09-25 11:30:00"
13059;"2024-08-01";161;85;24631;193;24909;48;986;112;1146;194;10806;257;11257;19;138;50;207;346;36561;612;37519;"2025-09-25 11:30:00"
13060;"2024-08-01";162;157;42836;314;43307;93;1390;199;1682;143;12250;769;13162;20;230;128;378;413;56706;1410;58529;"2025-09-25 11:30:00"
13062;"2024-08-01";164;83;12314;162;12559;64;496;76;636;100;6605;731;7436;11;83;40;134;258;19498;1009;20765;"2025-09-25 11:30:00"
13063;"2024-08-01";165;108;20823;158;21089;74;1018;93;1185;141;12668;261;13070;10;114;42;166;333;34623;554;35510;"2025-09-25 11:30:00"
13064;"2024-08-01";166;67;10590;101;10758;44;418;59;521;71;5026;392;5489;6;54;63;123;188;16088;615;16891;"2025-09-25 11:30:00"
13065;"2024-08-01";167;93;77381;805;78279;69;2160;280;2509;88;14637;3451;18176;14;541;1666;2221;264;94719;6202;101185;"2025-09-25 11:30:00"
13066;"2024-08-01";168;59;9210;399;9668;40;391;52;483;78;3942;204;4224;4;67;23;94;181;13610;678;14469;"2025-09-25 11:30:00"
13067;"2024-08-01";169;138;52579;787;53504;123;1870;373;2366;217;15572;1704;17493;20;356;265;641;498;70377;3129;74004;"2025-09-25 11:30:00"
13068;"2024-08-01";170;79;20227;398;20704;48;768;269;1085;78;7912;1084;9074;11;122;148;281;216;29029;1899;31144;"2025-09-25 11:30:00"
13069;"2024-08-01";171;119;82948;2271;85338;116;2627;407;3150;152;13018;2319;15489;10;331;347;688;397;98924;5344;104665;"2025-09-25 11:30:00"
13070;"2024-08-01";172;252;40135;152;40539;209;1469;69;1747;158;11833;864;12855;14;190;122;326;633;53627;1207;55467;"2025-09-25 11:30:00"
13071;"2024-08-01";173;77;13952;154;14183;51;710;69;830;106;7902;355;8363;14;86;61;161;248;22650;639;23537;"2025-09-25 11:30:00"
13072;"2024-08-01";174;171;123675;1859;125705;133;2930;601;3664;192;22697;2106;24995;19;453;930;1402;515;149755;5496;155766;"2025-09-25 11:30:00"
13073;"2024-08-01";175;116;14037;100150;114303;68;653;2329;3050;206;9428;386;10020;5;135;36;176;395;24253;102901;127549;"2025-09-25 11:30:00"
13074;"2024-08-01";176;198;113398;2459;116055;151;3170;722;4043;206;21755;3549;25510;16;416;850;1282;571;138739;7580;146890;"2025-09-25 11:30:00"
13075;"2024-08-01";177;79;21060;143;21282;47;783;89;919;114;8165;506;8785;7;111;53;171;247;30119;791;31157;"2025-09-25 11:30:00"
13076;"2024-08-01";178;87;24440;99;24626;64;1196;80;1340;121;11309;778;12208;8;210;139;357;280;37155;1096;38531;"2025-09-25 11:30:00"
13077;"2024-08-01";179;127;16160;166;16453;57;695;103;855;106;9680;208;9994;11;94;31;136;301;26629;508;27438;"2025-09-25 11:30:00"
13078;"2024-08-01";180;81;19178;181;19440;45;728;84;857;91;8237;884;9212;3;121;90;214;220;28264;1239;29723;"2025-09-25 11:30:00"
13079;"2024-08-01";181;89;13269;94;13452;74;550;48;672;106;7072;290;7468;7;61;34;102;276;20952;466;21694;"2025-09-25 11:30:00"
13080;"2024-08-01";182;78;11153;89;11320;50;516;61;627;96;6315;142;6553;8;60;24;92;232;18044;316;18592;"2025-09-25 11:30:00"
13081;"2024-08-01";183;70;12280;5899;18249;50;514;116;680;90;6553;201;6844;11;87;25;123;221;19434;6241;25896;"2025-09-25 11:30:00"
13082;"2024-08-01";184;115;24341;84624;109080;80;1608;1054;2742;141;15530;231;15902;10;122;44;176;346;41601;85953;127900;"2025-09-25 11:30:00"
13083;"2024-08-01";185;95;25658;468;26221;51;916;907;1874;99;8027;500;8626;10;157;144;311;255;34758;2019;37032;"2025-09-25 11:30:00"
13085;"2024-08-01";187;140;119615;922;120677;98;2978;407;3483;132;22067;2764;24963;13;416;385;814;383;145076;4478;149937;"2025-09-25 11:30:00"
13086;"2024-08-01";188;214;118999;1727;120940;150;3717;539;4406;225;25928;1969;28122;15;550;382;947;604;149194;4617;154415;"2025-09-25 11:30:00"
13087;"2024-08-01";189;62;14455;38;14555;33;657;55;745;70;6488;678;7236;17;86;54;157;182;21686;825;22693;"2025-09-25 11:30:00"
13088;"2024-08-01";190;191;192341;2559;195091;109;4923;769;5801;227;25912;3605;29744;20;645;466;1131;547;223821;7399;231767;"2025-09-25 11:30:00"
13090;"2024-08-01";192;142;58465;627;59234;87;2006;267;2360;161;17893;1078;19132;18;246;182;446;408;78610;2154;81172;"2025-09-25 11:30:00"
13091;"2024-08-01";193;97;27171;388;27656;55;1180;118;1353;133;10388;285;10806;12;146;97;255;297;38885;888;40070;"2025-09-25 11:30:00"
13092;"2024-08-01";194;97;11144;48;11289;51;426;41;518;86;7012;90;7188;16;52;14;82;250;18634;193;19077;"2025-09-25 11:30:00"
13093;"2024-08-01";195;118;37102;405;37625;88;1612;256;1956;196;17374;1043;18613;16;204;168;388;418;56292;1872;58582;"2025-09-25 11:30:00"
13094;"2024-08-01";196;70;20202;129;20401;44;787;46;877;86;11369;981;12436;15;132;147;294;215;32490;1303;34008;"2025-09-25 11:30:00"
13095;"2024-08-01";197;277;64467;909;65653;246;2125;314;2685;258;19318;1199;20775;48;334;228;610;829;86244;2650;89723;"2025-09-25 11:30:00"
13096;"2024-08-01";198;73;12869;106;13048;50;596;55;701;123;6006;117;6246;16;76;27;119;262;19547;305;20114;"2025-09-25 11:30:00"
13097;"2024-08-01";199;54;6048;36;6138;31;285;27;343;60;3898;49;4007;2;35;7;44;147;10266;119;10532;"2025-09-25 11:30:00"
13098;"2024-08-01";200;139;41332;480;41951;78;1587;143;1808;151;14738;747;15636;27;220;162;409;395;57877;1532;59804;"2025-09-25 11:30:00"
13099;"2024-08-01";201;129;45358;403;45890;84;1731;243;2058;130;16443;1504;18077;17;239;357;613;360;63771;2507;66638;"2025-09-25 11:30:00"
13100;"2024-08-01";202;103;23119;167;23389;62;699;79;840;110;8654;204;8968;20;111;44;175;295;32583;494;33372;"2025-09-25 11:30:00"
13101;"2024-08-01";203;61;4401;342;4804;21;262;198;481;63;1427;31;1521;8;27;2;37;153;6117;573;6843;"2025-09-25 11:30:00"
13102;"2024-08-01";204;134;20420;114;20668;58;624;84;766;122;6633;127;6882;16;118;38;172;330;27795;363;28488;"2025-09-25 11:30:00"
13103;"2024-08-01";205;79;19598;88;19765;80;823;83;986;125;12259;847;13231;10;116;99;225;294;32796;1117;34207;"2025-09-25 11:30:00"
13104;"2024-08-01";206;79;17827;161;18067;42;622;52;716;92;7820;593;8505;14;98;171;283;227;26367;977;27571;"2025-09-25 11:30:00"
13105;"2024-08-01";207;56;9925;39;10020;67;456;42;565;83;5998;115;6196;10;73;13;96;216;16452;209;16877;"2025-09-25 11:30:00"
13106;"2024-08-01";208;126;56218;269;56613;65;1836;348;2249;112;12926;1559;14597;14;265;317;596;317;71245;2493;74055;"2025-09-25 11:30:00"
13107;"2024-08-01";209;136;104682;1349;106167;86;2895;768;3749;212;18062;4236;22510;13;455;1738;2206;447;126094;8091;134632;"2025-09-25 11:30:00"
13108;"2024-08-01";210;162;127942;2186;130290;94;2887;321;3302;102;18106;1048;19256;26;444;297;767;384;149379;3852;153615;"2025-09-25 11:30:00"
13110;"2024-08-01";212;126;95725;1021;96872;90;2833;474;3397;147;12013;496;12656;14;315;165;494;377;110886;2156;113419;"2025-09-25 11:30:00"
13111;"2024-08-01";213;101;24581;189;24871;71;853;171;1095;105;9353;256;9714;13;80;176;269;290;34867;792;35949;"2025-09-25 11:30:00"
13112;"2024-08-01";214;51;11852;76;11979;48;448;36;532;103;4022;92;4217;6;50;28;84;208;16372;232;16812;"2025-09-25 11:30:00"
13113;"2024-08-01";215;268;244611;2336;247215;164;6095;531;6790;234;41014;4619;45867;36;832;577;1445;702;292552;8063;301317;"2025-09-25 11:30:00"
13114;"2024-08-01";216;107;14121;146;14374;54;536;111;701;135;6188;155;6478;9;62;30;101;305;20907;442;21654;"2025-09-25 11:30:00"
13115;"2024-08-01";217;108;43671;480;44259;92;1390;193;1675;108;13697;2593;16398;15;194;633;842;323;58952;3899;63174;"2025-09-25 11:30:00"
13116;"2024-08-01";218;101;48112;682;48895;80;1439;233;1752;134;10506;544;11184;17;185;114;316;332;60242;1573;62147;"2025-09-25 11:30:00"
13117;"2024-08-01";219;92;13703;64;13859;62;496;56;614;96;7208;484;7788;8;142;148;298;258;21549;752;22559;"2025-09-25 11:30:00"
13118;"2024-08-01";220;169;153173;1135;154477;97;4128;792;5017;146;22391;7206;29743;22;658;1555;2235;434;180350;10688;191472;"2025-09-25 11:30:00"
13119;"2024-08-01";221;65;10466;54;10585;52;376;44;472;90;4596;550;5236;13;59;104;176;220;15497;752;16469;"2025-09-25 11:30:00"
13120;"2024-08-01";222;214;143997;2868;147079;174;3244;1029;4447;238;26757;2354;29349;34;499;431;964;660;174497;6682;181839;"2025-09-25 11:30:00"
13121;"2024-08-01";223;70;25046;182;25298;73;1029;111;1213;96;10301;417;10814;10;143;66;219;249;36519;776;37544;"2025-09-25 11:30:00"
13122;"2024-08-01";224;139;89225;1265;90629;66;1914;473;2453;137;10555;992;11684;16;164;151;331;358;101858;2881;105097;"2025-09-25 11:30:00"
13123;"2024-08-01";225;66;95007;6134;101207;32;1851;404;2287;53;10884;1661;12598;4;208;228;440;155;107950;8427;116532;"2025-09-25 11:30:00"
13124;"2024-08-01";226;242;160440;59984;220666;222;2085;1103;3410;141;10576;996;11713;15;215;182;412;620;173316;62265;236201;"2025-09-25 11:30:00"
13125;"2024-08-01";227;232;100114;1737;102083;181;2181;275;2637;133;16633;1453;18219;18;293;349;660;564;119221;3814;123599;"2025-09-25 11:30:00"
13126;"2024-08-01";228;94;87339;719;88152;37;1931;160;2128;89;7872;991;8952;13;273;267;553;233;97415;2137;99785;"2025-09-25 11:30:00"
13127;"2024-08-01";229;102;43105;691;43898;83;1665;231;1979;121;8847;344;9312;15;159;73;247;321;53776;1339;55436;"2025-09-25 11:30:00"
13128;"2024-08-01";230;60;16246;92;16398;67;537;42;646;105;7811;168;8084;10;79;84;173;242;24673;386;25301;"2025-09-25 11:30:00"
13129;"2024-08-01";231;87;33270;36655;70012;54;1048;399;1501;83;10250;528;10861;6;251;228;485;230;44819;37810;82859;"2025-09-25 11:30:00"
13130;"2024-08-01";232;60;13490;367;13917;54;485;86;625;120;6549;152;6821;12;71;29;112;246;20595;634;21475;"2025-09-25 11:30:00"
13131;"2024-08-01";233;87;15736;131;15954;59;596;74;729;141;8182;403;8726;15;88;77;180;302;24602;685;25589;"2025-09-25 11:30:00"
13133;"2024-08-01";235;250;77545;944;78739;137;2835;150;3122;343;26998;667;28008;42;250;144;436;772;107628;1905;110305;"2025-09-25 11:30:00"
13134;"2024-08-01";236;627;252415;268143;521185;356;7104;6362;13822;688;58457;3596;62741;38;1310;594;1942;1709;319286;278695;599690;"2025-09-25 11:30:00"
13136;"2024-08-01";238;158;94029;2514;96701;148;2521;520;3189;266;18178;1425;19869;37;407;443;887;609;115135;4902;120646;"2025-09-25 11:30:00"
13138;"2024-08-01";240;111;39729;688;40528;77;1206;157;1440;129;6923;522;7574;13;176;222;411;330;48034;1589;49953;"2025-09-25 11:30:00"
13139;"2024-08-01";241;123;26357;480;26960;100;810;120;1030;183;6766;184;7133;10;146;45;201;416;34079;829;35324;"2025-09-25 11:30:00"
13140;"2024-08-01";242;113;34244;957;35314;88;1070;145;1303;113;5375;311;5799;7;146;94;247;321;40835;1507;42663;"2025-09-25 11:30:00"
13141;"2024-08-01";243;52;8832;61;8945;53;315;30;398;109;3347;51;3507;10;54;15;79;224;12548;157;12929;"2025-09-25 11:30:00"
13142;"2024-08-01";244;44;12510;164;12718;42;412;24;478;122;4173;71;4366;12;81;21;114;220;17176;280;17676;"2025-09-25 11:30:00"
13143;"2024-08-01";245;131;15159;151;15441;80;627;59;766;127;6222;128;6477;13;123;53;189;351;22131;391;22873;"2025-09-25 11:30:00"
13144;"2024-08-01";246;220;160748;2701;163669;166;4259;511;4936;236;26732;2264;29232;25;678;373;1076;647;192417;5849;198913;"2025-09-25 11:30:00"
13145;"2024-08-01";247;58;14652;91;14801;52;447;63;562;123;4985;110;5218;9;82;30;121;242;20166;294;20702;"2025-09-25 11:30:00"
13146;"2024-08-01";248;111;14216;235;14562;99;557;74;730;148;6153;152;6453;19;104;35;158;377;21030;496;21903;"2025-09-25 11:30:00"
13147;"2024-08-01";249;55;17014;202;17271;71;669;53;793;137;7037;140;7314;14;87;21;122;277;24807;416;25500;"2025-09-25 11:30:00"
13148;"2024-08-01";250;332;121177;2490;123999;292;3062;610;3964;267;18632;2765;21664;21;511;414;946;912;143382;6279;150573;"2025-09-25 11:30:00"
13149;"2024-08-01";251;64;16215;379;16658;64;600;121;785;117;3347;133;3597;10;125;39;174;255;20287;672;21214;"2025-09-25 11:30:00"
13150;"2024-08-01";252;105;17685;279;18069;86;771;94;951;123;8670;143;8936;21;98;58;177;335;27224;574;28133;"2025-09-25 11:30:00"
13151;"2024-08-01";253;130;28177;256;28563;114;1211;272;1597;182;11826;452;12460;22;147;67;236;448;41361;1047;42856;"2025-09-25 11:30:00"
13152;"2024-08-01";254;57;9890;59;10006;60;286;42;388;103;3310;51;3464;10;59;23;92;230;13545;175;13950;"2025-09-25 11:30:00"
13153;"2024-08-01";255;87;19405;503;19995;66;813;81;960;125;8639;271;9035;14;127;49;190;292;28984;904;30180;"2025-09-25 11:30:00"
13155;"2024-08-01";257;108;20178;165;20451;66;1266;97;1429;155;10678;271;11104;14;107;49;170;343;32229;582;33154;"2025-09-25 11:30:00"
13156;"2024-08-01";258;212;115907;2061;118180;127;3009;518;3654;211;19387;3126;22724;18;480;702;1200;568;138783;6407;145758;"2025-09-25 11:30:00"
13157;"2024-08-01";259;121;33927;571;34619;63;1467;132;1662;142;13647;1026;14815;8;262;154;424;334;49303;1883;51520;"2025-09-25 11:30:00"
13158;"2024-08-01";260;141;29436;508;30085;103;1154;168;1425;178;12491;447;13116;18;170;68;256;440;43251;1191;44882;"2025-09-25 11:30:00"
13159;"2024-08-01";261;71;8901;59;9031;41;467;62;570;100;4448;250;4798;7;46;39;92;219;13862;410;14491;"2025-09-25 11:30:00"
13160;"2024-08-01";262;95;18960;181;19236;61;808;114;983;131;8668;269;9068;12;103;53;168;299;28539;617;29455;"2025-09-25 11:30:00"
13161;"2024-08-01";263;70;10334;80;10484;61;392;29;482;98;5238;65;5401;9;50;18;77;238;16014;192;16444;"2025-09-25 11:30:00"
13162;"2024-08-01";264;113;46414;235;46762;118;1613;424;2155;203;12386;2346;14935;27;254;209;490;461;60667;3214;64342;"2025-09-25 11:30:00"
13163;"2024-08-01";265;188;113706;1863;115757;144;3894;491;4529;214;24471;3124;27809;16;424;430;870;562;142495;5908;148965;"2025-09-25 11:30:00"
13164;"2024-08-01";266;83;9706;57;9846;59;422;70;551;119;4953;270;5342;8;61;26;95;269;15142;423;15834;"2025-09-25 11:30:00"
13165;"2024-08-01";267;75;7909;33;8017;41;351;22;414;114;4448;79;4641;6;55;18;79;236;12763;152;13151;"2025-09-25 11:30:00"
13166;"2024-08-01";268;143;152484;3267;155894;106;3387;969;4462;124;19404;2602;22130;14;539;406;959;387;175814;7244;183445;"2025-09-25 11:30:00"
13167;"2024-08-01";269;339;136992;1978;139309;239;3081;518;3838;242;15996;1517;17755;28;339;250;617;848;156408;4263;161519;"2025-09-25 11:30:00"
13168;"2024-08-01";270;109;40979;1922;43010;111;1577;196;1884;164;14991;883;16038;7;232;134;373;391;57779;3135;61305;"2025-09-25 11:30:00"
13169;"2024-08-01";271;106;9595;58;9759;58;410;95;563;109;5051;105;5265;14;57;17;88;287;15113;275;15675;"2025-09-25 11:30:00"
13171;"2024-09-01";1;162;218929;16437;235528;63;3909;561;4533;188;13625;2427;16240;20;369;159;548;433;236832;19584;256849;"2025-09-25 11:30:10"
13172;"2024-09-01";2;110;132178;5162;137450;41;3232;662;3935;144;11866;2571;14581;7;220;213;440;302;147496;8608;156406;"2025-09-25 11:30:10"
13173;"2024-09-01";3;109;60227;2087;62423;69;2077;714;2860;128;6801;1290;8219;14;157;111;282;320;69262;4202;73784;"2025-09-25 11:30:10"
13174;"2024-09-01";4;119;68183;2098;70400;85;1637;311;2033;130;16253;2777;19160;10;413;641;1064;344;86486;5827;92657;"2025-09-25 11:30:10"
13175;"2024-09-01";5;89;99155;3016;102260;45;2952;345;3342;138;9018;2235;11391;11;184;175;370;283;111309;5771;117363;"2025-09-25 11:30:10"
13176;"2024-09-01";6;91;80388;3136;83615;45;2064;332;2441;172;8573;1577;10322;10;127;107;244;318;91152;5152;96622;"2025-09-25 11:30:10"
13177;"2024-09-01";7;109;115569;9473;125151;62;3917;575;4554;129;13788;2630;16547;7;340;164;511;307;133614;12842;146763;"2025-09-25 11:30:10"
13178;"2024-09-01";8;60;71817;3335;75212;33;2580;450;3063;74;10754;2301;13129;12;195;99;306;179;85346;6185;91710;"2025-09-25 11:30:10"
13179;"2024-09-01";9;84;129603;5619;135306;54;3275;766;4095;176;9755;2148;12079;11;285;262;558;325;142918;8795;152038;"2025-09-25 11:30:10"
13180;"2024-09-01";10;92;76305;4620;81017;48;2240;578;2866;128;7930;2041;10099;12;192;156;360;280;86667;7395;94342;"2025-09-25 11:30:10"
13181;"2024-09-01";11;106;84719;2945;87770;58;2521;132;2711;130;9722;2195;12047;11;204;98;313;305;97166;5370;102841;"2025-09-25 11:30:10"
13182;"2024-09-01";12;117;94781;1117;96015;45;2176;129;2350;135;6437;1176;7748;16;132;177;325;313;103526;2599;106438;"2025-09-25 11:30:10"
13183;"2024-09-01";13;96;101909;4242;106247;56;2468;647;3171;175;9254;2175;11604;21;252;533;806;348;113883;7597;121828;"2025-09-25 11:30:10"
13184;"2024-09-01";14;210;77678;3441;81329;106;1968;402;2476;133;5836;1798;7767;7;148;106;261;456;85630;5747;91833;"2025-09-25 11:30:10"
13185;"2024-09-01";15;177;153500;3817;157494;131;2930;648;3709;184;10629;4730;15543;16;274;220;510;508;167333;9415;177256;"2025-09-25 11:30:10"
13186;"2024-09-01";16;132;82049;9179;91360;46;1766;977;2789;178;8137;1871;10186;18;192;105;315;374;92144;12132;104650;"2025-09-25 11:30:10"
13187;"2024-09-01";17;95;105355;2001;107451;50;2753;1104;3907;140;8466;1702;10308;8;194;102;304;293;116768;4909;121970;"2025-09-25 11:30:10"
13188;"2024-09-01";18;130;207076;7567;214773;106;3950;1622;5678;160;17470;4774;22404;17;393;389;799;413;228889;14352;243654;"2025-09-25 11:30:10"
13189;"2024-09-01";19;130;127384;4417;131931;61;3024;733;3818;146;11011;2924;14081;7;269;430;706;344;141688;8504;150536;"2025-09-25 11:30:10"
13190;"2024-09-01";20;127;118575;2906;121608;62;3598;182;3842;170;13094;4460;17724;15;478;635;1128;374;135745;8183;144302;"2025-09-25 11:30:10"
13191;"2024-09-01";21;262;63707;1275;65244;118;1753;76;1947;155;4967;978;6100;11;146;29;186;546;70573;2358;73477;"2025-09-25 11:30:10"
13192;"2024-09-01";22;101;114103;4030;118234;47;2916;743;3706;141;9806;2058;12005;15;189;188;392;304;127014;7019;134337;"2025-09-25 11:30:10"
13193;"2024-09-01";23;1640;39412;240;41292;1516;1425;249;3190;340;3626;1564;5530;108;87;97;292;3604;44550;2150;50304;"2025-09-25 11:30:10"
13194;"2024-09-01";63;140;91341;1139;92620;111;1858;278;2247;92;9973;946;11011;6;226;277;509;349;103398;2640;106387;"2025-09-25 11:30:10"
13195;"2024-09-01";25;78;91897;5957;97932;33;2948;580;3561;125;11534;2785;14444;14;223;326;563;250;106602;9648;116500;"2025-09-25 11:30:10"
13196;"2024-09-01";146;1973;756346;12937;771256;1383;23197;3904;28484;2293;176060;16410;194763;209;3205;2575;5989;5858;958808;35826;1000492;"2025-09-25 11:30:10"
13198;"2024-09-01";28;99;65084;2446;67629;62;1995;874;2931;103;9468;3097;12668;14;188;654;856;278;76735;7071;84084;"2025-09-25 11:30:10"
13199;"2024-09-01";29;81;74619;834;75534;49;2014;549;2612;119;10763;1228;12110;13;244;206;463;262;87640;2817;90719;"2025-09-25 11:30:10"
13200;"2024-09-01";77;294;138821;2891;142006;220;2619;557;3396;227;16126;3226;19579;19;352;582;953;760;157918;7256;165934;"2025-09-25 11:30:10"
13201;"2024-09-01";57;67;58372;794;59233;43;1169;147;1359;75;4684;330;5089;7;154;59;220;192;64379;1330;65901;"2025-09-25 11:30:10"
13202;"2024-09-01";32;71;85538;1642;87251;27;1860;377;2264;65;9866;1568;11499;1;206;281;488;164;97470;3868;101502;"2025-09-25 11:30:10"
13203;"2024-09-01";33;128;117652;23395;141175;61;2682;516;3259;169;12991;2366;15526;10;204;540;754;368;133529;26817;160714;"2025-09-25 11:30:10"
13204;"2024-09-01";79;87;109911;1518;111516;40;2082;278;2400;92;11150;1621;12863;9;269;330;608;228;123412;3747;127387;"2025-09-25 11:30:10"
13205;"2024-09-01";35;95;66680;2432;69207;59;2068;245;2372;99;14194;2276;16569;9;222;323;554;262;83164;5276;88702;"2025-09-25 11:30:10"
13206;"2024-09-01";36;107;92221;3500;95828;51;2622;338;3011;103;12834;2027;14964;9;211;281;501;270;107888;6146;114304;"2025-09-25 11:30:10"
13207;"2024-09-01";60;324;185646;20273;206243;319;4007;432;4758;204;18423;2359;20986;29;522;502;1053;876;208598;23566;233040;"2025-09-25 11:30:10"
13208;"2024-09-01";38;51;56593;64113;120757;24;1396;820;2240;80;5440;1358;6878;11;149;364;524;166;63578;66655;130399;"2025-09-25 11:30:10"
13209;"2024-09-01";39;328;108018;23032;131378;508;1645;678;2831;185;8496;2297;10978;26;190;715;931;1047;118349;26722;146118;"2025-09-25 11:30:10"
13210;"2024-09-01";40;83;26548;1315;27946;48;968;295;1311;86;4096;369;4551;9;48;53;110;226;31660;2032;33918;"2025-09-25 11:30:10"
13212;"2024-09-01";42;137;147420;2233;149790;57;2921;231;3209;124;12841;2189;15154;9;320;475;804;327;163502;5128;168957;"2025-09-25 11:30:10"
13214;"2024-09-01";44;0;19;2;21;0;4;0;4;0;22;3;25;0;0;0;0;0;45;5;50;"2025-09-25 11:30:10"
13216;"2024-09-01";46;208;239498;12858;252564;113;4669;732;5514;179;29109;5573;34861;14;603;570;1187;514;273879;19733;294126;"2025-09-25 11:30:10"
13217;"2024-09-01";47;123;117831;1500;119454;120;2860;515;3495;292;19604;2888;22784;62;408;293;763;597;140703;5196;146496;"2025-09-25 11:30:10"
13221;"2024-09-01";51;189;196527;3172;199888;192;2943;606;3741;210;15837;1350;17397;13;463;163;639;604;215770;5291;221665;"2025-09-25 11:30:10"
13224;"2024-09-01";54;137;27324;7379;34840;54;1129;308;1491;161;10405;780;11346;9;185;83;277;361;39043;8550;47954;"2025-09-25 11:30:10"
13225;"2024-09-01";55;108;95394;143418;238920;62;3069;2090;5221;113;25938;2759;28810;16;547;334;897;299;124948;148601;273848;"2025-09-25 11:30:10"
13226;"2024-09-01";56;354;224350;20306;245010;411;4925;877;6213;174;29129;3626;32929;23;586;499;1108;962;258990;25308;285260;"2025-09-25 11:30:10"
13228;"2024-09-01";58;187;143892;8510;152589;103;4015;81;4199;136;16877;4892;21905;18;427;830;1275;444;165211;14313;179968;"2025-09-25 11:30:10"
13229;"2024-09-01";59;146;203927;33599;237672;80;4423;1020;5523;104;20718;3207;24029;11;477;311;799;341;229545;38137;268023;"2025-09-25 11:30:10"
13231;"2024-09-01";61;171;208473;5432;214076;93;3093;720;3906;141;12229;3475;15845;14;404;509;927;419;224199;10136;234754;"2025-09-25 11:30:10"
13232;"2024-09-01";62;71;8790;144;9005;56;506;69;631;124;3974;64;4162;3;48;13;64;254;13318;290;13862;"2025-09-25 11:30:10"
13235;"2024-09-01";65;216;174270;3821;178307;159;4193;368;4720;187;26619;8190;34996;28;726;919;1673;590;205808;13298;219696;"2025-09-25 11:30:10"
13241;"2024-09-01";71;84;72434;1945;74463;46;2039;545;2630;110;13663;3889;17662;9;348;448;805;249;88484;6827;95560;"2025-09-25 11:30:10"
13244;"2024-09-01";74;124;176685;2758;179567;93;3103;362;3558;455;15458;2446;18359;25;628;298;951;697;195874;5864;202435;"2025-09-25 11:30:10"
13250;"2024-09-01";80;170;108871;1120;110161;98;2540;663;3301;173;20666;4206;25045;14;420;1016;1450;455;132497;7005;139957;"2025-09-25 11:30:10"
13253;"2024-09-01";83;361;177396;1177;178934;251;3232;640;4123;269;15128;1989;17386;80;645;171;896;961;196401;3977;201339;"2025-09-25 11:30:10"
13255;"2024-09-01";85;152;25623;238;26013;82;1123;139;1344;160;6659;203;7022;23;128;44;195;417;33533;624;34574;"2025-09-25 11:30:10"
13256;"2024-09-01";86;313;174207;1861;176381;155;4027;384;4566;196;19201;2690;22087;22;445;289;756;686;197880;5224;203790;"2025-09-25 11:30:10"
13257;"2024-09-01";87;108;115247;3418;118773;80;2416;622;3118;82;13138;2166;15386;10;364;160;534;280;131165;6366;137811;"2025-09-25 11:30:10"
13258;"2024-09-01";88;70;105523;2476;108069;21;2064;598;2683;36;9316;1536;10888;1;228;140;369;128;117131;4750;122009;"2025-09-25 11:30:10"
13259;"2024-09-01";89;478;30727;307;31512;100;524;35;659;128;1944;458;2530;15;80;10;105;721;33275;810;34806;"2025-09-25 11:30:10"
13260;"2024-09-01";90;125;88125;1754;90004;71;2258;426;2755;107;10163;2365;12635;11;221;203;435;314;100767;4748;105829;"2025-09-25 11:30:10"
13261;"2024-09-01";91;187;172112;864;173163;97;4711;2333;7141;129;30646;5508;36283;16;683;359;1058;429;208152;9064;217645;"2025-09-25 11:30:10"
13262;"2024-09-01";92;92;61581;1111;62784;74;1505;282;1861;98;8336;1401;9835;13;191;154;358;277;71613;2948;74838;"2025-09-25 11:30:10"
13263;"2024-09-01";93;131;87725;837;88693;75;2091;167;2333;92;8991;3894;12977;10;180;256;446;308;98987;5154;104449;"2025-09-25 11:30:10"
13264;"2024-09-01";94;255;202585;2637;205477;116;4948;1635;6699;200;30926;4486;35612;9;697;695;1401;580;239156;9453;249189;"2025-09-25 11:30:10"
13265;"2024-09-01";95;365;269831;2222;272418;202;7092;1018;8312;222;42996;6436;49654;27;1095;501;1623;816;321014;10177;332007;"2025-09-25 11:30:10"
13266;"2024-09-01";96;97;31720;661;32478;45;1187;73;1305;83;5309;689;6081;11;100;51;162;236;38316;1474;40026;"2025-09-25 11:30:10"
13267;"2024-09-01";97;6;98;3;107;0;38;10;48;0;127;8;135;0;0;1;1;6;263;22;291;"2025-09-25 11:30:10"
13268;"2024-09-01";98;47;73362;1763;75172;19;2118;115;2252;32;8308;1248;9588;1;169;174;344;99;83957;3300;87356;"2025-09-25 11:30:10"
13269;"2024-09-01";99;37;51325;916;52278;30;1897;445;2372;32;9828;1729;11589;4;179;176;359;103;63229;3266;66598;"2025-09-25 11:30:10"
13270;"2024-09-01";100;194;128817;2870;131881;148;3462;601;4211;156;15738;3310;19204;24;331;201;556;522;148348;6982;155852;"2025-09-25 11:30:10"
13271;"2024-09-01";101;201;178788;4369;183358;60;2360;1388;3808;104;7653;1923;9680;10;361;203;574;375;189162;7883;197420;"2025-09-25 11:30:10"
13272;"2024-09-01";102;169;71994;1592;73755;61;2051;223;2335;78;7581;1574;9233;3;193;157;353;311;81819;3546;85676;"2025-09-25 11:30:10"
13273;"2024-09-01";103;217;63382;2047;65646;58;2082;268;2408;101;8782;1596;10479;17;182;142;341;393;74428;4053;78874;"2025-09-25 11:30:10"
13274;"2024-09-01";104;135;179703;4872;184710;175;4607;1499;6281;159;20177;3179;23515;22;564;564;1150;491;205051;10114;215656;"2025-09-25 11:30:10"
13275;"2024-09-01";105;277;143237;1977;145491;106;2076;136;2318;68;6699;1494;8261;3;260;136;399;454;152272;3743;156469;"2025-09-25 11:30:10"
13276;"2024-09-01";106;247;98818;1009;100074;140;2714;515;3369;104;8299;2169;10572;14;229;122;365;505;110060;3815;114380;"2025-09-25 11:30:10"
13277;"2024-09-01";107;124;72870;1335;74329;59;2415;65;2539;91;6476;1955;8522;17;172;95;284;291;81933;3450;85674;"2025-09-25 11:30:10"
13278;"2024-09-01";108;178;226580;1844;228602;110;6389;465;6964;156;37390;6412;43958;23;725;510;1258;467;271084;9231;280782;"2025-09-25 11:30:10"
13279;"2024-09-01";109;211;137190;2656;140057;152;4949;1113;6214;225;22912;4007;27144;12;412;329;753;600;165463;8105;174168;"2025-09-25 11:30:10"
13280;"2024-09-01";110;86;122315;2102;124503;42;3943;641;4626;33;18294;2627;20954;3;437;367;807;164;144989;5737;150890;"2025-09-25 11:30:10"
13281;"2024-09-01";111;166;94160;702;95028;96;3054;526;3676;134;19428;3365;22927;15;1000;297;1312;411;117642;4890;122943;"2025-09-25 11:30:10"
13282;"2024-09-01";112;152;116911;2220;119283;116;2106;598;2820;121;10000;3857;13978;11;334;171;516;400;129351;6846;136597;"2025-09-25 11:30:10"
13283;"2024-09-01";113;93;73620;1340;75053;27;2151;912;3090;38;9061;1596;10695;0;194;126;320;158;85026;3974;89158;"2025-09-25 11:30:10"
13284;"2024-09-01";114;189;116528;700;117417;91;3748;461;4300;171;19984;2954;23109;13;502;246;761;464;140762;4361;145587;"2025-09-25 11:30:10"
13285;"2024-09-01";115;240;53757;425;54422;99;1712;534;2345;255;12205;896;13356;13;293;83;389;607;67967;1938;70512;"2025-09-25 11:30:10"
13286;"2024-09-01";116;194;53539;341;54074;86;1997;646;2729;199;14281;6504;20984;9;322;356;687;488;70139;7847;78474;"2025-09-25 11:30:10"
13287;"2024-09-01";117;90;17499;75;17664;69;715;235;1019;156;6339;4100;10595;7;141;489;637;322;24694;4899;29915;"2025-09-25 11:30:10"
13288;"2024-09-01";118;92;106622;1170;107884;61;2765;547;3373;63;10531;2542;13136;10;318;185;513;226;120236;4444;124906;"2025-09-25 11:30:10"
13289;"2024-09-01";119;53;185190;3324;188567;40;3372;719;4131;50;11535;3658;15243;13;511;300;824;156;200608;8001;208765;"2025-09-25 11:30:10"
13290;"2024-09-01";120;26;144328;712;145066;14;1826;129;1969;22;5003;1407;6432;0;236;41;277;62;151393;2289;153744;"2025-09-25 11:30:10"
13291;"2024-09-01";121;389;121967;1574;123930;176;3867;1468;5511;236;21567;4864;26667;19;681;364;1064;820;148082;8270;157172;"2025-09-25 11:30:10"
13292;"2024-09-01";122;116;58930;407;59453;95;1234;191;1520;88;5734;2060;7882;9;146;325;480;308;66044;2983;69335;"2025-09-25 11:30:10"
13293;"2024-09-01";123;286;151557;2053;153896;268;4471;442;5181;197;18062;2987;21246;28;557;267;852;779;174647;5749;181175;"2025-09-25 11:30:10"
13294;"2024-09-01";124;214;102072;967;103253;87;3285;788;4160;129;19017;4349;23495;16;468;552;1036;446;124842;6656;131944;"2025-09-25 11:30:10"
13295;"2024-09-01";125;274;213026;2402;215702;101;5440;2687;8228;171;31131;6310;37612;20;690;295;1005;566;250287;11694;262547;"2025-09-25 11:30:10"
13296;"2024-09-01";126;368;289206;3759;293333;162;7686;2220;10068;255;35897;7458;43610;24;992;1030;2046;809;333781;14467;349057;"2025-09-25 11:30:10"
13297;"2024-09-01";127;189;66242;4007;70438;76;2710;774;3560;155;20840;2458;23453;14;367;378;759;434;90159;7617;98210;"2025-09-25 11:30:10"
13298;"2024-09-01";128;209;123019;949;124177;90;2500;353;2943;148;15536;2319;18003;12;334;154;500;459;141389;3775;145623;"2025-09-25 11:30:10"
13299;"2024-09-01";129;403;452662;2809;455874;228;10124;2747;13099;292;64385;8209;72886;75;1664;691;2430;998;528835;14456;544289;"2025-09-25 11:30:10"
13301;"2024-09-01";131;75;15385;122;15582;56;746;54;856;78;7976;258;8312;11;92;27;130;220;24199;461;24880;"2025-09-25 11:30:10"
13302;"2024-09-01";132;73;11130;144;11347;50;449;95;594;118;4884;384;5386;4;90;226;320;245;16553;849;17647;"2025-09-25 11:30:10"
13303;"2024-09-01";133;70;12086;115;12271;56;607;88;751;107;6393;582;7082;17;78;56;151;250;19164;841;20255;"2025-09-25 11:30:10"
13304;"2024-09-01";134;92;17466;115;17673;61;677;91;829;116;8198;183;8497;13;92;42;147;282;26433;431;27146;"2025-09-25 11:30:10"
13305;"2024-09-01";135;71;20081;181;20333;59;804;84;947;82;8133;684;8899;11;154;89;254;223;29172;1038;30433;"2025-09-25 11:30:10"
13306;"2024-09-01";136;77;47219;295;47591;71;2063;210;2344;113;13763;1436;15312;14;232;142;388;275;63277;2083;65635;"2025-09-25 11:30:10"
13307;"2024-09-01";137;104;54752;703;55559;82;1675;185;1942;155;13633;1699;15487;11;346;885;1242;352;70406;3472;74230;"2025-09-25 11:30:10"
13308;"2024-09-01";138;34;17243;160;17437;26;530;35;591;31;3219;589;3839;7;67;48;122;98;21059;832;21989;"2025-09-25 11:30:10"
13309;"2024-09-01";139;75;45397;293;45765;63;1471;83;1617;87;9288;1100;10475;6;224;84;314;231;56380;1560;58171;"2025-09-25 11:30:10"
13310;"2024-09-01";140;1;8;0;9;0;3;0;3;0;8;0;8;0;0;0;0;1;19;0;20;"2025-09-25 11:30:10"
13311;"2024-09-01";141;207;87878;1079;89164;114;2126;366;2606;178;12077;1132;13387;16;343;263;622;515;102424;2840;105779;"2025-09-25 11:30:10"
13312;"2024-09-01";142;55;83406;1701;85162;126;2002;848;2976;66;10846;1815;12727;4;312;216;532;251;96566;4580;101397;"2025-09-25 11:30:10"
13313;"2024-09-01";143;174;91468;2436;94078;123;2435;555;3113;131;14644;2084;16859;9;407;200;616;437;108954;5275;114666;"2025-09-25 11:30:10"
13314;"2024-09-01";144;133;130083;4338;134554;95;2976;693;3764;131;15823;2422;18376;13;559;355;927;372;149441;7808;157621;"2025-09-25 11:30:10"
13315;"2024-09-01";145;199;94654;5146;99999;154;2836;414;3404;255;19989;1804;22048;29;434;281;744;637;117913;7645;126195;"2025-09-25 11:30:10"
13317;"2024-09-01";147;78;23463;62;23603;38;573;98;709;55;2285;430;2770;9;90;34;133;180;26411;624;27215;"2025-09-25 11:30:10"
13318;"2024-09-01";148;221;42330;1183;43734;122;1546;368;2036;226;12882;678;13786;24;205;132;361;593;56963;2361;59917;"2025-09-25 11:30:10"
13319;"2024-09-01";149;71;20606;1799;22476;45;998;221;1264;96;8625;593;9314;8;111;72;191;220;30340;2685;33245;"2025-09-25 11:30:10"
13320;"2024-09-01";150;150;45693;824;46667;90;2021;353;2464;143;15229;1079;16451;28;204;88;320;411;63147;2344;65902;"2025-09-25 11:30:10"
13321;"2024-09-01";151;155;85658;789;86602;79;2415;354;2848;187;19115;2319;21621;16;475;799;1290;437;107663;4261;112361;"2025-09-25 11:30:10"
13322;"2024-09-01";152;132;40358;535;41025;73;1392;174;1639;180;12855;543;13578;33;189;155;377;418;54794;1407;56619;"2025-09-25 11:30:10"
13323;"2024-09-01";153;99;23106;194;23399;69;1085;324;1478;150;11271;387;11808;14;91;53;158;332;35553;958;36843;"2025-09-25 11:30:10"
13324;"2024-09-01";154;178;81943;920;83041;89;2431;482;3002;162;18976;1863;21001;24;407;435;866;453;103757;3700;107910;"2025-09-25 11:30:10"
13325;"2024-09-01";155;78;19650;148;19876;40;714;112;866;107;7711;435;8253;17;88;84;189;242;28163;779;29184;"2025-09-25 11:30:10"
13326;"2024-09-01";156;192;173534;2323;176049;147;4688;485;5320;186;24482;3737;28405;48;709;380;1137;573;203413;6925;210911;"2025-09-25 11:30:10"
13327;"2024-09-01";157;150;34614;275;35039;125;1371;317;1813;185;11489;745;12419;14;192;123;329;474;47666;1460;49600;"2025-09-25 11:30:10"
13328;"2024-09-01";158;114;118736;1801;120651;67;3753;680;4500;128;19577;2827;22532;11;534;395;940;320;142600;5703;148623;"2025-09-25 11:30:10"
13329;"2024-09-01";159;169;182240;1743;184152;164;4349;887;5400;212;20955;2502;23669;24;589;291;904;569;208133;5423;214125;"2025-09-25 11:30:10"
13330;"2024-09-01";160;77;11390;66;11533;55;458;61;574;118;6023;507;6648;16;70;69;155;266;17941;703;18910;"2025-09-25 11:30:10"
13331;"2024-09-01";161;88;24644;192;24924;48;988;112;1148;194;10829;255;11278;19;140;51;210;349;36601;610;37560;"2025-09-25 11:30:10"
13332;"2024-09-01";162;162;43096;314;43572;93;1390;201;1684;143;12243;769;13155;20;227;125;372;418;56956;1409;58783;"2025-09-25 11:30:10"
13334;"2024-09-01";164;83;12316;161;12560;63;493;76;632;100;6587;729;7416;11;81;40;132;257;19477;1006;20740;"2025-09-25 11:30:10"
13335;"2024-09-01";165;109;20849;158;21116;73;1019;93;1185;140;12705;260;13105;10;115;41;166;332;34688;552;35572;"2025-09-25 11:30:10"
13336;"2024-09-01";166;67;10628;99;10794;44;414;59;517;71;5036;392;5499;6;54;63;123;188;16132;613;16933;"2025-09-25 11:30:10"
13337;"2024-09-01";167;94;77637;799;78530;69;2141;277;2487;88;14672;3455;18215;14;539;1665;2218;265;94989;6196;101450;"2025-09-25 11:30:10"
13338;"2024-09-01";168;59;9217;399;9675;39;390;52;481;77;3936;203;4216;4;68;23;95;179;13611;677;14467;"2025-09-25 11:30:10"
13339;"2024-09-01";169;138;52769;788;53695;123;1870;370;2363;217;15615;1707;17539;20;363;278;661;498;70617;3143;74258;"2025-09-25 11:30:10"
13340;"2024-09-01";170;79;20237;401;20717;48;766;268;1082;77;7942;1082;9101;11;123;148;282;215;29068;1899;31182;"2025-09-25 11:30:10"
13341;"2024-09-01";171;117;82899;2266;85282;117;2607;403;3127;152;12989;2322;15463;10;334;348;692;396;98829;5339;104564;"2025-09-25 11:30:10"
13342;"2024-09-01";172;252;40455;152;40859;209;1473;70;1752;158;11848;861;12867;14;192;124;330;633;53968;1207;55808;"2025-09-25 11:30:10"
13343;"2024-09-01";173;76;13941;156;14173;52;712;69;833;102;7892;354;8348;14;88;50;152;244;22633;629;23506;"2025-09-25 11:30:10"
13344;"2024-09-01";174;173;123748;1860;125781;133;2919;602;3654;188;22641;2106;24935;19;448;931;1398;513;149756;5499;155768;"2025-09-25 11:30:10"
13345;"2024-09-01";175;119;14054;101721;115894;68;645;2372;3085;206;9438;384;10028;5;136;36;177;398;24273;104513;129184;"2025-09-25 11:30:10"
13346;"2024-09-01";176;196;113477;2462;116135;152;3145;723;4020;203;21770;3549;25522;17;418;840;1275;568;138810;7574;146952;"2025-09-25 11:30:10"
13347;"2024-09-01";177;79;21226;211;21516;46;788;92;926;112;8190;504;8806;7;112;53;172;244;30316;860;31420;"2025-09-25 11:30:10"
13348;"2024-09-01";178;88;24446;99;24633;65;1184;79;1328;119;11300;781;12200;8;210;139;357;280;37140;1098;38518;"2025-09-25 11:30:10"
13349;"2024-09-01";179;127;16172;167;16466;57;693;104;854;105;9672;207;9984;11;95;31;137;300;26632;509;27441;"2025-09-25 11:30:10"
13350;"2024-09-01";180;80;19223;181;19484;45;731;84;860;90;8212;889;9191;3;122;90;215;218;28288;1244;29750;"2025-09-25 11:30:10"
13351;"2024-09-01";181;88;13289;96;13473;74;553;47;674;106;7076;287;7469;7;62;32;101;275;20980;462;21717;"2025-09-25 11:30:10"
13352;"2024-09-01";182;80;11170;89;11339;50;519;61;630;96;6311;142;6549;8;60;25;93;234;18060;317;18611;"2025-09-25 11:30:10"
13353;"2024-09-01";183;70;12243;5776;18089;50;511;115;676;89;6535;201;6825;11;87;25;123;220;19376;6117;25713;"2025-09-25 11:30:10"
13354;"2024-09-01";184;114;24363;85725;110202;79;1609;1018;2706;142;15539;232;15913;10;121;44;175;345;41632;87019;128996;"2025-09-25 11:30:10"
13355;"2024-09-01";185;96;25724;474;26294;51;915;909;1875;99;8030;501;8630;10;156;145;311;256;34825;2029;37110;"2025-09-25 11:30:10"
13357;"2024-09-01";187;140;119821;926;120887;99;2975;402;3476;130;22087;2726;24943;13;419;385;817;382;145302;4439;150123;"2025-09-25 11:30:10"
13358;"2024-09-01";188;215;119154;1717;121086;151;3713;532;4396;224;25951;1980;28155;16;551;382;949;606;149369;4611;154586;"2025-09-25 11:30:10"
13359;"2024-09-01";189;61;14476;38;14575;34;654;55;743;72;6481;680;7233;17;86;54;157;184;21697;827;22708;"2025-09-25 11:30:10"
13360;"2024-09-01";190;191;192704;2547;195442;114;4912;767;5793;227;25903;3622;29752;20;650;466;1136;552;224169;7402;232123;"2025-09-25 11:30:10"
13362;"2024-09-01";192;142;58525;626;59293;87;2003;269;2359;163;17892;1073;19128;18;245;185;448;410;78665;2153;81228;"2025-09-25 11:30:10"
13363;"2024-09-01";193;97;27204;388;27689;56;1176;118;1350;133;10360;284;10777;12;148;98;258;298;38888;888;40074;"2025-09-25 11:30:10"
13364;"2024-09-01";194;99;11153;48;11300;53;421;41;515;85;7019;91;7195;16;54;14;84;253;18647;194;19094;"2025-09-25 11:30:10"
13365;"2024-09-01";195;119;37134;407;37660;90;1601;258;1949;198;17316;1040;18554;17;202;168;387;424;56253;1873;58550;"2025-09-25 11:30:10"
13366;"2024-09-01";196;75;20219;130;20424;46;791;46;883;87;11368;983;12438;15;135;149;299;223;32513;1308;34044;"2025-09-25 11:30:10"
13367;"2024-09-01";197;277;64584;906;65767;252;2106;315;2673;258;19322;1202;20782;49;340;228;617;836;86352;2651;89839;"2025-09-25 11:30:10"
13368;"2024-09-01";198;74;12876;106;13056;50;593;55;698;125;6001;116;6242;16;77;27;120;265;19547;304;20116;"2025-09-25 11:30:10"
13369;"2024-09-01";199;57;6052;36;6145;32;284;27;343;61;3914;49;4024;2;35;7;44;152;10285;119;10556;"2025-09-25 11:30:10"
13370;"2024-09-01";200;139;41307;480;41926;79;1581;142;1802;152;14699;739;15590;27;224;159;410;397;57811;1520;59728;"2025-09-25 11:30:10"
13371;"2024-09-01";201;130;45303;399;45832;86;1704;242;2032;130;16364;1479;17973;17;237;355;609;363;63608;2475;66446;"2025-09-25 11:30:10"
13372;"2024-09-01";202;103;23135;166;23404;62;705;79;846;110;8688;201;8999;20;108;44;172;295;32636;490;33421;"2025-09-25 11:30:10"
13373;"2024-09-01";203;61;4405;342;4808;21;263;197;481;62;1432;31;1525;8;27;2;37;152;6127;572;6851;"2025-09-25 11:30:10"
13374;"2024-09-01";204;134;20430;110;20674;59;619;84;762;123;6620;126;6869;19;117;38;174;335;27786;358;28479;"2025-09-25 11:30:10"
13375;"2024-09-01";205;79;19613;88;19780;80;820;82;982;126;12250;844;13220;10;115;100;225;295;32798;1114;34207;"2025-09-25 11:30:10"
13376;"2024-09-01";206;78;17866;160;18104;44;619;51;714;92;7822;599;8513;14;98;173;285;228;26405;983;27616;"2025-09-25 11:30:10"
13377;"2024-09-01";207;55;9933;39;10027;69;456;42;567;84;6002;114;6200;10;73;13;96;218;16464;208;16890;"2025-09-25 11:30:10"
13378;"2024-09-01";208;128;56151;269;56548;65;1812;348;2225;112;12932;1559;14603;14;261;316;591;319;71156;2492;73967;"2025-09-25 11:30:10"
13379;"2024-09-01";209;140;104933;1358;106431;87;2890;769;3746;212;18042;4246;22500;13;463;1730;2206;452;126328;8103;134883;"2025-09-25 11:30:10"
13380;"2024-09-01";210;162;128131;2223;130516;95;2880;321;3296;103;18076;1074;19253;26;446;298;770;386;149533;3916;153835;"2025-09-25 11:30:10"
13382;"2024-09-01";212;126;95906;1022;97054;87;2833;471;3391;147;12006;498;12651;14;316;162;492;374;111061;2153;113588;"2025-09-25 11:30:10"
13383;"2024-09-01";213;105;24607;190;24902;73;854;173;1100;104;9354;256;9714;13;80;177;270;295;34895;796;35986;"2025-09-25 11:30:10"
13384;"2024-09-01";214;55;11874;76;12005;47;451;36;534;104;4021;93;4218;6;51;27;84;212;16397;232;16841;"2025-09-25 11:30:10"
13385;"2024-09-01";215;269;244880;2310;247459;156;6087;538;6781;236;41030;4617;45883;36;834;578;1448;697;292831;8043;301571;"2025-09-25 11:30:10"
13386;"2024-09-01";216;106;14152;145;14403;54;529;111;694;134;6204;155;6493;9;62;30;101;303;20947;441;21691;"2025-09-25 11:30:10"
13387;"2024-09-01";217;107;43695;477;44279;92;1379;194;1665;106;13696;2589;16391;15;198;630;843;320;58968;3890;63178;"2025-09-25 11:30:10"
13388;"2024-09-01";218;101;48206;680;48987;79;1434;220;1733;135;10500;546;11181;18;186;116;320;333;60326;1562;62221;"2025-09-25 11:30:10"
13389;"2024-09-01";219;92;13744;64;13900;62;493;56;611;97;7207;482;7786;8;144;150;302;259;21588;752;22599;"2025-09-25 11:30:10"
13390;"2024-09-01";220;169;153624;1119;154912;97;4109;791;4997;147;22374;7204;29725;22;661;1552;2235;435;180768;10666;191869;"2025-09-25 11:30:10"
13391;"2024-09-01";221;65;10472;55;10592;52;377;44;473;90;4591;554;5235;13;60;102;175;220;15500;755;16475;"2025-09-25 11:30:10"
13392;"2024-09-01";222;213;144104;2841;147158;175;3242;1039;4456;238;26777;2362;29377;34;497;432;963;660;174620;6674;181954;"2025-09-25 11:30:10"
13393;"2024-09-01";223;70;25066;183;25319;73;1029;111;1213;97;10320;414;10831;10;144;65;219;250;36559;773;37582;"2025-09-25 11:30:10"
13394;"2024-09-01";224;141;89958;1273;91372;64;1905;465;2434;138;10543;988;11669;16;163;151;330;359;102569;2877;105805;"2025-09-25 11:30:10"
13395;"2024-09-01";225;66;95250;6172;101488;32;1842;403;2277;54;10869;1654;12577;4;208;228;440;156;108169;8457;116782;"2025-09-25 11:30:10"
13396;"2024-09-01";226;242;160864;60681;221787;219;2069;1080;3368;142;10544;999;11685;15;225;183;423;618;173702;62943;237263;"2025-09-25 11:30:10"
13397;"2024-09-01";227;233;99932;1816;101981;171;2178;275;2624;133;16603;1456;18192;18;296;350;664;555;119009;3897;123461;"2025-09-25 11:30:10"
13398;"2024-09-01";228;97;87426;720;88243;36;1925;159;2120;89;7863;1001;8953;13;271;270;554;235;97485;2150;99870;"2025-09-25 11:30:10"
13399;"2024-09-01";229;101;43156;690;43947;82;1667;245;1994;121;8836;345;9302;14;163;74;251;318;53822;1354;55494;"2025-09-25 11:30:10"
13400;"2024-09-01";230;60;16238;92;16390;66;537;43;646;105;7802;169;8076;10;79;83;172;241;24656;387;25284;"2025-09-25 11:30:10"
13401;"2024-09-01";231;89;33203;37064;70356;54;1052;404;1510;83;10260;532;10875;7;252;228;487;233;44767;38228;83228;"2025-09-25 11:30:10"
13402;"2024-09-01";232;64;13516;367;13947;55;487;84;626;123;6549;152;6824;13;70;28;111;255;20622;631;21508;"2025-09-25 11:30:10"
13403;"2024-09-01";233;88;15710;132;15930;55;595;74;724;138;8175;403;8716;15;89;77;181;296;24569;686;25551;"2025-09-25 11:30:10"
13405;"2024-09-01";235;249;77541;949;78739;137;2827;152;3116;346;26965;673;27984;42;250;144;436;774;107583;1918;110275;"2025-09-25 11:30:10"
13406;"2024-09-01";236;622;253092;268421;522135;359;7075;6337;13771;687;58562;3613;62862;39;1334;598;1971;1707;320063;278969;600739;"2025-09-25 11:30:10"
13408;"2024-09-01";238;162;94189;2495;96846;149;2513;506;3168;264;18165;1432;19861;37;406;438;881;612;115273;4871;120756;"2025-09-25 11:30:10"
13410;"2024-09-01";240;112;39795;686;40593;77;1203;155;1435;127;6917;522;7566;11;173;222;406;327;48088;1585;50000;"2025-09-25 11:30:10"
13411;"2024-09-01";241;123;26366;478;26967;100;802;120;1022;183;6760;184;7127;10;150;46;206;416;34078;828;35322;"2025-09-25 11:30:10"
13412;"2024-09-01";242;113;34244;950;35307;88;1065;145;1298;114;5372;314;5800;7;146;93;246;322;40827;1502;42651;"2025-09-25 11:30:10"
13413;"2024-09-01";243;53;8839;61;8953;53;313;30;396;111;3344;52;3507;10;53;15;78;227;12549;158;12934;"2025-09-25 11:30:10"
13414;"2024-09-01";244;44;12532;164;12740;42;412;24;478;122;4160;71;4353;12;80;21;113;220;17184;280;17684;"2025-09-25 11:30:10"
13415;"2024-09-01";245;132;15124;151;15407;81;624;59;764;127;6232;132;6491;13;125;54;192;353;22105;396;22854;"2025-09-25 11:30:10"
13416;"2024-09-01";246;218;161028;2703;163949;167;4238;507;4912;234;26672;2277;29183;25;678;372;1075;644;192616;5859;199119;"2025-09-25 11:30:10"
13417;"2024-09-01";247;59;14658;91;14808;52;446;62;560;121;4996;112;5229;9;83;30;122;241;20183;295;20719;"2025-09-25 11:30:10"
13418;"2024-09-01";248;113;14222;235;14570;99;551;75;725;148;6145;151;6444;19;106;35;160;379;21024;496;21899;"2025-09-25 11:30:10"
13419;"2024-09-01";249;57;17037;197;17291;71;670;53;794;136;7006;140;7282;14;87;21;122;278;24800;411;25489;"2025-09-25 11:30:10"
13420;"2024-09-01";250;338;121341;2490;124169;293;3064;611;3968;268;18607;2766;21641;21;513;417;951;920;143525;6284;150729;"2025-09-25 11:30:10"
13421;"2024-09-01";251;65;16236;378;16679;62;601;121;784;117;3356;132;3605;11;125;42;178;255;20318;673;21246;"2025-09-25 11:30:10"
13422;"2024-09-01";252;107;17676;324;18107;85;773;94;952;122;8667;144;8933;21;96;58;175;335;27212;620;28167;"2025-09-25 11:30:10"
13423;"2024-09-01";253;134;28227;256;28617;115;1203;270;1588;184;11821;455;12460;22;153;67;242;455;41404;1048;42907;"2025-09-25 11:30:10"
13424;"2024-09-01";254;57;9888;58;10003;60;284;42;386;103;3306;51;3460;10;59;23;92;230;13537;174;13941;"2025-09-25 11:30:10"
13425;"2024-09-01";255;87;19434;506;20027;65;816;81;962;126;8646;268;9040;14;130;49;193;292;29026;904;30222;"2025-09-25 11:30:10"
13427;"2024-09-01";257;110;20178;165;20453;65;1263;98;1426;154;10673;272;11099;14;107;49;170;343;32221;584;33148;"2025-09-25 11:30:10"
13428;"2024-09-01";258;214;116122;2045;118381;123;3008;516;3647;211;19396;3156;22763;18;489;702;1209;566;139015;6419;146000;"2025-09-25 11:30:10"
13429;"2024-09-01";259;120;33983;567;34670;62;1462;132;1656;142;13653;1023;14818;8;263;153;424;332;49361;1875;51568;"2025-09-25 11:30:10"
13430;"2024-09-01";260;140;29467;499;30106;103;1158;168;1429;177;12495;447;13119;18;169;69;256;438;43289;1183;44910;"2025-09-25 11:30:10"
13431;"2024-09-01";261;71;8949;59;9079;42;467;61;570;100;4453;248;4801;7;46;38;91;220;13915;406;14541;"2025-09-25 11:30:10"
13432;"2024-09-01";262;96;18961;178;19235;61;809;115;985;130;8666;265;9061;12;103;53;168;299;28539;611;29449;"2025-09-25 11:30:10"
13433;"2024-09-01";263;70;10360;85;10515;61;388;29;478;98;5244;64;5406;10;51;19;80;239;16043;197;16479;"2025-09-25 11:30:10"
13434;"2024-09-01";264;113;46506;234;46853;118;1609;427;2154;202;12382;2349;14933;27;253;209;489;460;60750;3219;64429;"2025-09-25 11:30:10"
13435;"2024-09-01";265;185;113819;1853;115857;143;3827;489;4459;214;24439;3110;27763;16;425;428;869;558;142510;5880;148948;"2025-09-25 11:30:10"
13436;"2024-09-01";266;82;9734;58;9874;62;425;70;557;119;4967;268;5354;9;61;26;96;272;15187;422;15881;"2025-09-25 11:30:10"
13437;"2024-09-01";267;75;7932;33;8040;41;353;22;416;114;4432;81;4627;6;52;19;77;236;12769;155;13160;"2025-09-25 11:30:10"
13438;"2024-09-01";268;142;152498;3235;155875;100;3377;970;4447;119;19296;2608;22023;14;540;407;961;375;175711;7220;183306;"2025-09-25 11:30:10"
13439;"2024-09-01";269;341;137170;1982;139493;234;3059;517;3810;240;15928;1533;17701;28;348;252;628;843;156505;4284;161632;"2025-09-25 11:30:10"
13440;"2024-09-01";270;107;41079;1883;43069;110;1582;195;1887;164;14984;880;16028;7;239;134;380;388;57884;3092;61364;"2025-09-25 11:30:10"
13441;"2024-09-01";271;107;9588;61;9756;58;410;95;563;109;5052;106;5267;15;59;17;91;289;15109;279;15677;"2025-09-25 11:30:10"
13443;"2024-10-01";1;162;219056;14409;233627;63;3881;559;4503;189;13609;2420;16218;20;368;157;545;434;236914;17545;254893;"2025-09-25 11:30:21"
13444;"2024-10-01";2;110;132559;5147;137816;41;3225;636;3902;144;11863;2588;14595;7;229;212;448;302;147876;8583;156761;"2025-09-25 11:30:21"
13445;"2024-10-01";3;108;60350;2091;62549;69;2071;715;2855;129;6765;1281;8175;14;156;111;281;320;69342;4198;73860;"2025-09-25 11:30:21"
13446;"2024-10-01";4;120;68174;2076;70370;85;1624;309;2018;130;16186;2837;19153;10;410;652;1072;345;86394;5874;92613;"2025-09-25 11:30:21"
13447;"2024-10-01";5;90;98886;2994;101970;45;2926;345;3316;139;8990;2227;11356;11;186;176;373;285;110988;5742;117015;"2025-09-25 11:30:21"
13448;"2024-10-01";6;90;80316;3073;83479;45;2037;332;2414;169;8525;1594;10288;10;129;107;246;314;91007;5106;96427;"2025-09-25 11:30:21"
13449;"2024-10-01";7;110;115537;9393;125040;62;3904;567;4533;130;13762;2613;16505;7;334;165;506;309;133537;12738;146584;"2025-09-25 11:30:21"
13450;"2024-10-01";8;59;71795;3312;75166;33;2555;449;3037;74;10703;2297;13074;12;195;99;306;178;85248;6157;91583;"2025-09-25 11:30:21"
13451;"2024-10-01";9;85;129402;5627;135114;54;3250;766;4070;176;9715;2141;12032;11;280;264;555;326;142647;8798;151771;"2025-09-25 11:30:21"
13452;"2024-10-01";10;92;76182;4599;80873;48;2220;570;2838;129;7915;2043;10087;12;194;156;362;281;86511;7368;94160;"2025-09-25 11:30:21"
13453;"2024-10-01";11;107;84749;2949;87805;61;2505;132;2698;132;9703;2199;12034;11;203;97;311;311;97160;5377;102848;"2025-09-25 11:30:21"
13454;"2024-10-01";12;118;94799;1118;96035;45;2156;129;2330;135;6423;1172;7730;16;131;174;321;314;103509;2593;106416;"2025-09-25 11:30:21"
13455;"2024-10-01";13;94;101820;4266;106180;56;2452;650;3158;171;9216;2166;11553;21;250;500;771;342;113738;7582;121662;"2025-09-25 11:30:21"
13456;"2024-10-01";14;210;77555;3444;81209;106;1960;403;2469;133;5806;1806;7745;7;149;104;260;456;85470;5757;91683;"2025-09-25 11:30:21"
13457;"2024-10-01";15;176;153700;3735;157611;128;2934;657;3719;184;10599;4734;15517;16;273;206;495;504;167506;9332;177342;"2025-09-25 11:30:21"
13458;"2024-10-01";16;132;81960;9091;91183;46;1762;977;2785;179;8151;1861;10191;18;195;104;317;375;92068;12033;104476;"2025-09-25 11:30:21"
13459;"2024-10-01";17;93;105333;1998;107424;48;2738;1104;3890;140;8453;1695;10288;8;196;103;307;289;116720;4900;121909;"2025-09-25 11:30:21"
13460;"2024-10-01";18;129;207235;7548;214912;105;3919;1607;5631;160;17431;4777;22368;17;395;392;804;411;228980;14324;243715;"2025-09-25 11:30:21"
13461;"2024-10-01";19;129;127320;4434;131883;61;2996;734;3791;144;10984;2928;14056;7;272;431;710;341;141572;8527;150440;"2025-09-25 11:30:21"
13462;"2024-10-01";20;127;118556;2906;121589;62;3565;180;3807;170;13017;4474;17661;15;470;637;1122;374;135608;8197;144179;"2025-09-25 11:30:21"
13463;"2024-10-01";21;263;63615;1258;65136;119;1730;79;1928;160;4951;982;6093;11;150;29;190;553;70446;2348;73347;"2025-09-25 11:30:21"
13464;"2024-10-01";22;101;113954;4025;118080;47;2890;743;3680;143;9777;2055;11975;15;191;186;392;306;126812;7009;134127;"2025-09-25 11:30:21"
13465;"2024-10-01";23;1634;39345;236;41215;1512;1411;249;3172;337;3606;1564;5507;102;87;95;284;3585;44449;2144;50178;"2025-09-25 11:30:21"
13466;"2024-10-01";63;139;91391;1136;92666;113;1845;281;2239;92;9959;948;10999;6;226;275;507;350;103421;2640;106411;"2025-09-25 11:30:21"
13467;"2024-10-01";25;78;91798;5958;97834;33;2925;568;3526;122;11492;2781;14395;14;221;330;565;247;106436;9637;116320;"2025-09-25 11:30:21"
13468;"2024-10-01";146;1970;757233;12954;772157;1382;23143;3912;28437;2295;175942;16441;194678;209;3199;2576;5984;5856;959517;35883;1001256;"2025-09-25 11:30:21"
13470;"2024-10-01";28;100;64873;2427;67400;63;1996;884;2943;103;9464;3097;12664;14;188;648;850;280;76521;7056;83857;"2025-09-25 11:30:21"
13471;"2024-10-01";29;81;74786;832;75699;49;1995;550;2594;119;10730;1236;12085;13;248;205;466;262;87759;2823;90844;"2025-09-25 11:30:21"
13472;"2024-10-01";77;295;138959;2882;142136;215;2614;557;3386;227;16112;3236;19575;18;357;589;964;755;158042;7264;166061;"2025-09-25 11:30:21"
13473;"2024-10-01";57;68;58458;791;59317;43;1169;147;1359;75;4694;334;5103;7;154;59;220;193;64475;1331;65999;"2025-09-25 11:30:21"
13474;"2024-10-01";32;71;86493;1644;88208;27;1852;383;2262;63;9924;1568;11555;1;207;284;492;162;98476;3879;102517;"2025-09-25 11:30:21"
13475;"2024-10-01";33;127;117955;23533;141615;62;2664;515;3241;169;12987;2374;15530;10;210;542;762;368;133816;26964;161148;"2025-09-25 11:30:21"
13476;"2024-10-01";79;86;110072;1533;111691;40;2069;279;2388;92;11117;1625;12834;10;274;331;615;228;123532;3768;127528;"2025-09-25 11:30:21"
13477;"2024-10-01";35;95;66552;2441;69088;58;2060;248;2366;99;14137;2284;16520;8;223;322;553;260;82972;5295;88527;"2025-09-25 11:30:21"
13478;"2024-10-01";36;107;92506;3479;96092;51;2623;337;3011;103;12834;2021;14958;9;221;280;510;270;108184;6117;114571;"2025-09-25 11:30:21"
13479;"2024-10-01";60;315;185413;20940;206668;323;3981;434;4738;202;18438;2351;20991;29;521;498;1048;869;208353;24223;233445;"2025-09-25 11:30:21"
13480;"2024-10-01";38;51;56430;65129;121610;24;1397;816;2237;79;5421;1358;6858;11;150;362;523;165;63398;67665;131228;"2025-09-25 11:30:21"
13481;"2024-10-01";39;340;112974;23204;136518;507;1703;683;2893;182;8721;2302;11205;25;200;715;940;1054;123598;26904;151556;"2025-09-25 11:30:21"
13482;"2024-10-01";40;83;26403;1320;27806;48;957;326;1331;86;4069;371;4526;9;48;53;110;226;31477;2070;33773;"2025-09-25 11:30:21"
13484;"2024-10-01";42;137;142708;2192;145037;58;2865;225;3148;124;12594;2224;14942;9;305;480;794;328;158472;5121;163921;"2025-09-25 11:30:21"
13486;"2024-10-01";44;0;19;2;21;0;4;0;4;0;22;3;25;0;0;0;0;0;45;5;50;"2025-09-25 11:30:21"
13488;"2024-10-01";46;184;239313;13032;252529;112;4656;739;5507;179;29125;5573;34877;14;601;567;1182;489;273695;19911;294095;"2025-09-25 11:30:21"
13489;"2024-10-01";47;123;117754;1489;119366;120;2855;516;3491;293;19595;2881;22769;61;411;294;766;597;140615;5180;146392;"2025-09-25 11:30:21"
13493;"2024-10-01";51;188;196635;3157;199980;192;2945;606;3743;211;15785;1351;17347;13;474;160;647;604;215839;5274;221717;"2025-09-25 11:30:21"
13496;"2024-10-01";54;137;27467;6891;34495;53;1128;296;1477;161;10450;786;11397;10;185;85;280;361;39230;8058;47649;"2025-09-25 11:30:21"
13497;"2024-10-01";55;107;95369;143630;239106;63;3070;2120;5253;114;25942;2731;28787;17;523;333;873;301;124904;148814;274019;"2025-09-25 11:30:21"
13498;"2024-10-01";56;352;224492;19727;244571;456;4893;879;6228;175;29000;3620;32795;23;595;494;1112;1006;258980;24720;284706;"2025-09-25 11:30:21"
13500;"2024-10-01";58;186;144224;10879;155289;103;4003;83;4189;136;16908;4911;21955;18;427;832;1277;443;165562;16705;182710;"2025-09-25 11:30:21"
13501;"2024-10-01";59;146;203853;33340;237339;80;4401;1024;5505;104;20524;3209;23837;11;475;314;800;341;229253;37887;267481;"2025-09-25 11:30:21"
13503;"2024-10-01";61;170;208862;5534;214566;91;3134;721;3946;140;12261;3463;15864;14;398;507;919;415;224655;10225;235295;"2025-09-25 11:30:21"
13504;"2024-10-01";62;72;8792;144;9008;58;514;72;644;126;3990;65;4181;3;49;13;65;259;13345;294;13898;"2025-09-25 11:30:21"
13507;"2024-10-01";65;216;174414;3817;178447;153;4171;368;4692;190;26556;8173;34919;28;732;924;1684;587;205873;13282;219742;"2025-09-25 11:30:21"
13513;"2024-10-01";71;84;72325;1948;74357;46;2022;545;2613;109;13615;3890;17614;9;355;447;811;248;88317;6830;95395;"2025-09-25 11:30:21"
13516;"2024-10-01";74;123;177021;2722;179866;93;3078;363;3534;454;15438;2444;18336;25;628;295;948;695;196165;5824;202684;"2025-09-25 11:30:21"
13522;"2024-10-01";80;168;109052;1208;110428;97;2525;664;3286;171;20698;4219;25088;14;424;1012;1450;450;132699;7103;140252;"2025-09-25 11:30:21"
13525;"2024-10-01";83;366;177772;1179;179317;247;3225;653;4125;271;15105;1983;17359;82;652;169;903;966;196754;3984;201704;"2025-09-25 11:30:21"
13527;"2024-10-01";85;152;25675;238;26065;82;1110;143;1335;160;6648;203;7011;23;132;44;199;417;33565;628;34610;"2025-09-25 11:30:21"
13528;"2024-10-01";86;313;174314;1953;176580;155;4000;378;4533;196;19192;2708;22096;22;445;283;750;686;197951;5322;203959;"2025-09-25 11:30:21"
13529;"2024-10-01";87;108;115264;3426;118798;80;2386;624;3090;82;13061;2166;15309;12;367;159;538;282;131078;6375;137735;"2025-09-25 11:30:21"
13530;"2024-10-01";88;70;105500;2449;108019;22;2058;576;2656;37;9239;1513;10789;1;222;139;362;130;117019;4677;121826;"2025-09-25 11:30:21"
13531;"2024-10-01";89;479;30777;309;31565;101;516;37;654;128;1950;457;2535;15;81;10;106;723;33324;813;34860;"2025-09-25 11:30:21"
13532;"2024-10-01";90;142;88227;1755;90124;72;2245;426;2743;110;10119;2353;12582;11;217;204;432;335;100808;4738;105881;"2025-09-25 11:30:21"
13533;"2024-10-01";91;190;172847;860;173897;97;4712;2320;7129;129;30563;5543;36235;16;689;360;1065;432;208811;9083;218326;"2025-09-25 11:30:21"
13534;"2024-10-01";92;92;61706;1110;62908;75;1492;283;1850;99;8337;1404;9840;14;189;153;356;280;71724;2950;74954;"2025-09-25 11:30:21"
13535;"2024-10-01";93;131;87575;851;88557;72;2079;165;2316;92;9000;3896;12988;10;176;259;445;305;98830;5171;104306;"2025-09-25 11:30:21"
13536;"2024-10-01";94;254;202892;2688;205834;113;4949;1644;6706;197;30908;4486;35591;9;706;688;1403;573;239455;9506;249534;"2025-09-25 11:30:21"
13537;"2024-10-01";95;365;269892;2207;272464;203;7050;1021;8274;222;43076;6460;49758;28;1100;501;1629;818;321118;10189;332125;"2025-09-25 11:30:21"
13538;"2024-10-01";96;97;31747;661;32505;47;1189;73;1309;83;5307;684;6074;11;102;51;164;238;38345;1469;40052;"2025-09-25 11:30:21"
13539;"2024-10-01";97;6;98;2;106;0;38;10;48;0;127;7;134;0;0;1;1;6;263;20;289;"2025-09-25 11:30:21"
13540;"2024-10-01";98;48;73308;1748;75104;19;2117;115;2251;33;8299;1251;9583;1;172;172;345;101;83896;3286;87283;"2025-09-25 11:30:21"
13541;"2024-10-01";99;37;51440;920;52397;31;1880;445;2356;32;9803;1730;11565;4;180;176;360;104;63303;3271;66678;"2025-09-25 11:30:21"
13542;"2024-10-01";100;194;128950;2825;131969;149;3456;578;4183;155;15688;3305;19148;24;332;199;555;522;148426;6907;155855;"2025-09-25 11:30:21"
13543;"2024-10-01";101;201;179014;4353;183568;57;2355;1383;3795;104;7632;1921;9657;10;355;202;567;372;189356;7859;197587;"2025-09-25 11:30:21"
13544;"2024-10-01";102;167;71883;1599;73649;60;2039;220;2319;76;7537;1562;9175;3;193;158;354;306;81652;3539;85497;"2025-09-25 11:30:21"
13545;"2024-10-01";103;215;63237;2040;65492;58;2071;267;2396;100;8794;1596;10490;17;186;144;347;390;74288;4047;78725;"2025-09-25 11:30:21"
13546;"2024-10-01";104;133;182021;4895;187049;174;4540;1497;6211;159;20360;3161;23680;22;584;562;1168;488;207505;10115;218108;"2025-09-25 11:30:21"
13547;"2024-10-01";105;277;143339;1984;145600;106;2057;139;2302;67;6704;1482;8253;3;262;136;401;453;152362;3741;156556;"2025-09-25 11:30:21"
13548;"2024-10-01";106;244;98729;1017;99990;140;2695;511;3346;103;8259;2158;10520;16;231;123;370;503;109914;3809;114226;"2025-09-25 11:30:21"
13549;"2024-10-01";107;120;72751;1302;74173;60;2402;64;2526;90;6435;1965;8490;17;172;96;285;287;81760;3427;85474;"2025-09-25 11:30:21"
13550;"2024-10-01";108;178;227017;1847;229042;110;6371;454;6935;155;37315;6416;43886;23;744;511;1278;466;271447;9228;281141;"2025-09-25 11:30:21"
13551;"2024-10-01";109;210;137412;2448;140070;145;4849;1111;6105;224;22867;4002;27093;12;424;328;764;591;165552;7889;174032;"2025-09-25 11:30:21"
13552;"2024-10-01";110;86;122221;2238;124545;41;3901;645;4587;33;18280;2644;20957;3;444;360;807;163;144846;5887;150896;"2025-09-25 11:30:21"
13553;"2024-10-01";111;174;94231;712;95117;96;3040;528;3664;133;19401;3380;22914;15;998;295;1308;418;117670;4915;123003;"2025-09-25 11:30:21"
13554;"2024-10-01";112;154;117650;2226;120030;114;2093;604;2811;120;10005;3832;13957;11;339;171;521;399;130087;6833;137319;"2025-09-25 11:30:21"
13555;"2024-10-01";113;91;73711;1330;75132;28;2146;913;3087;39;9036;1588;10663;0;195;126;321;158;85088;3957;89203;"2025-09-25 11:30:21"
13556;"2024-10-01";114;189;117210;704;118103;92;3743;462;4297;170;20000;2980;23150;14;502;247;763;465;141455;4393;146313;"2025-09-25 11:30:21"
13557;"2024-10-01";115;241;53864;436;54541;99;1697;522;2318;255;12199;902;13356;12;293;84;389;607;68053;1944;70604;"2025-09-25 11:30:21"
13558;"2024-10-01";116;194;53624;343;54161;87;1991;652;2730;203;14276;6468;20947;10;326;353;689;494;70217;7816;78527;"2025-09-25 11:30:21"
13559;"2024-10-01";117;90;17551;76;17717;69;709;236;1014;156;6347;4116;10619;7;141;491;639;322;24748;4919;29989;"2025-09-25 11:30:21"
13560;"2024-10-01";118;91;107023;1182;108296;61;2742;550;3353;63;10514;2544;13121;10;320;186;516;225;120599;4462;125286;"2025-09-25 11:30:21"
13561;"2024-10-01";119;53;185571;3349;188973;41;3322;729;4092;51;11525;3664;15240;12;510;301;823;157;200928;8043;209128;"2025-09-25 11:30:21"
13562;"2024-10-01";120;27;144142;763;144932;15;1807;131;1953;23;4949;1407;6379;0;234;42;276;65;151132;2343;153540;"2025-09-25 11:30:21"
13563;"2024-10-01";121;388;122836;1615;124839;178;3896;1463;5537;238;21551;4872;26661;19;693;363;1075;823;148976;8313;158112;"2025-09-25 11:30:21"
13564;"2024-10-01";122;116;58902;416;59434;96;1224;190;1510;87;5724;2061;7872;9;148;315;472;308;65998;2982;69288;"2025-09-25 11:30:21"
13565;"2024-10-01";123;285;151863;2050;154198;268;4443;439;5150;196;18055;3005;21256;28;555;272;855;777;174916;5766;181459;"2025-09-25 11:30:21"
13566;"2024-10-01";124;213;102229;961;103403;87;3300;799;4186;129;19006;4346;23481;16;473;554;1043;445;125008;6660;132113;"2025-09-25 11:30:21"
13567;"2024-10-01";125;281;213473;2359;216113;92;5432;2690;8214;171;31122;6329;37622;20;695;300;1015;564;250722;11678;262964;"2025-09-25 11:30:21"
13568;"2024-10-01";126;366;289936;3780;294082;161;7659;2216;10036;254;35904;7447;43605;24;992;1032;2048;805;334491;14475;349771;"2025-09-25 11:30:21"
13569;"2024-10-01";127;190;66258;3853;70301;73;2704;766;3543;154;20893;2448;23495;14;365;380;759;431;90220;7447;98098;"2025-09-25 11:30:21"
13570;"2024-10-01";128;204;122895;992;124091;90;2483;357;2930;148;15487;2335;17970;12;333;156;501;454;141198;3840;145492;"2025-09-25 11:30:21"
13571;"2024-10-01";129;400;454945;2745;458090;227;10114;2777;13118;294;64505;8252;73051;75;1664;692;2431;996;531228;14466;546690;"2025-09-25 11:30:21"
13573;"2024-10-01";131;75;15390;121;15586;56;741;54;851;78;7982;259;8319;11;92;28;131;220;24205;462;24887;"2025-09-25 11:30:21"
13574;"2024-10-01";132;73;11149;141;11363;50;444;94;588;118;4893;377;5388;4;90;225;319;245;16576;837;17658;"2025-09-25 11:30:21"
13575;"2024-10-01";133;70;12113;115;12298;56;605;88;749;107;6400;511;7018;17;78;47;142;250;19196;761;20207;"2025-09-25 11:30:21"
13576;"2024-10-01";134;93;17504;115;17712;60;677;91;828;117;8198;184;8499;13;94;40;147;283;26473;430;27186;"2025-09-25 11:30:21"
13577;"2024-10-01";135;71;20150;179;20400;59;805;84;948;84;8094;685;8863;11;166;90;267;225;29215;1038;30478;"2025-09-25 11:30:21"
13578;"2024-10-01";136;77;47423;297;47797;71;2060;210;2341;114;13755;1430;15299;14;243;141;398;276;63481;2078;65835;"2025-09-25 11:30:21"
13579;"2024-10-01";137;102;54895;703;55700;82;1676;185;1943;155;13597;1703;15455;11;346;884;1241;350;70514;3475;74339;"2025-09-25 11:30:21"
13580;"2024-10-01";138;34;17278;160;17472;26;530;35;591;32;3183;586;3801;7;68;48;123;99;21059;829;21987;"2025-09-25 11:30:21"
13581;"2024-10-01";139;76;45529;296;45901;63;1461;85;1609;87;9283;1099;10469;6;226;84;316;232;56499;1564;58295;"2025-09-25 11:30:21"
13582;"2024-10-01";140;1;8;0;9;0;3;0;3;0;8;0;8;0;0;0;0;1;19;0;20;"2025-09-25 11:30:21"
13583;"2024-10-01";141;207;87946;1076;89229;113;2120;367;2600;178;12087;1135;13400;17;348;266;631;515;102501;2844;105860;"2025-09-25 11:30:21"
13584;"2024-10-01";142;55;83218;1690;84963;126;1987;848;2961;65;10842;1819;12726;4;324;221;549;250;96371;4578;101199;"2025-09-25 11:30:21"
13585;"2024-10-01";143;174;91632;2455;94261;122;2426;556;3104;132;14686;2089;16907;9;409;199;617;437;109153;5299;114889;"2025-09-25 11:30:21"
13586;"2024-10-01";144;131;130407;4400;134938;87;2965;700;3752;132;15780;2498;18410;13;568;361;942;363;149720;7959;158042;"2025-09-25 11:30:21"
13587;"2024-10-01";145;199;94920;5023;100142;154;2817;415;3386;257;19962;1808;22027;29;436;283;748;639;118135;7529;126303;"2025-09-25 11:30:21"
13589;"2024-10-01";147;78;23488;62;23628;38;581;98;717;56;2248;431;2735;9;91;34;134;181;26408;625;27214;"2025-09-25 11:30:21"
13590;"2024-10-01";148;222;42320;1191;43733;122;1544;367;2033;226;12872;681;13779;24;206;132;362;594;56942;2371;59907;"2025-09-25 11:30:21"
13591;"2024-10-01";149;71;20645;1892;22608;45;994;220;1259;97;8610;595;9302;8;110;72;190;221;30359;2779;33359;"2025-09-25 11:30:21"
13592;"2024-10-01";150;151;45705;822;46678;90;2016;352;2458;142;15288;1079;16509;28;201;90;319;411;63210;2343;65964;"2025-09-25 11:30:21"
13593;"2024-10-01";151;151;86053;799;87003;79;2413;356;2848;185;19196;2325;21706;16;483;801;1300;431;108145;4281;112857;"2025-09-25 11:30:21"
13594;"2024-10-01";152;133;40344;554;41031;73;1395;171;1639;181;12856;541;13578;33;187;155;375;420;54782;1421;56623;"2025-09-25 11:30:21"
13595;"2024-10-01";153;99;23085;194;23378;69;1075;327;1471;150;11260;396;11806;14;89;54;157;332;35509;971;36812;"2025-09-25 11:30:21"
13596;"2024-10-01";154;179;81937;947;83063;89;2422;483;2994;161;18991;1862;21014;24;410;436;870;453;103760;3728;107941;"2025-09-25 11:30:21"
13597;"2024-10-01";155;78;19675;148;19901;40;702;114;856;108;7710;438;8256;17;90;82;189;243;28177;782;29202;"2025-09-25 11:30:21"
13598;"2024-10-01";156;203;173850;2320;176373;142;4658;486;5286;188;24332;3760;28280;48;726;382;1156;581;203566;6948;211095;"2025-09-25 11:30:21"
13599;"2024-10-01";157;151;34790;280;35221;125;1380;317;1822;184;11509;743;12436;14;196;124;334;474;47875;1464;49813;"2025-09-25 11:30:21"
13600;"2024-10-01";158;99;119031;1801;120931;62;3750;681;4493;124;19624;2874;22622;10;539;397;946;295;142944;5753;148992;"2025-09-25 11:30:21"
13601;"2024-10-01";159;162;182552;1734;184448;164;4337;887;5388;218;20993;2509;23720;24;595;296;915;568;208477;5426;214471;"2025-09-25 11:30:21"
13602;"2024-10-01";160;79;11393;66;11538;59;459;61;579;121;6026;514;6661;17;69;66;152;276;17947;707;18930;"2025-09-25 11:30:21"
13603;"2024-10-01";161;88;24668;211;24967;48;979;112;1139;194;10822;255;11271;19;140;49;208;349;36609;627;37585;"2025-09-25 11:30:21"
13604;"2024-10-01";162;163;43217;324;43704;93;1382;200;1675;141;12252;780;13173;20;226;129;375;417;57077;1433;58927;"2025-09-25 11:30:21"
13606;"2024-10-01";164;82;12344;161;12587;64;490;76;630;100;6582;732;7414;11;82;39;132;257;19498;1008;20763;"2025-09-25 11:30:21"
13607;"2024-10-01";165;108;20915;158;21181;73;1005;92;1170;143;12694;257;13094;10;116;42;168;334;34730;549;35613;"2025-09-25 11:30:21"
13608;"2024-10-01";166;67;10651;99;10817;44;412;58;514;71;5031;391;5493;6;55;63;124;188;16149;611;16948;"2025-09-25 11:30:21"
13609;"2024-10-01";167;94;77809;773;78676;68;2132;278;2478;88;14662;3474;18224;14;543;1688;2245;264;95146;6213;101623;"2025-09-25 11:30:21"
13610;"2024-10-01";168;59;9233;394;9686;39;386;52;477;77;3941;205;4223;4;68;23;95;179;13628;674;14481;"2025-09-25 11:30:21"
13611;"2024-10-01";169;141;52738;792;53671;115;1863;370;2348;216;15603;1718;17537;20;370;278;668;492;70574;3158;74224;"2025-09-25 11:30:21"
13612;"2024-10-01";170;79;20211;394;20684;48;765;271;1084;77;7909;1044;9030;11;122;148;281;215;29007;1857;31079;"2025-09-25 11:30:21"
13613;"2024-10-01";171;122;82862;2243;85227;118;2602;399;3119;152;13005;2278;15435;10;338;352;700;402;98807;5272;104481;"2025-09-25 11:30:21"
13614;"2024-10-01";172;253;40649;154;41056;206;1478;69;1753;158;11842;862;12862;14;190;123;327;631;54159;1208;55998;"2025-09-25 11:30:21"
13615;"2024-10-01";173;75;13981;156;14212;53;715;69;837;103;7900;356;8359;14;89;51;154;245;22685;632;23562;"2025-09-25 11:30:21"
13616;"2024-10-01";174;172;123838;1851;125861;131;2908;601;3640;196;22680;2107;24983;20;448;928;1396;519;149874;5487;155880;"2025-09-25 11:30:21"
13617;"2024-10-01";175;120;14056;103233;117409;67;636;2357;3060;209;9451;388;10048;5;136;36;177;401;24279;106014;130694;"2025-09-25 11:30:21"
13618;"2024-10-01";176;198;113534;2437;116169;153;3126;724;4003;202;21694;3562;25458;17;416;840;1273;570;138770;7563;146903;"2025-09-25 11:30:21"
13619;"2024-10-01";177;79;21397;214;21690;46;785;94;925;113;8197;508;8818;7;111;53;171;245;30490;869;31604;"2025-09-25 11:30:21"
13620;"2024-10-01";178;88;24439;99;24626;63;1201;79;1343;119;11275;782;12176;8;211;139;358;278;37126;1099;38503;"2025-09-25 11:30:21"
13621;"2024-10-01";179;129;16174;164;16467;57;693;104;854;106;9685;207;9998;11;97;31;139;303;26649;506;27458;"2025-09-25 11:30:21"
13622;"2024-10-01";180;80;19205;181;19466;45;719;84;848;90;8201;889;9180;3;124;88;215;218;28249;1242;29709;"2025-09-25 11:30:21"
13623;"2024-10-01";181;86;13330;109;13525;74;548;47;669;107;7072;285;7464;7;62;33;102;274;21012;474;21760;"2025-09-25 11:30:21"
13624;"2024-10-01";182;80;11191;89;11360;50;522;61;633;96;6322;142;6560;8;60;25;93;234;18095;317;18646;"2025-09-25 11:30:21"
13625;"2024-10-01";183;70;12251;5683;18004;51;508;114;673;88;6547;203;6838;11;86;25;122;220;19392;6025;25637;"2025-09-25 11:30:21"
13626;"2024-10-01";184;115;24420;86948;111483;77;1601;971;2649;142;15547;238;15927;10;121;44;175;344;41689;88201;130234;"2025-09-25 11:30:21"
13627;"2024-10-01";185;96;25747;465;26308;51;915;878;1844;99;8023;499;8621;9;155;145;309;255;34840;1987;37082;"2025-09-25 11:30:21"
13629;"2024-10-01";187;141;119804;923;120868;99;2959;402;3460;130;22113;2734;24977;15;421;384;820;385;145297;4443;150125;"2025-09-25 11:30:21"
13630;"2024-10-01";188;212;119423;1753;121388;149;3707;537;4393;224;25936;1981;28141;16;556;382;954;601;149622;4653;154876;"2025-09-25 11:30:21"
13631;"2024-10-01";189;60;14513;38;14611;34;653;54;741;72;6481;687;7240;17;87;55;159;183;21734;834;22751;"2025-09-25 11:30:21"
13632;"2024-10-01";190;191;192958;2532;195681;114;4892;767;5773;227;25918;3627;29772;20;652;463;1135;552;224420;7389;232361;"2025-09-25 11:30:21"
13634;"2024-10-01";192;141;58641;623;59405;86;1987;269;2342;163;17915;1082;19160;18;242;185;445;408;78785;2159;81352;"2025-09-25 11:30:21"
13635;"2024-10-01";193;96;27235;391;27722;56;1175;117;1348;138;10357;284;10779;12;149;98;259;302;38916;890;40108;"2025-09-25 11:30:21"
13636;"2024-10-01";194;99;11155;48;11302;53;420;41;514;86;7029;91;7206;16;54;14;84;254;18658;194;19106;"2025-09-25 11:30:21"
13637;"2024-10-01";195;119;37195;403;37717;91;1600;262;1953;205;17366;1047;18618;17;204;168;389;432;56365;1880;58677;"2025-09-25 11:30:21"
13638;"2024-10-01";196;75;20212;120;20407;46;789;47;882;87;11376;983;12446;15;143;147;305;223;32520;1297;34040;"2025-09-25 11:30:21"
13639;"2024-10-01";197;276;64800;909;65985;250;2100;315;2665;257;19307;1198;20762;50;346;228;624;833;86553;2650;90036;"2025-09-25 11:30:21"
13640;"2024-10-01";198;74;12893;104;13071;50;588;54;692;126;5976;116;6218;16;77;27;120;266;19534;301;20101;"2025-09-25 11:30:21"
13641;"2024-10-01";199;57;6039;36;6132;32;283;27;342;61;3919;48;4028;2;34;7;43;152;10275;118;10545;"2025-09-25 11:30:21"
13642;"2024-10-01";200;138;41344;481;41963;79;1569;140;1788;151;14699;739;15589;27;225;158;410;395;57837;1518;59750;"2025-09-25 11:30:21"
13643;"2024-10-01";201;130;45270;407;45807;86;1702;241;2029;130;16361;1482;17973;18;232;354;604;364;63565;2484;66413;"2025-09-25 11:30:21"
13644;"2024-10-01";202;103;23190;164;23457;62;706;79;847;110;8679;204;8993;21;107;44;172;296;32682;491;33469;"2025-09-25 11:30:21"
13645;"2024-10-01";203;61;4413;363;4837;21;262;198;481;62;1433;30;1525;8;26;2;36;152;6134;593;6879;"2025-09-25 11:30:21"
13646;"2024-10-01";204;134;20519;115;20768;58;614;85;757;123;6624;124;6871;19;118;38;175;334;27875;362;28571;"2025-09-25 11:30:21"
13647;"2024-10-01";205;79;19601;89;19769;80;823;82;985;126;12240;841;13207;10;116;101;227;295;32780;1113;34188;"2025-09-25 11:30:21"
13648;"2024-10-01";206;78;17844;162;18084;44;620;51;715;93;7840;596;8529;14;98;176;288;229;26402;985;27616;"2025-09-25 11:30:21"
13649;"2024-10-01";207;56;9949;39;10044;69;463;42;574;83;6018;113;6214;10;74;13;97;218;16504;207;16929;"2025-09-25 11:30:21"
13650;"2024-10-01";208;128;56103;269;56500;65;1796;341;2202;113;12938;1560;14611;14;270;314;598;320;71107;2484;73911;"2025-09-25 11:30:21"
13651;"2024-10-01";209;140;104854;1368;106362;87;2874;768;3729;211;17981;4245;22437;13;463;1727;2203;451;126172;8108;134731;"2025-09-25 11:30:21"
13652;"2024-10-01";210;159;128291;2215;130665;97;2877;323;3297;106;18086;1067;19259;29;448;298;775;391;149702;3903;153996;"2025-09-25 11:30:21"
13654;"2024-10-01";212;124;95970;1020;97114;87;2827;470;3384;144;12006;497;12647;14;321;160;495;369;111124;2147;113640;"2025-09-25 11:30:21"
13655;"2024-10-01";213;105;24648;191;24944;73;848;180;1101;104;9359;257;9720;13;80;177;270;295;34935;805;36035;"2025-09-25 11:30:21"
13656;"2024-10-01";214;55;11868;77;12000;47;442;36;525;104;4013;92;4209;6;52;28;86;212;16375;233;16820;"2025-09-25 11:30:21"
13657;"2024-10-01";215;267;245297;2311;247875;153;6075;546;6774;237;41092;4650;45979;36;839;584;1459;693;293303;8091;302087;"2025-09-25 11:30:21"
13658;"2024-10-01";216;102;14181;146;14429;55;523;112;690;133;6196;154;6483;9;62;30;101;299;20962;442;21703;"2025-09-25 11:30:21"
13659;"2024-10-01";217;109;43748;477;44334;93;1372;193;1658;105;13677;2564;16346;15;198;604;817;322;58995;3838;63155;"2025-09-25 11:30:21"
13660;"2024-10-01";218;99;48268;678;49045;79;1435;220;1734;136;10509;547;11192;18;182;111;311;332;60394;1556;62282;"2025-09-25 11:30:21"
13661;"2024-10-01";219;90;13734;63;13887;62;490;56;608;96;7211;480;7787;8;145;150;303;256;21580;749;22585;"2025-09-25 11:30:21"
13662;"2024-10-01";220;168;154518;1115;155801;97;4091;790;4978;149;22344;7186;29679;22;654;1554;2230;436;181607;10645;192688;"2025-09-25 11:30:21"
13663;"2024-10-01";221;65;10473;55;10593;52;372;44;468;89;4594;570;5253;13;61;121;195;219;15500;790;16509;"2025-09-25 11:30:21"
13664;"2024-10-01";222;213;144280;2839;147332;176;3233;1038;4447;238;26762;2371;29371;33;500;432;965;660;174775;6680;182115;"2025-09-25 11:30:21"
13665;"2024-10-01";223;70;25053;182;25305;73;1024;110;1207;97;10315;410;10822;10;146;64;220;250;36538;766;37554;"2025-09-25 11:30:21"
13666;"2024-10-01";224;141;90139;1280;91560;64;1895;470;2429;138;10514;991;11643;16;161;150;327;359;102709;2891;105959;"2025-09-25 11:30:21"
13667;"2024-10-01";225;66;95571;6237;101874;32;1831;403;2266;54;10935;1661;12650;4;211;230;445;156;108548;8531;117235;"2025-09-25 11:30:21"
13668;"2024-10-01";226;238;145882;17060;163180;219;1997;897;3113;141;10122;997;11260;15;222;184;421;613;158223;19138;177974;"2025-09-25 11:30:21"
13669;"2024-10-01";227;231;115360;46594;162185;170;2249;441;2860;133;17041;1459;18633;18;305;351;674;552;134955;48845;184352;"2025-09-25 11:30:21"
13670;"2024-10-01";228;95;87493;717;88305;35;1917;160;2112;90;7856;1006;8952;13;282;273;568;233;97548;2156;99937;"2025-09-25 11:30:21"
13671;"2024-10-01";229;99;43206;691;43996;84;1662;244;1990;121;8839;345;9305;14;168;72;254;318;53875;1352;55545;"2025-09-25 11:30:21"
13672;"2024-10-01";230;60;16249;92;16401;68;534;44;646;105;7814;172;8091;10;80;83;173;243;24677;391;25311;"2025-09-25 11:30:21"
13673;"2024-10-01";231;85;33121;37263;70469;53;1046;402;1501;81;10271;530;10882;6;257;225;488;225;44695;38420;83340;"2025-09-25 11:30:21"
13674;"2024-10-01";232;64;13537;364;13965;55;488;85;628;123;6545;151;6819;13;68;30;111;255;20638;630;21523;"2025-09-25 11:30:21"
13675;"2024-10-01";233;87;15770;136;15993;55;599;75;729;138;8190;399;8727;15;90;76;181;295;24649;686;25630;"2025-09-25 11:30:21"
13677;"2024-10-01";235;249;77563;947;78759;136;2804;146;3086;350;26968;673;27991;42;251;140;433;777;107586;1906;110269;"2025-09-25 11:30:21"
13678;"2024-10-01";236;619;253587;269041;523247;357;7084;6300;13741;689;58839;3626;63154;39;1386;616;2041;1704;320896;279583;602183;"2025-09-25 11:30:21"
13680;"2024-10-01";238;161;94221;2475;96857;149;2498;507;3154;264;18142;1422;19828;37;408;430;875;611;115269;4834;120714;"2025-09-25 11:30:21"
13682;"2024-10-01";240;114;39823;684;40621;79;1198;153;1430;128;6891;522;7541;11;174;221;406;332;48086;1580;49998;"2025-09-25 11:30:21"
13683;"2024-10-01";241;122;26376;472;26970;100;798;120;1018;183;6762;185;7130;10;151;47;208;415;34087;824;35326;"2025-09-25 11:30:21"
13684;"2024-10-01";242;116;34242;943;35301;90;1055;143;1288;114;5380;316;5810;7;147;92;246;327;40824;1494;42645;"2025-09-25 11:30:21"
13685;"2024-10-01";243;53;8863;61;8977;54;308;30;392;111;3328;52;3491;10;53;16;79;228;12552;159;12939;"2025-09-25 11:30:21"
13686;"2024-10-01";244;45;12544;160;12749;42;411;24;477;123;4146;69;4338;12;81;21;114;222;17182;274;17678;"2025-09-25 11:30:21"
13687;"2024-10-01";245;134;15178;150;15462;81;625;59;765;130;6214;135;6479;13;122;54;189;358;22139;398;22895;"2025-09-25 11:30:21"
13688;"2024-10-01";246;219;161451;2697;164367;167;4239;510;4916;234;26632;2271;29137;25;679;375;1079;645;193001;5853;199499;"2025-09-25 11:30:21"
13689;"2024-10-01";247;59;14659;89;14807;52;450;62;564;121;5003;112;5236;9;84;30;123;241;20196;293;20730;"2025-09-25 11:30:21"
13690;"2024-10-01";248;114;14214;236;14564;99;547;76;722;148;6162;156;6466;19;106;35;160;380;21029;503;21912;"2025-09-25 11:30:21"
13691;"2024-10-01";249;56;17060;196;17312;68;671;54;793;137;7021;141;7299;14;88;21;123;275;24840;412;25527;"2025-09-25 11:30:21"
13692;"2024-10-01";250;338;121443;2497;124278;290;3062;615;3967;267;18596;2770;21633;21;515;416;952;916;143616;6298;150830;"2025-09-25 11:30:21"
13693;"2024-10-01";251;64;16214;376;16654;61;594;121;776;117;3355;131;3603;11;124;42;177;253;20287;670;21210;"2025-09-25 11:30:21"
13694;"2024-10-01";252;105;17713;276;18094;84;765;93;942;120;8676;144;8940;21;100;53;174;330;27254;566;28150;"2025-09-25 11:30:21"
13695;"2024-10-01";253;137;28230;255;28622;114;1189;269;1572;184;11803;454;12441;22;154;66;242;457;41376;1044;42877;"2025-09-25 11:30:21"
13696;"2024-10-01";254;57;9979;58;10094;60;284;42;386;103;3303;51;3457;10;58;23;91;230;13624;174;14028;"2025-09-25 11:30:21"
13697;"2024-10-01";255;87;19479;502;20068;65;816;81;962;126;8645;269;9040;14;131;48;193;292;29071;900;30263;"2025-09-25 11:30:21"
13699;"2024-10-01";257;109;20216;164;20489;65;1263;96;1424;152;10663;277;11092;14;110;49;173;340;32252;586;33178;"2025-09-25 11:30:21"
13700;"2024-10-01";258;215;116396;2090;118701;125;3012;514;3651;212;19376;3167;22755;18;491;701;1210;570;139275;6472;146317;"2025-09-25 11:30:21"
13701;"2024-10-01";259;120;34041;569;34730;60;1467;133;1660;142;13673;1023;14838;8;260;151;419;330;49441;1876;51647;"2025-09-25 11:30:21"
13702;"2024-10-01";260;135;29512;505;30152;105;1154;169;1428;177;12488;451;13116;18;177;68;263;435;43331;1193;44959;"2025-09-25 11:30:21"
13703;"2024-10-01";261;71;8952;60;9083;42;475;60;577;100;4455;250;4805;7;47;39;93;220;13929;409;14558;"2025-09-25 11:30:21"
13704;"2024-10-01";262;98;18968;177;19243;61;807;115;983;130;8675;265;9070;12;99;55;166;301;28549;612;29462;"2025-09-25 11:30:21"
13705;"2024-10-01";263;72;10394;89;10555;61;384;30;475;98;5241;65;5404;10;49;19;78;241;16068;203;16512;"2025-09-25 11:30:21"
13706;"2024-10-01";264;113;46650;236;46999;120;1601;429;2150;207;12388;2350;14945;26;254;209;489;466;60893;3224;64583;"2025-09-25 11:30:21"
13707;"2024-10-01";265;183;114243;1859;116285;144;3819;492;4455;215;24436;3108;27759;17;421;430;868;559;142919;5889;149367;"2025-09-25 11:30:21"
13708;"2024-10-01";266;82;9732;58;9872;61;422;70;553;119;4950;269;5338;9;63;25;97;271;15167;422;15860;"2025-09-25 11:30:21"
13709;"2024-10-01";267;75;7919;33;8027;41;353;22;416;113;4430;80;4623;6;51;19;76;235;12753;154;13142;"2025-09-25 11:30:21"
13710;"2024-10-01";268;145;152346;3214;155705;100;3365;971;4436;119;19227;2614;21960;13;534;409;956;377;175472;7208;183057;"2025-09-25 11:30:21"
13711;"2024-10-01";269;340;137162;1996;139498;228;3036;521;3785;239;15901;1536;17676;28;349;253;630;835;156448;4306;161589;"2025-09-25 11:30:21"
13712;"2024-10-01";270;106;41127;1839;43072;111;1577;195;1883;163;14973;882;16018;8;236;132;376;388;57913;3048;61349;"2025-09-25 11:30:21"
13713;"2024-10-01";271;106;9575;65;9746;58;408;95;561;109;5066;104;5279;15;58;17;90;288;15107;281;15676;"2025-09-25 11:30:21"
13715;"2024-11-01";1;161;219173;14071;233405;62;3858;557;4477;190;13556;2452;16198;20;372;157;549;433;236959;17237;254629;"2025-09-25 11:30:30"
13716;"2024-11-01";2;109;133624;5119;138852;41;3234;635;3910;144;11873;2603;14620;7;233;214;454;301;148964;8571;157836;"2025-09-25 11:30:30"
13717;"2024-11-01";3;113;60333;2088;62534;69;2059;717;2845;130;6755;1279;8164;14;156;110;280;326;69303;4194;73823;"2025-09-25 11:30:30"
13718;"2024-11-01";4;120;68207;2088;70415;90;1620;315;2025;130;16161;2838;19129;10;415;653;1078;350;86403;5894;92647;"2025-09-25 11:30:30"
13719;"2024-11-01";5;90;98752;3025;101867;46;2906;346;3298;138;8948;2255;11341;11;187;177;375;285;110793;5803;116881;"2025-09-25 11:30:30"
13720;"2024-11-01";6;89;80246;2991;83326;43;2027;332;2402;168;8651;1559;10378;10;132;108;250;310;91056;4990;96356;"2025-09-25 11:30:30"
13721;"2024-11-01";7;110;115474;9377;124961;61;3860;591;4512;130;13704;2608;16442;7;331;165;503;308;133369;12741;146418;"2025-09-25 11:30:30"
13722;"2024-11-01";8;58;71722;3323;75103;34;2535;449;3018;73;10676;2289;13038;12;197;100;309;177;85130;6161;91468;"2025-09-25 11:30:30"
13723;"2024-11-01";9;81;129379;5650;135110;52;3221;765;4038;176;9699;2145;12020;11;277;264;552;320;142576;8824;151720;"2025-09-25 11:30:30"
13724;"2024-11-01";10;92;76173;4581;80846;48;2211;561;2820;128;7898;2050;10076;12;193;156;361;280;86475;7348;94103;"2025-09-25 11:30:30"
13725;"2024-11-01";11;108;84639;2954;87701;56;2474;130;2660;128;9661;2196;11985;12;201;98;311;304;96975;5378;102657;"2025-09-25 11:30:30"
13726;"2024-11-01";12;117;94807;1111;96035;44;2138;128;2310;135;6386;1165;7686;16;136;177;329;312;103467;2581;106360;"2025-09-25 11:30:30"
13727;"2024-11-01";13;95;101885;4283;106263;56;2435;652;3143;171;9200;2172;11543;22;254;490;766;344;113774;7597;121715;"2025-09-25 11:30:30"
13728;"2024-11-01";14;205;77539;3446;81190;101;1942;402;2445;134;5800;1802;7736;8;146;103;257;448;85427;5753;91628;"2025-09-25 11:30:30"
13729;"2024-11-01";15;182;153856;3737;157775;134;2927;658;3719;183;10524;4731;15438;16;272;211;499;515;167579;9337;177431;"2025-09-25 11:30:30"
13730;"2024-11-01";16;131;82031;8996;91158;46;1739;975;2760;177;8147;1861;10185;18;198;102;318;372;92115;11934;104421;"2025-09-25 11:30:30"
13731;"2024-11-01";17;91;105351;1985;107427;49;2724;1104;3877;139;8441;1679;10259;8;196;102;306;287;116712;4870;121869;"2025-09-25 11:30:30"
13732;"2024-11-01";18;130;207361;7536;215027;107;3900;1605;5612;160;17269;4777;22206;19;399;389;807;416;228929;14307;243652;"2025-09-25 11:30:30"
13733;"2024-11-01";19;129;127268;4450;131847;62;2964;734;3760;145;10926;2901;13972;8;272;433;713;344;141430;8518;150292;"2025-09-25 11:30:30"
13734;"2024-11-01";20;127;118610;2925;121662;62;3544;182;3788;171;12969;4468;17608;15;479;638;1132;375;135602;8213;144190;"2025-09-25 11:30:30"
13735;"2024-11-01";21;263;63620;1162;65045;121;1737;77;1935;159;4885;1004;6048;13;152;31;196;556;70394;2274;73224;"2025-09-25 11:30:30"
13736;"2024-11-01";22;101;113921;4031;118053;46;2883;743;3672;142;9724;2055;11921;15;197;186;398;304;126725;7015;134044;"2025-09-25 11:30:30"
13737;"2024-11-01";23;1634;39302;239;41175;1516;1410;252;3178;337;3606;1568;5511;103;90;93;286;3590;44408;2152;50150;"2025-09-25 11:30:30"
13738;"2024-11-01";63;139;91407;1125;92671;113;1847;267;2227;93;9936;947;10976;6;228;275;509;351;103418;2614;106383;"2025-09-25 11:30:30"
13739;"2024-11-01";25;78;91753;5971;97802;33;2900;568;3501;123;11431;2783;14337;14;222;327;563;248;106306;9649;116203;"2025-09-25 11:30:30"
13740;"2024-11-01";146;1965;758472;12902;773339;1382;23062;3916;28360;2298;175865;16466;194629;209;3214;2585;6008;5854;960613;35869;1002336;"2025-09-25 11:30:30"
13742;"2024-11-01";28;101;64826;2431;67358;63;1987;881;2931;102;9426;3095;12623;14;192;652;858;280;76431;7059;83770;"2025-09-25 11:30:30"
13743;"2024-11-01";29;81;74892;841;75814;49;1979;549;2577;119;10714;1241;12074;13;250;211;474;262;87835;2842;90939;"2025-09-25 11:30:30"
13744;"2024-11-01";77;295;139073;2849;142217;217;2600;556;3373;226;16067;3243;19536;17;363;587;967;755;158103;7235;166093;"2025-09-25 11:30:30"
13745;"2024-11-01";57;68;58508;775;59351;43;1160;145;1348;75;4679;339;5093;7;153;59;219;193;64500;1318;66011;"2025-09-25 11:30:30"
13746;"2024-11-01";32;71;87445;1655;89171;27;1864;380;2271;63;9963;1575;11601;1;208;288;497;162;99480;3898;103540;"2025-09-25 11:30:30"
13747;"2024-11-01";33;126;118308;23698;142132;62;2638;514;3214;169;12939;2373;15481;10;207;543;760;367;134092;27128;161587;"2025-09-25 11:30:30"
13748;"2024-11-01";79;85;110480;1538;112103;40;2088;293;2421;92;11107;1629;12828;10;276;331;617;227;123951;3791;127969;"2025-09-25 11:30:30"
13749;"2024-11-01";35;96;66748;2421;69265;58;2065;242;2365;99;14127;2286;16512;8;230;322;560;261;83170;5271;88702;"2025-09-25 11:30:30"
13750;"2024-11-01";36;108;92815;3452;96375;51;2611;337;2999;104;12840;2015;14959;9;218;285;512;272;108484;6089;114845;"2025-09-25 11:30:30"
13751;"2024-11-01";60;302;185505;21337;207144;319;3983;431;4733;200;18453;2351;21004;30;516;499;1045;851;208457;24618;233926;"2025-09-25 11:30:30"
13752;"2024-11-01";38;51;56465;66058;122574;24;1390;815;2229;78;5421;1355;6854;11;151;359;521;164;63427;68587;132178;"2025-09-25 11:30:30"
13753;"2024-11-01";39;335;113121;23489;136945;505;1682;681;2868;183;8750;2315;11248;25;207;707;939;1048;123760;27192;152000;"2025-09-25 11:30:30"
13754;"2024-11-01";40;83;26368;1316;27767;48;953;325;1326;83;4042;376;4501;9;47;55;111;223;31410;2072;33705;"2025-09-25 11:30:30"
13756;"2024-11-01";42;137;142624;2185;144946;58;2850;228;3136;124;12609;2225;14958;9;308;482;799;328;158391;5120;163839;"2025-09-25 11:30:30"
13758;"2024-11-01";44;0;19;2;21;0;4;0;4;0;22;3;25;0;0;0;0;0;45;5;50;"2025-09-25 11:30:30"
13760;"2024-11-01";46;181;239278;13217;252676;108;4642;739;5489;180;29137;5427;34744;14;603;569;1186;483;273660;19952;294095;"2025-09-25 11:30:30"
13761;"2024-11-01";47;121;117884;1489;119494;118;2863;516;3497;293;19601;2884;22778;61;408;292;761;593;140756;5181;146530;"2025-09-25 11:30:30"
13765;"2024-11-01";51;187;197825;3051;201063;190;2942;607;3739;211;15760;1356;17327;12;475;167;654;600;217002;5181;222783;"2025-09-25 11:30:30"
13768;"2024-11-01";54;137;27604;6357;34098;53;1132;296;1481;160;10425;790;11375;13;186;86;285;363;39347;7529;47239;"2025-09-25 11:30:30"
13769;"2024-11-01";55;107;95458;143688;239253;64;3065;2166;5295;114;25789;2733;28636;18;531;327;876;303;124843;148914;274060;"2025-09-25 11:30:30"
13770;"2024-11-01";56;350;224558;19270;244178;456;4895;845;6196;174;28924;3615;32713;24;591;495;1110;1004;258968;24225;284197;"2025-09-25 11:30:30"
13772;"2024-11-01";58;185;144621;11222;156028;100;4012;83;4195;137;16878;4942;21957;18;426;836;1280;440;165937;17083;183460;"2025-09-25 11:30:30"
13773;"2024-11-01";59;145;203820;33132;237097;80;4361;1050;5491;104;20394;3219;23717;11;475;318;804;340;229050;37719;267109;"2025-09-25 11:30:30"
13775;"2024-11-01";61;158;209585;5534;215277;88;3138;720;3946;139;12297;3474;15910;14;398;503;915;399;225418;10231;236048;"2025-09-25 11:30:30"
13776;"2024-11-01";62;74;8780;142;8996;57;511;71;639;126;3954;64;4144;3;49;13;65;260;13294;290;13844;"2025-09-25 11:30:30"
13779;"2024-11-01";65;219;174543;3831;178593;153;4157;369;4679;192;26585;8157;34934;28;770;923;1721;592;206055;13280;219927;"2025-09-25 11:30:30"
13785;"2024-11-01";71;84;72403;1960;74447;46;1999;550;2595;110;13630;3865;17605;9;363;447;819;249;88395;6822;95466;"2025-09-25 11:30:30"
13788;"2024-11-01";74;124;178069;2674;180867;93;3068;363;3524;452;15438;2447;18337;25;631;293;949;694;197206;5777;203677;"2025-09-25 11:30:30"
13794;"2024-11-01";80;166;109289;1201;110656;97;2519;663;3279;171;20732;4218;25121;14;426;1018;1458;448;132966;7100;140514;"2025-09-25 11:30:30"
13797;"2024-11-01";83;365;178169;1183;179717;246;3196;664;4106;272;15089;1988;17349;84;645;166;895;967;197099;4001;202067;"2025-09-25 11:30:30"
13799;"2024-11-01";85;149;25711;232;26092;83;1099;144;1326;158;6651;206;7015;23;133;44;200;413;33594;626;34633;"2025-09-25 11:30:30"
13800;"2024-11-01";86;312;174518;1955;176785;155;3982;420;4557;195;19170;2722;22087;22;449;282;753;684;198119;5379;204182;"2025-09-25 11:30:30"
13801;"2024-11-01";87;107;115408;3455;118970;77;2376;622;3075;82;13056;2164;15302;11;365;157;533;277;131205;6398;137880;"2025-09-25 11:30:30"
13802;"2024-11-01";88;70;105451;2479;108000;22;2041;577;2640;37;9238;1511;10786;1;223;138;362;130;116953;4705;121788;"2025-09-25 11:30:30"
13803;"2024-11-01";89;480;30904;309;31693;102;514;40;656;128;1994;455;2577;15;82;10;107;725;33494;814;35033;"2025-09-25 11:30:30"
13804;"2024-11-01";90;142;88717;1747;90606;73;2232;425;2730;110;10067;2355;12532;11;218;201;430;336;101234;4728;106298;"2025-09-25 11:30:30"
13805;"2024-11-01";91;198;173241;914;174353;96;4697;2360;7153;129;30554;5548;36231;16;697;359;1072;439;209189;9181;218809;"2025-09-25 11:30:30"
13806;"2024-11-01";92;92;61866;1063;63021;75;1488;283;1846;100;8314;1403;9817;14;192;150;356;281;71860;2899;75040;"2025-09-25 11:30:30"
13807;"2024-11-01";93;132;87501;854;88487;72;2074;169;2315;92;8969;3897;12958;10;175;258;443;306;98719;5178;104203;"2025-09-25 11:30:30"
13808;"2024-11-01";94;253;203209;2702;206164;112;4921;1647;6680;198;30892;4498;35588;9;707;698;1414;572;239729;9545;249846;"2025-09-25 11:30:30"
13809;"2024-11-01";95;368;270075;2207;272650;200;7016;1029;8245;223;43019;6483;49725;28;1096;503;1627;819;321206;10222;332247;"2025-09-25 11:30:30"
13810;"2024-11-01";96;97;31764;656;32517;47;1200;74;1321;83;5328;685;6096;11;104;51;166;238;38396;1466;40100;"2025-09-25 11:30:30"
13811;"2024-11-01";97;6;98;2;106;0;38;10;48;0;127;7;134;0;0;1;1;6;263;20;289;"2025-09-25 11:30:30"
13812;"2024-11-01";98;47;73325;1735;75107;19;2100;115;2234;33;8274;1248;9555;1;171;175;347;100;83870;3273;87243;"2025-09-25 11:30:30"
13813;"2024-11-01";99;37;51712;937;52686;31;1867;446;2344;32;9779;1734;11545;4;183;173;360;104;63541;3290;66935;"2025-09-25 11:30:30"
13814;"2024-11-01";100;194;129363;2810;132367;149;3437;579;4165;155;15693;3302;19150;24;338;198;560;522;148831;6889;156242;"2025-09-25 11:30:30"
13815;"2024-11-01";101;201;179291;4395;183887;57;2358;1393;3808;104;7624;1924;9652;10;357;199;566;372;189630;7911;197913;"2025-09-25 11:30:30"
13816;"2024-11-01";102;162;71888;1592;73642;60;2022;229;2311;76;7489;1565;9130;3;196;158;357;301;81595;3544;85440;"2025-09-25 11:30:30"
13817;"2024-11-01";103;215;63247;2043;65505;58;2065;266;2389;100;8786;1596;10482;17;184;144;345;390;74282;4049;78721;"2025-09-25 11:30:30"
13818;"2024-11-01";104;107;184432;4920;189459;166;4583;1511;6260;159;20304;3136;23599;21;582;555;1158;453;209901;10122;220476;"2025-09-25 11:30:30"
13819;"2024-11-01";105;274;143471;1961;145706;107;2036;136;2279;65;6697;1467;8229;3;262;135;400;449;152466;3699;156614;"2025-09-25 11:30:30"
13820;"2024-11-01";106;243;98855;1018;100116;143;2681;510;3334;103;8269;2154;10526;16;233;123;372;505;110038;3805;114348;"2025-09-25 11:30:30"
13821;"2024-11-01";107;146;72764;1362;74272;70;2393;63;2526;90;6398;1991;8479;18;171;96;285;324;81726;3512;85562;"2025-09-25 11:30:30"
13822;"2024-11-01";108;177;227400;1857;229434;111;6334;452;6897;155;37293;6398;43846;23;740;520;1283;466;271767;9227;281460;"2025-09-25 11:30:30"
13823;"2024-11-01";109;210;138002;2422;140634;147;4839;1113;6099;222;22814;4024;27060;12;422;326;760;591;166077;7885;174553;"2025-09-25 11:30:30"
13824;"2024-11-01";110;86;122251;2228;124565;42;3886;646;4574;33;18252;2652;20937;3;447;362;812;164;144836;5888;150888;"2025-09-25 11:30:30"
13825;"2024-11-01";111;175;94858;751;95784;96;3039;532;3667;133;19400;3343;22876;15;997;291;1303;419;118294;4917;123630;"2025-09-25 11:30:30"
13826;"2024-11-01";112;154;118025;2266;120445;114;2077;603;2794;120;10032;3828;13980;11;341;170;522;399;130475;6867;137741;"2025-09-25 11:30:30"
13827;"2024-11-01";113;91;74398;1313;75802;28;2123;912;3063;39;9027;1595;10661;0;196;126;322;158;85744;3946;89848;"2025-09-25 11:30:30"
13828;"2024-11-01";114;186;118009;706;118901;89;3708;465;4262;167;20033;2996;23196;14;503;247;764;456;142253;4414;147123;"2025-09-25 11:30:30"
13829;"2024-11-01";115;241;53837;414;54492;99;1675;520;2294;255;12113;905;13273;13;294;84;391;608;67919;1923;70450;"2025-09-25 11:30:30"
13830;"2024-11-01";116;193;53751;345;54289;90;1979;647;2716;203;14304;6475;20982;10;328;348;686;496;70362;7815;78673;"2025-09-25 11:30:30"
13831;"2024-11-01";117;88;17570;81;17739;69;712;239;1020;155;6355;4093;10603;7;141;491;639;319;24778;4904;30001;"2025-09-25 11:30:30"
13832;"2024-11-01";118;98;107846;1196;109140;62;2736;553;3351;62;10532;2567;13161;10;323;187;520;232;121437;4503;126172;"2025-09-25 11:30:30"
13833;"2024-11-01";119;52;186041;3376;189469;40;3339;753;4132;52;11605;3685;15342;12;497;310;819;156;201482;8124;209762;"2025-09-25 11:30:30"
13834;"2024-11-01";120;28;144326;751;145105;16;1787;86;1889;23;4925;1407;6355;0;238;42;280;67;151276;2286;153629;"2025-09-25 11:30:30"
13835;"2024-11-01";121;388;123300;1698;125386;175;3870;1439;5484;234;21580;4865;26679;19;695;361;1075;816;149445;8363;158624;"2025-09-25 11:30:30"
13836;"2024-11-01";122;116;58997;413;59526;96;1230;192;1518;87;5726;2053;7866;9;149;317;475;308;66102;2975;69385;"2025-09-25 11:30:31"
13837;"2024-11-01";123;279;152305;2036;154620;266;4431;446;5143;194;18047;3018;21259;27;557;274;858;766;175340;5774;181880;"2025-09-25 11:30:31"
13838;"2024-11-01";124;210;102563;952;103725;87;3294;797;4178;128;18995;4353;23476;16;476;554;1046;441;125328;6656;132425;"2025-09-25 11:30:31"
13839;"2024-11-01";125;279;214159;2305;216743;93;5426;2680;8199;170;31139;6355;37664;20;698;300;1018;562;251422;11640;263624;"2025-09-25 11:30:31"
13840;"2024-11-01";126;366;290941;3775;295082;159;7620;2212;9991;254;35978;7505;43737;23;992;1036;2051;802;335531;14528;350861;"2025-09-25 11:30:31"
13841;"2024-11-01";127;188;66498;3693;70379;71;2704;757;3532;154;20846;2439;23439;14;367;378;759;427;90415;7267;98109;"2025-09-25 11:30:31"
13842;"2024-11-01";128;202;123067;993;124262;89;2476;356;2921;148;15474;2278;17900;12;338;154;504;451;141355;3781;145587;"2025-09-25 11:30:31"
13843;"2024-11-01";129;397;456393;2764;459554;233;10077;2776;13086;290;64638;8249;73177;75;1674;691;2440;995;532782;14480;548257;"2025-09-25 11:30:31"
13845;"2024-11-01";131;75;15452;121;15648;56;744;54;854;78;7980;254;8312;11;91;28;130;220;24267;457;24944;"2025-09-25 11:30:31"
13846;"2024-11-01";132;70;11140;138;11348;51;447;94;592;118;4881;377;5376;4;90;223;317;243;16558;832;17633;"2025-09-25 11:30:31"
13847;"2024-11-01";133;70;12140;113;12323;59;599;88;746;107;6427;492;7026;17;75;47;139;253;19241;740;20234;"2025-09-25 11:30:31"
13848;"2024-11-01";134;94;17529;114;17737;60;670;91;821;118;8190;186;8494;13;93;40;146;285;26482;431;27198;"2025-09-25 11:30:31"
13849;"2024-11-01";135;71;20150;175;20396;59;797;84;940;84;8065;688;8837;11;144;90;245;225;29156;1037;30418;"2025-09-25 11:30:31"
13850;"2024-11-01";136;77;47865;297;48239;71;2064;210;2345;114;13737;1444;15295;15;246;140;401;277;63912;2091;66280;"2025-09-25 11:30:31"
13851;"2024-11-01";137;101;54884;702;55687;82;1678;183;1943;155;13588;1697;15440;11;344;886;1241;349;70494;3468;74311;"2025-09-25 11:30:31"
13852;"2024-11-01";138;34;17311;160;17505;26;531;34;591;32;3175;587;3794;7;70;48;125;99;21087;829;22015;"2025-09-25 11:30:31"
13853;"2024-11-01";139;73;45494;301;45868;63;1465;85;1613;87;9281;1109;10477;6;234;85;325;229;56474;1580;58283;"2025-09-25 11:30:31"
13854;"2024-11-01";140;1;8;0;9;0;3;0;3;0;8;0;8;0;0;0;0;1;19;0;20;"2025-09-25 11:30:31"
13855;"2024-11-01";141;205;87910;1076;89191;114;2111;363;2588;180;12123;1128;13431;18;347;268;633;517;102491;2835;105843;"2025-09-25 11:30:31"
13856;"2024-11-01";142;55;83178;1683;84916;127;1972;844;2943;65;10794;1852;12711;4;321;220;545;251;96265;4599;101115;"2025-09-25 11:30:31"
13857;"2024-11-01";143;171;91823;2467;94461;124;2427;556;3107;132;14721;2082;16935;8;410;197;615;435;109381;5302;115118;"2025-09-25 11:30:31"
13858;"2024-11-01";144;134;131341;4382;135857;86;2968;706;3760;134;15798;2544;18476;14;568;365;947;368;150675;7997;159040;"2025-09-25 11:30:31"
13859;"2024-11-01";145;199;95125;4827;100151;153;2820;418;3391;258;19926;1807;21991;31;448;282;761;641;118319;7334;126294;"2025-09-25 11:30:31"
13861;"2024-11-01";147;79;23462;62;23603;38;566;99;703;56;2238;429;2723;9;91;33;133;182;26357;623;27162;"2025-09-25 11:30:31"
13862;"2024-11-01";148;224;42419;1179;43822;122;1537;367;2026;228;12844;679;13751;24;212;133;369;598;57012;2358;59968;"2025-09-25 11:30:31"
13863;"2024-11-01";149;71;20624;1956;22651;44;987;217;1248;97;8601;596;9294;9;112;71;192;221;30324;2840;33385;"2025-09-25 11:30:31"
13864;"2024-11-01";150;153;45712;815;46680;90;2028;355;2473;143;15313;1084;16540;28;204;91;323;414;63257;2345;66016;"2025-09-25 11:30:31"
13865;"2024-11-01";151;152;86247;800;87199;78;2412;357;2847;187;19231;2333;21751;16;487;804;1307;433;108377;4294;113104;"2025-09-25 11:30:31"
13866;"2024-11-01";152;133;40354;553;41040;72;1392;170;1634;182;12832;543;13557;33;192;155;380;420;54770;1421;56611;"2025-09-25 11:30:31"
13867;"2024-11-01";153;99;23073;182;23354;70;1076;331;1477;152;11227;396;11775;14;93;55;162;335;35469;964;36768;"2025-09-25 11:30:31"
13868;"2024-11-01";154;178;81951;957;83086;89;2413;483;2985;161;19004;1858;21023;25;411;438;874;453;103779;3736;107968;"2025-09-25 11:30:31"
13869;"2024-11-01";155;78;19698;148;19924;39;692;112;843;108;7714;441;8263;17;92;82;191;242;28196;783;29221;"2025-09-25 11:30:31"
13870;"2024-11-01";156;204;174319;2141;176664;138;4644;494;5276;188;24319;3689;28196;49;725;386;1160;579;204007;6710;211296;"2025-09-25 11:30:31"
13871;"2024-11-01";157;149;35005;280;35434;119;1390;317;1826;183;11506;745;12434;13;200;124;337;464;48101;1466;50031;"2025-09-25 11:30:31"
13872;"2024-11-01";158;99;119791;1809;121699;63;3758;682;4503;124;19584;2892;22600;10;564;397;971;296;143697;5780;149773;"2025-09-25 11:30:31"
13873;"2024-11-01";159;160;183009;1738;184907;162;4319;899;5380;219;20974;2586;23779;25;601;298;924;566;208903;5521;214990;"2025-09-25 11:30:31"
13874;"2024-11-01";160;79;11417;66;11562;59;455;59;573;123;6042;525;6690;17;70;62;149;278;17984;712;18974;"2025-09-25 11:30:31"
13875;"2024-11-01";161;89;24676;209;24974;49;973;112;1134;194;10825;251;11270;19;141;49;209;351;36615;621;37587;"2025-09-25 11:30:31"
13876;"2024-11-01";162;162;43340;377;43879;95;1380;200;1675;142;12261;769;13172;21;228;124;373;420;57209;1470;59099;"2025-09-25 11:30:31"
13878;"2024-11-01";164;82;12379;160;12621;64;487;74;625;99;6575;735;7409;11;81;39;131;256;19522;1008;20786;"2025-09-25 11:30:31"
13879;"2024-11-01";165;108;20982;158;21248;73;999;92;1164;141;12684;260;13085;10;117;42;169;332;34782;552;35666;"2025-09-25 11:30:31"
13880;"2024-11-01";166;67;10650;98;10815;42;411;57;510;71;5025;392;5488;6;56;62;124;186;16142;609;16937;"2025-09-25 11:30:31"
13881;"2024-11-01";167;93;78065;760;78918;71;2135;282;2488;88;14639;3477;18204;14;549;1691;2254;266;95388;6210;101864;"2025-09-25 11:30:31"
13882;"2024-11-01";168;59;9259;388;9706;39;386;52;477;77;3944;208;4229;4;68;24;96;179;13657;672;14508;"2025-09-25 11:30:31"
13883;"2024-11-01";169;140;52784;793;53717;114;1868;369;2351;219;15604;1708;17531;20;363;272;655;493;70619;3142;74254;"2025-09-25 11:30:31"
13884;"2024-11-01";170;80;20272;401;20753;48;769;273;1090;76;7902;1044;9022;11;124;148;283;215;29067;1866;31148;"2025-09-25 11:30:31"
13885;"2024-11-01";171;119;82911;2239;85269;116;2593;406;3115;152;12983;2277;15412;10;340;353;703;397;98827;5275;104499;"2025-09-25 11:30:31"
13886;"2024-11-01";172;253;40790;153;41196;202;1466;69;1737;160;11861;863;12884;14;193;122;329;629;54310;1207;56146;"2025-09-25 11:30:31"
13887;"2024-11-01";173;74;13977;148;14199;51;724;68;843;103;7911;356;8370;14;90;51;155;242;22702;623;23567;"2025-09-25 11:30:31"
13888;"2024-11-01";174;171;124093;1841;126105;130;2896;603;3629;195;22715;2105;25015;20;453;932;1405;516;150157;5481;156154;"2025-09-25 11:30:31"
13889;"2024-11-01";175;120;14121;103830;118071;67;628;2321;3016;209;9438;388;10035;5;134;36;175;401;24321;106575;131297;"2025-09-25 11:30:31"
13890;"2024-11-01";176;198;113622;2402;116222;151;3109;722;3982;201;21656;3559;25416;17;416;837;1270;567;138803;7520;146890;"2025-09-25 11:30:31"
13891;"2024-11-01";177;82;21472;214;21768;45;792;107;944;113;8201;502;8816;7;110;53;170;247;30575;876;31698;"2025-09-25 11:30:31"
13892;"2024-11-01";178;89;24475;85;24649;63;1204;81;1348;119;11290;784;12193;8;208;139;355;279;37177;1089;38545;"2025-09-25 11:30:31"
13893;"2024-11-01";179;129;16241;165;16535;56;693;104;853;106;9688;206;10000;11;98;31;140;302;26720;506;27528;"2025-09-25 11:30:31"
13894;"2024-11-01";180;80;19249;176;19505;45;721;84;850;90;8180;882;9152;3;126;88;217;218;28276;1230;29724;"2025-09-25 11:30:31"
13895;"2024-11-01";181;86;13365;105;13556;74;548;47;669;108;7092;286;7486;7;60;33;100;275;21065;471;21811;"2025-09-25 11:30:31"
13896;"2024-11-01";182;77;11216;89;11382;50;526;61;637;96;6326;143;6565;9;60;26;95;232;18128;319;18679;"2025-09-25 11:30:31"
13897;"2024-11-01";183;69;12251;5639;17959;50;511;113;674;88;6552;202;6842;12;88;25;125;219;19402;5979;25600;"2025-09-25 11:30:31"
13898;"2024-11-01";184;113;24464;87600;112177;77;1604;928;2609;142;15545;235;15922;10;125;44;179;342;41738;88807;130887;"2025-09-25 11:30:31"
13899;"2024-11-01";185;98;25802;454;26354;51;918;874;1843;98;8022;500;8620;9;155;143;307;256;34897;1971;37124;"2025-09-25 11:30:31"
13901;"2024-11-01";187;140;120051;925;121116;100;2963;403;3466;130;22103;2739;24972;15;425;385;825;385;145542;4452;150379;"2025-09-25 11:30:31"
13902;"2024-11-01";188;209;119560;1734;121503;150;3702;535;4387;223;25916;1979;28118;16;562;384;962;598;149740;4632;154970;"2025-09-25 11:30:31"
13903;"2024-11-01";189;60;14541;37;14638;33;649;54;736;74;6518;686;7278;17;90;55;162;184;21798;832;22814;"2025-09-25 11:30:31"
13904;"2024-11-01";190;190;193357;2477;196024;112;4892;765;5769;225;25911;3628;29764;20;661;466;1147;547;224821;7336;232704;"2025-09-25 11:30:31"
13906;"2024-11-01";192;142;58779;615;59536;85;1975;267;2327;164;17913;1089;19166;18;244;187;449;409;78911;2158;81478;"2025-09-25 11:30:31"
13907;"2024-11-01";193;97;27296;385;27778;56;1175;117;1348;139;10363;284;10786;12;150;98;260;304;38984;884;40172;"2025-09-25 11:30:31"
13908;"2024-11-01";194;98;11167;48;11313;53;417;42;512;87;7027;94;7208;16;56;14;86;254;18667;198;19119;"2025-09-25 11:30:31"
13909;"2024-11-01";195;121;37183;403;37707;91;1592;265;1948;203;17375;1052;18630;17;206;169;392;432;56356;1889;58677;"2025-09-25 11:30:31"
13910;"2024-11-01";196;75;20242;128;20445;45;790;49;884;88;11355;979;12422;15;144;146;305;223;32531;1302;34056;"2025-09-25 11:30:31"
13911;"2024-11-01";197;279;64938;905;66122;241;2107;310;2658;259;19335;1197;20791;49;343;229;621;828;86723;2641;90192;"2025-09-25 11:30:31"
13912;"2024-11-01";198;74;12938;103;13115;50;586;54;690;127;5971;116;6214;16;77;27;120;267;19572;300;20139;"2025-09-25 11:30:31"
13913;"2024-11-01";199;57;6051;36;6144;32;282;28;342;61;3931;48;4040;2;35;7;44;152;10299;119;10570;"2025-09-25 11:30:31"
13914;"2024-11-01";200;134;41450;486;42070;78;1569;141;1788;148;14697;740;15585;26;231;158;415;386;57947;1525;59858;"2025-09-25 11:30:31"
13915;"2024-11-01";201;129;45364;407;45900;85;1689;243;2017;129;16294;1487;17910;18;240;355;613;361;63587;2492;66440;"2025-09-25 11:30:31"
13916;"2024-11-01";202;103;23236;168;23507;63;703;79;845;112;8673;201;8986;21;109;44;174;299;32721;492;33512;"2025-09-25 11:30:31"
13917;"2024-11-01";203;61;4394;358;4813;21;265;192;478;62;1437;29;1528;8;26;2;36;152;6122;581;6855;"2025-09-25 11:30:31"
13918;"2024-11-01";204;133;20603;115;20851;58;610;84;752;121;6617;122;6860;19;120;39;178;331;27950;360;28641;"2025-09-25 11:30:31"
13919;"2024-11-01";205;79;19631;90;19800;81;824;84;989;125;12258;839;13222;10;118;101;229;295;32831;1114;34240;"2025-09-25 11:30:31"
13920;"2024-11-01";206;79;17874;162;18115;44;621;51;716;93;7863;599;8555;15;97;175;287;231;26455;987;27673;"2025-09-25 11:30:31"
13921;"2024-11-01";207;56;9973;39;10068;68;462;44;574;83;6019;112;6214;10;73;13;96;217;16527;208;16952;"2025-09-25 11:30:31"
13922;"2024-11-01";208;128;56081;270;56479;63;1779;337;2179;110;12909;1557;14576;13;264;310;587;314;71033;2474;73821;"2025-09-25 11:30:31"
13923;"2024-11-01";209;140;104874;1333;106347;82;2859;770;3711;211;17955;4226;22392;13;463;1722;2198;446;126151;8051;134648;"2025-09-25 11:30:31"
13924;"2024-11-01";210;158;128554;2204;130916;97;2869;323;3289;106;18072;1067;19245;29;448;300;777;390;149943;3894;154227;"2025-09-25 11:30:31"
13926;"2024-11-01";212;124;96143;1024;97291;87;2816;471;3374;144;11990;501;12635;15;325;159;499;370;111274;2155;113799;"2025-09-25 11:30:31"
13927;"2024-11-01";213;105;24683;193;24981;72;851;178;1101;105;9350;258;9713;14;83;177;274;296;34967;806;36069;"2025-09-25 11:30:31"
13928;"2024-11-01";214;52;11907;78;12037;49;441;36;526;103;4001;92;4196;6;52;28;86;210;16401;234;16845;"2025-09-25 11:30:31"
13929;"2024-11-01";215;264;245680;2293;248237;153;6078;549;6780;234;41090;4660;45984;37;846;578;1461;688;293694;8080;302462;"2025-09-25 11:30:31"
13930;"2024-11-01";216;103;14200;149;14452;55;523;112;690;133;6194;153;6480;9;63;29;101;300;20980;443;21723;"2025-09-25 11:30:31"
13931;"2024-11-01";217;111;43800;480;44391;93;1370;193;1656;105;13674;2562;16341;15;201;607;823;324;59045;3842;63211;"2025-09-25 11:30:31"
13932;"2024-11-01";218;100;48382;680;49162;79;1435;220;1734;136;10491;551;11178;18;186;111;315;333;60494;1562;62389;"2025-09-25 11:30:31"
13933;"2024-11-01";219;90;13746;57;13893;62;489;56;607;97;7210;479;7786;8;145;152;305;257;21590;744;22591;"2025-09-25 11:30:31"
13934;"2024-11-01";220;167;154954;1110;156231;97;4079;796;4972;150;22349;7169;29668;22;658;1546;2226;436;182040;10621;193097;"2025-09-25 11:30:31"
13935;"2024-11-01";221;65;10489;55;10609;52;375;44;471;89;4587;569;5245;13;59;120;192;219;15510;788;16517;"2025-09-25 11:30:31"
13936;"2024-11-01";222;213;144251;2854;147318;176;3215;1035;4426;239;26755;2372;29366;33;505;433;971;661;174726;6694;182081;"2025-09-25 11:30:31"
13937;"2024-11-01";223;69;25124;182;25375;73;1018;109;1200;96;10318;411;10825;10;145;64;219;248;36605;766;37619;"2025-09-25 11:30:31"
13938;"2024-11-01";224;145;90059;1285;91489;64;1881;471;2416;138;10490;985;11613;16;162;153;331;363;102592;2894;105849;"2025-09-25 11:30:31"
13939;"2024-11-01";225;67;96145;6218;102430;32;1830;400;2262;53;10910;1667;12630;4;213;228;445;156;109098;8513;117767;"2025-09-25 11:30:31"
13940;"2024-11-01";226;239;146892;17734;164865;219;2007;885;3111;142;10158;992;11292;15;222;184;421;615;159279;19795;179689;"2025-09-25 11:30:31"
13941;"2024-11-01";227;232;114860;46749;161841;170;2229;436;2835;131;17050;1460;18641;19;305;355;679;552;134444;49000;183996;"2025-09-25 11:30:31"
13942;"2024-11-01";228;94;87661;718;88473;35;1907;162;2104;88;7822;1018;8928;12;278;278;568;229;97668;2176;100073;"2025-09-25 11:30:31"
13943;"2024-11-01";229;98;43209;684;43991;83;1652;245;1980;121;8814;348;9283;14;170;72;256;316;53845;1349;55510;"2025-09-25 11:30:31"
13944;"2024-11-01";230;60;16233;92;16385;68;530;44;642;106;7813;175;8094;10;79;83;172;244;24655;394;25293;"2025-09-25 11:30:31"
13945;"2024-11-01";231;84;33381;31570;65035;53;1037;376;1466;82;10257;532;10871;6;263;224;493;225;44938;32702;77865;"2025-09-25 11:30:31"
13946;"2024-11-01";232;64;13569;6619;20252;55;487;108;650;124;6549;150;6823;13;67;33;113;256;20672;6910;27838;"2025-09-25 11:30:31"
13947;"2024-11-01";233;86;15786;148;16020;58;593;75;726;137;8173;398;8708;15;89;74;178;296;24641;695;25632;"2025-09-25 11:30:31"
13949;"2024-11-01";235;246;77587;943;78776;136;2822;147;3105;351;27016;682;28049;42;252;140;434;775;107677;1912;110364;"2025-09-25 11:30:31"
13950;"2024-11-01";236;607;254409;270010;525026;356;7076;6272;13704;689;59056;3651;63396;39;1456;605;2100;1691;321997;280538;604226;"2025-09-25 11:30:31"
13952;"2024-11-01";238;161;94177;2431;96769;149;2491;508;3148;265;18135;1429;19829;38;408;408;854;613;115211;4776;120600;"2025-09-25 11:30:31"
13954;"2024-11-01";240;115;39940;735;40790;81;1195;161;1437;127;6889;521;7537;11;178;218;407;334;48202;1635;50171;"2025-09-25 11:30:31"
13955;"2024-11-01";241;122;26426;464;27012;98;798;120;1016;183;6759;187;7129;10;152;46;208;413;34135;817;35365;"2025-09-25 11:30:31"
13956;"2024-11-01";242;116;34221;925;35262;90;1047;142;1279;115;5384;316;5815;7;148;92;247;328;40800;1475;42603;"2025-09-25 11:30:31"
13957;"2024-11-01";243;53;8847;61;8961;55;305;30;390;110;3333;49;3492;10;51;16;77;228;12536;156;12920;"2025-09-25 11:30:31"
13958;"2024-11-01";244;46;12536;156;12738;42;403;25;470;123;4144;68;4335;12;79;21;112;223;17162;270;17655;"2025-09-25 11:30:31"
13959;"2024-11-01";245;132;15163;154;15449;82;620;58;760;131;6194;134;6459;13;123;54;190;358;22100;400;22858;"2025-09-25 11:30:31"
13960;"2024-11-01";246;218;161745;2693;164656;170;4211;513;4894;235;26638;2276;29149;25;678;375;1078;648;193272;5857;199777;"2025-09-25 11:30:31"
13961;"2024-11-01";247;59;14628;89;14776;56;451;60;567;121;5000;113;5234;9;85;30;124;245;20164;292;20701;"2025-09-25 11:30:31"
13962;"2024-11-01";248;113;14221;230;14564;99;540;76;715;149;6157;155;6461;21;107;34;162;382;21025;495;21902;"2025-09-25 11:30:31"
13963;"2024-11-01";249;54;17044;196;17294;68;668;53;789;140;7016;141;7297;14;89;21;124;276;24817;411;25504;"2025-09-25 11:30:31"
13964;"2024-11-01";250;351;121601;2518;124470;289;3032;608;3929;270;18548;2765;21583;21;522;411;954;931;143703;6302;150936;"2025-09-25 11:30:31"
13965;"2024-11-01";251;65;16255;375;16695;62;594;120;776;120;3332;133;3585;12;124;43;179;259;20305;671;21235;"2025-09-25 11:30:31"
13966;"2024-11-01";252;103;17713;242;18058;83;757;73;913;118;8665;142;8925;21;96;50;167;325;27231;507;28063;"2025-09-25 11:30:31"
13967;"2024-11-01";253;131;28221;256;28608;116;1183;281;1580;186;11756;450;12392;22;160;66;248;455;41320;1053;42828;"2025-09-25 11:30:31"
13968;"2024-11-01";254;58;9984;58;10100;62;287;42;391;102;3290;52;3444;10;59;23;92;232;13620;175;14027;"2025-09-25 11:30:31"
13969;"2024-11-01";255;87;19524;507;20118;67;816;80;963;124;8621;270;9015;14;133;49;196;292;29094;906;30292;"2025-09-25 11:30:31"
13971;"2024-11-01";257;109;20254;166;20529;65;1269;97;1431;152;10635;277;11064;14;111;49;174;340;32269;589;33198;"2025-09-25 11:30:31"
13972;"2024-11-01";258;212;116721;2101;119034;125;3006;520;3651;214;19370;3173;22757;21;496;702;1219;572;139593;6496;146661;"2025-09-25 11:30:31"
13973;"2024-11-01";259;120;34084;569;34773;60;1465;134;1659;143;13684;1027;14854;8;261;153;422;331;49494;1883;51708;"2025-09-25 11:30:31"
13974;"2024-11-01";260;135;29596;502;30233;104;1155;167;1426;178;12485;453;13116;18;178;68;264;435;43414;1190;45039;"2025-09-25 11:30:31"
13975;"2024-11-01";261;71;8972;59;9102;42;470;60;572;99;4437;251;4787;7;47;38;92;219;13926;408;14553;"2025-09-25 11:30:31"
13976;"2024-11-01";262;99;18985;178;19262;60;801;115;976;128;8668;263;9059;12;98;55;165;299;28552;611;29462;"2025-09-25 11:30:31"
13977;"2024-11-01";263;72;10394;94;10560;61;384;31;476;98;5225;66;5389;10;46;19;75;241;16049;210;16500;"2025-09-25 11:30:31"
13978;"2024-11-01";264;113;46750;233;47096;120;1599;430;2149;209;12376;2354;14939;28;253;212;493;470;60978;3229;64677;"2025-09-25 11:30:31"
13979;"2024-11-01";265;185;114603;1852;116640;144;3800;490;4434;216;24401;3101;27718;17;424;430;871;562;143228;5873;149663;"2025-09-25 11:30:31"
13980;"2024-11-01";266;83;9736;59;9878;61;416;70;547;117;4947;270;5334;7;63;25;95;268;15162;424;15854;"2025-09-25 11:30:31"
13981;"2024-11-01";267;75;7907;33;8015;41;354;22;417;115;4420;80;4615;6;50;19;75;237;12731;154;13122;"2025-09-25 11:30:31"
13982;"2024-11-01";268;140;152392;3193;155725;101;3354;970;4425;121;19287;2609;22017;13;539;402;954;375;175572;7174;183121;"2025-09-25 11:30:31"
13983;"2024-11-01";269;339;137304;1998;139641;227;3019;521;3767;235;15918;1547;17700;24;352;262;638;825;156593;4328;161746;"2025-09-25 11:30:31"
13984;"2024-11-01";270;105;41204;1787;43096;113;1563;195;1871;163;14966;891;16020;9;237;134;380;390;57970;3007;61367;"2025-09-25 11:30:31"
13985;"2024-11-01";271;107;9570;78;9755;58;407;94;559;110;5046;104;5260;15;59;17;91;290;15082;293;15665;"2025-09-25 11:30:31"
13987;"2024-12-01";1;162;219170;14347;233679;61;3842;559;4462;187;13547;2452;16186;19;372;153;544;429;236931;17511;254871;"2025-09-25 11:30:39"
13988;"2024-12-01";2;106;136733;5126;141965;41;3229;629;3899;146;11909;2609;14664;7;237;211;455;300;152108;8575;160983;"2025-09-25 11:30:39"
13989;"2024-12-01";3;111;60294;2086;62491;68;2053;717;2838;133;6709;1278;8120;15;154;110;279;327;69210;4191;73728;"2025-09-25 11:30:39"
13990;"2024-12-01";4;119;68345;2047;70511;91;1614;322;2027;131;16160;2831;19122;10;417;653;1080;351;86536;5853;92740;"2025-09-25 11:30:39"
13991;"2024-12-01";5;90;98650;3023;101763;45;2891;347;3283;144;8924;2255;11323;11;186;179;376;290;110651;5804;116745;"2025-09-25 11:30:39"
13992;"2024-12-01";6;89;80086;2956;83131;44;2018;326;2388;168;8844;1558;10570;10;128;108;246;311;91076;4948;96335;"2025-09-25 11:30:39"
13993;"2024-12-01";7;110;115193;9149;124452;61;3822;566;4449;125;13651;2606;16382;7;330;170;507;303;132996;12491;145790;"2025-09-25 11:30:39"
13994;"2024-12-01";8;56;71715;3310;75081;33;2512;446;2991;73;10659;2286;13018;12;203;97;312;174;85089;6139;91402;"2025-09-25 11:30:39"
13995;"2024-12-01";9;81;129273;5600;134954;52;3200;752;4004;175;9676;2149;12000;11;275;259;545;319;142424;8760;151503;"2025-09-25 11:30:39"
13996;"2024-12-01";10;92;76137;4581;80810;48;2188;565;2801;124;7908;2036;10068;12;192;158;362;276;86425;7340;94041;"2025-09-25 11:30:39"
13997;"2024-12-01";11;109;84500;2959;87568;58;2476;126;2660;127;9670;2199;11996;12;201;98;311;306;96847;5382;102535;"2025-09-25 11:30:39"
13998;"2024-12-01";12;117;94670;1110;95897;44;2125;128;2297;134;6380;1158;7672;16;134;173;323;311;103309;2569;106189;"2025-09-25 11:30:39"
13999;"2024-12-01";13;97;101747;4273;106117;56;2429;654;3139;171;9195;2168;11534;22;255;491;768;346;113626;7586;121558;"2025-09-25 11:30:39"
14000;"2024-12-01";14;205;77391;3444;81040;101;1931;403;2435;134;5783;1801;7718;8;149;103;260;448;85254;5751;91453;"2025-09-25 11:30:39"
14001;"2024-12-01";15;178;153948;3692;157818;133;2914;651;3698;182;10438;4717;15337;16;274;205;495;509;167574;9265;177348;"2025-09-25 11:30:39"
14002;"2024-12-01";16;132;82022;8756;90910;47;1739;963;2749;176;8155;1859;10190;18;195;101;314;373;92111;11679;104163;"2025-09-25 11:30:39"
14003;"2024-12-01";17;91;105298;1993;107382;48;2702;1103;3853;142;8392;1674;10208;8;200;101;309;289;116592;4871;121752;"2025-09-25 11:30:39"
14004;"2024-12-01";18;128;206771;7477;214376;106;3879;1615;5600;158;17192;4774;22124;19;391;387;797;411;228233;14253;242897;"2025-09-25 11:30:39"
14005;"2024-12-01";19;130;127244;4451;131825;64;2962;733;3759;144;10899;2893;13936;8;271;432;711;346;141376;8509;150231;"2025-09-25 11:30:39"
14006;"2024-12-01";20;125;118437;2929;121491;63;3512;187;3762;174;12905;4498;17577;15;484;638;1137;377;135338;8252;143967;"2025-09-25 11:30:39"
14007;"2024-12-01";21;261;63515;1160;64936;125;1726;75;1926;155;4884;1008;6047;13;156;31;200;554;70281;2274;73109;"2025-09-25 11:30:39"
14008;"2024-12-01";22;101;113914;4050;118065;46;2853;748;3647;139;9723;2040;11902;16;201;186;403;302;126691;7024;134017;"2025-09-25 11:30:39"
14009;"2024-12-01";23;1647;39262;254;41163;1508;1396;254;3158;337;3587;1560;5484;106;94;94;294;3598;44339;2162;50099;"2025-09-25 11:30:39"
14010;"2024-12-01";63;140;91475;1118;92733;113;1837;272;2222;93;9939;944;10976;6;229;277;512;352;103480;2611;106443;"2025-09-25 11:30:39"
14011;"2024-12-01";25;78;91673;6010;97761;33;2887;576;3496;122;11409;2781;14312;14;228;325;567;247;106197;9692;116136;"2025-09-25 11:30:39"
14012;"2024-12-01";146;1968;759099;12852;773919;1389;23031;3894;28314;2293;175841;16475;194609;210;3244;2593;6047;5860;961215;35814;1002889;"2025-09-25 11:30:39"
14014;"2024-12-01";28;98;64733;2434;67265;62;1972;910;2944;102;9400;3088;12590;14;194;649;857;276;76299;7081;83656;"2025-09-25 11:30:39"
14015;"2024-12-01";29;80;75036;847;75963;49;1979;567;2595;120;10706;1241;12067;13;244;209;466;262;87965;2864;91091;"2025-09-25 11:30:39"
14016;"2024-12-01";77;297;139204;2863;142364;217;2588;550;3355;226;16044;3243;19513;17;364;592;973;757;158200;7248;166205;"2025-09-25 11:30:39"
14017;"2024-12-01";57;68;58537;768;59373;44;1153;146;1343;75;4689;341;5105;7;152;59;218;194;64531;1314;66039;"2025-09-25 11:30:39"
14018;"2024-12-01";32;71;87775;1688;89534;27;1862;362;2251;63;9958;1573;11594;1;210;283;494;162;99805;3906;103873;"2025-09-25 11:30:39"
14019;"2024-12-01";33;126;118831;23820;142777;62;2625;512;3199;170;12932;2382;15484;10;208;538;756;368;134596;27252;162216;"2025-09-25 11:30:39"
14020;"2024-12-01";79;86;110652;1558;112296;39;2074;294;2407;93;11159;1637;12889;10;282;335;627;228;124167;3824;128219;"2025-09-25 11:30:39"
14021;"2024-12-01";35;96;66671;2411;69178;58;2072;215;2345;99;14121;2288;16508;8;229;321;558;261;83093;5235;88589;"2025-09-25 11:30:39"
14022;"2024-12-01";36;107;92907;3503;96517;51;2612;334;2997;103;12804;2016;14923;9;216;285;510;270;108539;6138;114947;"2025-09-25 11:30:39"
14023;"2024-12-01";60;300;185461;21271;207032;319;3971;431;4721;201;18390;2359;20950;30;522;496;1048;850;208344;24557;233751;"2025-09-25 11:30:39"
14024;"2024-12-01";38;51;56513;67275;123839;24;1388;813;2225;78;5399;1356;6833;11;151;356;518;164;63451;69800;133415;"2025-09-25 11:30:39"
14025;"2024-12-01";39;335;113692;23904;137931;502;1705;692;2899;182;8792;2329;11303;25;208;703;936;1044;124397;27628;153069;"2025-09-25 11:30:39"
14026;"2024-12-01";40;83;26367;1304;27754;48;947;325;1320;83;4033;376;4492;9;48;55;112;223;31395;2060;33678;"2025-09-25 11:30:39"
14028;"2024-12-01";42;137;142546;2179;144862;58;2841;226;3125;124;12566;2220;14910;9;309;483;801;328;158262;5108;163698;"2025-09-25 11:30:39"
14030;"2024-12-01";44;0;19;2;21;0;4;0;4;0;22;3;25;0;0;0;0;0;45;5;50;"2025-09-25 11:30:39"
14032;"2024-12-01";46;183;239234;13278;252695;110;4611;728;5449;180;29116;5415;34711;14;612;568;1194;487;273573;19989;294049;"2025-09-25 11:30:39"
14033;"2024-12-01";47;116;117968;1513;119597;117;2840;520;3477;291;19592;2881;22764;61;413;291;765;585;140813;5205;146603;"2025-09-25 11:30:39"
14037;"2024-12-01";51;190;197708;3082;200980;191;2934;605;3730;211;15725;1365;17301;12;475;167;654;604;216842;5219;222665;"2025-09-25 11:30:39"
14040;"2024-12-01";54;138;27676;5850;33664;50;1126;294;1470;162;10466;797;11425;10;191;86;287;360;39459;7027;46846;"2025-09-25 11:30:39"
14041;"2024-12-01";55;108;95417;140469;235994;62;3054;2159;5275;113;25750;2754;28617;20;516;327;863;303;124737;145709;270749;"2025-09-25 11:30:39"
14042;"2024-12-01";56;349;224796;18823;243968;457;4856;835;6148;173;28821;3616;32610;24;598;492;1114;1003;259071;23766;283840;"2025-09-25 11:30:39"
14044;"2024-12-01";58;184;144465;11212;155861;99;4013;82;4194;136;16881;4960;21977;18;435;834;1287;437;165794;17088;183319;"2025-09-25 11:30:40"
14045;"2024-12-01";59;145;204355;33051;237551;80;4353;1045;5478;104;20315;3225;23644;11;475;320;806;340;229498;37641;267479;"2025-09-25 11:30:40"
14047;"2024-12-01";61;157;209902;5547;215606;88;3117;723;3928;138;12258;3511;15907;14;405;505;924;397;225682;10286;236365;"2025-09-25 11:30:40"
14048;"2024-12-01";62;73;8765;140;8978;57;511;68;636;125;3967;64;4156;3;48;12;63;258;13291;284;13833;"2025-09-25 11:30:40"
14051;"2024-12-01";65;226;174818;3815;178859;153;4149;370;4672;193;26559;8171;34923;31;742;919;1692;603;206268;13275;220146;"2025-09-25 11:30:40"
14057;"2024-12-01";71;86;72365;1949;74400;45;1995;551;2591;109;13672;3866;17647;9;358;448;815;249;88390;6814;95453;"2025-09-25 11:30:40"
14060;"2024-12-01";74;122;178641;2625;181388;92;3047;367;3506;450;15451;2439;18340;25;634;292;951;689;197773;5723;204185;"2025-09-25 11:30:40"
14066;"2024-12-01";80;166;109355;1191;110712;97;2511;665;3273;168;20735;4229;25132;14;427;1017;1458;445;133028;7102;140575;"2025-09-25 11:30:40"
14069;"2024-12-01";83;365;178405;1217;179987;246;3175;636;4057;272;15040;2002;17314;84;649;166;899;967;197269;4021;202257;"2025-09-25 11:30:40"
14071;"2024-12-01";85;148;25692;230;26070;83;1088;145;1316;157;6635;207;6999;23;134;45;202;411;33549;627;34587;"2025-09-25 11:30:40"
14072;"2024-12-01";86;312;174572;1962;176846;155;3973;429;4557;195;19124;2734;22053;22;451;280;753;684;198120;5405;204209;"2025-09-25 11:30:40"
14073;"2024-12-01";87;107;115430;3455;118992;80;2380;631;3091;82;13042;2170;15294;11;370;158;539;280;131222;6414;137916;"2025-09-25 11:30:40"
14074;"2024-12-01";88;70;105436;2485;107991;22;2056;577;2655;37;9210;1505;10752;1;226;136;363;130;116928;4703;121761;"2025-09-25 11:30:40"
14075;"2024-12-01";89;478;30910;311;31699;103;506;42;651;128;1998;457;2583;15;82;11;108;724;33496;821;35041;"2025-09-25 11:30:40"
14076;"2024-12-01";90;143;88982;1736;90861;74;2226;422;2722;110;10064;2362;12536;11;219;201;431;338;101491;4721;106550;"2025-09-25 11:30:40"
14077;"2024-12-01";91;198;173480;949;174627;96;4705;2382;7183;130;30582;5571;36283;16;708;358;1082;440;209475;9260;219175;"2025-09-25 11:30:40"
14078;"2024-12-01";92;92;61971;1079;63142;77;1488;281;1846;100;8303;1395;9798;14;192;149;355;283;71954;2904;75141;"2025-09-25 11:30:40"
14079;"2024-12-01";93;132;87485;845;88462;72;2065;174;2311;93;8947;3869;12909;10;170;258;438;307;98667;5146;104120;"2025-09-25 11:30:40"
14080;"2024-12-01";94;255;203587;3151;206993;112;4911;1686;6709;198;30884;4526;35608;9;722;696;1427;574;240104;10059;250737;"2025-09-25 11:30:40"
14081;"2024-12-01";95;364;270194;2263;272821;198;6988;1049;8235;222;42982;6509;49713;28;1104;500;1632;812;321268;10321;332401;"2025-09-25 11:30:40"
14082;"2024-12-01";96;97;31806;648;32551;45;1199;72;1316;83;5324;689;6096;11;106;51;168;236;38435;1460;40131;"2025-09-25 11:30:40"
14083;"2024-12-01";97;6;98;2;106;0;38;10;48;0;127;7;134;0;0;1;1;6;263;20;289;"2025-09-25 11:30:40"
14084;"2024-12-01";98;47;73353;1754;75154;19;2091;118;2228;33;8266;1243;9542;1;169;175;345;100;83879;3290;87269;"2025-09-25 11:30:40"
14085;"2024-12-01";99;37;51646;944;52627;31;1842;445;2318;32;9753;1743;11528;4;184;174;362;104;63425;3306;66835;"2025-09-25 11:30:40"
14086;"2024-12-01";100;193;129311;2789;132293;149;3406;569;4124;154;15628;3309;19091;24;343;198;565;520;148688;6865;156073;"2025-09-25 11:30:40"
14087;"2024-12-01";101;199;179399;4383;183981;58;2351;1394;3803;104;7596;1927;9627;10;366;198;574;371;189712;7902;197985;"2025-09-25 11:30:40"
14088;"2024-12-01";102;162;71878;1611;73651;60;2016;211;2287;77;7459;1570;9106;3;192;159;354;302;81545;3551;85398;"2025-09-25 11:30:40"
14089;"2024-12-01";103;216;63182;2057;65455;58;2053;286;2397;100;8756;1590;10446;19;182;143;344;393;74173;4076;78642;"2025-09-25 11:30:40"
14090;"2024-12-01";104;106;186830;4914;191850;166;4584;1515;6265;159;20197;3133;23489;21;580;560;1161;452;212191;10122;222765;"2025-09-25 11:30:40"
14091;"2024-12-01";105;270;143529;2080;145879;107;2022;138;2267;65;6688;1465;8218;3;261;134;398;445;152500;3817;156762;"2025-09-25 11:30:40"
14092;"2024-12-01";106;242;98884;1008;100134;150;2682;529;3361;101;8247;2149;10497;16;240;124;380;509;110053;3810;114372;"2025-09-25 11:30:40"
14093;"2024-12-01";107;146;72774;1332;74252;70;2386;64;2520;90;6387;1993;8470;18;174;104;296;324;81721;3493;85538;"2025-09-25 11:30:40"
14094;"2024-12-01";108;180;227783;1876;229839;111;6296;469;6876;153;37327;6415;43895;23;736;516;1275;467;272142;9276;281885;"2025-09-25 11:30:40"
14095;"2024-12-01";109;211;138110;2379;140700;146;4812;1133;6091;221;22800;4029;27050;12;414;325;751;590;166136;7866;174592;"2025-09-25 11:30:40"
14096;"2024-12-01";110;86;122248;2313;124647;42;3856;637;4535;33;18248;2660;20941;3;445;365;813;164;144797;5975;150936;"2025-09-25 11:30:40"
14097;"2024-12-01";111;176;94851;760;95787;97;3037;542;3676;131;19397;3334;22862;15;993;293;1301;419;118278;4929;123626;"2025-09-25 11:30:40"
14098;"2024-12-01";112;154;118302;2299;120755;112;2068;598;2778;119;9938;3825;13882;10;343;170;523;395;130651;6892;137938;"2025-09-25 11:30:40"
14099;"2024-12-01";113;91;74944;1332;76367;28;2106;914;3048;39;9050;1600;10689;0;196;127;323;158;86296;3973;90427;"2025-09-25 11:30:40"
14100;"2024-12-01";114;186;118485;723;119394;91;3686;473;4250;170;20049;3018;23237;14;512;254;780;461;142732;4468;147661;"2025-09-25 11:30:40"
14101;"2024-12-01";115;242;53864;411;54517;99;1657;515;2271;251;12119;900;13270;13;298;83;394;605;67938;1909;70452;"2025-09-25 11:30:40"
14102;"2024-12-01";116;188;53674;352;54214;87;1974;647;2708;195;14283;6470;20948;9;333;345;687;479;70264;7814;78557;"2025-09-25 11:30:40"
14103;"2024-12-01";117;88;17593;107;17788;69;708;240;1017;156;6364;4094;10614;7;140;494;641;320;24805;4935;30060;"2025-09-25 11:30:40"
14104;"2024-12-01";118;98;108520;1211;109829;63;2740;564;3367;62;10557;2563;13182;10;324;187;521;233;122141;4525;126899;"2025-09-25 11:30:40"
14105;"2024-12-01";119;53;185971;3344;189368;40;3309;758;4107;52;11518;3683;15253;12;497;309;818;157;201295;8094;209546;"2025-09-25 11:30:40"
14106;"2024-12-01";120;28;144300;759;145087;16;1786;85;1887;23;4911;1406;6340;0;239;42;281;67;151236;2292;153595;"2025-09-25 11:30:40"
14107;"2024-12-01";121;390;124300;1687;126377;176;3847;1468;5491;235;21655;4902;26792;19;704;366;1089;820;150506;8423;159749;"2025-09-25 11:30:40"
14108;"2024-12-01";122;117;58949;409;59475;97;1232;191;1520;85;5717;2032;7834;9;148;316;473;308;66046;2948;69302;"2025-09-25 11:30:40"
14109;"2024-12-01";123;279;152602;2014;154895;266;4418;449;5133;194;18033;3043;21270;29;557;274;860;768;175610;5780;182158;"2025-09-25 11:30:40"
14110;"2024-12-01";124;207;103010;946;104163;93;3286;815;4194;128;19014;4357;23499;15;476;558;1049;443;125786;6676;132905;"2025-09-25 11:30:40"
14111;"2024-12-01";125;280;214775;2900;217955;95;5408;2634;8137;170;31197;6357;37724;20;695;301;1016;565;252075;12192;264832;"2025-09-25 11:30:40"
14112;"2024-12-01";126;366;291462;3806;295634;159;7611;2205;9975;254;35981;7561;43796;23;995;1027;2045;802;336049;14599;351450;"2025-09-25 11:30:40"
14113;"2024-12-01";127;187;66556;5877;72620;72;2696;762;3530;155;20817;2427;23399;15;367;375;757;429;90436;9441;100306;"2025-09-25 11:30:40"
14114;"2024-12-01";128;202;123103;989;124294;89;2454;357;2900;148;15448;2256;17852;12;337;154;503;451;141342;3756;145549;"2025-09-25 11:30:40"
14115;"2024-12-01";129;390;457568;2780;460738;227;10013;2785;13025;290;64602;8287;73179;74;1684;696;2454;981;533867;14548;549396;"2025-09-25 11:30:40"
14117;"2024-12-01";131;76;15498;120;15694;56;751;54;861;78;8007;253;8338;11;95;28;134;221;24351;455;25027;"2025-09-25 11:30:40"
14118;"2024-12-01";132;68;11119;136;11323;51;447;93;591;120;4913;376;5409;4;90;225;319;243;16569;830;17642;"2025-09-25 11:30:40"
14119;"2024-12-01";133;70;12196;117;12383;57;596;87;740;110;6420;478;7008;17;75;47;139;254;19287;729;20270;"2025-09-25 11:30:40"
14120;"2024-12-01";134;96;17563;115;17774;60;682;91;833;116;8203;181;8500;13;92;39;144;285;26540;426;27251;"2025-09-25 11:30:40"
14121;"2024-12-01";135;71;20137;173;20381;59;795;84;938;85;8058;690;8833;11;143;91;245;226;29133;1038;30397;"2025-09-25 11:30:40"
14122;"2024-12-01";136;78;48071;298;48447;71;2054;213;2338;112;13721;1447;15280;14;253;142;409;275;64099;2100;66474;"2025-09-25 11:30:40"
14123;"2024-12-01";137;104;54911;700;55715;82;1685;181;1948;156;13587;1704;15447;11;346;887;1244;353;70529;3472;74354;"2025-09-25 11:30:40"
14124;"2024-12-01";138;34;17302;159;17495;26;531;34;591;31;3166;584;3781;7;73;48;128;98;21072;825;21995;"2025-09-25 11:30:40"
14125;"2024-12-01";139;73;45560;296;45929;63;1455;75;1593;87;9269;1117;10473;6;237;83;326;229;56521;1571;58321;"2025-09-25 11:30:40"
14126;"2024-12-01";140;1;8;0;9;0;3;0;3;0;8;0;8;0;0;0;0;1;19;0;20;"2025-09-25 11:30:40"
14127;"2024-12-01";141;205;87994;1075;89274;114;2097;362;2573;180;12109;1139;13428;18;352;271;641;517;102552;2847;105916;"2025-09-25 11:30:40"
14128;"2024-12-01";142;61;82812;1679;84552;128;1957;845;2930;65;10792;1839;12696;4;319;220;543;258;95880;4583;100721;"2025-09-25 11:30:40"
14129;"2024-12-01";143;173;92035;2447;94655;126;2428;556;3110;130;14779;2081;16990;8;418;200;626;437;109660;5284;115381;"2025-09-25 11:30:40"
14130;"2024-12-01";144;131;131879;4329;136339;89;2955;705;3749;135;15818;2551;18504;14;569;369;952;369;151221;7954;159544;"2025-09-25 11:30:40"
14131;"2024-12-01";145;199;95245;4671;100115;151;2801;418;3370;259;19885;1799;21943;30;450;282;762;639;118381;7170;126190;"2025-09-25 11:30:40"
14133;"2024-12-01";147;79;23439;62;23580;38;559;99;696;55;2223;429;2707;9;95;32;136;181;26316;622;27119;"2025-09-25 11:30:40"
14134;"2024-12-01";148;224;42483;1129;43836;122;1528;367;2017;251;12815;682;13748;24;214;133;371;621;57040;2311;59972;"2025-09-25 11:30:40"
14135;"2024-12-01";149;71;20668;1988;22727;44;986;218;1248;97;8612;594;9303;10;115;72;197;222;30381;2872;33475;"2025-09-25 11:30:40"
14136;"2024-12-01";150;154;45734;807;46695;90;2022;354;2466;143;15313;1085;16541;28;208;92;328;415;63277;2338;66030;"2025-09-25 11:30:40"
14137;"2024-12-01";151;148;86465;801;87414;78;2415;357;2850;186;19241;2337;21764;16;491;802;1309;428;108612;4297;113337;"2025-09-25 11:30:40"
14138;"2024-12-01";152;133;40294;553;40980;72;1389;172;1633;180;12808;541;13529;33;194;153;380;418;54685;1419;56522;"2025-09-25 11:30:40"
14139;"2024-12-01";153;100;23094;182;23376;70;1070;328;1468;156;11237;393;11786;14;95;56;165;340;35496;959;36795;"2025-09-25 11:30:40"
14140;"2024-12-01";154;179;81949;966;83094;88;2421;477;2986;159;19041;1861;21061;25;418;437;880;451;103829;3741;108021;"2025-09-25 11:30:40"
14141;"2024-12-01";155;78;19669;148;19895;40;693;111;844;108;7709;440;8257;17;91;85;193;243;28162;784;29189;"2025-09-25 11:30:40"
14142;"2024-12-01";156;203;174595;2125;176923;137;4623;486;5246;187;24322;3713;28222;49;731;390;1170;576;204271;6714;211561;"2025-09-25 11:30:40"
14143;"2024-12-01";157;152;35102;277;35531;123;1386;317;1826;184;11501;741;12426;13;205;126;344;472;48194;1461;50127;"2025-09-25 11:30:40"
14144;"2024-12-01";158;99;120114;1817;122030;63;3739;693;4495;123;19602;2902;22627;10;573;395;978;295;144028;5807;150130;"2025-09-25 11:30:40"
14145;"2024-12-01";159;160;183087;1703;184950;160;4312;899;5371;214;20919;2598;23731;25;598;296;919;559;208916;5496;214971;"2025-09-25 11:30:40"
14146;"2024-12-01";160;79;11441;66;11586;58;451;59;568;123;6010;519;6652;17;71;63;151;277;17973;707;18957;"2025-09-25 11:30:40"
14147;"2024-12-01";161;89;24675;205;24969;49;973;112;1134;195;10805;252;11252;19;146;50;215;352;36599;619;37570;"2025-09-25 11:30:40"
14148;"2024-12-01";162;161;43416;376;43953;95;1376;202;1673;142;12253;773;13168;21;232;131;384;419;57277;1482;59178;"2025-09-25 11:30:40"
14150;"2024-12-01";164;83;12418;162;12663;64;480;74;618;99;6593;740;7432;11;84;42;137;257;19575;1018;20850;"2025-09-25 11:30:40"
14151;"2024-12-01";165;110;21006;158;21274;73;998;92;1163;140;12717;259;13116;12;124;41;177;335;34845;550;35730;"2025-09-25 11:30:40"
14152;"2024-12-01";166;67;10686;95;10848;42;406;57;505;71;5028;395;5494;6;58;63;127;186;16178;610;16974;"2025-09-25 11:30:40"
14153;"2024-12-01";167;92;78283;688;79063;71;2125;286;2482;89;14689;3474;18252;14;564;1687;2265;266;95661;6135;102062;"2025-09-25 11:30:40"
14154;"2024-12-01";168;59;9264;383;9706;39;384;53;476;77;3940;208;4225;4;68;24;96;179;13656;668;14503;"2025-09-25 11:30:40"
14155;"2024-12-01";169;141;52856;783;53780;113;1858;376;2347;221;15613;1705;17539;20;374;268;662;495;70701;3132;74328;"2025-09-25 11:30:40"
14156;"2024-12-01";170;78;20308;398;20784;48;767;275;1090;75;7938;1044;9057;11;131;145;287;212;29144;1862;31218;"2025-09-25 11:30:40"
14157;"2024-12-01";171;117;82930;2259;85306;116;2576;417;3109;150;12964;2290;15404;10;340;352;702;393;98810;5318;104521;"2025-09-25 11:30:40"
14158;"2024-12-01";172;254;40977;155;41386;212;1462;68;1742;159;11864;856;12879;15;196;123;334;640;54499;1202;56341;"2025-09-25 11:30:40"
14159;"2024-12-01";173;74;13947;150;14171;51;723;68;842;103;7939;354;8396;14;89;53;156;242;22698;625;23565;"2025-09-25 11:30:40"
14160;"2024-12-01";174;174;124440;1858;126472;130;2883;603;3616;199;22692;2106;24997;20;457;932;1409;523;150472;5499;156494;"2025-09-25 11:30:40"
14161;"2024-12-01";175;121;14137;104250;118508;67;631;2329;3027;209;9437;387;10033;5;141;35;181;402;24346;107001;131749;"2025-09-25 11:30:40"
14162;"2024-12-01";176;198;113581;2386;116165;149;3096;726;3971;201;21621;3564;25386;18;414;838;1270;566;138712;7514;146792;"2025-09-25 11:30:40"
14163;"2024-12-01";177;81;21524;205;21810;46;783;104;933;113;8193;505;8811;7;103;53;163;247;30603;867;31717;"2025-09-25 11:30:40"
14164;"2024-12-01";178;94;24519;83;24696;63;1197;81;1341;120;11296;787;12203;8;207;139;354;285;37219;1090;38594;"2025-09-25 11:30:40"
14165;"2024-12-01";179;130;16243;163;16536;56;692;101;849;105;9672;208;9985;12;95;31;138;303;26702;503;27508;"2025-09-25 11:30:40"
14166;"2024-12-01";180;80;19287;178;19545;45;720;83;848;90;8201;883;9174;3;124;90;217;218;28332;1234;29784;"2025-09-25 11:30:40"
14167;"2024-12-01";181;86;13390;98;13574;74;548;47;669;108;7089;282;7479;7;62;35;104;275;21089;462;21826;"2025-09-25 11:30:40"
14168;"2024-12-01";182;80;11238;88;11406;49;522;61;632;96;6330;144;6570;9;62;25;96;234;18152;318;18704;"2025-09-25 11:30:40"
14169;"2024-12-01";183;70;12296;5632;17998;50;508;109;667;88;6547;203;6838;12;89;25;126;220;19440;5969;25629;"2025-09-25 11:30:40"
14170;"2024-12-01";184;110;24490;88587;113187;79;1605;863;2547;141;15562;236;15939;10;130;44;184;340;41787;89730;131857;"2025-09-25 11:30:40"
14171;"2024-12-01";185;98;25843;461;26402;51;915;902;1868;98;8016;497;8611;9;148;142;299;256;34922;2002;37180;"2025-09-25 11:30:40"
14173;"2024-12-01";187;139;119967;925;121031;100;2962;410;3472;130;22129;2736;24995;15;423;386;824;384;145481;4457;150322;"2025-09-25 11:30:40"
14174;"2024-12-01";188;208;119510;1704;121422;147;3694;530;4371;220;25944;1990;28154;16;566;382;964;591;149714;4606;154911;"2025-09-25 11:30:40"
14175;"2024-12-01";189;58;14517;36;14611;33;649;57;739;74;6523;685;7282;17;89;54;160;182;21778;832;22792;"2025-09-25 11:30:40"
14176;"2024-12-01";190;195;193542;2468;196205;112;4866;782;5760;225;25878;3635;29738;20;663;462;1145;552;224949;7347;232848;"2025-09-25 11:30:40"
14178;"2024-12-01";192;141;58793;611;59545;85;1975;268;2328;162;17896;1086;19144;18;241;187;446;406;78905;2152;81463;"2025-09-25 11:30:40"
14179;"2024-12-01";193;96;27277;383;27756;56;1174;117;1347;133;10348;281;10762;12;148;98;258;297;38947;879;40123;"2025-09-25 11:30:40"
14180;"2024-12-01";194;100;11141;48;11289;53;415;43;511;87;7022;91;7200;16;55;14;85;256;18633;196;19085;"2025-09-25 11:30:40"
14181;"2024-12-01";195;125;37190;395;37710;91;1592;261;1944;202;17383;1052;18637;17;207;169;393;435;56372;1877;58684;"2025-09-25 11:30:40"
14182;"2024-12-01";196;73;20290;132;20495;43;786;49;878;88;11358;985;12431;15;144;151;310;219;32578;1317;34114;"2025-09-25 11:30:40"
14183;"2024-12-01";197;278;65037;908;66223;245;2104;309;2658;261;19351;1202;20814;50;347;232;629;834;86839;2651;90324;"2025-09-25 11:30:40"
14184;"2024-12-01";198;73;12967;103;13143;50;587;53;690;126;5994;116;6236;16;78;27;121;265;19626;299;20190;"2025-09-25 11:30:40"
14185;"2024-12-01";199;56;6070;36;6162;32;279;27;338;61;3941;48;4050;2;37;7;46;151;10327;118;10596;"2025-09-25 11:30:40"
14186;"2024-12-01";200;133;41486;485;42104;79;1558;137;1774;148;14699;741;15588;26;238;159;423;386;57981;1522;59889;"2025-09-25 11:30:40"
14187;"2024-12-01";201;128;45215;404;45747;84;1701;244;2029;129;16253;1480;17862;18;244;355;617;359;63413;2483;66255;"2025-09-25 11:30:40"
14188;"2024-12-01";202;109;23210;168;23487;63;697;78;838;112;8661;199;8972;21;109;43;173;305;32677;488;33470;"2025-09-25 11:30:40"
14189;"2024-12-01";203;61;4403;354;4818;21;260;192;473;63;1450;29;1542;8;26;3;37;153;6139;578;6870;"2025-09-25 11:30:40"
14190;"2024-12-01";204;133;20678;115;20926;56;606;86;748;121;6619;122;6862;19;118;39;176;329;28021;362;28712;"2025-09-25 11:30:40"
14191;"2024-12-01";205;86;19627;90;19803;80;833;83;996;127;12260;839;13226;10;115;103;228;303;32835;1115;34253;"2025-09-25 11:30:40"
14192;"2024-12-01";206;82;17916;162;18160;44;620;51;715;92;7868;601;8561;15;99;179;293;233;26503;993;27729;"2025-09-25 11:30:40"
14193;"2024-12-01";207;57;9986;39;10082;69;458;43;570;83;6032;113;6228;10;70;15;95;219;16546;210;16975;"2025-09-25 11:30:40"
14194;"2024-12-01";208;123;56059;270;56452;63;1776;337;2176;106;12885;1567;14558;13;269;314;596;305;70989;2488;73782;"2025-09-25 11:30:40"
14195;"2024-12-01";209;141;104414;1340;105895;84;2857;767;3708;208;17877;4231;22316;13;464;1717;2194;446;125612;8055;134113;"2025-09-25 11:30:40"
14196;"2024-12-01";210;162;129211;2186;131559;95;2861;322;3278;106;18088;1072;19266;27;454;300;781;390;150614;3880;154884;"2025-09-25 11:30:40"
14198;"2024-12-01";212;125;96385;1028;97538;87;2803;471;3361;143;12063;501;12707;16;326;164;506;371;111577;2164;114112;"2025-09-25 11:30:40"
14199;"2024-12-01";213;105;24732;191;25028;74;857;175;1106;106;9348;261;9715;14;80;175;269;299;35017;802;36118;"2025-09-25 11:30:40"
14200;"2024-12-01";214;52;11910;78;12040;50;439;36;525;103;3994;94;4191;6;55;29;90;211;16398;237;16846;"2025-09-25 11:30:40"
14201;"2024-12-01";215;264;245925;2277;248466;155;6045;557;6757;234;41046;4695;45975;37;845;581;1463;690;293861;8110;302661;"2025-09-25 11:30:40"
14202;"2024-12-01";216;105;14214;143;14462;55;522;110;687;132;6192;151;6475;9;62;28;99;301;20990;432;21723;"2025-09-25 11:30:40"
14203;"2024-12-01";217;111;43747;480;44338;93;1364;194;1651;104;13666;2566;16336;15;202;596;813;323;58979;3836;63138;"2025-09-25 11:30:40"
14204;"2024-12-01";218;101;48395;668;49164;79;1439;216;1734;136;10491;554;11181;18;188;109;315;334;60513;1547;62394;"2025-09-25 11:30:40"
14205;"2024-12-01";219;92;13790;57;13939;62;491;55;608;97;7197;482;7776;8;145;153;306;259;21623;747;22629;"2025-09-25 11:30:40"
14206;"2024-12-01";220;167;155174;1109;156450;97;4087;790;4974;149;22375;7182;29706;23;660;1549;2232;436;182296;10630;193362;"2025-09-25 11:30:40"
14207;"2024-12-01";221;65;10547;53;10665;52;375;44;471;91;4569;573;5233;13;60;122;195;221;15551;792;16564;"2025-09-25 11:30:40"
14208;"2024-12-01";222;211;144308;2871;147390;175;3194;1032;4401;239;26764;2374;29377;33;508;430;971;658;174774;6707;182139;"2025-09-25 11:30:40"
14209;"2024-12-01";223;69;25225;182;25476;73;1020;109;1202;95;10319;415;10829;10;150;64;224;247;36714;770;37731;"2025-09-25 11:30:40"
14210;"2024-12-01";224;145;89876;1330;91351;64;1868;473;2405;137;10476;980;11593;16;163;153;332;362;102383;2936;105681;"2025-09-25 11:30:40"
14211;"2024-12-01";225;66;96431;6192;102689;33;1812;400;2245;53;10894;1671;12618;4;221;227;452;156;109358;8490;118004;"2025-09-25 11:30:40"
14212;"2024-12-01";226;239;147306;17834;165379;218;1995;870;3083;139;10157;998;11294;15;222;186;423;611;159680;19888;180179;"2025-09-25 11:30:40"
14213;"2024-12-01";227;231;115260;47046;162537;175;2238;432;2845;128;17060;1456;18644;19;308;353;680;553;134866;49287;184706;"2025-09-25 11:30:40"
14214;"2024-12-01";228;92;87664;709;88465;35;1902;162;2099;88;7806;1021;8915;12;274;282;568;227;97646;2174;100047;"2025-09-25 11:30:40"
14215;"2024-12-01";229;98;43146;668;43912;80;1615;241;1936;121;8775;344;9240;14;179;71;264;313;53715;1324;55352;"2025-09-25 11:30:40"
14216;"2024-12-01";230;60;16254;92;16406;70;531;44;645;106;7811;172;8089;10;84;83;177;246;24680;391;25317;"2025-09-25 11:30:40"
14217;"2024-12-01";231;83;33335;21588;55006;53;1038;322;1413;83;10239;532;10854;6;266;226;498;225;44878;22668;67771;"2025-09-25 11:30:40"
14218;"2024-12-01";232;61;13604;16947;30612;54;490;163;707;115;6536;150;6801;13;70;34;117;243;20700;17294;38237;"2025-09-25 11:30:40"
14219;"2024-12-01";233;86;15799;184;16069;58;595;73;726;137;8180;398;8715;15;90;74;179;296;24664;729;25689;"2025-09-25 11:30:40"
14221;"2024-12-01";235;244;77625;945;78814;139;2826;145;3110;345;27033;687;28065;46;252;141;439;774;107736;1918;110428;"2025-09-25 11:30:40"
14222;"2024-12-01";236;606;254548;270339;525493;360;7061;6280;13701;696;59364;3661;63721;39;1463;600;2102;1701;322436;280880;605017;"2025-09-25 11:30:40"
14224;"2024-12-01";238;160;94356;2418;96934;147;2472;505;3124;264;18095;1425;19784;38;406;404;848;609;115329;4752;120690;"2025-09-25 11:30:40"
14226;"2024-12-01";240;118;39946;732;40796;79;1188;158;1425;124;6892;511;7527;10;183;213;406;331;48209;1614;50154;"2025-09-25 11:30:40"
14227;"2024-12-01";241;122;26430;461;27013;98;796;117;1011;183;6771;185;7139;10;150;46;206;413;34147;809;35369;"2025-09-25 11:30:40"
14228;"2024-12-01";242;116;34201;915;35232;88;1041;141;1270;115;5364;316;5795;8;148;94;250;327;40754;1466;42547;"2025-09-25 11:30:40"
14229;"2024-12-01";243;53;8880;61;8994;55;302;30;387;111;3330;50;3491;10;53;16;79;229;12565;157;12951;"2025-09-25 11:30:40"
14230;"2024-12-01";244;46;12575;155;12776;42;406;25;473;124;4152;67;4343;12;84;21;117;224;17217;268;17709;"2025-09-25 11:30:40"
14231;"2024-12-01";245;130;15165;154;15449;81;618;58;757;129;6188;135;6452;13;122;54;189;353;22093;401;22847;"2025-09-25 11:30:40"
14232;"2024-12-01";246;217;161901;2699;164817;169;4204;513;4886;234;26640;2290;29164;25;685;376;1086;645;193430;5878;199953;"2025-09-25 11:30:40"
14233;"2024-12-01";247;59;14669;89;14817;56;445;60;561;120;5001;113;5234;9;84;31;124;244;20199;293;20736;"2025-09-25 11:30:40"
14234;"2024-12-01";248;111;14199;226;14536;98;535;76;709;152;6136;155;6443;21;111;34;166;382;20981;491;21854;"2025-09-25 11:30:40"
14235;"2024-12-01";249;55;17062;199;17316;68;665;53;786;143;7000;142;7285;14;87;21;122;280;24814;415;25509;"2025-09-25 11:30:40"
14236;"2024-12-01";250;342;121727;2500;124569;287;3039;605;3931;270;18551;2766;21587;21;521;411;953;920;143838;6282;151040;"2025-09-25 11:30:40"
14237;"2024-12-01";251;66;16274;370;16710;62;590;119;771;121;3330;131;3582;13;128;44;185;262;20322;664;21248;"2025-09-25 11:30:40"
14238;"2024-12-01";252;104;17718;231;18053;81;750;73;904;120;8668;140;8928;21;96;49;166;326;27232;493;28051;"2025-09-25 11:30:40"
14239;"2024-12-01";253;131;28252;256;28639;115;1169;282;1566;182;11760;454;12396;22;166;66;254;450;41347;1058;42855;"2025-09-25 11:30:40"
14240;"2024-12-01";254;58;9976;58;10092;63;290;44;397;102;3289;51;3442;10;58;23;91;233;13613;176;14022;"2025-09-25 11:30:40"
14241;"2024-12-01";255;86;19533;502;20121;68;808;80;956;122;8607;272;9001;14;133;49;196;290;29081;903;30274;"2025-09-25 11:30:40"
14243;"2024-12-01";257;109;20248;164;20521;65;1268;94;1427;152;10610;279;11041;14;111;48;173;340;32237;585;33162;"2025-09-25 11:30:40"
14244;"2024-12-01";258;212;116745;2072;119029;127;3006;516;3649;214;19405;3170;22789;21;505;698;1224;574;139661;6456;146691;"2025-09-25 11:30:40"
14245;"2024-12-01";259;120;34154;574;34848;60;1461;134;1655;142;13689;1026;14857;8;256;156;420;330;49560;1890;51780;"2025-09-25 11:30:40"
14246;"2024-12-01";260;136;29706;500;30342;107;1157;168;1432;177;12512;452;13141;19;182;69;270;439;43557;1189;45185;"2025-09-25 11:30:40"
14247;"2024-12-01";261;71;8955;55;9081;41;471;60;572;99;4438;249;4786;7;47;39;93;218;13911;403;14532;"2025-09-25 11:30:40"
14248;"2024-12-01";262;95;18991;180;19266;61;794;116;971;127;8651;266;9044;12;103;55;170;295;28539;617;29451;"2025-09-25 11:30:40"
14249;"2024-12-01";263;72;10442;108;10622;61;381;32;474;98;5207;65;5370;10;47;19;76;241;16077;224;16542;"2025-09-25 11:30:40"
14250;"2024-12-01";264;113;46833;234;47180;120;1609;413;2142;208;12377;2371;14956;28;258;217;503;469;61077;3235;64781;"2025-09-25 11:30:40"
14251;"2024-12-01";265;185;114932;1881;116998;141;3808;489;4438;214;24413;3109;27736;17;429;432;878;557;143582;5911;150050;"2025-09-25 11:30:40"
14252;"2024-12-01";266;83;9746;59;9888;61;417;70;548;118;4952;268;5338;7;63;25;95;269;15178;422;15869;"2025-09-25 11:30:40"
14253;"2024-12-01";267;75;7876;33;7984;41;350;22;413;115;4426;81;4622;6;48;19;73;237;12700;155;13092;"2025-09-25 11:30:40"
14254;"2024-12-01";268;142;152465;3166;155773;104;3348;967;4419;122;19257;2597;21976;13;543;405;961;381;175613;7135;183129;"2025-09-25 11:30:40"
14255;"2024-12-01";269;340;137171;1998;139509;230;3002;524;3756;234;15906;1551;17691;24;350;259;633;828;156429;4332;161589;"2025-09-25 11:30:40"
14256;"2024-12-01";270;108;41242;1747;43097;113;1548;195;1856;164;14974;888;16026;9;245;136;390;394;58009;2966;61369;"2025-09-25 11:30:40"
14257;"2024-12-01";271;107;9593;81;9781;57;411;94;562;109;5024;103;5236;15;57;16;88;288;15085;294;15667;"2025-09-25 11:30:40"
14259;"2025-01-01";1;159;219066;14177;233402;61;3838;555;4454;187;13643;2253;16083;19;374;150;543;426;236921;17135;254482;"2025-09-25 11:30:47"
14260;"2025-01-01";2;107;139186;5133;144426;41;3234;629;3904;147;11941;2615;14703;7;243;210;460;302;154604;8587;163493;"2025-09-25 11:30:47"
14261;"2025-01-01";3;111;60308;2091;62510;68;2046;715;2829;132;6704;1278;8114;15;158;112;285;326;69216;4196;73738;"2025-09-25 11:30:47"
14262;"2025-01-01";4;121;68437;2055;70613;91;1596;323;2010;131;16121;2824;19076;10;426;657;1093;353;86580;5859;92792;"2025-09-25 11:30:47"
14263;"2025-01-01";5;90;98665;3021;101776;44;2886;347;3277;144;8932;2237;11313;11;189;179;379;289;110672;5784;116745;"2025-09-25 11:30:47"
14264;"2025-01-01";6;89;80072;2940;83101;44;2006;315;2365;168;8565;1544;10277;10;127;110;247;311;90770;4909;95990;"2025-09-25 11:30:47"
14265;"2025-01-01";7;111;115048;9104;124263;62;3799;566;4427;125;13627;2599;16351;7;327;169;503;305;132801;12438;145544;"2025-09-25 11:30:47"
14266;"2025-01-01";8;57;71759;3066;74882;33;2514;445;2992;73;10644;2281;12998;12;205;101;318;175;85122;5893;91190;"2025-09-25 11:30:47"
14267;"2025-01-01";9;81;129224;5603;134908;52;3187;753;3992;175;9668;2149;11992;11;271;262;544;319;142350;8767;151436;"2025-09-25 11:30:47"
14268;"2025-01-01";10;91;76179;4613;80883;48;2182;555;2785;124;7896;2036;10056;12;193;155;360;275;86450;7359;94084;"2025-09-25 11:30:47"
14269;"2025-01-01";11;106;84656;2931;87693;58;2466;125;2649;128;9651;2194;11973;12;202;97;311;304;96975;5347;102626;"2025-09-25 11:30:47"
14270;"2025-01-01";12;116;94580;1109;95805;44;2110;128;2282;135;6360;1162;7657;17;133;175;325;312;103183;2574;106069;"2025-09-25 11:30:47"
14271;"2025-01-01";13;97;101695;4199;105991;55;2426;650;3131;171;9174;2182;11527;22;256;489;767;345;113551;7520;121416;"2025-09-25 11:30:47"
14272;"2025-01-01";14;205;77353;3440;80998;101;1932;400;2433;135;5765;1794;7694;8;150;104;262;449;85200;5738;91387;"2025-09-25 11:30:47"
14273;"2025-01-01";15;172;153574;3673;157419;131;2919;650;3700;183;10376;4698;15257;16;271;206;493;502;167140;9227;176869;"2025-09-25 11:30:47"
14274;"2025-01-01";16;131;82016;9041;91188;47;1726;960;2733;176;8156;1917;10249;18;202;131;351;372;92100;12049;104521;"2025-09-25 11:30:47"
14275;"2025-01-01";17;92;105216;1985;107293;47;2679;1101;3827;141;8364;1673;10178;8;198;102;308;288;116457;4861;121606;"2025-09-25 11:30:47"
14276;"2025-01-01";18;128;206481;7482;214091;106;3862;1604;5572;158;17145;4773;22076;19;410;384;813;411;227898;14243;242552;"2025-09-25 11:30:47"
14277;"2025-01-01";19;130;127266;4675;132071;64;2950;734;3748;144;10875;2899;13918;8;268;432;708;346;141359;8740;150445;"2025-09-25 11:30:47"
14278;"2025-01-01";20;125;118294;2902;121321;63;3486;184;3733;174;12883;4446;17503;15;486;617;1118;377;135149;8149;143675;"2025-09-25 11:30:47"
14279;"2025-01-01";21;260;63485;1164;64909;124;1715;75;1914;154;4901;1006;6061;13;156;30;199;551;70257;2275;73083;"2025-09-25 11:30:47"
14280;"2025-01-01";22;100;114083;4079;118262;46;2837;749;3632;139;9716;2035;11890;16;202;188;406;301;126838;7051;134190;"2025-09-25 11:30:47"
14281;"2025-01-01";23;1695;39303;241;41239;1498;1379;251;3128;335;3570;1583;5488;100;95;105;300;3628;44347;2180;50155;"2025-09-25 11:30:47"
14282;"2025-01-01";63;141;91542;1112;92795;113;1836;272;2221;93;9897;941;10931;6;230;278;514;353;103505;2603;106461;"2025-09-25 11:30:47"
14283;"2025-01-01";25;78;91625;6008;97711;33;2872;579;3484;121;11410;2776;14307;14;230;320;564;246;106137;9683;116066;"2025-09-25 11:30:47"
14284;"2025-01-01";146;1990;760237;12816;775043;1390;23002;3906;28298;2292;175956;16530;194778;209;3267;2586;6062;5881;962462;35838;1004181;"2025-09-25 11:30:47"
14286;"2025-01-01";28;98;64734;2438;67270;62;1969;918;2949;102;9373;3085;12560;14;196;649;859;276;76272;7090;83638;"2025-09-25 11:30:47"
14287;"2025-01-01";29;80;75076;844;76000;49;1967;580;2596;121;10720;1213;12054;13;242;207;462;263;88005;2844;91112;"2025-09-25 11:30:47"
14288;"2025-01-01";77;303;139482;2838;142623;217;2586;559;3362;228;16013;3266;19507;18;368;600;986;766;158449;7263;166478;"2025-09-25 11:30:47"
14289;"2025-01-01";57;71;58577;771;59419;44;1145;146;1335;75;4688;337;5100;7;153;61;221;197;64563;1315;66075;"2025-09-25 11:30:47"
14290;"2025-01-01";32;72;88062;1685;89819;27;1860;361;2248;63;9943;1569;11575;1;213;279;493;163;100078;3894;104135;"2025-09-25 11:30:47"
14291;"2025-01-01";33;134;119236;29205;148575;62;2619;588;3269;171;12900;2388;15459;10;202;540;752;377;134957;32721;168055;"2025-09-25 11:30:47"
14292;"2025-01-01";79;86;110916;1607;112609;39;2067;292;2398;92;11191;1639;12922;10;282;331;623;227;124456;3869;128552;"2025-09-25 11:30:47"
14293;"2025-01-01";35;97;66616;2365;69078;57;2053;215;2325;99;14127;2291;16517;8;232;323;563;261;83028;5194;88483;"2025-09-25 11:30:47"
14294;"2025-01-01";36;110;92970;3486;96566;51;2584;332;2967;103;12816;2014;14933;9;221;283;513;273;108591;6115;114979;"2025-09-25 11:30:47"
14295;"2025-01-01";60;321;185554;21846;207721;328;3948;436;4712;198;18411;2368;20977;29;523;499;1051;876;208436;25149;234461;"2025-09-25 11:30:47"
14296;"2025-01-01";38;51;56627;67747;124425;24;1394;807;2225;78;5384;1363;6825;11;155;357;523;164;63560;70274;133998;"2025-09-25 11:30:47"
14297;"2025-01-01";39;337;114057;24075;138469;502;1687;692;2881;182;8794;2343;11319;25;207;704;936;1046;124745;27814;153605;"2025-09-25 11:30:47"
14298;"2025-01-01";40;85;26408;1290;27783;48;937;326;1311;83;4019;378;4480;9;49;55;113;225;31413;2049;33687;"2025-09-25 11:30:47"
14300;"2025-01-01";42;138;142077;2173;144388;58;2827;227;3112;124;12491;2225;14840;10;311;483;804;330;157706;5108;163144;"2025-09-25 11:30:47"
14302;"2025-01-01";44;0;19;2;21;0;4;0;4;0;21;3;24;0;0;0;0;0;44;5;49;"2025-09-25 11:30:47"
14304;"2025-01-01";46;191;239132;13331;252654;109;4600;733;5442;180;29043;5414;34637;14;618;565;1197;494;273393;20043;293930;"2025-09-25 11:30:47"
14305;"2025-01-01";47;117;118165;1526;119808;118;2815;518;3451;292;19587;2893;22772;64;416;293;773;591;140983;5230;146804;"2025-09-25 11:30:47"
14309;"2025-01-01";51;200;197157;2968;200325;193;2922;605;3720;212;15718;1364;17294;12;472;165;649;617;216269;5102;221988;"2025-09-25 11:30:47"
14312;"2025-01-01";54;138;27740;5510;33388;50;1125;297;1472;161;10544;798;11503;10;196;86;292;359;39605;6691;46655;"2025-09-25 11:30:47"
14313;"2025-01-01";55;110;95385;140623;236118;62;3029;2141;5232;113;25745;2778;28636;20;497;332;849;305;124656;145874;270835;"2025-09-25 11:30:47"
14314;"2025-01-01";56;358;224687;18317;243362;457;4831;829;6117;172;28818;3613;32603;24;591;491;1106;1011;258927;23250;283188;"2025-09-25 11:30:47"
14316;"2025-01-01";58;190;144489;11417;156096;99;3988;82;4169;136;16867;4944;21947;18;437;835;1290;443;165781;17278;183502;"2025-09-25 11:30:47"
14317;"2025-01-01";59;148;204585;32863;237596;80;4330;1039;5449;103;20165;3234;23502;10;474;319;803;341;229554;37455;267350;"2025-09-25 11:30:47"
14319;"2025-01-01";61;158;210338;5603;216099;88;3098;723;3909;138;12263;3529;15930;14;408;515;937;398;226107;10370;236875;"2025-09-25 11:30:47"
14320;"2025-01-01";62;72;8742;139;8953;57;513;66;636;125;3968;65;4158;3;51;12;66;257;13274;282;13813;"2025-09-25 11:30:47"
14323;"2025-01-01";65;227;174920;3838;178985;152;4136;370;4658;193;26534;8160;34887;31;736;926;1693;603;206326;13294;220223;"2025-09-25 11:30:47"
14329;"2025-01-01";71;87;72314;1950;74351;44;1983;550;2577;109;13671;3867;17647;9;354;445;808;249;88322;6812;95383;"2025-09-25 11:30:48"
14332;"2025-01-01";74;121;178640;2703;181464;92;3056;368;3516;448;15442;2434;18324;25;631;297;953;686;197769;5802;204257;"2025-09-25 11:30:48"
14338;"2025-01-01";80;168;109583;1193;110944;98;2505;668;3271;168;20770;4230;25168;14;430;1023;1467;448;133288;7114;140850;"2025-09-25 11:30:48"
14341;"2025-01-01";83;364;178721;1258;180343;254;3149;633;4036;272;15053;1999;17324;84;640;166;890;974;197563;4056;202593;"2025-09-25 11:30:48"
14343;"2025-01-01";85;152;25753;250;26155;83;1086;146;1315;157;6632;207;6996;24;135;45;204;416;33606;648;34670;"2025-09-25 11:30:48"
14344;"2025-01-01";86;315;174683;1943;176941;155;3964;428;4547;196;19094;2739;22029;22;453;280;755;688;198194;5390;204272;"2025-09-25 11:30:48"
14345;"2025-01-01";87;108;115402;3436;118946;80;2353;633;3066;82;13042;2148;15272;11;373;157;541;281;131170;6374;137825;"2025-09-25 11:30:48"
14346;"2025-01-01";88;72;105438;2491;108001;22;2047;580;2649;38;9193;1500;10731;1;224;137;362;133;116902;4708;121743;"2025-09-25 11:30:48"
14347;"2025-01-01";89;478;30894;314;31686;103;510;42;655;128;2002;458;2588;15;81;11;107;724;33487;825;35036;"2025-09-25 11:30:48"
14348;"2025-01-01";90;145;89569;1745;91459;74;2230;422;2726;110;10077;2354;12541;11;219;200;430;340;102095;4721;107156;"2025-09-25 11:30:48"
14349;"2025-01-01";91;202;173539;943;174684;89;4716;2387;7192;130;30572;5564;36266;16;707;352;1075;437;209534;9246;219217;"2025-09-25 11:30:48"
14350;"2025-01-01";92;93;62026;1087;63206;77;1482;280;1839;100;8281;1397;9778;14;194;151;359;284;71983;2915;75182;"2025-09-25 11:30:48"
14351;"2025-01-01";93;132;87443;907;88482;72;2053;175;2300;92;8952;3864;12908;10;170;254;434;306;98618;5200;104124;"2025-09-25 11:30:48"
14352;"2025-01-01";94;261;203633;3151;207045;112;4913;1697;6722;198;30914;4527;35639;9;723;691;1423;580;240183;10066;250829;"2025-09-25 11:30:48"
14353;"2025-01-01";95;369;270374;2260;273003;197;6977;1053;8227;222;42975;6530;49727;28;1096;501;1625;816;321422;10344;332582;"2025-09-25 11:30:48"
14354;"2025-01-01";96;97;31860;647;32604;45;1187;72;1304;82;5320;685;6087;11;107;51;169;235;38474;1455;40164;"2025-09-25 11:30:48"
14355;"2025-01-01";97;6;98;2;106;0;38;10;48;0;127;7;134;0;0;1;1;6;263;20;289;"2025-09-25 11:30:48"
14356;"2025-01-01";98;49;73406;1749;75204;19;2091;118;2228;33;8241;1245;9519;1;171;177;349;102;83909;3289;87300;"2025-09-25 11:30:48"
14357;"2025-01-01";99;40;51749;942;52731;31;1829;445;2305;32;9766;1748;11546;4;192;175;371;107;63536;3310;66953;"2025-09-25 11:30:48"
14358;"2025-01-01";100;197;129122;2828;132147;149;3399;567;4115;153;15590;3317;19060;24;344;198;566;523;148455;6910;155888;"2025-09-25 11:30:48"
14359;"2025-01-01";101;200;179418;4351;183969;57;2328;1395;3780;104;7555;1923;9582;10;360;196;566;371;189661;7865;197897;"2025-09-25 11:30:48"
14360;"2025-01-01";102;164;71905;1624;73693;60;2001;212;2273;77;7431;1560;9068;3;173;161;337;304;81510;3557;85371;"2025-09-25 11:30:48"
14361;"2025-01-01";103;216;63120;2060;65396;58;2038;286;2382;100;8770;1587;10457;19;182;146;347;393;74110;4079;78582;"2025-09-25 11:30:48"
14362;"2025-01-01";104;112;186015;4955;191082;166;4559;1515;6240;160;20206;3127;23493;21;584;552;1157;459;211364;10149;221972;"2025-09-25 11:30:48"
14363;"2025-01-01";105;269;143581;2075;145925;107;2023;134;2264;65;6668;1473;8206;3;264;133;400;444;152536;3815;156795;"2025-09-25 11:30:48"
14364;"2025-01-01";106;244;98880;1016;100140;150;2691;499;3340;101;8243;2146;10490;16;242;125;383;511;110056;3786;114353;"2025-09-25 11:30:48"
14365;"2025-01-01";107;146;72722;1343;74211;70;2372;64;2506;90;6385;1992;8467;18;173;103;294;324;81652;3502;85478;"2025-09-25 11:30:48"
14366;"2025-01-01";108;180;227663;1880;229723;111;6260;452;6823;152;37309;6418;43879;23;743;514;1280;466;271975;9264;281705;"2025-09-25 11:30:48"
14367;"2025-01-01";109;216;138090;2421;140727;146;4804;1116;6066;221;22773;4032;27026;12;415;323;750;595;166082;7892;174569;"2025-09-25 11:30:48"
14368;"2025-01-01";110;90;122173;2321;124584;42;3825;635;4502;33;18224;2658;20915;3;440;366;809;168;144662;5980;150810;"2025-09-25 11:30:48"
14369;"2025-01-01";111;177;95328;774;96279;96;3048;542;3686;131;19474;3332;22937;15;1005;296;1316;419;118855;4944;124218;"2025-09-25 11:30:48"
14370;"2025-01-01";112;158;118657;2276;121091;111;2064;597;2772;119;9993;3852;13964;10;345;171;526;398;131059;6896;138353;"2025-09-25 11:30:48"
14371;"2025-01-01";113;93;75127;1338;76558;28;2105;915;3048;39;9067;1602;10708;0;197;130;327;160;86496;3985;90641;"2025-09-25 11:30:48"
14372;"2025-01-01";114;185;118903;723;119811;91;3684;485;4260;170;20063;3025;23258;14;510;257;781;460;143160;4490;148110;"2025-09-25 11:30:48"
14373;"2025-01-01";115;244;53923;416;54583;99;1651;513;2263;251;12133;900;13284;13;303;83;399;607;68010;1912;70529;"2025-09-25 11:30:48"
14374;"2025-01-01";116;189;53794;350;54333;87;1971;676;2734;195;14288;6417;20900;9;335;335;679;480;70388;7778;78646;"2025-09-25 11:30:48"
14375;"2025-01-01";117;89;17636;167;17892;69;708;238;1015;157;6365;4090;10612;7;140;492;639;322;24849;4987;30158;"2025-09-25 11:30:48"
14376;"2025-01-01";118;97;108758;1243;110098;63;2727;566;3356;61;10596;2573;13230;10;325;186;521;231;122406;4568;127205;"2025-09-25 11:30:48"
14377;"2025-01-01";119;52;186104;3469;189625;40;3284;755;4079;52;11629;3812;15493;12;500;315;827;156;201517;8351;210024;"2025-09-25 11:30:48"
14378;"2025-01-01";120;27;144493;764;145284;16;1780;84;1880;23;4904;1405;6332;0;238;40;278;66;151415;2293;153774;"2025-09-25 11:30:48"
14379;"2025-01-01";121;395;125080;1729;127204;176;3845;1474;5495;235;21690;4926;26851;19;711;372;1102;825;151326;8501;160652;"2025-09-25 11:30:48"
14380;"2025-01-01";122;118;59014;413;59545;95;1225;189;1509;84;5729;2032;7845;8;151;313;472;305;66119;2947;69371;"2025-09-25 11:30:48"
14381;"2025-01-01";123;282;152729;2006;155017;263;4394;449;5106;194;18015;3051;21260;29;543;275;847;768;175681;5781;182230;"2025-09-25 11:30:48"
14382;"2025-01-01";124;211;103336;954;104501;93;3286;825;4204;129;19054;4348;23531;15;476;563;1054;448;126152;6690;133290;"2025-09-25 11:30:48"
14383;"2025-01-01";125;287;215854;2863;219004;94;5412;2629;8135;173;31297;6354;37824;20;703;300;1023;574;253266;12146;265986;"2025-09-25 11:30:48"
14384;"2025-01-01";126;375;292128;3950;296453;161;7579;2197;9937;254;35971;7606;43831;23;1015;1019;2057;813;336693;14772;352278;"2025-09-25 11:30:48"
14385;"2025-01-01";127;193;66668;5694;72555;73;2689;757;3519;155;20839;2424;23418;15;360;375;750;436;90556;9250;100242;"2025-09-25 11:30:48"
14386;"2025-01-01";128;204;123138;1027;124369;89;2447;358;2894;148;15445;2300;17893;12;339;154;505;453;141369;3839;145661;"2025-09-25 11:30:48"
14387;"2025-01-01";129;398;459494;2785;462677;228;9989;2780;12997;290;64736;8308;73334;74;1704;695;2473;990;535923;14568;551481;"2025-09-25 11:30:48"
14389;"2025-01-01";131;79;15474;131;15684;56;747;54;857;78;8000;256;8334;11;100;28;139;224;24321;469;25014;"2025-09-25 11:30:48"
14390;"2025-01-01";132;68;11134;122;11324;51;447;83;581;120;4905;375;5400;4;89;226;319;243;16575;806;17624;"2025-09-25 11:30:48"
14391;"2025-01-01";133;71;12246;117;12434;57;592;88;737;110;6432;475;7017;17;73;48;138;255;19343;728;20326;"2025-09-25 11:30:48"
14392;"2025-01-01";134;98;17626;114;17838;59;678;93;830;115;8207;180;8502;13;90;39;142;285;26601;426;27312;"2025-09-25 11:30:48"
14393;"2025-01-01";135;72;20141;173;20386;59;798;84;941;84;8072;691;8847;11;171;90;272;226;29182;1038;30446;"2025-09-25 11:30:48"
14394;"2025-01-01";136;83;48167;294;48544;71;2051;213;2335;112;13744;1444;15300;14;258;142;414;280;64220;2093;66593;"2025-09-25 11:30:48"
14395;"2025-01-01";137;104;54997;697;55798;82;1682;181;1945;156;13602;1695;15453;10;346;881;1237;352;70627;3454;74433;"2025-09-25 11:30:48"
14396;"2025-01-01";138;34;17348;181;17563;26;528;35;589;31;3174;586;3791;7;74;47;128;98;21124;849;22071;"2025-09-25 11:30:48"
14397;"2025-01-01";139;74;45641;290;46005;62;1453;86;1601;86;9257;1123;10466;6;238;86;330;228;56589;1585;58402;"2025-09-25 11:30:48"
14398;"2025-01-01";140;1;8;0;9;0;3;0;3;0;8;0;8;0;0;0;0;1;19;0;20;"2025-09-25 11:30:48"
14399;"2025-01-01";141;208;88040;1116;89364;113;2103;362;2578;178;12084;1143;13405;17;355;267;639;516;102582;2888;105986;"2025-09-25 11:30:48"
14400;"2025-01-01";142;62;82587;1540;84189;128;1957;856;2941;64;10762;1835;12661;4;325;223;552;258;95631;4454;100343;"2025-09-25 11:30:48"
14401;"2025-01-01";143;174;92219;2497;94890;126;2414;535;3075;131;14803;2092;17026;8;419;203;630;439;109855;5327;115621;"2025-09-25 11:30:48"
14402;"2025-01-01";144;136;132391;4312;136839;89;2963;718;3770;134;15831;2527;18492;13;565;375;953;372;151750;7932;160054;"2025-09-25 11:30:48"
14403;"2025-01-01";145;211;95525;4543;100279;151;2800;417;3368;259;19917;1799;21975;30;455;284;769;651;118697;7043;126391;"2025-09-25 11:30:48"
14405;"2025-01-01";147;79;23416;62;23557;39;558;99;696;55;2240;431;2726;10;94;31;135;183;26308;623;27114;"2025-09-25 11:30:48"
14406;"2025-01-01";148;220;42526;1129;43875;121;1534;376;2031;251;12815;685;13751;24;217;132;373;616;57092;2322;60030;"2025-09-25 11:30:48"
14407;"2025-01-01";149;70;20713;2066;22849;43;986;219;1248;97;8627;592;9316;10;118;74;202;220;30444;2951;33615;"2025-09-25 11:30:48"
14408;"2025-01-01";150;157;45838;819;46814;90;2020;353;2463;143;15325;1082;16550;30;213;95;338;420;63396;2349;66165;"2025-09-25 11:30:48"
14409;"2025-01-01";151;149;86785;818;87752;78;2406;357;2841;186;19269;2342;21797;16;488;808;1312;429;108948;4325;113702;"2025-09-25 11:30:48"
14410;"2025-01-01";152;133;40372;555;41060;72;1378;173;1623;181;12799;535;13515;34;192;152;378;420;54741;1415;56576;"2025-09-25 11:30:48"
14411;"2025-01-01";153;100;23108;182;23390;68;1075;326;1469;156;11251;395;11802;14;101;55;170;338;35535;958;36831;"2025-09-25 11:30:48"
14412;"2025-01-01";154;186;81965;1023;83174;88;2423;477;2988;160;19056;1866;21082;25;416;438;879;459;103860;3804;108123;"2025-09-25 11:30:48"
14413;"2025-01-01";155;80;19684;147;19911;40;695;111;846;108;7704;439;8251;17;91;84;192;245;28174;781;29200;"2025-09-25 11:30:48"
14414;"2025-01-01";156;204;175008;2124;177336;138;4598;485;5221;187;24327;3697;28211;49;737;392;1178;578;204670;6698;211946;"2025-09-25 11:30:48"
14415;"2025-01-01";157;154;35264;280;35698;118;1390;319;1827;185;11511;741;12437;13;205;128;346;470;48370;1468;50308;"2025-09-25 11:30:48"
14416;"2025-01-01";158;102;120143;1821;122066;62;3735;696;4493;124;19605;2898;22627;10;584;393;987;298;144067;5808;150173;"2025-09-25 11:30:48"
14417;"2025-01-01";159;165;183628;1704;185497;155;4300;888;5343;212;20980;2604;23796;25;608;297;930;557;209516;5493;215566;"2025-09-25 11:30:48"
14418;"2025-01-01";160;79;11463;66;11608;58;447;60;565;123;6022;520;6665;17;72;63;152;277;18004;709;18990;"2025-09-25 11:30:48"
14419;"2025-01-01";161;85;24689;205;24979;49;977;113;1139;195;10806;253;11254;19;145;52;216;348;36617;623;37588;"2025-09-25 11:30:48"
14420;"2025-01-01";162;160;43590;377;44127;98;1370;202;1670;140;12288;772;13200;21;230;133;384;419;57478;1484;59381;"2025-09-25 11:30:48"
14422;"2025-01-01";164;84;12461;162;12707;65;476;77;618;98;6597;741;7436;11;84;42;137;258;19618;1022;20898;"2025-09-25 11:30:48"
14423;"2025-01-01";165;109;21048;157;21314;75;990;93;1158;141;12720;263;13124;12;125;42;179;337;34883;555;35775;"2025-09-25 11:30:48"
14424;"2025-01-01";166;68;10732;94;10894;42;410;57;509;71;5031;398;5500;6;60;66;132;187;16233;615;17035;"2025-09-25 11:30:48"
14425;"2025-01-01";167;93;78548;687;79328;73;2128;284;2485;89;14721;3481;18291;14;564;1687;2265;269;95961;6139;102369;"2025-09-25 11:30:48"
14426;"2025-01-01";168;63;9253;354;9670;39;383;52;474;77;3961;208;4246;4;70;24;98;183;13667;638;14488;"2025-09-25 11:30:48"
14427;"2025-01-01";169;142;52940;790;53872;114;1859;374;2347;222;15625;1706;17553;20;383;270;673;498;70807;3140;74445;"2025-09-25 11:30:48"
14428;"2025-01-01";170;80;20350;397;20827;48;768;277;1093;75;7949;1039;9063;11;127;146;284;214;29194;1859;31267;"2025-09-25 11:30:48"
14429;"2025-01-01";171;118;82871;2288;85277;116;2586;417;3119;150;12967;2289;15406;10;349;351;710;394;98773;5345;104512;"2025-09-25 11:30:48"
14430;"2025-01-01";172;259;41132;150;41541;210;1455;67;1732;159;11908;861;12928;15;202;123;340;643;54697;1201;56541;"2025-09-25 11:30:48"
14431;"2025-01-01";173;78;14066;150;14294;51;725;68;844;103;7947;354;8404;15;89;59;163;247;22827;631;23705;"2025-09-25 11:30:48"
14432;"2025-01-01";174;176;124612;1857;126645;130;2896;601;3627;199;22709;2105;25013;20;458;933;1411;525;150675;5496;156696;"2025-09-25 11:30:48"
14433;"2025-01-01";175;116;14224;104983;119323;68;635;2301;3004;209;9459;388;10056;5;139;35;179;398;24457;107707;132562;"2025-09-25 11:30:48"
14434;"2025-01-01";176;205;113714;2376;116295;147;3086;725;3958;200;21660;3568;25428;17;425;838;1280;569;138885;7507;146961;"2025-09-25 11:30:48"
14435;"2025-01-01";177;80;21649;207;21936;46;782;98;926;113;8192;505;8810;7;101;54;162;246;30724;864;31834;"2025-09-25 11:30:48"
14436;"2025-01-01";178;94;24516;279;24889;63;1179;87;1329;120;11259;782;12161;8;196;138;342;285;37150;1286;38721;"2025-09-25 11:30:48"
14437;"2025-01-01";179;131;16314;161;16606;56;686;100;842;105;9694;208;10007;12;96;31;139;304;26790;500;27594;"2025-09-25 11:30:48"
14438;"2025-01-01";180;79;19325;176;19580;45;716;84;845;90;8211;892;9193;3;125;89;217;217;28377;1241;29835;"2025-09-25 11:30:48"
14439;"2025-01-01";181;85;13438;101;13624;74;549;47;670;109;7112;283;7504;7;61;33;101;275;21160;464;21899;"2025-09-25 11:30:48"
14440;"2025-01-01";182;79;11235;88;11402;49;516;61;626;96;6327;144;6567;9;61;25;95;233;18139;318;18690;"2025-09-25 11:30:48"
14441;"2025-01-01";183;71;12331;5655;18057;50;502;108;660;88;6557;205;6850;12;90;24;126;221;19480;5992;25693;"2025-09-25 11:30:48"
14442;"2025-01-01";184;114;24545;88846;113505;81;1605;820;2506;142;15610;236;15988;10;131;43;184;347;41891;89945;132183;"2025-09-25 11:30:48"
14443;"2025-01-01";185;97;25911;466;26474;51;908;873;1832;98;8021;501;8620;9;151;144;304;255;34991;1984;37230;"2025-09-25 11:30:48"
14445;"2025-01-01";187;145;120066;937;121148;101;2958;398;3457;130;22169;2735;25034;15;422;385;822;391;145615;4455;150461;"2025-09-25 11:30:48"
14446;"2025-01-01";188;208;119692;1724;121624;146;3690;530;4366;220;25954;1977;28151;16;565;380;961;590;149901;4611;155102;"2025-09-25 11:30:48"
14447;"2025-01-01";189;58;14489;36;14583;33;644;56;733;73;6532;686;7291;17;87;55;159;181;21752;833;22766;"2025-09-25 11:30:48"
14448;"2025-01-01";190;199;193766;2483;196448;112;4846;782;5740;224;25857;3641;29722;20;669;461;1150;555;225138;7367;233060;"2025-09-25 11:30:48"
14450;"2025-01-01";192;141;59092;610;59843;82;1983;269;2334;161;17945;1099;19205;17;248;189;454;401;79268;2167;81836;"2025-09-25 11:30:48"
14451;"2025-01-01";193;97;27340;385;27822;53;1178;115;1346;133;10373;279;10785;12;143;96;251;295;39034;875;40204;"2025-09-25 11:30:48"
14452;"2025-01-01";194;100;11166;48;11314;52;408;44;504;87;7036;91;7214;16;51;16;83;255;18661;199;19115;"2025-09-25 11:30:48"
14453;"2025-01-01";195;125;37288;394;37807;91;1584;261;1936;200;17401;1052;18653;17;209;171;397;433;56482;1878;58793;"2025-09-25 11:30:48"
14454;"2025-01-01";196;75;20280;133;20488;43;786;49;878;87;11388;985;12460;15;147;144;306;220;32601;1311;34132;"2025-09-25 11:30:48"
14455;"2025-01-01";197;280;65183;938;66401;244;2113;308;2665;262;19396;1209;20867;49;340;232;621;835;87032;2687;90554;"2025-09-25 11:30:48"
14456;"2025-01-01";198;75;12975;100;13150;50;584;55;689;124;5995;117;6236;16;80;29;125;265;19634;301;20200;"2025-09-25 11:30:48"
14457;"2025-01-01";199;56;6083;36;6175;32;277;27;336;60;3940;48;4048;2;37;6;45;150;10337;117;10604;"2025-09-25 11:30:48"
14458;"2025-01-01";200;131;41480;485;42096;78;1557;138;1773;144;14717;736;15597;26;241;159;426;379;57995;1518;59892;"2025-09-25 11:30:48"
14459;"2025-01-01";201;130;45221;407;45758;82;1695;243;2020;129;16230;1490;17849;18;247;355;620;359;63393;2495;66247;"2025-09-25 11:30:48"
14460;"2025-01-01";202;108;23214;169;23491;63;694;77;834;111;8673;202;8986;21;113;45;179;303;32694;493;33490;"2025-09-25 11:30:48"
14461;"2025-01-01";203;60;4399;352;4811;21;260;192;473;63;1448;27;1538;8;25;3;36;152;6132;574;6858;"2025-09-25 11:30:48"
14462;"2025-01-01";204;133;20718;114;20965;56;601;85;742;121;6623;123;6867;19;117;39;175;329;28059;361;28749;"2025-09-25 11:30:48"
14463;"2025-01-01";205;86;19660;90;19836;78;831;83;992;128;12270;841;13239;10;116;102;228;302;32877;1116;34295;"2025-09-25 11:30:48"
14464;"2025-01-01";206;82;17963;164;18209;44;617;50;711;92;7902;597;8591;15;99;185;299;233;26581;996;27810;"2025-09-25 11:30:48"
14465;"2025-01-01";207;57;10012;39;10108;69;454;43;566;83;6048;114;6245;10;66;15;91;219;16580;211;17010;"2025-09-25 11:30:48"
14466;"2025-01-01";208;123;56009;271;56403;63;1778;337;2178;105;12904;1569;14578;13;274;314;601;304;70965;2491;73760;"2025-09-25 11:30:48"
14467;"2025-01-01";209;141;104022;1339;105502;84;2853;759;3696;208;17845;4218;22271;13;474;1716;2203;446;125194;8032;133672;"2025-09-25 11:30:48"
14468;"2025-01-01";210;162;130026;2177;132365;95;2861;312;3268;106;18159;1078;19343;27;451;301;779;390;151497;3868;155755;"2025-09-25 11:30:48"
14470;"2025-01-01";212;125;96525;1029;97679;87;2782;474;3343;144;12037;504;12685;16;328;170;514;372;111672;2177;114221;"2025-09-25 11:30:48"
14471;"2025-01-01";213;107;24799;192;25098;74;854;174;1102;105;9355;261;9721;14;83;176;273;300;35091;803;36194;"2025-09-25 11:30:48"
14472;"2025-01-01";214;52;11889;81;12022;49;438;36;523;103;4005;94;4202;6;58;29;93;210;16390;240;16840;"2025-09-25 11:30:48"
14473;"2025-01-01";215;266;246436;2264;248966;154;6030;556;6740;238;41102;4707;46047;37;842;578;1457;695;294410;8105;303210;"2025-09-25 11:30:48"
14474;"2025-01-01";216;104;14234;143;14481;55;522;109;686;134;6202;154;6490;9;62;28;99;302;21020;434;21756;"2025-09-25 11:30:48"
14475;"2025-01-01";217;113;43870;483;44466;95;1365;194;1654;103;13707;2570;16380;15;203;599;817;326;59145;3846;63317;"2025-09-25 11:30:48"
14476;"2025-01-01";218;101;48506;672;49279;79;1433;215;1727;135;10518;552;11205;18;186;109;313;333;60643;1548;62524;"2025-09-25 11:30:48"
14477;"2025-01-01";219;92;13805;57;13954;62;488;55;605;99;7198;481;7778;8;146;154;308;261;21637;747;22645;"2025-09-25 11:30:48"
14478;"2025-01-01";220;170;155621;1109;156900;97;4097;796;4990;149;22373;7194;29716;23;663;1543;2229;439;182754;10642;193835;"2025-09-25 11:30:48"
14479;"2025-01-01";221;67;10532;53;10652;53;374;43;470;91;4580;576;5247;13;62;124;199;224;15548;796;16568;"2025-09-25 11:30:48"
14480;"2025-01-01";222;218;144502;2850;147570;174;3197;1044;4415;236;26737;2371;29344;33;513;435;981;661;174949;6700;182310;"2025-09-25 11:30:48"
14481;"2025-01-01";223;73;25216;184;25473;73;1024;109;1206;95;10327;417;10839;10;148;65;223;251;36715;775;37741;"2025-09-25 11:30:48"
14482;"2025-01-01";224;146;90015;1329;91490;63;1862;473;2398;137;10464;985;11586;15;160;152;327;361;102501;2939;105801;"2025-09-25 11:30:48"
14483;"2025-01-01";225;68;96610;6352;103030;33;1818;400;2251;53;10868;1622;12543;4;225;235;464;158;109521;8609;118288;"2025-09-25 11:30:48"
14484;"2025-01-01";226;239;147805;18461;166505;218;1989;865;3072;138;10158;1001;11297;15;225;187;427;610;160177;20514;181301;"2025-09-25 11:30:48"
14485;"2025-01-01";227;232;115410;47217;162859;175;2240;430;2845;127;17065;1450;18642;19;312;353;684;553;135027;49450;185030;"2025-09-25 11:30:48"
14486;"2025-01-01";228;92;87695;714;88501;35;1893;162;2090;88;7817;1020;8925;12;275;286;573;227;97680;2182;100089;"2025-09-25 11:30:48"
14487;"2025-01-01";229;98;43088;667;43853;80;1608;240;1928;121;8767;342;9230;14;177;70;261;313;53640;1319;55272;"2025-09-25 11:30:48"
14488;"2025-01-01";230;62;16271;92;16425;70;525;44;639;105;7817;171;8093;10;86;84;180;247;24699;391;25337;"2025-09-25 11:30:48"
14489;"2025-01-01";231;83;33359;20810;54252;53;1033;320;1406;86;10236;533;10855;6;174;228;408;228;44802;21891;66921;"2025-09-25 11:30:48"
14490;"2025-01-01";232;62;13737;17126;30925;54;486;162;702;114;6536;150;6800;13;164;32;209;243;20923;17470;38636;"2025-09-25 11:30:48"
14491;"2025-01-01";233;90;15820;186;16096;58;594;75;727;138;8187;398;8723;15;92;74;181;301;24693;733;25727;"2025-09-25 11:30:48"
14493;"2025-01-01";235;246;77655;939;78840;140;2822;145;3107;344;27031;689;28064;44;256;140;440;774;107764;1913;110451;"2025-09-25 11:30:48"
14494;"2025-01-01";236;609;254549;265582;520740;355;7037;6183;13575;695;59330;3664;63689;39;1185;579;1803;1698;322101;276008;599807;"2025-09-25 11:30:48"
14496;"2025-01-01";238;161;94501;2446;97108;148;2461;502;3111;263;18106;1432;19801;38;402;398;838;610;115470;4778;120858;"2025-09-25 11:30:48"
14498;"2025-01-01";240;122;39955;737;40814;84;1184;158;1426;125;6890;512;7527;10;180;216;406;341;48209;1623;50173;"2025-09-25 11:30:48"
14499;"2025-01-01";241;127;26452;467;27046;98;790;118;1006;182;6775;184;7141;10;152;46;208;417;34169;815;35401;"2025-09-25 11:30:48"
14500;"2025-01-01";242;118;34249;916;35283;88;1034;139;1261;113;5355;313;5781;8;146;94;248;327;40784;1462;42573;"2025-09-25 11:30:48"
14501;"2025-01-01";243;54;8918;61;9033;55;301;30;386;112;3323;51;3486;10;52;16;78;231;12594;158;12983;"2025-09-25 11:30:48"
14502;"2025-01-01";244;46;12576;155;12777;42;405;25;472;125;4159;68;4352;12;85;21;118;225;17225;269;17719;"2025-09-25 11:30:48"
14503;"2025-01-01";245;130;15173;154;15457;81;617;58;756;127;6205;133;6465;13;121;54;188;351;22116;399;22866;"2025-09-25 11:30:48"
14504;"2025-01-01";246;223;162251;2717;165191;168;4184;513;4865;233;26625;2305;29163;25;696;375;1096;649;193756;5910;200315;"2025-09-25 11:30:48"
14505;"2025-01-01";247;62;14669;87;14818;56;446;60;562;120;5003;114;5237;9;85;31;125;247;20203;292;20742;"2025-09-25 11:30:48"
14506;"2025-01-01";248;112;14238;223;14573;98;532;76;706;158;6143;157;6458;21;111;34;166;389;21024;490;21903;"2025-09-25 11:30:48"
14507;"2025-01-01";249;57;17096;200;17353;68;661;53;782;143;7005;144;7292;14;89;21;124;282;24851;418;25551;"2025-09-25 11:30:48"
14508;"2025-01-01";250;329;121995;2491;124815;288;3038;616;3942;271;18586;2772;21629;21;519;415;955;909;144138;6294;151341;"2025-09-25 11:30:48"
14509;"2025-01-01";251;69;16267;370;16706;62;591;119;772;121;3326;129;3576;13;129;44;186;265;20313;662;21240;"2025-09-25 11:30:48"
14510;"2025-01-01";252;105;17739;241;18085;82;752;72;906;120;8659;143;8922;21;95;69;185;328;27245;525;28098;"2025-09-25 11:30:48"
14511;"2025-01-01";253;133;28287;257;28677;115;1172;282;1569;181;11752;457;12390;22;165;66;253;451;41376;1062;42889;"2025-09-25 11:30:48"
14512;"2025-01-01";254;58;9922;57;10037;64;289;44;397;102;3289;50;3441;10;59;24;93;234;13559;175;13968;"2025-09-25 11:30:48"
14513;"2025-01-01";255;86;19564;505;20155;65;804;81;950;122;8620;269;9011;14;136;49;199;287;29124;904;30315;"2025-09-25 11:30:48"
14515;"2025-01-01";257;109;20273;165;20547;65;1268;94;1427;152;10614;282;11048;14;112;48;174;340;32267;589;33196;"2025-09-25 11:30:48"
14516;"2025-01-01";258;216;116934;2067;119217;126;3012;510;3648;213;19398;3199;22810;21;503;694;1218;576;139847;6470;146893;"2025-09-25 11:30:48"
14517;"2025-01-01";259;121;34475;590;35186;60;1466;138;1664;143;13746;1031;14920;8;255;155;418;332;49942;1914;52188;"2025-09-25 11:30:48"
14518;"2025-01-01";260;136;29840;500;30476;106;1156;166;1428;179;12524;454;13157;19;184;69;272;440;43704;1189;45333;"2025-09-25 11:30:48"
14519;"2025-01-01";261;73;8958;55;9086;41;469;62;572;99;4436;250;4785;7;47;39;93;220;13910;406;14536;"2025-09-25 11:30:48"
14520;"2025-01-01";262;96;18985;181;19262;62;792;116;970;126;8665;268;9059;12;103;56;171;296;28545;621;29462;"2025-09-25 11:30:48"
14521;"2025-01-01";263;74;10478;105;10657;61;383;30;474;99;5202;66;5367;10;47;19;76;244;16110;220;16574;"2025-09-25 11:30:48"
14522;"2025-01-01";264;114;47128;233;47475;122;1609;409;2140;208;12410;2372;14990;28;273;218;519;472;61420;3232;65124;"2025-09-25 11:30:48"
14523;"2025-01-01";265;187;115131;1882;117200;141;3786;485;4412;213;24460;3109;27782;17;427;429;873;558;143804;5905;150267;"2025-09-25 11:30:48"
14524;"2025-01-01";266;83;9782;60;9925;62;415;70;547;118;4961;272;5351;7;65;25;97;270;15223;427;15920;"2025-09-25 11:30:48"
14525;"2025-01-01";267;75;7880;32;7987;41;348;21;410;112;4426;83;4621;6;48;19;73;234;12702;155;13091;"2025-09-25 11:30:48"
14526;"2025-01-01";268;144;152289;3158;155591;104;3360;981;4445;121;19229;2625;21975;14;554;405;973;383;175432;7169;182984;"2025-09-25 11:30:48"
14527;"2025-01-01";269;344;137092;2004;139440;231;2988;530;3749;236;15875;1532;17643;23;351;260;634;834;156306;4326;161466;"2025-09-25 11:30:48"
14528;"2025-01-01";270;108;41305;1699;43112;113;1539;199;1851;165;14974;883;16022;8;241;133;382;394;58059;2914;61367;"2025-09-25 11:30:48"
14529;"2025-01-01";271;110;9687;85;9882;55;411;95;561;108;5036;104;5248;15;57;17;89;288;15191;301;15780;"2025-09-25 11:30:48"
14531;"2025-02-01";1;158;218816;14053;233027;61;3810;546;4417;187;13586;2292;16065;19;375;148;542;425;236587;17039;254051;"2025-09-25 11:30:57"
14532;"2025-02-01";2;108;141888;5109;147105;42;3240;628;3910;147;11950;2619;14716;7;256;209;472;304;157334;8565;166203;"2025-09-25 11:30:57"
14533;"2025-02-01";3;113;60246;2091;62450;68;2028;715;2811;132;6677;1280;8089;15;156;113;284;328;69107;4199;73634;"2025-09-25 11:30:57"
14534;"2025-02-01";4;120;68556;2052;70728;91;1589;322;2002;132;16093;2846;19071;10;428;662;1100;353;86666;5882;92901;"2025-09-25 11:30:57"
14535;"2025-02-01";5;89;98611;3017;101717;44;2863;348;3255;144;8867;2244;11255;11;195;179;385;288;110536;5788;116612;"2025-09-25 11:30:57"
14536;"2025-02-01";6;87;79908;2955;82950;43;2003;313;2359;166;8576;1534;10276;10;125;109;244;306;90612;4911;95829;"2025-09-25 11:30:57"
14537;"2025-02-01";7;111;114867;9085;124063;61;3759;564;4384;126;13591;2586;16303;7;322;169;498;305;132539;12404;145248;"2025-09-25 11:30:57"
14538;"2025-02-01";8;59;71628;2748;74435;33;2484;441;2958;73;10582;2287;12942;12;205;101;318;177;84899;5577;90653;"2025-09-25 11:30:57"
14539;"2025-02-01";9;81;129124;5593;134798;52;3166;754;3972;176;9683;2142;12001;11;269;257;537;320;142242;8746;151308;"2025-09-25 11:30:57"
14540;"2025-02-01";10;91;76120;4603;80814;48;2171;560;2779;123;7885;2035;10043;12;194;157;363;274;86370;7355;93999;"2025-09-25 11:30:57"
14541;"2025-02-01";11;106;85105;2929;88140;58;2461;124;2643;129;9606;2200;11935;12;199;96;307;305;97371;5349;103025;"2025-09-25 11:30:57"
14542;"2025-02-01";12;116;94501;1157;95774;43;2091;128;2262;135;6345;1152;7632;17;133;166;316;311;103070;2603;105984;"2025-09-25 11:30:57"
14543;"2025-02-01";13;98;101631;4124;105853;55;2405;656;3116;171;9145;2179;11495;22;259;488;769;346;113440;7447;121233;"2025-09-25 11:30:57"
14544;"2025-02-01";14;207;77229;3436;80872;100;1930;398;2428;134;5731;1783;7648;7;150;104;261;448;85040;5721;91209;"2025-09-25 11:30:57"
14545;"2025-02-01";15;174;153466;3600;157240;131;2887;646;3664;183;10342;4677;15202;16;269;207;492;504;166964;9130;176598;"2025-09-25 11:30:57"
14546;"2025-02-01";16;131;81943;8660;90734;48;1702;929;2679;178;8153;1917;10248;18;202;128;348;375;92000;11634;104009;"2025-09-25 11:30:57"
14547;"2025-02-01";17;92;104955;1982;107029;48;2661;1096;3805;141;8340;1674;10155;8;196;99;303;289;116152;4851;121292;"2025-09-25 11:30:57"
14548;"2025-02-01";18;128;206315;7451;213894;105;3845;1606;5556;158;17095;4777;22030;19;409;396;824;410;227664;14230;242304;"2025-09-25 11:30:57"
14549;"2025-02-01";19;129;127085;4727;131941;64;2911;734;3709;144;10849;2901;13894;8;271;429;708;345;141116;8791;150252;"2025-09-25 11:30:57"
14550;"2025-02-01";20;127;118217;2878;121222;64;3485;183;3732;176;12892;4445;17513;16;488;608;1112;383;135082;8114;143579;"2025-09-25 11:30:57"
14551;"2025-02-01";21;260;63519;1161;64940;125;1725;77;1927;153;4901;1013;6067;13;158;30;201;551;70303;2281;73135;"2025-09-25 11:30:57"
14552;"2025-02-01";22;100;113994;4085;118179;46;2829;748;3623;138;9712;2042;11892;16;203;185;404;300;126738;7060;134098;"2025-09-25 11:30:57"
14553;"2025-02-01";23;1695;39351;240;41286;1497;1367;253;3117;336;3577;1582;5495;100;98;106;304;3628;44393;2181;50202;"2025-09-25 11:30:57"
14554;"2025-02-01";63;141;91542;1096;92779;114;1824;271;2209;92;9906;947;10945;6;232;280;518;353;103504;2594;106451;"2025-09-25 11:30:57"
14555;"2025-02-01";25;79;91434;6019;97532;33;2856;579;3468;121;11414;2775;14310;14;234;319;567;247;105938;9692;115877;"2025-09-25 11:30:57"
14556;"2025-02-01";146;1993;761140;12734;775867;1392;22907;3898;28197;2299;176036;16539;194874;210;3285;2584;6079;5894;963368;35755;1005017;"2025-09-25 11:30:57"
14558;"2025-02-01";28;98;64641;2426;67165;62;1971;929;2962;102;9348;3077;12527;14;195;645;854;276;76155;7077;83508;"2025-09-25 11:30:57"
14559;"2025-02-01";29;80;74769;840;75689;49;1953;546;2548;124;10725;1209;12058;13;246;210;469;266;87693;2805;90764;"2025-09-25 11:30:57"
14560;"2025-02-01";77;302;139601;2844;142747;219;2570;569;3358;230;16053;3265;19548;18;366;602;986;769;158590;7280;166639;"2025-09-25 11:30:57"
14561;"2025-02-01";57;71;58604;770;59445;44;1152;146;1342;75;4685;335;5095;7;156;61;224;197;64597;1312;66106;"2025-09-25 11:30:57"
14562;"2025-02-01";32;74;88254;1690;90018;27;1851;358;2236;63;9962;1560;11585;1;215;277;493;165;100282;3885;104332;"2025-09-25 11:30:57"
14563;"2025-02-01";33;133;120289;29194;149616;62;2620;581;3263;171;12927;2451;15549;10;199;540;749;376;136035;32766;169177;"2025-09-25 11:30:57"
14564;"2025-02-01";79;86;110828;1568;112482;39;2047;292;2378;92;11164;1641;12897;10;279;334;623;227;124318;3835;128380;"2025-09-25 11:30:57"
14565;"2025-02-01";35;97;66499;2333;68929;57;2007;214;2278;98;14096;2300;16494;8;239;322;569;260;82841;5169;88270;"2025-09-25 11:30:57"
14566;"2025-02-01";36;111;92836;3488;96435;51;2569;335;2955;102;12727;2005;14834;9;225;282;516;273;108357;6110;114740;"2025-09-25 11:30:57"
14567;"2025-02-01";60;313;185924;22116;208353;322;3944;436;4702;197;18419;2387;21003;29;526;497;1052;861;208813;25436;235110;"2025-09-25 11:30:57"
14568;"2025-02-01";38;51;56541;68469;125061;24;1390;809;2223;78;5366;1347;6791;11;155;356;522;164;63452;70981;134597;"2025-09-25 11:30:57"
14569;"2025-02-01";39;338;113991;24044;138373;503;1653;694;2850;182;8810;2340;11332;26;209;712;947;1049;124663;27790;153502;"2025-09-25 11:30:57"
14570;"2025-02-01";40;85;26392;1270;27747;48;941;325;1314;83;4026;382;4491;9;47;56;112;225;31406;2033;33664;"2025-09-25 11:30:57"
14572;"2025-02-01";42;138;142275;2169;144582;58;2801;230;3089;124;12420;2234;14778;9;312;485;806;329;157808;5118;163255;"2025-09-25 11:30:57"
14574;"2025-02-01";44;0;19;2;21;0;4;0;4;0;21;3;24;0;0;0;0;0;44;5;49;"2025-09-25 11:30:57"
14576;"2025-02-01";46;198;238646;13465;252309;112;4545;728;5385;181;28928;5434;34543;14;624;564;1202;505;272743;20191;293439;"2025-09-25 11:30:57"
14577;"2025-02-01";47;117;117994;1527;119638;118;2822;515;3455;292;19599;2890;22781;65;413;299;777;592;140828;5231;146651;"2025-09-25 11:30:57"
14581;"2025-02-01";51;200;197429;2955;200584;193;2917;611;3721;211;15691;1375;17277;12;477;165;654;616;216514;5106;222236;"2025-09-25 11:30:57"
14584;"2025-02-01";54;138;27845;5193;33176;51;1131;297;1479;152;10554;802;11508;10;197;88;295;351;39727;6380;46458;"2025-09-25 11:30:57"
14585;"2025-02-01";55;108;95127;141370;236605;61;3011;2140;5212;109;25678;2783;28570;20;502;334;856;298;124318;146627;271243;"2025-09-25 11:30:57"
14586;"2025-02-01";56;358;223503;17860;241721;456;4793;822;6071;172;28721;3592;32485;23;592;490;1105;1009;257609;22764;281382;"2025-09-25 11:30:57"
14588;"2025-02-01";58;191;144785;11848;156824;99;3958;81;4138;138;16929;4960;22027;18;430;838;1286;446;166102;17727;184275;"2025-09-25 11:30:57"
14589;"2025-02-01";59;149;204266;32601;237016;80;4309;1039;5428;108;20106;3234;23448;8;475;317;800;345;229156;37191;266692;"2025-09-25 11:30:57"
14591;"2025-02-01";61;158;210535;5588;216281;88;3072;714;3874;138;12256;3519;15913;14;413;512;939;398;226276;10333;237007;"2025-09-25 11:30:57"
14592;"2025-02-01";62;72;8711;139;8922;57;514;67;638;125;3960;64;4149;3;52;12;67;257;13237;282;13776;"2025-09-25 11:30:57"
14595;"2025-02-01";65;228;174805;3863;178896;152;4138;372;4662;192;26453;8116;34761;31;736;933;1700;603;206132;13284;220019;"2025-09-25 11:30:57"
14601;"2025-02-01";71;86;72154;1934;74174;44;1974;550;2568;109;13595;3866;17570;9;357;442;808;248;88080;6792;95120;"2025-09-25 11:30:57"
14604;"2025-02-01";74;120;178151;2673;180944;93;3051;368;3512;449;15386;2433;18268;25;639;296;960;687;197227;5770;203684;"2025-09-25 11:30:57"
14610;"2025-02-01";80;169;109629;1192;110990;100;2496;675;3271;166;20799;4240;25205;14;431;1026;1471;449;133355;7133;140937;"2025-09-25 11:30:57"
14613;"2025-02-01";83;363;179376;1245;180984;251;3143;634;4028;266;15039;2006;17311;84;634;162;880;964;198192;4047;203203;"2025-09-25 11:30:57"
14615;"2025-02-01";85;154;25693;242;26089;83;1071;147;1301;157;6626;211;6994;24;135;45;204;418;33525;645;34588;"2025-09-25 11:30:57"
14616;"2025-02-01";86;319;174556;1948;176823;156;3962;428;4546;197;19049;2738;21984;22;454;277;753;694;198021;5391;204106;"2025-09-25 11:30:57"
14617;"2025-02-01";87;108;115361;3439;118908;80;2345;628;3053;82;13011;2155;15248;11;373;160;544;281;131090;6382;137753;"2025-09-25 11:30:57"
14618;"2025-02-01";88;72;105358;2514;107944;22;2023;582;2627;38;9184;1497;10719;1;225;137;363;133;116790;4730;121653;"2025-09-25 11:30:57"
14619;"2025-02-01";89;479;30848;312;31639;104;509;42;655;128;2001;468;2597;15;81;11;107;726;33439;833;34998;"2025-09-25 11:30:57"
14620;"2025-02-01";90;143;90243;1723;92109;67;2228;408;2703;110;10088;2354;12552;11;218;202;431;331;102777;4687;107795;"2025-09-25 11:30:57"
14621;"2025-02-01";91;209;173519;942;174670;89;4679;2379;7147;130;30562;5581;36273;16;727;349;1092;444;209487;9251;219182;"2025-09-25 11:30:57"
14622;"2025-02-01";92;93;61919;1082;63094;75;1463;281;1819;99;8271;1397;9767;14;194;149;357;281;71847;2909;75037;"2025-09-25 11:30:57"
14623;"2025-02-01";93;130;87359;892;88381;72;2030;175;2277;92;8936;3848;12876;10;171;254;435;304;98496;5169;103969;"2025-09-25 11:30:57"
14624;"2025-02-01";94;261;203404;3133;206798;112;4874;1687;6673;205;30877;4535;35617;9;721;694;1424;587;239876;10049;250512;"2025-09-25 11:30:57"
14625;"2025-02-01";95;372;270426;2294;273092;196;6927;1064;8187;217;42912;6544;49673;28;1098;504;1630;813;321363;10406;332582;"2025-09-25 11:30:57"
14626;"2025-02-01";96;98;31911;669;32678;45;1188;72;1305;82;5313;689;6084;11;108;52;171;236;38520;1482;40238;"2025-09-25 11:30:57"
14627;"2025-02-01";97;6;98;1;105;0;38;10;48;0;127;7;134;0;0;1;1;6;263;19;288;"2025-09-25 11:30:57"
14628;"2025-02-01";98;49;73290;1752;75091;19;2075;118;2212;33;8223;1246;9502;1;170;177;348;102;83758;3293;87153;"2025-09-25 11:30:57"
14629;"2025-02-01";99;40;51970;947;52957;31;1822;445;2298;32;9683;1761;11476;4;197;175;376;107;63672;3328;67107;"2025-09-25 11:30:57"
14630;"2025-02-01";100;197;128619;2796;131612;148;3391;569;4108;156;15557;3336;19049;24;352;200;576;525;147919;6901;155345;"2025-09-25 11:30:57"
14631;"2025-02-01";101;200;179479;4304;183983;57;2320;1395;3772;104;7541;1919;9564;10;351;196;557;371;189691;7814;197876;"2025-09-25 11:30:57"
14632;"2025-02-01";102;164;71804;1667;73635;60;1999;221;2280;77;7423;1556;9056;3;173;162;338;304;81399;3606;85309;"2025-09-25 11:30:57"
14633;"2025-02-01";103;216;63059;2076;65351;58;2031;284;2373;100;8732;1590;10422;19;182;146;347;393;74004;4096;78493;"2025-09-25 11:30:57"
14634;"2025-02-01";104;110;183875;4912;188897;168;4436;1515;6119;160;19923;3138;23221;21;581;551;1153;459;208815;10116;219390;"2025-09-25 11:30:57"
14635;"2025-02-01";105;269;143532;2021;145822;106;2012;132;2250;63;6655;1477;8195;2;263;132;397;440;152462;3762;156664;"2025-09-25 11:30:57"
14636;"2025-02-01";106;243;98895;1021;100159;150;2680;499;3329;101;8235;2137;10473;16;246;126;388;510;110056;3783;114349;"2025-09-25 11:30:57"
14637;"2025-02-01";107;146;72671;1293;74110;70;2367;65;2502;91;6379;1989;8459;18;172;105;295;325;81589;3452;85366;"2025-09-25 11:30:57"
14638;"2025-02-01";108;180;227551;1877;229608;112;6233;455;6800;153;37283;6430;43866;23;741;514;1278;468;271808;9276;281552;"2025-09-25 11:30:57"
14639;"2025-02-01";109;216;137680;2422;140318;146;4764;1115;6025;227;22701;4029;26957;12;444;324;780;601;165589;7890;174080;"2025-09-25 11:30:57"
14640;"2025-02-01";110;86;121901;2296;124283;42;3807;635;4484;33;18234;2653;20920;3;442;366;811;164;144384;5950;150498;"2025-09-25 11:30:57"
14641;"2025-02-01";111;179;95784;789;96752;97;3033;547;3677;132;19515;3311;22958;15;970;298;1283;423;119302;4945;124670;"2025-09-25 11:30:57"
14642;"2025-02-01";112;158;118967;2279;121404;111;2052;585;2748;119;9960;3838;13917;10;348;171;529;398;131327;6873;138598;"2025-09-25 11:30:57"
14643;"2025-02-01";113;94;75895;1357;77346;28;2120;920;3068;40;9100;1592;10732;0;197;126;323;162;87312;3995;91469;"2025-09-25 11:30:57"
14644;"2025-02-01";114;185;119079;724;119988;91;3660;493;4244;169;20092;3029;23290;14;513;254;781;459;143344;4500;148303;"2025-09-25 11:30:57"
14645;"2025-02-01";115;244;53976;411;54631;100;1650;515;2265;251;12119;899;13269;12;301;83;396;607;68046;1908;70561;"2025-09-25 11:30:57"
14646;"2025-02-01";116;189;53839;349;54377;87;1973;693;2753;196;14292;6429;20917;9;342;334;685;481;70446;7805;78732;"2025-09-25 11:30:57"
14647;"2025-02-01";117;87;17700;166;17953;69;711;243;1023;157;6378;4101;10636;7;135;493;635;320;24924;5003;30247;"2025-09-25 11:30:57"
14648;"2025-02-01";118;98;109122;1252;110472;63;2717;560;3340;63;10652;2578;13293;10;322;181;513;234;122813;4571;127618;"2025-09-25 11:30:57"
14649;"2025-02-01";119;51;186359;3476;189886;40;3240;765;4045;51;11580;3793;15424;12;499;332;843;154;201678;8366;210198;"2025-09-25 11:30:57"
14650;"2025-02-01";120;27;144744;764;145535;16;1781;84;1881;23;4894;1404;6321;0;242;41;283;66;151661;2293;154020;"2025-09-25 11:30:57"
14651;"2025-02-01";121;409;126225;1736;128370;174;3847;1504;5525;235;21731;4963;26929;19;714;390;1123;837;152517;8593;161947;"2025-09-25 11:30:57"
14652;"2025-02-01";122;118;59014;409;59541;95;1211;190;1496;83;5711;2024;7818;7;157;313;477;303;66093;2936;69332;"2025-09-25 11:30:57"
14653;"2025-02-01";123;282;152964;2019;155265;261;4372;443;5076;194;18013;3071;21278;29;551;272;852;766;175900;5805;182471;"2025-09-25 11:30:57"
14654;"2025-02-01";124;220;103505;957;104682;93;3277;839;4209;130;19062;4340;23532;15;480;562;1057;458;126324;6698;133480;"2025-09-25 11:30:57"
14655;"2025-02-01";125;286;216635;2801;219722;94;5404;2635;8133;173;31298;6359;37830;20;707;304;1031;573;254044;12099;266716;"2025-09-25 11:30:57"
14656;"2025-02-01";126;375;292686;3917;296978;161;7546;2171;9878;256;36055;7633;43944;23;1025;1002;2050;815;337312;14723;352850;"2025-09-25 11:30:57"
14657;"2025-02-01";127;199;66690;5542;72431;73;2650;758;3481;156;20861;2422;23439;15;361;375;751;443;90562;9097;100102;"2025-09-25 11:30:57"
14658;"2025-02-01";128;206;123069;1045;124320;89;2430;361;2880;150;15436;2310;17896;12;343;156;511;457;141278;3872;145607;"2025-09-25 11:30:57"
14659;"2025-02-01";129;399;461634;2833;464866;227;9973;2816;13016;288;64805;8353;73446;74;1710;696;2480;988;538122;14698;553808;"2025-09-25 11:30:57"
14661;"2025-02-01";131;80;15484;129;15693;56;744;57;857;77;8000;258;8335;11;99;30;140;224;24327;474;25025;"2025-09-25 11:30:57"
14662;"2025-02-01";132;69;11111;122;11302;51;446;83;580;120;4885;377;5382;4;89;225;318;244;16531;807;17582;"2025-09-25 11:30:57"
14663;"2025-02-01";133;71;12277;117;12465;58;594;87;739;111;6434;473;7018;17;72;46;135;257;19377;723;20357;"2025-09-25 11:30:57"
14664;"2025-02-01";134;99;17624;114;17837;59;672;93;824;116;8219;179;8514;13;89;40;142;287;26604;426;27317;"2025-09-25 11:30:57"
14665;"2025-02-01";135;73;20238;172;20483;59;786;84;929;84;8057;695;8836;11;157;89;257;227;29238;1040;30505;"2025-09-25 11:30:57"
14666;"2025-02-01";136;83;48344;311;48738;70;2056;208;2334;113;13734;1453;15300;15;256;141;412;281;64390;2113;66784;"2025-09-25 11:30:57"
14667;"2025-02-01";137;104;55050;695;55849;81;1665;178;1924;156;13600;1687;15443;10;350;883;1243;351;70665;3443;74459;"2025-09-25 11:30:57"
14668;"2025-02-01";138;34;17382;192;17608;26;522;35;583;31;3184;584;3799;7;75;46;128;98;21163;857;22118;"2025-09-25 11:30:57"
14669;"2025-02-01";139;74;45641;290;46005;62;1443;84;1589;86;9279;1123;10488;6;238;85;329;228;56601;1582;58411;"2025-09-25 11:30:57"
14670;"2025-02-01";140;1;8;0;9;0;3;0;3;0;8;0;8;0;0;0;0;1;19;0;20;"2025-09-25 11:30:57"
14671;"2025-02-01";141;209;88119;1109;89437;113;2080;363;2556;179;12108;1144;13431;17;355;269;641;518;102662;2885;106065;"2025-09-25 11:30:57"
14672;"2025-02-01";142;62;82343;1535;83940;128;1941;846;2915;64;10701;1842;12607;4;325;225;554;258;95310;4448;100016;"2025-09-25 11:30:57"
14673;"2025-02-01";143;178;92161;2478;94817;124;2401;538;3063;128;14718;2086;16932;7;420;202;629;437;109700;5304;115441;"2025-09-25 11:30:57"
14674;"2025-02-01";144;136;132993;4328;137457;92;2933;726;3751;134;15869;2524;18527;12;568;377;957;374;152363;7955;160692;"2025-09-25 11:30:57"
14675;"2025-02-01";145;212;95736;4444;100392;150;2788;416;3354;262;19912;1803;21977;31;467;283;781;655;118903;6946;126504;"2025-09-25 11:30:57"
14677;"2025-02-01";147;79;23320;62;23461;39;556;102;697;55;2214;435;2704;10;91;33;134;183;26181;632;26996;"2025-09-25 11:30:57"
14678;"2025-02-01";148;220;42528;1143;43891;120;1517;384;2021;252;12807;686;13745;24;215;131;370;616;57067;2344;60027;"2025-09-25 11:30:57"
14679;"2025-02-01";149;73;20712;2105;22890;44;984;212;1240;94;8648;596;9338;10;121;75;206;221;30465;2988;33674;"2025-09-25 11:30:57"
14680;"2025-02-01";150;157;45901;829;46887;90;2013;339;2442;143;15380;1073;16596;30;212;97;339;420;63506;2338;66264;"2025-09-25 11:30:57"
14681;"2025-02-01";151;151;86981;830;87962;76;2399;355;2830;186;19321;2357;21864;16;495;814;1325;429;109196;4356;113981;"2025-09-25 11:30:57"
14682;"2025-02-01";152;132;40302;554;40988;72;1376;172;1620;180;12799;533;13512;34;191;148;373;418;54668;1407;56493;"2025-09-25 11:30:57"
14683;"2025-02-01";153;100;23172;182;23454;68;1081;309;1458;156;11261;395;11812;13;102;55;170;337;35616;941;36894;"2025-09-25 11:30:57"
14684;"2025-02-01";154;186;81993;1042;83221;87;2416;481;2984;163;19084;1867;21114;24;419;439;882;460;103912;3829;108201;"2025-09-25 11:30:57"
14685;"2025-02-01";155;80;19672;145;19897;40;693;107;840;107;7708;437;8252;17;89;85;191;244;28162;774;29180;"2025-09-25 11:30:57"
14686;"2025-02-01";156;204;175711;2088;178003;138;4595;512;5245;188;24366;3704;28258;49;741;390;1180;579;205413;6694;212686;"2025-09-25 11:30:57"
14687;"2025-02-01";157;154;35292;280;35726;117;1384;318;1819;185;11516;739;12440;13;205;128;346;469;48397;1465;50331;"2025-09-25 11:30:57"
14688;"2025-02-01";158;102;120019;1814;121935;61;3707;661;4429;125;19529;2908;22562;10;580;388;978;298;143835;5771;149904;"2025-09-25 11:30:57"
14689;"2025-02-01";159;165;184163;1709;186037;154;4290;889;5333;213;21005;2598;23816;25;606;299;930;557;210064;5495;216116;"2025-09-25 11:30:57"
14690;"2025-02-01";160;80;11490;66;11636;58;442;62;562;123;6026;520;6669;17;73;63;153;278;18031;711;19020;"2025-09-25 11:30:57"
14691;"2025-02-01";161;86;24693;206;24985;46;969;112;1127;196;10818;254;11268;18;143;52;213;346;36623;624;37593;"2025-09-25 11:30:57"
14692;"2025-02-01";162;162;43880;378;44420;94;1382;201;1677;141;12335;770;13246;21;234;134;389;418;57831;1483;59732;"2025-09-25 11:30:57"
14694;"2025-02-01";164;84;12490;162;12736;64;476;75;615;98;6608;738;7444;11;84;42;137;257;19658;1017;20932;"2025-09-25 11:30:57"
14695;"2025-02-01";165;109;21148;159;21416;75;999;91;1165;142;12736;260;13138;12;128;41;181;338;35011;551;35900;"2025-09-25 11:30:57"
14696;"2025-02-01";166;68;10783;92;10943;40;414;57;511;72;5057;397;5526;6;59;67;132;186;16313;613;17112;"2025-09-25 11:30:57"
14697;"2025-02-01";167;95;78809;688;79592;73;2116;286;2475;89;14748;3486;18323;14;572;1689;2275;271;96245;6149;102665;"2025-09-25 11:30:57"
14698;"2025-02-01";168;63;9319;358;9740;39;385;52;476;77;3967;209;4253;4;73;24;101;183;13744;643;14570;"2025-09-25 11:30:57"
14699;"2025-02-01";169;142;53274;789;54205;115;1858;370;2343;222;15657;1706;17585;20;377;279;676;499;71166;3144;74809;"2025-09-25 11:30:57"
14700;"2025-02-01";170;80;20375;387;20842;48;763;278;1089;75;7946;1039;9060;12;130;146;288;215;29214;1850;31279;"2025-09-25 11:30:57"
14701;"2025-02-01";171;119;82785;2282;85186;116;2555;420;3091;150;12942;2293;15385;10;344;351;705;395;98626;5346;104367;"2025-09-25 11:30:57"
14702;"2025-02-01";172;256;41323;149;41728;212;1448;66;1726;159;11901;855;12915;15;202;122;339;642;54874;1192;56708;"2025-09-25 11:30:57"
14703;"2025-02-01";173;76;14090;150;14316;51;725;66;842;101;7964;356;8421;15;93;52;160;243;22872;624;23739;"2025-09-25 11:30:57"
14704;"2025-02-01";174;176;124880;1870;126926;131;2878;601;3610;207;22718;2100;25025;21;463;927;1411;535;150939;5498;156972;"2025-09-25 11:30:57"
14705;"2025-02-01";175;116;14353;105949;120418;68;645;2252;2965;208;9504;389;10101;5;145;33;183;397;24647;108623;133667;"2025-09-25 11:30:57"
14706;"2025-02-01";176;205;113875;2382;116462;147;3064;732;3943;200;21640;3568;25408;17;424;839;1280;569;139003;7521;147093;"2025-09-25 11:30:57"
14707;"2025-02-01";177;79;21804;206;22089;45;785;101;931;113;8233;507;8853;7;105;54;166;244;30927;868;32039;"2025-09-25 11:30:57"
14708;"2025-02-01";178;97;24597;85;24779;63;1177;82;1322;120;11270;784;12174;8;197;138;343;288;37241;1089;38618;"2025-09-25 11:30:57"
14709;"2025-02-01";179;131;16340;161;16632;59;686;100;845;105;9733;207;10045;12;96;31;139;307;26855;499;27661;"2025-09-25 11:30:57"
14710;"2025-02-01";180;82;19373;175;19630;45;711;84;840;90;8227;897;9214;3;127;89;219;220;28438;1245;29903;"2025-09-25 11:30:57"
14711;"2025-02-01";181;85;13455;101;13641;74;549;46;669;109;7118;281;7508;7;65;32;104;275;21187;460;21922;"2025-09-25 11:30:57"
14712;"2025-02-01";182;79;11311;88;11478;49;517;61;627;96;6327;143;6566;9;60;26;95;233;18215;318;18766;"2025-09-25 11:30:57"
14713;"2025-02-01";183;71;12347;5657;18075;50;506;107;663;88;6572;203;6863;12;88;24;124;221;19513;5991;25725;"2025-09-25 11:30:57"
14714;"2025-02-01";184;114;24604;89068;113786;80;1598;812;2490;142;15621;237;16000;10;129;44;183;346;41952;90161;132459;"2025-09-25 11:30:57"
14715;"2025-02-01";185;97;25950;453;26500;51;903;867;1821;101;8015;504;8620;9;150;144;303;258;35018;1968;37244;"2025-09-25 11:30:57"
14717;"2025-02-01";187;145;120105;923;121173;101;2954;393;3448;132;22152;2734;25018;15;420;381;816;393;145631;4431;150455;"2025-09-25 11:30:57"
14718;"2025-02-01";188;209;119980;1718;121907;146;3679;528;4353;222;25973;1977;28172;16;565;381;962;593;150197;4604;155394;"2025-09-25 11:30:57"
14719;"2025-02-01";189;57;14501;36;14594;32;646;57;735;77;6543;688;7308;17;86;55;158;183;21776;836;22795;"2025-09-25 11:30:57"
14720;"2025-02-01";190;198;193992;2476;196666;109;4836;764;5709;227;25815;3600;29642;20;666;462;1148;554;225309;7302;233165;"2025-09-25 11:30:57"
14722;"2025-02-01";192;141;59249;611;60001;82;1982;270;2334;161;17972;1107;19240;17;248;192;457;401;79451;2180;82032;"2025-09-25 11:30:57"
14723;"2025-02-01";193;98;27361;386;27845;54;1178;116;1348;132;10393;277;10802;12;144;96;252;296;39076;875;40247;"2025-09-25 11:30:57"
14724;"2025-02-01";194;100;11130;48;11278;52;409;44;505;86;7071;92;7249;16;51;16;83;254;18661;200;19115;"2025-09-25 11:30:57"
14725;"2025-02-01";195;124;37304;394;37822;90;1588;261;1939;207;17433;1047;18687;17;210;173;400;438;56535;1875;58848;"2025-09-25 11:30:57"
14726;"2025-02-01";196;76;20327;134;20537;42;787;49;878;90;11408;982;12480;15;150;145;310;223;32672;1310;34205;"2025-09-25 11:30:57"
14727;"2025-02-01";197;275;65273;942;66490;240;2106;308;2654;251;19426;1212;20889;47;349;229;625;813;87154;2691;90658;"2025-09-25 11:30:57"
14728;"2025-02-01";198;75;12976;100;13151;50;586;55;691;123;6011;117;6251;17;79;29;125;265;19652;301;20218;"2025-09-25 11:30:57"
14729;"2025-02-01";199;61;6097;37;6195;36;278;27;341;72;3946;47;4065;7;36;6;49;176;10357;117;10650;"2025-09-25 11:30:57"
14730;"2025-02-01";200;130;41556;485;42171;78;1557;137;1772;144;14729;730;15603;26;245;159;430;378;58087;1511;59976;"2025-09-25 11:30:57"
14731;"2025-02-01";201;131;45070;407;45608;82;1692;242;2016;128;16222;1489;17839;18;243;359;620;359;63227;2497;66083;"2025-09-25 11:30:57"
14732;"2025-02-01";202;109;23280;169;23558;63;702;79;844;110;8667;200;8977;21;113;46;180;303;32762;494;33559;"2025-09-25 11:30:57"
14733;"2025-02-01";203;60;4383;346;4789;21;263;190;474;63;1458;27;1548;8;24;3;35;152;6128;566;6846;"2025-09-25 11:30:57"
14734;"2025-02-01";204;138;20755;113;21006;56;603;85;744;121;6627;122;6870;19;114;40;173;334;28099;360;28793;"2025-09-25 11:30:57"
14735;"2025-02-01";205;86;19669;90;19845;78;836;81;995;128;12294;896;13318;10;117;102;229;302;32916;1169;34387;"2025-09-25 11:30:57"
14736;"2025-02-01";206;82;17959;164;18205;44;616;52;712;92;7917;597;8606;15;103;180;298;233;26595;993;27821;"2025-09-25 11:30:57"
14737;"2025-02-01";207;55;10070;39;10164;69;461;44;574;82;6064;115;6261;10;66;15;91;216;16661;213;17090;"2025-09-25 11:30:57"
14738;"2025-02-01";208;121;55942;268;56331;63;1770;335;2168;108;12822;1575;14505;13;271;318;602;305;70805;2496;73606;"2025-09-25 11:30:57"
14739;"2025-02-01";209;142;103992;1337;105471;84;2845;757;3686;207;17831;4235;22273;13;479;1721;2213;446;125147;8050;133643;"2025-09-25 11:30:57"
14740;"2025-02-01";210;162;130724;2178;133064;95;2855;319;3269;107;18216;1073;19396;27;454;300;781;391;152249;3870;156510;"2025-09-25 11:30:57"
14742;"2025-02-01";212;124;96642;1028;97794;86;2768;476;3330;154;12058;505;12717;15;328;170;513;379;111796;2179;114354;"2025-09-25 11:30:57"
14743;"2025-02-01";213;106;24909;190;25205;74;848;175;1097;106;9378;260;9744;14;83;176;273;300;35218;801;36319;"2025-09-25 11:30:57"
14744;"2025-02-01";214;52;11832;83;11967;49;436;36;521;103;3999;93;4195;6;59;29;94;210;16326;241;16777;"2025-09-25 11:30:57"
14745;"2025-02-01";215;261;246989;2269;249519;154;6006;556;6716;245;41161;4708;46114;39;831;583;1453;699;294987;8116;303802;"2025-09-25 11:30:57"
14746;"2025-02-01";216;103;14257;143;14503;55;527;108;690;140;6215;151;6506;9;64;28;101;307;21063;430;21800;"2025-09-25 11:30:57"
14747;"2025-02-01";217;111;43916;488;44515;95;1364;194;1653;103;13702;2567;16372;15;209;597;821;324;59191;3846;63361;"2025-09-25 11:30:57"
14748;"2025-02-01";218;99;48567;664;49330;79;1419;210;1708;132;10544;549;11225;18;190;110;318;328;60720;1533;62581;"2025-09-25 11:30:57"
14749;"2025-02-01";219;91;13813;57;13961;61;489;54;604;100;7221;483;7804;8;145;150;303;260;21668;744;22672;"2025-09-25 11:30:57"
14750;"2025-02-01";220;168;156242;1104;157514;97;4118;787;5002;149;22420;7191;29760;23;663;1539;2225;437;183443;10621;194501;"2025-09-25 11:30:57"
14751;"2025-02-01";221;66;10524;53;10643;53;372;38;463;91;4573;572;5236;13;61;123;197;223;15530;786;16539;"2025-09-25 11:30:57"
14752;"2025-02-01";222;210;144651;2813;147674;172;3186;1028;4386;250;26737;2378;29365;32;517;435;984;664;175091;6654;182409;"2025-09-25 11:30:57"
14753;"2025-02-01";223;68;25233;184;25485;73;1026;107;1206;95;10336;419;10850;10;148;67;225;246;36743;777;37766;"2025-09-25 11:30:57"
14754;"2025-02-01";224;146;89995;1321;91462;64;1855;473;2392;135;10436;985;11556;15;163;152;330;360;102449;2931;105740;"2025-09-25 11:30:57"
14755;"2025-02-01";225;67;96794;6460;103321;33;1789;416;2238;53;10876;1570;12499;4;224;235;463;157;109683;8681;118521;"2025-09-25 11:30:57"
14756;"2025-02-01";226;237;147829;18852;166918;218;1975;875;3068;139;10161;991;11291;15;228;185;428;609;160193;20903;181705;"2025-09-25 11:30:57"
14757;"2025-02-01";227;231;115764;47517;163512;172;2216;417;2805;127;17047;1469;18643;18;315;355;688;548;135342;49758;185648;"2025-09-25 11:30:57"
14758;"2025-02-01";228;93;87722;717;88532;35;1874;161;2070;88;7835;1011;8934;12;275;287;574;228;97706;2176;100110;"2025-09-25 11:30:57"
14759;"2025-02-01";229;98;43058;686;43842;81;1596;243;1920;121;8731;343;9195;14;173;70;257;314;53558;1342;55214;"2025-09-25 11:30:57"
14760;"2025-02-01";230;58;16276;93;16427;70;522;46;638;106;7840;172;8118;10;85;84;179;244;24723;395;25362;"2025-09-25 11:30:57"
14761;"2025-02-01";231;83;33346;20908;54337;53;1021;314;1388;85;10251;542;10878;7;177;231;415;228;44795;21995;67018;"2025-09-25 11:30:57"
14762;"2025-02-01";232;62;13742;17257;31061;54;489;161;704;114;6555;148;6817;13;165;33;211;243;20951;17599;38793;"2025-09-25 11:30:57"
14763;"2025-02-01";233;88;15858;188;16134;57;597;74;728;138;8214;394;8746;15;95;72;182;298;24764;728;25790;"2025-09-25 11:30:57"
14765;"2025-02-01";235;247;77668;943;78858;138;2818;145;3101;343;27016;689;28048;44;254;139;437;772;107756;1916;110444;"2025-09-25 11:30:57"
14766;"2025-02-01";236;608;254209;265872;520689;357;6994;6138;13489;693;59032;3661;63386;39;1125;562;1726;1697;321360;276233;599290;"2025-09-25 11:30:57"
14768;"2025-02-01";238;158;94606;2410;97174;148;2462;495;3105;266;18127;1434;19827;38;405;439;882;610;115600;4778;120988;"2025-09-25 11:30:57"
14770;"2025-02-01";240;122;39962;744;40828;84;1174;165;1423;126;6877;514;7517;10;177;214;401;342;48190;1637;50169;"2025-09-25 11:30:57"
14771;"2025-02-01";241;121;26466;462;27049;98;782;117;997;182;6770;183;7135;10;151;47;208;411;34169;809;35389;"2025-09-25 11:30:57"
14772;"2025-02-01";242;115;34238;909;35262;89;1033;139;1261;113;5326;313;5752;8;148;93;249;325;40745;1454;42524;"2025-09-25 11:30:57"
14773;"2025-02-01";243;54;8894;61;9009;54;298;30;382;110;3332;51;3493;10;51;18;79;228;12575;160;12963;"2025-09-25 11:30:57"
14774;"2025-02-01";244;46;12615;153;12814;40;400;25;465;125;4164;68;4357;12;84;21;117;223;17263;267;17753;"2025-09-25 11:30:57"
14775;"2025-02-01";245;128;15171;149;15448;80;621;57;758;127;6203;133;6463;13;120;54;187;348;22115;393;22856;"2025-09-25 11:30:57"
14776;"2025-02-01";246;217;162570;2733;165520;168;4159;509;4836;235;26590;2304;29129;25;699;375;1099;645;194018;5921;200584;"2025-09-25 11:30:57"
14777;"2025-02-01";247;60;14642;87;14789;52;448;60;560;121;4992;114;5227;9;84;31;124;242;20166;292;20700;"2025-09-25 11:30:57"
14778;"2025-02-01";248;111;14243;228;14582;98;533;75;706;158;6128;159;6445;22;111;33;166;389;21015;495;21899;"2025-09-25 11:30:57"
14779;"2025-02-01";249;55;17113;200;17368;68;653;54;775;143;6999;144;7286;17;90;21;128;283;24855;419;25557;"2025-09-25 11:30:57"
14780;"2025-02-01";250;365;122096;2468;124929;286;3026;616;3928;271;18583;2761;21615;21;525;410;956;943;144230;6255;151428;"2025-09-25 11:30:57"
14781;"2025-02-01";251;66;16267;368;16701;61;589;119;769;121;3320;133;3574;13;129;44;186;261;20305;664;21230;"2025-09-25 11:30:57"
14782;"2025-02-01";252;102;17765;249;18116;81;743;70;894;121;8668;147;8936;21;96;47;164;325;27272;513;28110;"2025-09-25 11:30:57"
14783;"2025-02-01";253;130;28312;263;28705;113;1165;280;1558;180;11771;461;12412;22;163;66;251;445;41411;1070;42926;"2025-09-25 11:30:57"
14784;"2025-02-01";254;58;9876;57;9991;64;287;44;395;102;3287;49;3438;10;59;24;93;234;13509;174;13917;"2025-09-25 11:30:57"
14785;"2025-02-01";255;86;19569;525;20180;65;794;81;940;124;8609;271;9004;14;134;50;198;289;29106;927;30322;"2025-09-25 11:30:57"
14787;"2025-02-01";257;107;20350;165;20622;65;1265;92;1422;153;10647;282;11082;14;113;47;174;339;32375;586;33300;"2025-09-25 11:30:57"
14788;"2025-02-01";258;216;117149;2074;119439;126;2990;510;3626;213;19380;3219;22812;21;505;698;1224;576;140024;6501;147101;"2025-09-25 11:30:57"
14789;"2025-02-01";259;121;34704;588;35413;60;1466;138;1664;143;13783;1033;14959;8;259;154;421;332;50212;1913;52457;"2025-09-25 11:30:57"
14790;"2025-02-01";260;142;29855;496;30493;105;1148;164;1417;180;12535;454;13169;20;188;67;275;447;43726;1181;45354;"2025-09-25 11:30:57"
14791;"2025-02-01";261;73;8971;55;9099;41;470;61;572;99;4454;247;4800;7;47;39;93;220;13942;402;14564;"2025-09-25 11:30:57"
14792;"2025-02-01";262;96;19002;180;19278;62;792;116;970;126;8663;269;9058;12;102;56;170;296;28559;621;29476;"2025-09-25 11:30:57"
14793;"2025-02-01";263;74;10554;105;10733;61;384;30;475;100;5227;64;5391;10;47;20;77;245;16212;219;16676;"2025-09-25 11:30:57"
14794;"2025-02-01";264;113;47429;230;47772;124;1600;414;2138;208;12478;2364;15050;28;273;216;517;473;61780;3224;65477;"2025-09-25 11:30:57"
14795;"2025-02-01";265;186;115274;1866;117326;142;3773;486;4401;213;24441;3109;27763;17;432;430;879;558;143920;5891;150369;"2025-09-25 11:30:57"
14796;"2025-02-01";266;83;9792;60;9935;60;415;70;545;118;4953;271;5342;7;65;24;96;268;15225;425;15918;"2025-09-25 11:30:57"
14797;"2025-02-01";267;74;7879;32;7985;41;346;20;407;112;4427;84;4623;6;48;19;73;233;12700;155;13088;"2025-09-25 11:30:57"
14798;"2025-02-01";268;144;151866;3123;155133;105;3336;982;4423;122;19133;2620;21875;14;551;404;969;385;174886;7129;182400;"2025-09-25 11:30:57"
14799;"2025-02-01";269;344;137250;2028;139622;232;2979;527;3738;236;15870;1529;17635;23;356;259;638;835;156455;4343;161633;"2025-09-25 11:30:57"
14800;"2025-02-01";270;109;41310;1646;43065;114;1528;194;1836;164;14991;888;16043;8;243;134;385;395;58072;2862;61329;"2025-09-25 11:30:57"
14801;"2025-02-01";271;111;9755;86;9952;54;415;94;563;112;5054;106;5272;15;56;17;88;292;15280;303;15875;"2025-09-25 11:30:57"
14803;"2025-03-01";1;161;218815;13883;232859;61;3825;542;4428;187;13500;2278;15965;19;376;149;544;428;236516;16852;253796;"2025-09-25 11:31:05"
14804;"2025-03-01";2;109;143209;5101;148419;42;3241;625;3908;148;11907;2610;14665;7;263;211;481;306;158620;8547;167473;"2025-09-25 11:31:05"
14805;"2025-03-01";3;114;60135;2098;62347;68;2013;715;2796;131;6661;1272;8064;15;154;114;283;328;68963;4199;73490;"2025-09-25 11:31:05"
14806;"2025-03-01";4;122;68645;2059;70826;87;1579;323;1989;132;16053;2859;19044;10;430;666;1106;351;86707;5907;92965;"2025-09-25 11:31:05"
14807;"2025-03-01";5;89;98521;3027;101637;44;2848;347;3239;144;8840;2240;11224;11;199;174;384;288;110408;5788;116484;"2025-09-25 11:31:05"
14808;"2025-03-01";6;86;79975;2963;83024;44;1973;313;2330;164;8603;1524;10291;10;124;109;243;304;90675;4909;95888;"2025-09-25 11:31:05"
14809;"2025-03-01";7;112;114810;9062;123984;60;3724;566;4350;126;13581;2572;16279;7;320;169;496;305;132435;12369;145109;"2025-09-25 11:31:05"
14810;"2025-03-01";8;58;71509;2724;74291;33;2456;437;2926;75;10560;2283;12918;12;203;101;316;178;84728;5545;90451;"2025-09-25 11:31:05"
14811;"2025-03-01";9;81;128944;5571;134596;52;3127;751;3930;171;9630;2145;11946;11;265;252;528;315;141966;8719;151000;"2025-09-25 11:31:05"
14812;"2025-03-01";10;92;76129;4575;80796;48;2139;562;2749;123;7862;2038;10023;12;195;153;360;275;86325;7328;93928;"2025-09-25 11:31:05"
14813;"2025-03-01";11;105;85627;2921;88653;58;2439;128;2625;131;9578;2211;11920;11;196;97;304;305;97840;5357;103502;"2025-09-25 11:31:05"
14814;"2025-03-01";12;117;94421;1233;95771;43;2073;128;2244;136;6329;1149;7614;17;136;168;321;313;102959;2678;105950;"2025-09-25 11:31:05"
14815;"2025-03-01";13;97;101533;4162;105792;55;2386;648;3089;172;9138;2184;11494;21;266;484;771;345;113323;7478;121146;"2025-09-25 11:31:05"
14816;"2025-03-01";14;206;77177;3414;80797;100;1923;397;2420;134;5704;1778;7616;7;149;104;260;447;84953;5693;91093;"2025-09-25 11:31:05"
14817;"2025-03-01";15;173;153392;3508;157073;130;2857;648;3635;182;10419;4659;15260;16;270;207;493;501;166938;9022;176461;"2025-09-25 11:31:05"
14818;"2025-03-01";16;134;81954;8982;91070;48;1690;931;2669;178;8044;1918;10140;18;205;128;351;378;91893;11959;104230;"2025-09-25 11:31:05"
14819;"2025-03-01";17;92;104827;1989;106908;47;2622;1096;3765;143;8291;1666;10100;8;199;98;305;290;115939;4849;121078;"2025-09-25 11:31:05"
14820;"2025-03-01";18;128;206204;7414;213746;105;3822;1593;5520;158;17063;4776;21997;19;407;394;820;410;227496;14177;242083;"2025-09-25 11:31:05"
14821;"2025-03-01";19;131;126938;4797;131866;65;2906;734;3705;145;10798;2891;13834;8;271;433;712;349;140913;8855;150117;"2025-09-25 11:31:05"
14822;"2025-03-01";20;129;118293;2871;121293;64;3462;183;3709;175;12802;4436;17413;16;500;607;1123;384;135057;8097;143538;"2025-09-25 11:31:05"
14823;"2025-03-01";21;258;63380;1141;64779;126;1701;77;1904;150;4883;1017;6050;13;156;30;199;547;70120;2265;72932;"2025-09-25 11:31:05"
14824;"2025-03-01";22;100;113913;4076;118089;46;2803;748;3597;139;9671;2035;11845;16;201;188;405;301;126588;7047;133936;"2025-09-25 11:31:05"
14825;"2025-03-01";23;1692;39278;241;41211;1479;1360;252;3091;335;3562;1577;5474;101;101;105;307;3607;44301;2175;50083;"2025-09-25 11:31:05"
14826;"2025-03-01";63;142;91475;1071;92688;112;1810;277;2199;92;9853;948;10893;6;238;277;521;352;103376;2573;106301;"2025-09-25 11:31:05"
14827;"2025-03-01";25;80;91335;6034;97449;33;2837;582;3452;121;11362;2781;14264;14;234;322;570;248;105768;9719;115735;"2025-09-25 11:31:05"
14828;"2025-03-01";146;1980;761802;12540;776322;1390;22793;3902;28085;2306;175755;16568;194629;210;3307;2587;6104;5886;963657;35597;1005140;"2025-09-25 11:31:05"
14830;"2025-03-01";28;98;64579;2428;67105;62;1968;930;2960;103;9334;3101;12538;14;198;635;847;277;76079;7094;83450;"2025-09-25 11:31:05"
14831;"2025-03-01";29;80;74928;847;75855;49;1936;545;2530;124;10662;1197;11983;13;249;208;470;266;87775;2797;90838;"2025-09-25 11:31:05"
14832;"2025-03-01";77;303;139693;2831;142827;224;2568;577;3369;237;16070;3266;19573;18;372;603;993;782;158703;7277;166762;"2025-09-25 11:31:05"
14833;"2025-03-01";57;71;58632;780;59483;44;1144;149;1337;75;4683;334;5092;7;160;60;227;197;64619;1323;66139;"2025-09-25 11:31:05"
14834;"2025-03-01";32;74;88292;1688;90054;27;1841;359;2227;63;9918;1565;11546;1;213;275;489;165;100264;3887;104316;"2025-09-25 11:31:05"
14835;"2025-03-01";33;136;121300;29179;150615;62;2598;580;3240;173;12923;2447;15543;10;202;539;751;381;137023;32745;170149;"2025-09-25 11:31:05"
14836;"2025-03-01";79;86;110737;1567;112390;39;2007;291;2337;92;11097;1618;12807;10;278;332;620;227;124119;3808;128154;"2025-09-25 11:31:05"
14837;"2025-03-01";35;97;66358;2265;68720;56;1973;213;2242;98;14019;2326;16443;8;240;321;569;259;82590;5125;87974;"2025-09-25 11:31:05"
14838;"2025-03-01";36;113;92681;3499;96293;51;2555;335;2941;102;12676;2014;14792;9;221;282;512;275;108133;6130;114538;"2025-09-25 11:31:05"
14839;"2025-03-01";60;300;186937;22465;209702;318;3907;436;4661;197;18380;2405;20982;29;526;499;1054;844;209750;25805;236399;"2025-09-25 11:31:05"
14840;"2025-03-01";38;51;56591;69244;125886;24;1381;799;2204;79;5349;1351;6779;11;153;354;518;165;63474;71748;135387;"2025-09-25 11:31:05"
14841;"2025-03-01";39;355;114007;24251;138613;506;1637;707;2850;182;8725;2342;11249;27;205;712;944;1070;124574;28012;153656;"2025-09-25 11:31:05"
14842;"2025-03-01";40;86;26334;1261;27681;48;927;323;1298;83;4008;382;4473;9;47;55;111;226;31316;2021;33563;"2025-09-25 11:31:05"
14844;"2025-03-01";42;141;142547;2159;144847;57;2788;230;3075;124;12352;2231;14707;9;314;488;811;331;158001;5108;163440;"2025-09-25 11:31:05"
14846;"2025-03-01";44;0;19;2;21;0;4;0;4;0;20;3;23;0;0;0;0;0;43;5;48;"2025-09-25 11:31:05"
14848;"2025-03-01";46;209;238361;13914;252484;112;4532;739;5383;178;28779;5436;34393;14;623;572;1209;513;272295;20661;293469;"2025-09-25 11:31:05"
14849;"2025-03-01";47;117;118044;1529;119690;117;2815;512;3444;289;19556;2899;22744;65;418;302;785;588;140833;5242;146663;"2025-09-25 11:31:05"
14853;"2025-03-01";51;203;197451;2927;200581;192;2913;609;3714;211;15649;1376;17236;12;482;167;661;618;216495;5079;222192;"2025-09-25 11:31:05"
14856;"2025-03-01";54;138;27938;4854;32930;51;1127;293;1471;153;10597;793;11543;11;224;88;323;353;39886;6028;46267;"2025-09-25 11:31:05"
14857;"2025-03-01";55;108;95064;142609;237781;61;3009;2160;5230;109;25735;2792;28636;20;491;331;842;298;124299;147892;272489;"2025-09-25 11:31:05"
14858;"2025-03-01";56;362;223187;17477;241026;448;4752;818;6018;170;28637;3599;32406;25;588;495;1108;1005;257164;22389;280558;"2025-09-25 11:31:05"
14860;"2025-03-01";58;190;145044;12317;157551;99;3954;80;4133;139;16877;4984;22000;18;440;841;1299;446;166315;18222;184983;"2025-09-25 11:31:05"
14861;"2025-03-01";59;149;203632;32427;236208;80;4271;1039;5390;108;20045;3231;23384;8;475;315;798;345;228423;37012;265780;"2025-09-25 11:31:05"
14863;"2025-03-01";61;159;210743;5662;216564;87;3064;714;3865;138;12242;3525;15905;13;412;512;937;397;226461;10413;237271;"2025-09-25 11:31:05"
14864;"2025-03-01";62;71;8740;141;8952;56;518;69;643;125;3972;63;4160;3;52;12;67;255;13282;285;13822;"2025-09-25 11:31:05"
14867;"2025-03-01";65;230;174725;3842;178797;152;4111;366;4629;193;26397;8096;34686;31;746;943;1720;606;205979;13247;219832;"2025-09-25 11:31:05"
14873;"2025-03-01";71;88;71944;1893;73925;43;1943;549;2535;109;13494;3855;17458;9;359;444;812;249;87740;6741;94730;"2025-09-25 11:31:05"
14876;"2025-03-01";74;120;177709;2631;180460;93;2991;367;3451;440;15257;2435;18132;25;644;295;964;678;196601;5728;203007;"2025-09-25 11:31:05"
14882;"2025-03-01";80;169;109779;1199;111147;100;2499;677;3276;166;20826;4260;25252;14;429;1027;1470;449;133533;7163;141145;"2025-09-25 11:31:05"
14885;"2025-03-01";83;362;179552;1226;181140;248;3136;633;4017;264;15037;2016;17317;84;646;165;895;958;198371;4040;203369;"2025-09-25 11:31:05"
14887;"2025-03-01";85;154;25677;241;26072;83;1061;149;1293;158;6626;209;6993;24;135;47;206;419;33499;646;34564;"2025-09-25 11:31:05"
14888;"2025-03-01";86;325;174641;1926;176892;154;3941;444;4539;198;19019;2731;21948;21;456;277;754;698;198057;5378;204133;"2025-09-25 11:31:05"
14889;"2025-03-01";87;108;115414;3648;119170;79;2315;615;3009;80;13017;2126;15223;11;372;159;542;278;131118;6548;137944;"2025-09-25 11:31:05"
14890;"2025-03-01";88;71;105366;2506;107943;22;2018;582;2622;38;9119;1509;10666;1;228;137;366;132;116731;4734;121597;"2025-09-25 11:31:05"
14891;"2025-03-01";89;482;30783;313;31578;104;508;42;654;128;1976;474;2578;15;80;10;105;729;33347;839;34915;"2025-09-25 11:31:05"
14892;"2025-03-01";90;141;90813;1699;92653;67;2208;405;2680;110;10115;2351;12576;11;230;202;443;329;103366;4657;108352;"2025-09-25 11:31:05"
14893;"2025-03-01";91;206;173569;943;174718;89;4647;2316;7052;132;30534;5558;36224;15;736;348;1099;442;209486;9165;219093;"2025-09-25 11:31:05"
14894;"2025-03-01";92;92;61955;1081;63128;75;1457;280;1812;99;8291;1404;9794;14;194;148;356;280;71897;2913;75090;"2025-09-25 11:31:05"
14895;"2025-03-01";93;130;87232;891;88253;72;2000;176;2248;92;8908;3822;12822;10;176;248;434;304;98316;5137;103757;"2025-09-25 11:31:05"
14896;"2025-03-01";94;259;203573;2949;206781;112;4852;1690;6654;208;30856;4543;35607;9;720;687;1416;588;240001;9869;250458;"2025-09-25 11:31:05"
14897;"2025-03-01";95;372;270618;2295;273285;198;6889;1039;8126;217;42882;6565;49664;28;1099;507;1634;815;321488;10406;332709;"2025-09-25 11:31:05"
14898;"2025-03-01";96;98;31909;674;32681;45;1187;72;1304;84;5315;682;6081;11;108;52;171;238;38519;1480;40237;"2025-09-25 11:31:05"
14899;"2025-03-01";97;6;98;1;105;0;38;10;48;0;127;7;134;0;0;1;1;6;263;19;288;"2025-09-25 11:31:05"
14900;"2025-03-01";98;47;73275;1743;75065;19;2056;118;2193;34;8192;1259;9485;1;173;178;352;101;83696;3298;87095;"2025-09-25 11:31:05"
14901;"2025-03-01";99;38;52053;941;53032;31;1812;445;2288;32;9673;1763;11468;4;199;172;375;105;63737;3321;67163;"2025-09-25 11:31:05"
14902;"2025-03-01";100;198;128586;2778;131562;148;3394;572;4114;158;15549;3323;19030;25;360;200;585;529;147889;6873;155291;"2025-09-25 11:31:05"
14903;"2025-03-01";101;200;179435;4294;183929;57;2314;1386;3757;105;7543;1920;9568;9;355;192;556;371;189647;7792;197810;"2025-09-25 11:31:05"
14904;"2025-03-01";102;164;71820;1683;73667;59;1993;198;2250;78;7418;1555;9051;3;169;162;334;304;81400;3598;85302;"2025-09-25 11:31:05"
14905;"2025-03-01";103;213;63071;2077;65361;58;2030;309;2397;99;8732;1581;10412;20;179;145;344;390;74012;4112;78514;"2025-09-25 11:31:05"
14906;"2025-03-01";104;108;183425;4954;188487;169;4411;1500;6080;159;19683;3144;22986;21;601;551;1173;457;208120;10149;218726;"2025-09-25 11:31:05"
14907;"2025-03-01";105;269;143626;1995;145890;106;1989;135;2230;64;6633;1490;8187;2;257;131;390;441;152505;3751;156697;"2025-09-25 11:31:05"
14908;"2025-03-01";106;259;98905;1027;100191;151;2657;500;3308;101;8191;2136;10428;16;247;126;389;527;110000;3789;114316;"2025-09-25 11:31:05"
14909;"2025-03-01";107;145;72583;1278;74006;68;2347;65;2480;90;6393;1986;8469;16;171;104;291;319;81494;3433;85246;"2025-09-25 11:31:05"
14910;"2025-03-01";108;174;227682;1878;229734;108;6198;456;6762;153;37266;6440;43859;25;734;507;1266;460;271880;9281;281621;"2025-09-25 11:31:05"
14911;"2025-03-01";109;213;137355;2385;139953;148;4745;1113;6006;230;22606;4030;26866;12;442;318;772;603;165148;7846;173597;"2025-09-25 11:31:05"
14912;"2025-03-01";110;82;121891;2272;124245;42;3776;639;4457;33;18241;2654;20928;3;447;368;818;160;144355;5933;150448;"2025-09-25 11:31:05"
14913;"2025-03-01";111;177;96165;790;97132;96;3026;553;3675;132;19533;3319;22984;16;960;295;1271;421;119684;4957;125062;"2025-09-25 11:31:05"
14914;"2025-03-01";112;154;119041;2288;121483;111;2036;585;2732;120;9935;3829;13884;10;353;171;534;395;131365;6873;138633;"2025-09-25 11:31:05"
14915;"2025-03-01";113;93;76504;1375;77972;29;2095;921;3045;39;9075;1595;10709;0;201;128;329;161;87875;4019;92055;"2025-09-25 11:31:05"
14916;"2025-03-01";114;186;119380;718;120284;91;3640;495;4226;171;20130;3015;23316;14;517;256;787;462;143667;4484;148613;"2025-09-25 11:31:05"
14917;"2025-03-01";115;245;54158;411;54814;100;1639;524;2263;249;12130;899;13278;11;298;83;392;605;68225;1917;70747;"2025-09-25 11:31:05"
14918;"2025-03-01";116;190;53911;353;54454;87;1982;677;2746;198;14302;6467;20967;9;347;338;694;484;70542;7835;78861;"2025-09-25 11:31:05"
14919;"2025-03-01";117;87;17770;220;18077;69;704;244;1017;154;6354;4101;10609;7;133;492;632;317;24961;5057;30335;"2025-09-25 11:31:05"
14920;"2025-03-01";118;97;109895;1255;111247;63;2705;552;3320;64;10711;2591;13366;10;329;182;521;234;123640;4580;128454;"2025-09-25 11:31:05"
14921;"2025-03-01";119;51;186635;3473;190159;40;3202;756;3998;49;11803;3806;15658;12;507;352;871;152;202147;8387;210686;"2025-09-25 11:31:05"
14922;"2025-03-01";120;27;144852;760;145639;16;1762;82;1860;23;4872;1406;6301;0;244;41;285;66;151730;2289;154085;"2025-09-25 11:31:05"
14923;"2025-03-01";121;410;126833;1721;128964;173;3853;1514;5540;244;21738;4962;26944;19;722;396;1137;846;153146;8593;162585;"2025-09-25 11:31:05"
14924;"2025-03-01";122;120;58984;412;59516;95;1199;192;1486;84;5680;2029;7793;7;154;302;463;306;66017;2935;69258;"2025-09-25 11:31:05"
14925;"2025-03-01";123;290;153355;2016;155661;261;4354;429;5044;194;17919;3096;21209;29;546;272;847;774;176174;5813;182761;"2025-09-25 11:31:05"
14926;"2025-03-01";124;221;103628;930;104779;93;3230;847;4170;137;19106;4344;23587;15;483;566;1064;466;126447;6687;133600;"2025-09-25 11:31:05"
14927;"2025-03-01";125;286;217266;2669;220221;94;5371;2671;8136;180;31338;6363;37881;22;705;303;1030;582;254680;12006;267268;"2025-09-25 11:31:05"
14928;"2025-03-01";126;377;293372;3848;297597;161;7493;2164;9818;257;36071;7647;43975;23;1026;1000;2049;818;337962;14659;353439;"2025-09-25 11:31:05"
14929;"2025-03-01";127;196;66825;5353;72374;73;2638;758;3469;157;20821;2412;23390;17;361;375;753;443;90645;8898;99986;"2025-09-25 11:31:05"
14930;"2025-03-01";128;205;123078;1027;124310;89;2414;353;2856;150;15406;2309;17865;12;344;156;512;456;141242;3845;145543;"2025-09-25 11:31:05"
14931;"2025-03-01";129;401;462892;2820;466113;228;9882;2833;12943;289;64738;8361;73388;74;1725;690;2489;992;539237;14704;554933;"2025-09-25 11:31:05"
14933;"2025-03-01";131;80;15482;130;15692;56;742;57;855;79;7984;255;8318;11;103;31;145;226;24311;473;25010;"2025-09-25 11:31:05"
14934;"2025-03-01";132;69;11131;121;11321;52;447;83;582;120;4861;381;5362;4;89;224;317;245;16528;809;17582;"2025-09-25 11:31:05"
14935;"2025-03-01";133;71;12296;117;12484;57;581;87;725;109;6430;468;7007;17;72;46;135;254;19379;718;20351;"2025-09-25 11:31:05"
14936;"2025-03-01";134;100;17617;114;17831;59;669;92;820;117;8205;177;8499;13;90;40;143;289;26581;423;27293;"2025-09-25 11:31:05"
14937;"2025-03-01";135;74;20344;179;20597;59;786;88;933;84;8044;696;8824;11;158;98;267;228;29332;1061;30621;"2025-09-25 11:31:05"
14938;"2025-03-01";136;84;48601;320;49005;70;2039;207;2316;111;13729;1450;15290;15;257;140;412;280;64626;2117;67023;"2025-09-25 11:31:05"
14939;"2025-03-01";137;105;55133;708;55946;81;1644;178;1903;157;13549;1685;15391;11;353;877;1241;354;70679;3448;74481;"2025-09-25 11:31:05"
14940;"2025-03-01";138;34;17397;207;17638;26;521;35;582;31;3197;590;3818;7;74;47;128;98;21189;879;22166;"2025-09-25 11:31:05"
14941;"2025-03-01";139;75;45664;293;46032;63;1433;86;1582;86;9269;1136;10491;6;237;85;328;230;56603;1600;58433;"2025-09-25 11:31:05"
14942;"2025-03-01";140;1;8;0;9;0;3;0;3;0;8;0;8;0;0;0;0;1;19;0;20;"2025-09-25 11:31:05"
14943;"2025-03-01";141;211;88313;1110;89634;114;2078;364;2556;180;12081;1149;13410;17;362;271;650;522;102834;2894;106250;"2025-09-25 11:31:05"
14944;"2025-03-01";142;62;82119;1530;83711;128;1931;842;2901;64;10597;1845;12506;4;324;221;549;258;94971;4438;99667;"2025-09-25 11:31:05"
14945;"2025-03-01";143;190;92285;2469;94944;126;2364;540;3030;128;14693;2092;16913;7;420;201;628;451;109762;5302;115515;"2025-09-25 11:31:05"
14946;"2025-03-01";144;142;133375;4295;137812;89;2927;730;3746;133;15893;2514;18540;12;570;376;958;376;152765;7915;161056;"2025-09-25 11:31:05"
14947;"2025-03-01";145;205;95984;4293;100482;150;2787;414;3351;260;19864;1814;21938;31;465;288;784;646;119100;6809;126555;"2025-09-25 11:31:05"
14949;"2025-03-01";147;79;23387;64;23530;39;554;102;695;55;2229;432;2716;9;88;33;130;182;26258;631;27071;"2025-09-25 11:31:05"
14950;"2025-03-01";148;222;42591;1173;43986;120;1515;383;2018;253;12774;684;13711;24;216;130;370;619;57096;2370;60085;"2025-09-25 11:31:05"
14951;"2025-03-01";149;75;20759;2171;23005;44;968;209;1221;94;8624;599;9317;10;124;74;208;223;30475;3053;33751;"2025-09-25 11:31:05"
14952;"2025-03-01";150;155;45833;871;46859;90;1986;342;2418;143;15326;1080;16549;30;214;96;340;418;63359;2389;66166;"2025-09-25 11:31:05"
14953;"2025-03-01";151;153;87148;829;88130;76;2378;349;2803;187;19306;2346;21839;16;492;812;1320;432;109324;4336;114092;"2025-09-25 11:31:05"
14954;"2025-03-01";152;131;40322;567;41020;72;1375;173;1620;179;12808;526;13513;34;193;136;363;416;54698;1402;56516;"2025-09-25 11:31:05"
14955;"2025-03-01";153;99;23204;183;23486;68;1065;311;1444;158;11252;398;11808;13;102;54;169;338;35623;946;36907;"2025-09-25 11:31:05"
14956;"2025-03-01";154;187;82101;971;83259;87;2410;486;2983;163;19110;1864;21137;24;418;439;881;461;104039;3760;108260;"2025-09-25 11:31:05"
14957;"2025-03-01";155;80;19695;145;19920;40;693;107;840;107;7720;436;8263;17;89;86;192;244;28197;774;29215;"2025-09-25 11:31:05"
14958;"2025-03-01";156;206;176221;2076;178503;137;4548;514;5199;188;24387;3682;28257;50;735;377;1162;581;205891;6649;213121;"2025-09-25 11:31:05"
14959;"2025-03-01";157;169;35420;280;35869;116;1378;318;1812;184;11511;736;12431;13;205;131;349;482;48514;1465;50461;"2025-09-25 11:31:05"
14960;"2025-03-01";158;103;120157;1820;122080;60;3687;657;4404;129;19546;2908;22583;10;575;393;978;302;143965;5778;150045;"2025-09-25 11:31:05"
14961;"2025-03-01";159;166;184609;1713;186488;152;4281;883;5316;212;21031;2629;23872;25;609;312;946;555;210530;5537;216622;"2025-09-25 11:31:05"
14962;"2025-03-01";160;80;11471;66;11617;57;431;61;549;124;6008;519;6651;17;75;63;155;278;17985;709;18972;"2025-09-25 11:31:05"
14963;"2025-03-01";161;85;24751;204;25040;46;971;112;1129;197;10818;253;11268;19;141;52;212;347;36681;621;37649;"2025-09-25 11:31:05"
14964;"2025-03-01";162;163;44150;384;44697;94;1375;197;1666;143;12341;777;13261;23;237;132;392;423;58103;1490;60016;"2025-09-25 11:31:05"
14966;"2025-03-01";164;82;12536;160;12778;65;466;75;606;98;6582;739;7419;12;87;42;141;257;19671;1016;20944;"2025-09-25 11:31:05"
14967;"2025-03-01";165;105;21208;168;21481;75;980;93;1148;141;12726;261;13128;12;129;40;181;333;35043;562;35938;"2025-09-25 11:31:05"
14968;"2025-03-01";166;67;10826;91;10984;40;410;57;507;72;5042;398;5512;6;61;67;134;185;16339;613;17137;"2025-09-25 11:31:05"
14969;"2025-03-01";167;94;78963;639;79696;71;2099;285;2455;90;14714;3483;18287;14;570;1682;2266;269;96346;6089;102704;"2025-09-25 11:31:05"
14970;"2025-03-01";168;57;9327;345;9729;39;380;55;474;74;3954;208;4236;4;73;24;101;174;13734;632;14540;"2025-09-25 11:31:05"
14971;"2025-03-01";169;142;53443;799;54384;116;1844;371;2331;222;15623;1705;17550;20;375;279;674;500;71285;3154;74939;"2025-09-25 11:31:05"
14972;"2025-03-01";170;78;20406;383;20867;48;761;280;1089;75;7924;1038;9037;12;129;149;290;213;29220;1850;31283;"2025-09-25 11:31:05"
14973;"2025-03-01";171;122;82781;2273;85176;115;2524;420;3059;150;12861;2292;15303;10;341;348;699;397;98507;5333;104237;"2025-09-25 11:31:05"
14974;"2025-03-01";172;259;41567;172;41998;210;1437;67;1714;160;11898;872;12930;15;201;124;340;644;55103;1235;56982;"2025-09-25 11:31:05"
14975;"2025-03-01";173;76;14108;152;14336;51;727;66;844;105;7954;352;8411;15;94;52;161;247;22883;622;23752;"2025-09-25 11:31:05"
14976;"2025-03-01";174;173;125011;1845;127029;125;2880;595;3600;204;22690;2104;24998;21;477;934;1432;523;151058;5478;157059;"2025-09-25 11:31:05"
14977;"2025-03-01";175;116;14523;106579;121218;68;644;2251;2963;206;9555;387;10148;5;147;34;186;395;24869;109251;134515;"2025-09-25 11:31:05"
14978;"2025-03-01";176;200;113962;2382;116544;147;3057;730;3934;200;21617;3579;25396;17;429;838;1284;564;139065;7529;147158;"2025-09-25 11:31:05"
14979;"2025-03-01";177;79;21924;210;22213;45;780;100;925;113;8220;511;8844;7;106;56;169;244;31030;877;32151;"2025-09-25 11:31:05"
14980;"2025-03-01";178;93;24611;85;24789;63;1180;83;1326;121;11274;794;12189;9;198;141;348;286;37263;1103;38652;"2025-09-25 11:31:05"
14981;"2025-03-01";179;131;16356;159;16646;59;680;101;840;105;9695;208;10008;12;92;31;135;307;26823;499;27629;"2025-09-25 11:31:05"
14982;"2025-03-01";180;84;19630;173;19887;46;715;84;845;91;8271;887;9249;3;130;88;221;224;28746;1232;30202;"2025-09-25 11:31:05"
14983;"2025-03-01";181;86;13508;100;13694;74;546;47;667;108;7104;282;7494;7;69;32;108;275;21227;461;21963;"2025-09-25 11:31:05"
14984;"2025-03-01";182;77;11324;89;11490;47;512;61;620;96;6323;142;6561;10;61;26;97;230;18220;318;18768;"2025-09-25 11:31:05"
14985;"2025-03-01";183;70;12415;5729;18214;49;501;109;659;88;6592;198;6878;12;90;25;127;219;19598;6061;25878;"2025-09-25 11:31:05"
14986;"2025-03-01";184;110;24662;89795;114567;80;1587;799;2466;142;15606;238;15986;10;130;44;184;342;41985;90876;133203;"2025-09-25 11:31:05"
14987;"2025-03-01";185;97;25976;453;26526;51;907;845;1803;103;8013;507;8623;9;151;145;305;260;35047;1950;37257;"2025-09-25 11:31:05"
14989;"2025-03-01";187;139;120283;919;121341;101;2947;392;3440;130;22079;2741;24950;16;425;382;823;386;145734;4434;150554;"2025-09-25 11:31:05"
14990;"2025-03-01";188;212;120265;1696;122173;147;3669;525;4341;226;25957;1982;28165;16;565;379;960;601;150456;4582;155639;"2025-09-25 11:31:05"
14991;"2025-03-01";189;57;14532;36;14625;32;647;57;736;77;6543;681;7301;18;86;53;157;184;21808;827;22819;"2025-09-25 11:31:05"
14992;"2025-03-01";190;196;194228;2463;196887;109;4804;774;5687;227;25772;3572;29571;20;673;463;1156;552;225477;7272;233301;"2025-09-25 11:31:05"
14994;"2025-03-01";192;139;59364;605;60108;82;1969;269;2320;160;18005;1110;19275;17;249;191;457;398;79587;2175;82160;"2025-09-25 11:31:05"
14995;"2025-03-01";193;94;27419;384;27897;55;1172;115;1342;133;10381;278;10792;13;143;95;251;295;39115;872;40282;"2025-09-25 11:31:05"
14996;"2025-03-01";194;101;11129;48;11278;52;405;43;500;87;7060;91;7238;16;52;16;84;256;18646;198;19100;"2025-09-25 11:31:05"
14997;"2025-03-01";195;118;37370;393;37881;89;1580;256;1925;208;17463;1046;18717;17;211;172;400;432;56624;1867;58923;"2025-09-25 11:31:05"
14998;"2025-03-01";196;73;20301;125;20499;41;783;49;873;88;11378;986;12452;15;149;144;308;217;32611;1304;34132;"2025-09-25 11:31:05"
14999;"2025-03-01";197;285;65382;942;66609;238;2090;306;2634;251;19357;1208;20816;47;351;230;628;821;87180;2686;90687;"2025-09-25 11:31:05"
15000;"2025-03-01";198;73;13036;100;13209;50;590;56;696;122;6028;117;6267;17;79;29;125;262;19733;302;20297;"2025-09-25 11:31:05"
15001;"2025-03-01";199;61;6114;37;6212;36;278;27;341;73;3952;48;4073;7;36;7;50;177;10380;119;10676;"2025-09-25 11:31:05"
15002;"2025-03-01";200;123;41564;486;42173;77;1545;134;1756;139;14736;727;15602;25;246;159;430;364;58091;1506;59961;"2025-09-25 11:31:05"
15003;"2025-03-01";201;133;45154;363;45650;82;1692;237;2011;128;16269;1481;17878;18;255;360;633;361;63370;2441;66172;"2025-09-25 11:31:05"
15004;"2025-03-01";202;104;23384;166;23654;63;705;79;847;110;8671;202;8983;21;112;46;179;298;32872;493;33663;"2025-09-25 11:31:05"
15005;"2025-03-01";203;61;4416;347;4824;21;265;196;482;63;1473;27;1563;8;26;4;38;153;6180;574;6907;"2025-09-25 11:31:05"
15006;"2025-03-01";204;139;20823;113;21075;56;603;86;745;121;6603;122;6846;20;114;40;174;336;28143;361;28840;"2025-09-25 11:31:05"
15007;"2025-03-01";205;80;19699;89;19868;78;839;78;995;129;12307;897;13333;10;118;101;229;297;32963;1165;34425;"2025-09-25 11:31:05"
15008;"2025-03-01";206;78;17937;164;18179;44;620;52;716;91;7898;607;8596;15;101;185;301;228;26556;1008;27792;"2025-09-25 11:31:05"
15009;"2025-03-01";207;58;10083;39;10180;69;462;44;575;84;6075;116;6275;10;66;14;90;221;16686;213;17120;"2025-09-25 11:31:05"
15010;"2025-03-01";208;121;55923;269;56313;63;1757;337;2157;112;12798;1588;14498;13;273;321;607;309;70751;2515;73575;"2025-09-25 11:31:05"
15011;"2025-03-01";209;140;103842;1338;105320;84;2825;757;3666;209;17799;4223;22231;13;478;1723;2214;446;124944;8041;133431;"2025-09-25 11:31:05"
15012;"2025-03-01";210;157;130994;2176;133327;95;2834;323;3252;108;18182;1076;19366;27;452;293;772;387;152462;3868;156717;"2025-09-25 11:31:05"
15014;"2025-03-01";212;126;96870;1044;98040;86;2768;478;3332;154;12068;505;12727;15;323;170;508;381;112029;2197;114607;"2025-09-25 11:31:05"
15015;"2025-03-01";213;106;24958;185;25249;74;847;176;1097;106;9386;262;9754;14;85;176;275;300;35276;799;36375;"2025-09-25 11:31:05"
15016;"2025-03-01";214;52;11891;82;12025;47;428;36;511;103;3985;95;4183;6;59;29;94;208;16363;242;16813;"2025-09-25 11:31:05"
15017;"2025-03-01";215;263;247621;2270;250154;152;5935;555;6642;243;41044;4716;46003;43;829;584;1456;701;295429;8125;304255;"2025-09-25 11:31:05"
15018;"2025-03-01";216;101;14315;149;14565;54;521;109;684;139;6209;151;6499;9;64;27;100;303;21109;436;21848;"2025-09-25 11:31:05"
15019;"2025-03-01";217;111;43962;478;44551;94;1353;197;1644;103;13715;2576;16394;15;211;596;822;323;59241;3847;63411;"2025-09-25 11:31:05"
15020;"2025-03-01";218;98;48606;681;49385;79;1401;211;1691;132;10525;557;11214;18;193;112;323;327;60725;1561;62613;"2025-09-25 11:31:05"
15021;"2025-03-01";219;91;13845;57;13993;61;482;54;597;99;7184;477;7760;8;145;151;304;259;21656;739;22654;"2025-09-25 11:31:05"
15022;"2025-03-01";220;168;156445;1121;157734;97;4072;786;4955;148;22527;7209;29884;23;665;1531;2219;436;183709;10647;194792;"2025-09-25 11:31:05"
15023;"2025-03-01";221;66;10507;52;10625;53;363;37;453;90;4577;569;5236;13;61;122;196;222;15508;780;16510;"2025-09-25 11:31:05"
15024;"2025-03-01";222;209;144769;2812;147790;173;3155;1026;4354;257;26639;2387;29283;32;521;434;987;671;175084;6659;182414;"2025-09-25 11:31:05"
15025;"2025-03-01";223;68;25275;182;25525;73;1002;106;1181;94;10313;418;10825;10;145;66;221;245;36735;772;37752;"2025-09-25 11:31:05"
15026;"2025-03-01";224;146;90218;1323;91687;64;1838;477;2379;138;10410;992;11540;15;164;152;331;363;102630;2944;105937;"2025-09-25 11:31:05"
15027;"2025-03-01";225;67;96963;5808;102838;33;1762;414;2209;53;10792;1569;12414;4;224;235;463;157;109741;8026;117924;"2025-09-25 11:31:05"
15028;"2025-03-01";226;235;148054;17613;165902;218;1962;878;3058;139;10145;988;11272;15;229;184;428;607;160390;19663;180660;"2025-09-25 11:31:05"
15029;"2025-03-01";227;250;115838;48677;164765;173;2198;411;2782;126;16980;1475;18581;18;315;355;688;567;135331;50918;186816;"2025-09-25 11:31:05"
15030;"2025-03-01";228;93;87604;715;88412;35;1867;159;2061;90;7809;1024;8923;12;276;289;577;230;97556;2187;99973;"2025-09-25 11:31:05"
15031;"2025-03-01";229;98;43086;678;43862;81;1578;239;1898;123;8725;349;9197;14;177;69;260;316;53566;1335;55217;"2025-09-25 11:31:05"
15032;"2025-03-01";230;59;16322;92;16473;72;516;46;634;108;7833;173;8114;10;84;84;178;249;24755;395;25399;"2025-09-25 11:31:05"
15033;"2025-03-01";231;83;33341;20143;53567;53;1015;296;1364;85;10280;543;10908;7;176;231;414;228;44812;21213;66253;"2025-09-25 11:31:05"
15034;"2025-03-01";232;62;13831;17380;31273;53;486;160;699;113;6574;148;6835;14;167;32;213;242;21058;17720;39020;"2025-09-25 11:31:05"
15035;"2025-03-01";233;88;15872;210;16170;57;592;75;724;139;8199;393;8731;15;95;71;181;299;24758;749;25806;"2025-09-25 11:31:05"
15037;"2025-03-01";235;246;77688;939;78873;138;2797;145;3080;342;26952;670;27964;44;256;137;437;770;107693;1891;110354;"2025-09-25 11:31:05"
15038;"2025-03-01";236;607;253425;267889;521921;360;6937;6143;13440;695;58929;3678;63302;39;1128;584;1751;1701;320419;278294;600414;"2025-09-25 11:31:05"
15040;"2025-03-01";238;167;94625;2380;97172;146;2438;494;3078;266;18064;1432;19762;37;404;412;853;616;115531;4718;120865;"2025-09-25 11:31:05"
15042;"2025-03-01";240;122;39929;742;40793;83;1157;164;1404;126;6877;514;7517;11;174;213;398;342;48137;1633;50112;"2025-09-25 11:31:05"
15043;"2025-03-01";241;120;26503;462;27085;99;779;122;1000;181;6762;184;7127;10;152;47;209;410;34196;815;35421;"2025-09-25 11:31:05"
15044;"2025-03-01";242;117;34227;898;35242;89;1028;138;1255;113;5312;312;5737;8;148;91;247;327;40715;1439;42481;"2025-09-25 11:31:05"
15045;"2025-03-01";243;55;8897;62;9014;54;298;31;383;110;3346;51;3507;10;51;19;80;229;12592;163;12984;"2025-09-25 11:31:05"
15046;"2025-03-01";244;46;12621;152;12819;40;400;25;465;125;4155;67;4347;12;86;21;119;223;17262;265;17750;"2025-09-25 11:31:05"
15047;"2025-03-01";245;130;15184;152;15466;80;621;55;756;128;6213;131;6472;13;122;54;189;351;22140;392;22883;"2025-09-25 11:31:05"
15048;"2025-03-01";246;218;162837;2655;165710;166;4133;509;4808;234;26577;2320;29131;25;705;370;1100;643;194252;5854;200749;"2025-09-25 11:31:05"
15049;"2025-03-01";247;60;14588;87;14735;52;441;60;553;121;4998;113;5232;9;84;31;124;242;20111;291;20644;"2025-09-25 11:31:05"
15050;"2025-03-01";248;113;14285;235;14633;102;526;75;703;156;6127;160;6443;22;113;33;168;393;21051;503;21947;"2025-09-25 11:31:05"
15051;"2025-03-01";249;56;17133;202;17391;67;648;54;769;140;7018;144;7302;16;89;21;126;279;24888;421;25588;"2025-09-25 11:31:05"
15052;"2025-03-01";250;373;122174;2455;125002;283;3003;617;3903;271;18518;2774;21563;21;530;409;960;948;144225;6255;151428;"2025-09-25 11:31:05"
15053;"2025-03-01";251;66;16263;366;16695;62;583;119;764;121;3328;135;3584;14;129;44;187;263;20303;664;21230;"2025-09-25 11:31:05"
15054;"2025-03-01";252;105;17772;235;18112;82;726;69;877;122;8636;147;8905;21;96;48;165;330;27230;499;28059;"2025-09-25 11:31:05"
15055;"2025-03-01";253;130;28353;261;28744;113;1150;281;1544;180;11754;460;12394;22;166;66;254;445;41423;1068;42936;"2025-09-25 11:31:05"
15056;"2025-03-01";254;58;9877;57;9992;62;283;43;388;102;3288;49;3439;11;59;24;94;233;13507;173;13913;"2025-09-25 11:31:05"
15057;"2025-03-01";255;86;19583;543;20212;65;791;75;931;124;8623;274;9021;14;134;50;198;289;29131;942;30362;"2025-09-25 11:31:05"
15059;"2025-03-01";257;106;20371;166;20643;64;1261;93;1418;157;10642;280;11079;14;114;47;175;341;32388;586;33315;"2025-09-25 11:31:05"
15060;"2025-03-01";258;214;117199;2036;119449;126;2969;509;3604;213;19406;3230;22849;21;510;702;1233;574;140084;6477;147135;"2025-09-25 11:31:05"
15061;"2025-03-01";259;120;34884;582;35586;61;1460;135;1656;143;13736;1036;14915;8;255;159;422;332;50335;1912;52579;"2025-09-25 11:31:05"
15062;"2025-03-01";260;140;29924;402;30466;111;1146;166;1423;180;12520;455;13155;20;188;66;274;451;43778;1089;45318;"2025-09-25 11:31:05"
15063;"2025-03-01";261;71;9005;55;9131;40;469;60;569;99;4435;246;4780;7;47;39;93;217;13956;400;14573;"2025-09-25 11:31:05"
15064;"2025-03-01";262;96;19045;180;19321;62;790;117;969;131;8654;269;9054;12;104;54;170;301;28593;620;29514;"2025-09-25 11:31:05"
15065;"2025-03-01";263;73;10567;103;10743;61;379;23;463;100;5224;64;5388;10;50;20;80;244;16220;210;16674;"2025-09-25 11:31:05"
15066;"2025-03-01";264;115;47569;232;47916;122;1591;421;2134;207;12512;2364;15083;28;273;218;519;472;61945;3235;65652;"2025-09-25 11:31:05"
15067;"2025-03-01";265;184;115609;1857;117650;142;3771;487;4400;212;24435;3116;27763;17;433;430;880;555;144248;5890;150693;"2025-09-25 11:31:05"
15068;"2025-03-01";266;82;9818;60;9960;59;418;71;548;120;4961;271;5352;7;65;24;96;268;15262;426;15956;"2025-09-25 11:31:05"
15069;"2025-03-01";267;73;7909;32;8014;41;349;20;410;112;4423;86;4621;6;48;19;73;232;12729;157;13118;"2025-09-25 11:31:05"
15070;"2025-03-01";268;142;151560;3124;154826;103;3300;981;4384;121;18995;2629;21745;14;563;404;981;380;174418;7138;181936;"2025-09-25 11:31:05"
15071;"2025-03-01";269;348;137147;2019;139514;230;2962;527;3719;235;15839;1522;17596;23;358;256;637;836;156306;4324;161466;"2025-09-25 11:31:05"
15072;"2025-03-01";270;107;41409;1605;43121;114;1520;198;1832;164;14928;895;15987;8;242;133;383;393;58099;2831;61323;"2025-09-25 11:31:05"
15073;"2025-03-01";271;109;9786;87;9982;54;408;94;556;112;5045;105;5262;15;57;16;88;290;15296;302;15888;"2025-09-25 11:31:05"
15075;"2025-04-01";1;161;218351;13948;232460;60;3833;541;4434;187;13550;2204;15941;19;376;152;547;427;236110;16845;253382;"2025-09-25 11:31:14"
15076;"2025-04-01";2;109;143721;5083;148913;41;3212;623;3876;148;11904;2630;14682;7;262;213;482;305;159099;8549;167953;"2025-09-25 11:31:14"
15077;"2025-04-01";3;114;59999;2093;62206;68;1998;715;2781;128;6634;1263;8025;15;152;114;281;325;68783;4185;73293;"2025-09-25 11:31:14"
15078;"2025-04-01";4;124;68654;2039;70817;87;1540;328;1955;132;16045;2877;19054;10;425;658;1093;353;86664;5902;92919;"2025-09-25 11:31:14"
15079;"2025-04-01";5;89;98608;3033;101730;44;2826;346;3216;145;8838;2230;11213;11;198;173;382;289;110470;5782;116541;"2025-09-25 11:31:14"
15080;"2025-04-01";6;87;80103;2944;83134;44;1955;314;2313;164;8665;1522;10351;10;124;110;244;305;90847;4890;96042;"2025-09-25 11:31:14"
15081;"2025-04-01";7;111;114830;9047;123988;60;3662;568;4290;126;13540;2576;16242;7;320;168;495;304;132352;12359;145015;"2025-09-25 11:31:14"
15082;"2025-04-01";8;57;71531;2710;74298;33;2423;435;2891;77;10508;2289;12874;12;202;102;316;179;84664;5536;90379;"2025-09-25 11:31:14"
15083;"2025-04-01";9;81;128811;5569;134461;51;3084;750;3885;172;9575;2141;11888;11;270;252;533;315;141740;8712;150767;"2025-09-25 11:31:14"
15084;"2025-04-01";10;92;76094;4552;80738;49;2131;560;2740;123;7819;2029;9971;12;195;152;359;276;86239;7293;93808;"2025-09-25 11:31:14"
15085;"2025-04-01";11;105;85773;2873;88751;59;2417;128;2604;132;9580;2210;11922;11;196;98;305;307;97966;5309;103582;"2025-09-25 11:31:14"
15086;"2025-04-01";12;117;94398;1237;95752;43;2060;128;2231;136;6295;1139;7570;17;140;177;334;313;102893;2681;105887;"2025-09-25 11:31:14"
15087;"2025-04-01";13;97;101419;4189;105705;55;2372;653;3080;170;9119;2187;11476;21;271;464;756;343;113181;7493;121017;"2025-09-25 11:31:14"
15088;"2025-04-01";14;207;77177;3410;80794;100;1912;397;2409;137;5716;1768;7621;7;152;107;266;451;84957;5682;91090;"2025-09-25 11:31:14"
15089;"2025-04-01";15;204;153481;3371;157056;130;2854;649;3633;181;10414;4636;15231;16;273;206;495;531;167022;8862;176415;"2025-09-25 11:31:14"
15090;"2025-04-01";16;134;81955;8683;90772;48;1685;934;2667;180;7961;1918;10059;18;203;129;350;380;91804;11664;103848;"2025-09-25 11:31:14"
15091;"2025-04-01";17;92;105212;2000;107304;45;2591;1095;3731;141;8262;1676;10079;8;200;99;307;286;116265;4870;121421;"2025-09-25 11:31:14"
15092;"2025-04-01";18;128;206148;7477;213753;105;3807;1588;5500;162;17027;4749;21938;19;406;395;820;414;227388;14209;242011;"2025-09-25 11:31:14"
15093;"2025-04-01";19;129;126828;4807;131764;64;2901;735;3700;147;10753;2922;13822;8;273;433;714;348;140755;8897;150000;"2025-09-25 11:31:14"
15094;"2025-04-01";20;130;118244;2853;121227;63;3424;185;3672;175;12713;4423;17311;16;501;600;1117;384;134882;8061;143327;"2025-09-25 11:31:14"
15095;"2025-04-01";21;262;63412;1131;64805;125;1689;77;1891;150;4867;1038;6055;13;153;30;196;550;70121;2276;72947;"2025-09-25 11:31:14"
15096;"2025-04-01";22;100;113841;4110;118051;46;2775;749;3570;138;9636;2026;11800;16;200;183;399;300;126452;7068;133820;"2025-09-25 11:31:14"
15097;"2025-04-01";23;1693;39228;239;41160;1480;1349;254;3083;334;3568;1591;5493;102;97;104;303;3609;44242;2188;50039;"2025-09-25 11:31:14"
15098;"2025-04-01";63;142;91534;1068;92744;112;1793;275;2180;92;9836;954;10882;6;239;277;522;352;103402;2574;106328;"2025-09-25 11:31:14"
15099;"2025-04-01";25;80;91352;6053;97485;32;2819;580;3431;123;11311;2780;14214;14;239;318;571;249;105721;9731;115701;"2025-09-25 11:31:14"
15100;"2025-04-01";146;1990;762056;12431;776477;1383;22553;3894;27830;2319;175280;16561;194160;210;3332;2586;6128;5902;963221;35472;1004595;"2025-09-25 11:31:14"
15102;"2025-04-01";28;98;64515;2426;67039;62;1940;920;2922;104;9332;3086;12522;14;203;629;846;278;75990;7061;83329;"2025-09-25 11:31:14"
15103;"2025-04-01";29;80;75243;849;76172;49;1939;545;2533;124;10696;1203;12023;13;258;209;480;266;88136;2806;91208;"2025-09-25 11:31:14"
15104;"2025-04-01";77;309;139786;2830;142925;224;2567;578;3369;239;16023;3290;19552;19;377;608;1004;791;158753;7306;166850;"2025-09-25 11:31:14"
15105;"2025-04-01";57;71;58638;779;59488;44;1133;149;1326;75;4692;329;5096;7;158;59;224;197;64621;1316;66134;"2025-09-25 11:31:14"
15106;"2025-04-01";32;74;88338;1688;90100;27;1837;360;2224;63;9900;1570;11533;1;211;274;486;165;100286;3892;104343;"2025-09-25 11:31:14"
15107;"2025-04-01";33;136;122209;29507;151852;62;2581;579;3222;172;12944;2471;15587;10;204;551;765;380;137938;33108;171426;"2025-09-25 11:31:14"
15108;"2025-04-01";79;87;110900;1568;112555;39;1979;292;2310;92;11110;1616;12818;10;277;332;619;228;124266;3808;128302;"2025-09-25 11:31:14"
15109;"2025-04-01";35;97;66283;2262;68642;56;1975;213;2244;99;13986;2320;16405;8;238;325;571;260;82482;5120;87862;"2025-09-25 11:31:14"
15110;"2025-04-01";36;114;92779;3484;96377;51;2545;345;2941;102;12644;2025;14771;9;223;282;514;276;108191;6136;114603;"2025-09-25 11:31:14"
15111;"2025-04-01";60;344;187300;23284;210928;318;3851;445;4614;199;18351;2403;20953;29;525;493;1047;890;210027;26625;237542;"2025-09-25 11:31:14"
15112;"2025-04-01";38;51;56462;69270;125783;24;1375;786;2185;79;5332;1327;6738;11;151;354;516;165;63320;71737;135222;"2025-09-25 11:31:14"
15113;"2025-04-01";39;355;114172;24526;139053;504;1624;714;2842;180;8686;2344;11210;26;205;712;943;1065;124687;28296;154048;"2025-09-25 11:31:14"
15114;"2025-04-01";40;87;26327;1256;27670;48;919;323;1290;84;3993;379;4456;9;48;56;113;228;31287;2014;33529;"2025-09-25 11:31:14"
15116;"2025-04-01";42;141;142628;2157;144926;57;2756;231;3044;124;12292;2233;14649;9;323;488;820;331;157999;5109;163439;"2025-09-25 11:31:14"
15118;"2025-04-01";44;0;19;2;21;0;4;0;4;0;20;3;23;0;0;0;0;0;43;5;48;"2025-09-25 11:31:14"
15120;"2025-04-01";46;199;238120;14334;252653;113;4483;738;5334;178;28658;5414;34250;14;623;581;1218;504;271884;21067;293455;"2025-09-25 11:31:14"
15121;"2025-04-01";47;117;117942;1527;119586;117;2781;513;3411;288;19538;2900;22726;65;418;299;782;587;140679;5239;146505;"2025-09-25 11:31:14"
15125;"2025-04-01";51;202;197020;2884;200106;192;2895;610;3697;211;15548;1386;17145;12;482;170;664;617;215945;5050;221612;"2025-09-25 11:31:14"
15128;"2025-04-01";54;143;27922;4615;32680;51;1105;290;1446;153;10599;784;11536;11;230;87;328;358;39856;5776;45990;"2025-09-25 11:31:14"
15129;"2025-04-01";55;104;95016;123783;218903;60;2966;1813;4839;109;25737;2853;28699;19;490;336;845;292;124209;128785;253286;"2025-09-25 11:31:14"
15130;"2025-04-01";56;357;222955;17112;240424;448;4707;814;5969;170;28399;3607;32176;25;591;495;1111;1000;256652;22028;279680;"2025-09-25 11:31:14"
15132;"2025-04-01";58;186;144929;12516;157631;99;3899;78;4076;138;16804;5067;22009;18;442;848;1308;441;166074;18509;185024;"2025-09-25 11:31:14"
15133;"2025-04-01";59;146;202922;32527;235595;80;4209;1039;5328;107;19896;3122;23125;8;473;308;789;341;227500;36996;264837;"2025-09-25 11:31:14"
15135;"2025-04-01";61;159;211075;5636;216870;87;3004;713;3804;139;12245;3601;15985;13;418;518;949;398;226742;10468;237608;"2025-09-25 11:31:14"
15136;"2025-04-01";62;73;8746;20710;29529;56;520;442;1018;124;3978;56;4158;3;53;13;69;256;13297;21221;34774;"2025-09-25 11:31:14"
15139;"2025-04-01";65;230;174864;3940;179034;153;4065;376;4594;195;26312;8100;34607;30;746;942;1718;608;205987;13358;219953;"2025-09-25 11:31:14"
15145;"2025-04-01";71;85;71804;1879;73768;43;1931;548;2522;110;13437;3875;17422;9;358;441;808;247;87530;6743;94520;"2025-09-25 11:31:14"
15148;"2025-04-01";74;120;177808;2531;180459;93;2935;365;3393;428;15199;2450;18077;25;638;295;958;666;196580;5641;202887;"2025-09-25 11:31:14"
15154;"2025-04-01";80;160;109983;1176;111319;99;2497;679;3275;167;20844;4241;25252;14;449;1024;1487;440;133773;7120;141333;"2025-09-25 11:31:14"
15157;"2025-04-01";83;362;179632;1210;181204;249;3100;631;3980;264;14954;2038;17256;84;638;162;884;959;198324;4041;203324;"2025-09-25 11:31:14"
15159;"2025-04-01";85;152;25709;229;26090;84;1061;152;1297;159;6622;208;6989;24;137;46;207;419;33529;635;34583;"2025-09-25 11:31:14"
15160;"2025-04-01";86;322;174511;1924;176757;153;3880;446;4479;198;18878;2724;21800;21;460;275;756;694;197729;5369;203792;"2025-09-25 11:31:14"
15161;"2025-04-01";87;106;115286;3621;119013;79;2300;602;2981;78;13019;2114;15211;12;368;157;537;275;130973;6494;137742;"2025-09-25 11:31:14"
15162;"2025-04-01";88;70;105221;2501;107792;22;1985;597;2604;38;9064;1515;10617;1;226;135;362;131;116496;4748;121375;"2025-09-25 11:31:14"
15163;"2025-04-01";89;484;30586;316;31386;101;504;42;647;129;1973;475;2577;15;81;10;106;729;33144;843;34716;"2025-09-25 11:31:14"
15164;"2025-04-01";90;141;91000;1667;92808;67;2185;405;2657;110;10080;2373;12563;11;231;202;444;329;103496;4647;108472;"2025-09-25 11:31:14"
15165;"2025-04-01";91;203;173498;943;174644;89;4583;2294;6966;132;30349;5568;36049;15;737;348;1100;439;209167;9153;218759;"2025-09-25 11:31:14"
15166;"2025-04-01";92;91;61858;1096;63045;75;1436;278;1789;100;8247;1407;9754;14;192;146;352;280;71733;2927;74940;"2025-09-25 11:31:14"
15167;"2025-04-01";93;130;86950;882;87962;72;1976;175;2223;93;8873;3810;12776;10;181;248;439;305;97980;5115;103400;"2025-09-25 11:31:14"
15168;"2025-04-01";94;259;203621;3071;206951;112;4758;1688;6558;208;30706;4553;35467;9;722;691;1422;588;239807;10003;250398;"2025-09-25 11:31:14"
15169;"2025-04-01";95;374;270473;2284;273131;197;6755;1027;7979;218;42569;6593;49380;28;1108;504;1640;817;320905;10408;332130;"2025-09-25 11:31:14"
15170;"2025-04-01";96;97;31940;666;32703;45;1172;72;1289;84;5288;693;6065;11;113;53;177;237;38513;1484;40234;"2025-09-25 11:31:14"
15171;"2025-04-01";97;5;98;1;104;0;38;10;48;0;127;7;134;0;0;1;1;5;263;19;287;"2025-09-25 11:31:14"
15172;"2025-04-01";98;48;73184;1712;74944;19;2037;116;2172;34;8144;1268;9446;1;174;178;353;102;83539;3274;86915;"2025-09-25 11:31:14"
15173;"2025-04-01";99;39;52310;953;53302;31;1805;446;2282;32;9630;1753;11415;4;196;173;373;106;63941;3325;67372;"2025-09-25 11:31:14"
15174;"2025-04-01";100;195;128547;2765;131507;149;3352;571;4072;158;15429;3333;18920;25;362;195;582;527;147690;6864;155081;"2025-09-25 11:31:14"
15175;"2025-04-01";101;200;179342;4234;183776;57;2302;1381;3740;105;7510;1909;9524;9;356;186;551;371;189510;7710;197591;"2025-09-25 11:31:14"
15176;"2025-04-01";102;162;71752;1690;73604;59;1962;196;2217;78;7364;1550;8992;3;172;162;337;302;81250;3598;85150;"2025-09-25 11:31:14"
15177;"2025-04-01";103;215;62972;2081;65268;55;2001;311;2367;99;8678;1585;10362;20;178;147;345;389;73829;4124;78342;"2025-09-25 11:31:14"
15178;"2025-04-01";104;104;184284;5023;189411;168;4392;1500;6060;159;19729;3154;23042;21;607;550;1178;452;209012;10227;219691;"2025-09-25 11:31:14"
15179;"2025-04-01";105;273;144310;1905;146488;110;1969;135;2214;65;6637;1507;8209;2;262;128;392;450;153178;3675;157303;"2025-09-25 11:31:14"
15180;"2025-04-01";106;259;98762;1033;100054;151;2636;476;3263;101;8188;2147;10436;16;249;124;389;527;109835;3780;114142;"2025-09-25 11:31:14"
15181;"2025-04-01";107;145;72450;1319;73914;68;2316;68;2452;90;6350;1987;8427;16;171;104;291;319;81287;3478;85084;"2025-09-25 11:31:14"
15182;"2025-04-01";108;174;227834;1883;229891;107;6098;455;6660;151;37198;6441;43790;23;736;512;1271;455;271866;9291;281612;"2025-09-25 11:31:14"
15183;"2025-04-01";109;206;137297;2583;140086;150;4674;1109;5933;224;22551;4034;26809;12;431;319;762;592;164953;8045;173590;"2025-09-25 11:31:14"
15184;"2025-04-01";110;83;121928;2249;124260;42;3723;638;4403;33;18110;2670;20813;3;455;372;830;161;144216;5929;150306;"2025-09-25 11:31:14"
15185;"2025-04-01";111;175;96381;789;97345;93;3013;554;3660;131;19484;3325;22940;16;956;301;1273;415;119834;4969;125218;"2025-09-25 11:31:14"
15186;"2025-04-01";112;157;119496;2255;121908;111;2001;583;2695;130;9907;3827;13864;10;355;172;537;408;131759;6837;139004;"2025-09-25 11:31:14"
15187;"2025-04-01";113;93;76686;1372;78151;29;2079;922;3030;41;9055;1589;10685;0;202;125;327;163;88022;4008;92193;"2025-09-25 11:31:14"
15188;"2025-04-01";114;186;119692;723;120601;91;3587;518;4196;171;20032;3037;23240;14;520;259;793;462;143831;4537;148830;"2025-09-25 11:31:14"
15189;"2025-04-01";115;244;54224;412;54880;98;1627;517;2242;254;12102;908;13264;11;302;82;395;607;68255;1919;70781;"2025-09-25 11:31:14"
15190;"2025-04-01";116;189;54012;351;54552;87;1965;673;2725;201;14316;6460;20977;9;349;343;701;486;70642;7827;78955;"2025-09-25 11:31:14"
15191;"2025-04-01";117;88;17815;254;18157;69;698;248;1015;154;6365;4109;10628;7;135;493;635;318;25013;5104;30435;"2025-09-25 11:31:14"
15192;"2025-04-01";118;95;110251;1258;111604;64;2674;557;3295;65;10694;2672;13431;10;332;189;531;234;123951;4676;128861;"2025-09-25 11:31:14"
15193;"2025-04-01";119;49;186365;3469;189883;40;3159;758;3957;49;11661;3791;15501;12;505;359;876;150;201690;8377;210217;"2025-09-25 11:31:14"
15194;"2025-04-01";120;27;144672;744;145443;16;1737;82;1835;23;4833;1406;6262;0;248;43;291;66;151490;2275;153831;"2025-09-25 11:31:14"
15195;"2025-04-01";121;408;127695;1694;129797;175;3780;1534;5489;238;21701;4942;26881;19;725;396;1140;840;153901;8566;163307;"2025-09-25 11:31:14"
15196;"2025-04-01";122;119;59047;413;59579;95;1187;193;1475;84;5676;2033;7793;8;153;303;464;306;66063;2942;69311;"2025-09-25 11:31:14"
15197;"2025-04-01";123;286;153544;2000;155830;256;4323;426;5005;194;17841;3099;21134;29;546;269;844;765;176254;5794;182813;"2025-09-25 11:31:14"
15198;"2025-04-01";124;220;103732;915;104867;86;3208;848;4142;137;19002;4350;23489;15;488;566;1069;458;126430;6679;133567;"2025-09-25 11:31:14"
15199;"2025-04-01";125;279;217690;2571;220540;95;5278;2660;8033;178;31207;6387;37772;22;706;305;1033;574;254881;11923;267378;"2025-09-25 11:31:14"
15200;"2025-04-01";126;379;293657;3849;297885;161;7400;2163;9724;259;35970;7638;43867;23;1018;999;2040;822;338045;14649;353516;"2025-09-25 11:31:14"
15201;"2025-04-01";127;194;66913;5088;72195;73;2619;765;3457;160;20844;2404;23408;17;364;367;748;444;90740;8624;99808;"2025-09-25 11:31:14"
15202;"2025-04-01";128;205;123063;1021;124289;89;2407;353;2849;150;15362;2336;17848;12;347;158;517;456;141179;3868;145503;"2025-09-25 11:31:14"
15203;"2025-04-01";129;399;463687;2804;466890;228;9773;2802;12803;288;64767;8330;73385;74;1720;700;2494;989;539947;14636;555572;"2025-09-25 11:31:14"
15205;"2025-04-01";131;76;15490;134;15700;56;741;57;854;79;7965;254;8298;11;103;30;144;222;24299;475;24996;"2025-09-25 11:31:14"
15206;"2025-04-01";132;69;11101;120;11290;52;446;82;580;121;4850;383;5354;4;89;226;319;246;16486;811;17543;"2025-09-25 11:31:14"
15207;"2025-04-01";133;71;12300;117;12488;57;580;87;724;113;6420;463;6996;17;72;46;135;258;19372;713;20343;"2025-09-25 11:31:14"
15208;"2025-04-01";134;99;17593;115;17807;59;659;93;811;118;8204;175;8497;13;92;39;144;289;26548;422;27259;"2025-09-25 11:31:14"
15209;"2025-04-01";135;75;20475;180;20730;59;787;87;933;84;8049;691;8824;11;156;97;264;229;29467;1055;30751;"2025-09-25 11:31:14"
15210;"2025-04-01";136;82;48771;317;49170;69;2032;208;2309;111;13746;1478;15335;15;259;141;415;277;64808;2144;67229;"2025-09-25 11:31:14"
15211;"2025-04-01";137;104;55193;703;56000;81;1623;177;1881;155;13557;1679;15391;11;353;875;1239;351;70726;3434;74511;"2025-09-25 11:31:14"
15212;"2025-04-01";138;35;17439;154;17628;26;519;37;582;31;3200;592;3823;7;72;47;126;99;21230;830;22159;"2025-09-25 11:31:14"
15213;"2025-04-01";139;73;45730;293;46096;63;1415;86;1564;85;9287;1132;10504;6;245;84;335;227;56677;1595;58499;"2025-09-25 11:31:14"
15214;"2025-04-01";140;1;8;0;9;0;3;0;3;0;8;0;8;0;0;0;0;1;19;0;20;"2025-09-25 11:31:14"
15215;"2025-04-01";141;205;88332;1100;89637;114;2049;375;2538;184;12035;1152;13371;17;366;269;652;520;102782;2896;106198;"2025-09-25 11:31:14"
15216;"2025-04-01";142;62;81883;1511;83456;128;1921;836;2885;62;10574;1843;12479;5;326;226;557;257;94704;4416;99377;"2025-09-25 11:31:14"
15217;"2025-04-01";143;186;92276;2522;94984;126;2321;543;2990;129;14544;2096;16769;7;420;197;624;448;109561;5358;115367;"2025-09-25 11:31:14"
15218;"2025-04-01";144;158;133750;4256;138164;89;2893;730;3712;134;15871;2528;18533;12;576;372;960;393;153090;7886;161369;"2025-09-25 11:31:14"
15219;"2025-04-01";145;202;96004;4131;100337;150;2761;413;3324;257;19814;1812;21883;32;472;290;794;641;119051;6646;126338;"2025-09-25 11:31:14"
15221;"2025-04-01";147;79;23359;64;23502;38;546;102;686;55;2211;432;2698;9;85;34;128;181;26201;632;27014;"2025-09-25 11:31:14"
15222;"2025-04-01";148;221;42620;1176;44017;122;1496;382;2000;253;12765;679;13697;25;220;129;374;621;57101;2366;60088;"2025-09-25 11:31:14"
15223;"2025-04-01";149;74;20794;2238;23106;44;961;197;1202;93;8610;597;9300;10;126;74;210;221;30491;3106;33818;"2025-09-25 11:31:14"
15224;"2025-04-01";150;149;45943;875;46967;89;1974;337;2400;142;15327;1085;16554;28;218;96;342;408;63462;2393;66263;"2025-09-25 11:31:14"
15225;"2025-04-01";151;150;87308;816;88274;76;2354;354;2784;184;19372;2349;21905;16;487;815;1318;426;109521;4334;114281;"2025-09-25 11:31:14"
15226;"2025-04-01";152;130;40241;558;40929;72;1364;171;1607;179;12769;517;13465;35;192;125;352;416;54566;1371;56353;"2025-09-25 11:31:14"
15227;"2025-04-01";153;98;23235;182;23515;69;1050;314;1433;156;11248;398;11802;13;104;55;172;336;35637;949;36922;"2025-09-25 11:31:14"
15228;"2025-04-01";154;181;82109;971;83261;86;2366;488;2940;163;19040;1880;21083;24;413;436;873;454;103928;3775;108157;"2025-09-25 11:31:14"
15229;"2025-04-01";155;78;19744;145;19967;39;686;109;834;107;7698;434;8239;17;89;88;194;241;28217;776;29234;"2025-09-25 11:31:14"
15230;"2025-04-01";156;204;176475;2042;178721;132;4491;509;5132;183;24322;3700;28205;49;743;378;1170;568;206031;6629;213228;"2025-09-25 11:31:14"
15231;"2025-04-01";157;166;35434;279;35879;117;1365;315;1797;182;11500;738;12420;13;210;130;353;478;48509;1462;50449;"2025-09-25 11:31:14"
15232;"2025-04-01";158;100;120229;1819;122148;61;3634;677;4372;128;19481;2914;22523;10;590;392;992;299;143934;5802;150035;"2025-09-25 11:31:14"
15233;"2025-04-01";159;162;184833;1712;186707;152;4254;864;5270;212;21010;2623;23845;24;604;306;934;550;210701;5505;216756;"2025-09-25 11:31:14"
15234;"2025-04-01";160;80;11485;66;11631;57;427;61;545;125;6005;517;6647;17;73;63;153;279;17990;707;18976;"2025-09-25 11:31:14"
15235;"2025-04-01";161;84;24795;200;25079;46;963;112;1121;196;10799;251;11246;18;141;50;209;344;36698;613;37655;"2025-09-25 11:31:14"
15236;"2025-04-01";162;163;44263;402;44828;93;1370;207;1670;142;12338;774;13254;23;236;133;392;421;58207;1516;60144;"2025-09-25 11:31:14"
15238;"2025-04-01";164;82;12567;156;12805;65;461;73;599;99;6588;739;7426;12;86;43;141;258;19702;1011;20971;"2025-09-25 11:31:14"
15239;"2025-04-01";165;105;21321;168;21594;76;982;93;1151;142;12738;263;13143;12;134;40;186;335;35175;564;36074;"2025-09-25 11:31:14"
15240;"2025-04-01";166;67;10856;90;11013;40;410;57;507;71;5038;397;5506;6;59;67;132;184;16363;611;17158;"2025-09-25 11:31:14"
15241;"2025-04-01";167;96;79156;641;79893;71;2097;286;2454;90;14695;3478;18263;14;558;1683;2255;271;96506;6088;102865;"2025-09-25 11:31:14"
15242;"2025-04-01";168;57;9365;327;9749;40;377;54;471;75;3957;207;4239;4;72;24;100;176;13771;612;14559;"2025-09-25 11:31:14"
15243;"2025-04-01";169;144;53620;789;54553;116;1843;374;2333;217;15618;1706;17541;20;377;280;677;497;71458;3149;75104;"2025-09-25 11:31:14"
15244;"2025-04-01";170;78;20438;378;20894;48;756;283;1087;75;7896;1043;9014;12;128;150;290;213;29218;1854;31285;"2025-09-25 11:31:14"
15245;"2025-04-01";171;121;82678;2265;85064;113;2511;421;3045;152;12833;2287;15272;10;343;348;701;396;98365;5321;104082;"2025-09-25 11:31:14"
15246;"2025-04-01";172;260;41839;173;42272;208;1422;67;1697;158;11901;871;12930;17;200;124;341;643;55362;1235;57240;"2025-09-25 11:31:14"
15247;"2025-04-01";173;76;14162;151;14389;52;726;66;844;103;7959;358;8420;15;97;51;163;246;22944;626;23816;"2025-09-25 11:31:14"
15248;"2025-04-01";174;176;125101;1844;127121;127;2860;599;3586;198;22569;2093;24860;21;479;927;1427;522;151009;5463;156994;"2025-09-25 11:31:14"
15249;"2025-04-01";175;116;14563;108129;122808;69;646;2278;2993;206;9535;384;10125;5;150;34;189;396;24894;110825;136115;"2025-09-25 11:31:14"
15250;"2025-04-01";176;200;113888;2371;116459;147;3026;734;3907;202;21531;3535;25268;17;430;842;1289;566;138875;7482;146923;"2025-09-25 11:31:14"
15251;"2025-04-01";177;78;22011;213;22302;43;770;98;911;112;8226;511;8849;7;115;57;179;240;31122;879;32241;"2025-09-25 11:31:14"
15252;"2025-04-01";178;94;24615;84;24793;63;1180;80;1323;120;11279;794;12193;9;194;141;344;286;37268;1099;38653;"2025-09-25 11:31:14"
15253;"2025-04-01";179;131;16363;160;16654;59;672;102;833;104;9702;206;10012;12;91;31;134;306;26828;499;27633;"2025-09-25 11:31:14"
15254;"2025-04-01";180;84;19791;168;20043;46;712;83;841;91;8248;891;9230;3;137;89;229;224;28888;1231;30343;"2025-09-25 11:31:14"
15255;"2025-04-01";181;88;13544;99;13731;73;543;46;662;109;7103;281;7493;8;67;32;107;278;21257;458;21993;"2025-09-25 11:31:14"
15256;"2025-04-01";182;77;11346;89;11512;47;515;62;624;97;6331;144;6572;9;62;26;97;230;18254;321;18805;"2025-09-25 11:31:14"
15257;"2025-04-01";183;70;12415;5709;18194;50;498;109;657;88;6601;197;6886;11;89;25;125;219;19603;6040;25862;"2025-09-25 11:31:14"
15258;"2025-04-01";184;111;24723;91124;115958;80;1579;783;2442;142;15617;238;15997;10;130;43;183;343;42049;92188;134580;"2025-09-25 11:31:14"
15259;"2025-04-01";185;97;26046;466;26609;51;900;867;1818;103;8018;558;8679;9;151;145;305;260;35115;2036;37411;"2025-09-25 11:31:14"
15261;"2025-04-01";187;145;120241;899;121285;101;2935;392;3428;129;22025;2749;24903;16;431;383;830;391;145632;4423;150446;"2025-09-25 11:31:14"
15262;"2025-04-01";188;208;120420;1678;122306;145;3642;520;4307;221;25873;1986;28080;16;556;377;949;590;150491;4561;155642;"2025-09-25 11:31:14"
15263;"2025-04-01";189;58;14547;36;14641;31;642;59;732;77;6543;685;7305;18;88;53;159;184;21820;833;22837;"2025-09-25 11:31:14"
15264;"2025-04-01";190;196;194369;2461;197026;109;4795;774;5678;225;25715;3585;29525;21;675;467;1163;551;225554;7287;233392;"2025-09-25 11:31:14"
15266;"2025-04-01";192;142;59430;599;60171;81;1970;269;2320;159;18037;1123;19319;17;252;190;459;399;79689;2181;82269;"2025-09-25 11:31:14"
15267;"2025-04-01";193;95;27379;383;27857;55;1160;116;1331;132;10345;278;10755;13;143;96;252;295;39027;873;40195;"2025-09-25 11:31:14"
15268;"2025-04-01";194;101;11147;48;11296;52;402;43;497;86;7075;94;7255;16;51;16;83;255;18675;201;19131;"2025-09-25 11:31:14"
15269;"2025-04-01";195;118;37447;390;37955;89;1573;256;1918;209;17455;1044;18708;17;212;173;402;433;56687;1863;58983;"2025-09-25 11:31:14"
15270;"2025-04-01";196;76;20317;127;20520;41;769;49;859;89;11391;967;12447;15;149;145;309;221;32626;1288;34135;"2025-09-25 11:31:14"
15271;"2025-04-01";197;286;65610;942;66838;235;2081;307;2623;253;19319;1209;20781;47;354;230;631;821;87364;2688;90873;"2025-09-25 11:31:14"
15272;"2025-04-01";198;73;13076;99;13248;50;586;56;692;122;5964;118;6204;17;77;29;123;262;19703;302;20267;"2025-09-25 11:31:14"
15273;"2025-04-01";199;61;6115;37;6213;36;277;26;339;73;3943;49;4065;7;37;6;50;177;10372;118;10667;"2025-09-25 11:31:14"
15274;"2025-04-01";200;126;41553;480;42159;77;1515;134;1726;144;14655;728;15527;25;248;157;430;372;57971;1499;59842;"2025-09-25 11:31:14"
15275;"2025-04-01";201;131;45122;363;45616;82;1678;234;1994;129;16270;1508;17907;18;251;356;625;360;63321;2461;66142;"2025-09-25 11:31:14"
15276;"2025-04-01";202;105;23388;167;23660;63;702;81;846;111;8667;206;8984;21;110;46;177;300;32867;500;33667;"2025-09-25 11:31:14"
15277;"2025-04-01";203;61;4418;344;4823;21;267;199;487;61;1451;28;1540;8;26;4;38;151;6162;575;6888;"2025-09-25 11:31:14"
15278;"2025-04-01";204;136;20897;112;21145;56;600;86;742;121;6607;121;6849;20;125;38;183;333;28229;357;28919;"2025-09-25 11:31:14"
15279;"2025-04-01";205;81;19760;86;19927;78;835;78;991;130;12235;890;13255;10;116;102;228;299;32946;1156;34401;"2025-09-25 11:31:14"
15280;"2025-04-01";206;80;17939;163;18182;44;614;51;709;90;7879;616;8585;15;101;183;299;229;26533;1013;27775;"2025-09-25 11:31:14"
15281;"2025-04-01";207;58;10096;39;10193;68;455;44;567;84;6045;116;6245;10;65;15;90;220;16661;214;17095;"2025-09-25 11:31:14"
15282;"2025-04-01";208;121;55799;270;56190;63;1738;335;2136;112;12702;1590;14404;14;269;321;604;310;70508;2516;73334;"2025-09-25 11:31:14"
15283;"2025-04-01";209;142;103756;1329;105227;84;2786;758;3628;210;17694;4209;22113;13;469;1729;2211;449;124705;8025;133179;"2025-09-25 11:31:14"
15284;"2025-04-01";210;159;131088;2158;133405;96;2831;318;3245;109;18142;1081;19332;27;452;300;779;391;152513;3857;156761;"2025-09-25 11:31:14"
15286;"2025-04-01";212;124;96986;1040;98150;83;2719;476;3278;155;12021;513;12689;15;324;171;510;377;112050;2200;114627;"2025-09-25 11:31:14"
15287;"2025-04-01";213;105;25001;186;25292;74;840;175;1089;104;9347;261;9712;15;86;176;277;298;35274;798;36370;"2025-09-25 11:31:14"
15288;"2025-04-01";214;53;11926;81;12060;47;428;36;511;104;3963;94;4161;6;60;29;95;210;16377;240;16827;"2025-09-25 11:31:14"
15289;"2025-04-01";215;263;248210;2248;250721;154;5922;564;6640;244;41030;4722;45996;43;830;584;1457;704;295992;8118;304814;"2025-09-25 11:31:14"
15290;"2025-04-01";216;101;14335;149;14585;54;514;107;675;138;6190;152;6480;8;62;27;97;301;21101;435;21837;"2025-09-25 11:31:14"
15291;"2025-04-01";217;112;43963;477;44552;93;1335;197;1625;103;13680;2582;16365;15;209;600;824;323;59187;3856;63366;"2025-09-25 11:31:14"
15292;"2025-04-01";218;99;48722;665;49486;80;1390;214;1684;131;10530;561;11222;18;195;112;325;328;60837;1552;62717;"2025-09-25 11:31:14"
15293;"2025-04-01";219;91;13851;56;13998;62;480;54;596;99;7187;473;7759;9;145;149;303;261;21663;732;22656;"2025-09-25 11:31:14"
15294;"2025-04-01";220;182;156670;1122;157974;97;4046;792;4935;150;22374;7230;29754;23;651;1535;2209;452;183741;10679;194872;"2025-09-25 11:31:14"
15295;"2025-04-01";221;66;10491;52;10609;52;357;37;446;90;4580;578;5248;13;62;121;196;221;15490;788;16499;"2025-09-25 11:31:14"
15296;"2025-04-01";222;209;144812;2789;147810;173;3123;1029;4325;256;26593;2390;29239;32;518;436;986;670;175046;6644;182360;"2025-09-25 11:31:14"
15297;"2025-04-01";223;68;25286;181;25535;73;999;105;1177;95;10301;420;10816;10;145;66;221;246;36731;772;37749;"2025-09-25 11:31:14"
15298;"2025-04-01";224;149;90113;1326;91588;63;1838;474;2375;138;10349;998;11485;15;164;150;329;365;102464;2948;105777;"2025-09-25 11:31:14"
15299;"2025-04-01";225;68;97287;5752;103107;33;1753;413;2199;53;10738;1566;12357;4;229;238;471;158;110007;7969;118134;"2025-09-25 11:31:14"
15300;"2025-04-01";226;243;148051;18226;166520;219;1949;876;3044;141;10338;981;11460;15;230;186;431;618;160568;20269;181455;"2025-09-25 11:31:14"
15301;"2025-04-01";227;252;116133;48880;165265;173;2193;408;2774;126;16976;1463;18565;18;315;355;688;569;135617;51106;187292;"2025-09-25 11:31:14"
15302;"2025-04-01";228;95;87629;718;88442;35;1855;159;2049;90;7769;1022;8881;12;270;286;568;232;97523;2185;99940;"2025-09-25 11:31:14"
15303;"2025-04-01";229;99;43119;671;43889;85;1571;244;1900;123;8701;354;9178;14;179;69;262;321;53570;1338;55229;"2025-09-25 11:31:14"
15304;"2025-04-01";230;59;16317;92;16468;72;514;45;631;110;7823;171;8104;10;87;84;181;251;24741;392;25384;"2025-09-25 11:31:14"
15305;"2025-04-01";231;83;33257;20549;53889;53;992;300;1345;84;10213;544;10841;7;182;232;421;227;44644;21625;66496;"2025-09-25 11:31:14"
15306;"2025-04-01";232;61;13840;17423;31324;53;474;161;688;110;6546;148;6804;14;169;32;215;238;21029;17764;39031;"2025-09-25 11:31:14"
15307;"2025-04-01";233;89;15913;192;16194;57;586;75;718;140;8178;394;8712;15;94;72;181;301;24771;733;25805;"2025-09-25 11:31:14"
15309;"2025-04-01";235;246;77657;933;78836;138;2766;145;3049;341;26862;673;27876;44;258;137;439;769;107543;1888;110200;"2025-09-25 11:31:14"
15310;"2025-04-01";236;609;253162;269431;523202;361;6877;6196;13434;706;58992;3694;63392;39;1125;583;1747;1715;320156;279904;601775;"2025-09-25 11:31:14"
15312;"2025-04-01";238;176;94710;2350;97236;142;2414;498;3054;269;18025;1428;19722;37;411;407;855;624;115560;4683;120867;"2025-09-25 11:31:14"
15314;"2025-04-01";240;116;39959;728;40803;82;1153;164;1399;125;6860;515;7500;11;173;214;398;334;48145;1621;50100;"2025-09-25 11:31:14"
15315;"2025-04-01";241;121;26520;461;27102;102;782;122;1006;181;6757;188;7126;10;155;47;212;414;34214;818;35446;"2025-09-25 11:31:14"
15316;"2025-04-01";242;118;34215;893;35226;90;1024;139;1253;113;5304;314;5731;8;149;91;248;329;40692;1437;42458;"2025-09-25 11:31:14"
15317;"2025-04-01";243;54;8939;62;9055;56;295;31;382;108;3351;54;3513;10;52;19;81;228;12637;166;13031;"2025-09-25 11:31:14"
15318;"2025-04-01";244;46;12624;147;12817;40;391;25;456;126;4128;68;4322;12;85;21;118;224;17228;261;17713;"2025-09-25 11:31:14"
15319;"2025-04-01";245;131;15177;152;15460;80;612;56;748;127;6199;134;6460;13;121;54;188;351;22109;396;22856;"2025-09-25 11:31:14"
15320;"2025-04-01";246;223;163107;2661;165991;166;4093;509;4768;233;26530;2330;29093;25;715;372;1112;647;194445;5872;200964;"2025-09-25 11:31:14"
15321;"2025-04-01";247;61;14637;87;14785;54;441;59;554;123;5005;112;5240;9;86;31;126;247;20169;289;20705;"2025-09-25 11:31:14"
15322;"2025-04-01";248;114;14277;232;14623;101;529;74;704;156;6138;161;6455;22;110;34;166;393;21054;501;21948;"2025-09-25 11:31:14"
15323;"2025-04-01";249;57;17150;203;17410;68;647;55;770;141;6989;140;7270;16;92;22;130;282;24878;420;25580;"2025-09-25 11:31:14"
15324;"2025-04-01";250;336;122241;2451;125028;280;2993;615;3888;271;18481;2771;21523;27;534;408;969;914;144249;6245;151408;"2025-09-25 11:31:14"
15325;"2025-04-01";251;65;16270;363;16698;62;583;119;764;121;3324;137;3582;14;127;44;185;262;20304;663;21229;"2025-09-25 11:31:14"
15326;"2025-04-01";252;106;17750;240;18096;81;721;70;872;121;8589;146;8856;21;96;48;165;329;27156;504;27989;"2025-09-25 11:31:14"
15327;"2025-04-01";253;130;28331;255;28716;115;1149;280;1544;181;11738;459;12378;22;171;65;258;448;41389;1059;42896;"2025-09-25 11:31:14"
15328;"2025-04-01";254;58;9905;56;10019;62;283;42;387;101;3292;49;3442;10;58;23;91;231;13538;170;13939;"2025-09-25 11:31:14"
15329;"2025-04-01";255;87;19609;554;20250;65;791;82;938;124;8613;274;9011;14;134;51;199;290;29147;961;30398;"2025-09-25 11:31:14"
15331;"2025-04-01";257;107;20424;167;20698;64;1258;93;1415;157;10653;277;11087;14;115;47;176;342;32450;584;33376;"2025-09-25 11:31:14"
15332;"2025-04-01";258;217;117165;2036;119418;125;2905;511;3541;211;19274;3268;22753;21;512;722;1255;574;139856;6537;146967;"2025-09-25 11:31:14"
15333;"2025-04-01";259;120;34976;581;35677;60;1452;139;1651;143;13769;1030;14942;8;256;158;422;331;50453;1908;52692;"2025-09-25 11:31:14"
15334;"2025-04-01";260;137;29913;400;30450;107;1128;168;1403;180;12476;457;13113;20;190;67;277;444;43707;1092;45243;"2025-09-25 11:31:14"
15335;"2025-04-01";261;70;9027;55;9152;40;461;61;562;99;4430;246;4775;7;46;39;92;216;13964;401;14581;"2025-09-25 11:31:14"
15336;"2025-04-01";262;96;19053;177;19326;66;789;116;971;140;8663;270;9073;12;104;54;170;314;28609;617;29540;"2025-09-25 11:31:14"
15337;"2025-04-01";263;72;10594;104;10770;60;377;24;461;102;5249;63;5414;10;48;21;79;244;16268;212;16724;"2025-09-25 11:31:14"
15338;"2025-04-01";264;116;47702;229;48047;121;1583;422;2126;207;12513;2359;15079;28;273;222;523;472;62071;3232;65775;"2025-09-25 11:31:14"
15339;"2025-04-01";265;189;115859;1841;117889;141;3738;485;4364;215;24278;3088;27581;17;453;414;884;562;144328;5828;150718;"2025-09-25 11:31:14"
15340;"2025-04-01";266;82;9812;60;9954;59;417;70;546;120;4936;271;5327;7;64;23;94;268;15229;424;15921;"2025-09-25 11:31:14"
15341;"2025-04-01";267;75;7921;32;8028;41;342;20;403;112;4438;87;4637;6;49;19;74;234;12750;158;13142;"2025-09-25 11:31:14"
15342;"2025-04-01";268;156;151333;3110;154599;103;3262;957;4322;150;18876;2614;21640;14;561;406;981;423;174032;7087;181542;"2025-09-25 11:31:14"
15343;"2025-04-01";269;335;137012;2003;139350;230;2940;535;3705;209;15751;1527;17487;23;356;254;633;797;156059;4319;161175;"2025-09-25 11:31:14"
15344;"2025-04-01";270;108;41468;1547;43123;113;1498;198;1809;163;14928;898;15989;8;247;124;379;392;58141;2767;61300;"2025-09-25 11:31:14"
15345;"2025-04-01";271;110;9797;89;9996;53;403;95;551;111;5046;106;5263;15;58;16;89;289;15304;306;15899;"2025-09-25 11:31:14"
15347;"2025-05-01";1;160;218276;14225;232661;60;3818;540;4418;187;13521;2195;15903;18;377;153;548;425;235992;17113;253530;"2025-09-25 11:31:23"
15348;"2025-05-01";2;110;144212;5056;149378;41;3196;615;3852;148;11917;2617;14682;7;256;211;474;306;159581;8499;168386;"2025-09-25 11:31:23"
15349;"2025-05-01";3;117;59876;2103;62096;67;1986;716;2769;129;6608;1263;8000;15;151;114;280;328;68621;4196;73145;"2025-09-25 11:31:23"
15350;"2025-05-01";4;127;69214;2017;71358;85;1536;329;1950;132;16075;2900;19107;10;432;662;1104;354;87257;5908;93519;"2025-09-25 11:31:23"
15351;"2025-05-01";5;89;98656;3033;101778;44;2793;348;3185;146;8788;2218;11152;11;200;167;378;290;110437;5766;116493;"2025-09-25 11:31:23"
15352;"2025-05-01";6;87;80285;2954;83326;45;1951;332;2328;164;8690;1524;10378;10;120;110;240;306;91046;4920;96272;"2025-09-25 11:31:23"
15353;"2025-05-01";7;111;114677;9054;123842;59;3644;565;4268;126;13507;2573;16206;7;322;169;498;303;132150;12361;144814;"2025-09-25 11:31:23"
15354;"2025-05-01";8;58;71549;2712;74319;33;2402;434;2869;78;10478;2286;12842;12;200;100;312;181;84629;5532;90342;"2025-09-25 11:31:23"
15355;"2025-05-01";9;80;128613;5560;134253;51;3047;752;3850;171;9545;2128;11844;11;272;250;533;313;141477;8690;150480;"2025-09-25 11:31:23"
15356;"2025-05-01";10;93;76017;4536;80646;49;2108;563;2720;123;7807;2036;9966;12;194;154;360;277;86126;7289;93692;"2025-09-25 11:31:23"
15357;"2025-05-01";11;108;85880;2773;88761;60;2401;129;2590;134;9537;2242;11913;11;199;99;309;313;98017;5243;103573;"2025-09-25 11:31:23"
15358;"2025-05-01";12;117;94389;1234;95740;43;2045;128;2216;136;6292;1143;7571;17;139;177;333;313;102865;2682;105860;"2025-09-25 11:31:23"
15359;"2025-05-01";13;97;101450;4211;105758;55;2363;674;3092;171;9117;2636;11924;22;263;462;747;345;113193;7983;121521;"2025-09-25 11:31:23"
15360;"2025-05-01";14;208;77094;3410;80712;100;1902;399;2401;136;5677;1758;7571;7;149;109;265;451;84822;5676;90949;"2025-09-25 11:31:23"
15361;"2025-05-01";15;175;153429;3345;156949;130;2817;647;3594;181;10431;4129;14741;16;275;202;493;502;166952;8323;175777;"2025-09-25 11:31:23"
15362;"2025-05-01";16;134;82112;7925;90171;49;1688;904;2641;180;7992;1915;10087;17;207;131;355;380;91999;10875;103254;"2025-09-25 11:31:23"
15363;"2025-05-01";17;92;105816;2015;107923;45;2590;1098;3733;143;8298;1667;10108;8;208;98;314;288;116912;4878;122078;"2025-09-25 11:31:23"
15364;"2025-05-01";18;129;206008;7490;213627;106;3805;1577;5488;161;16980;4745;21886;19;407;393;819;415;227200;14205;241820;"2025-09-25 11:31:23"
15365;"2025-05-01";19;131;126748;4808;131687;63;2870;733;3666;145;10702;2931;13778;8;279;437;724;347;140599;8909;149855;"2025-09-25 11:31:23"
15366;"2025-05-01";20;131;118172;2743;121046;61;3414;190;3665;174;12648;4406;17228;17;496;607;1120;383;134730;7946;143059;"2025-09-25 11:31:23"
15367;"2025-05-01";21;262;63457;1120;64839;125;1696;77;1898;150;4881;1053;6084;13;155;31;199;550;70189;2281;73020;"2025-09-25 11:31:23"
15368;"2025-05-01";22;100;113746;4139;117985;46;2753;755;3554;143;9643;2024;11810;16;201;182;399;305;126343;7100;133748;"2025-09-25 11:31:23"
15369;"2025-05-01";23;1724;39176;243;41143;1480;1328;252;3060;334;3580;1577;5491;102;93;102;297;3640;44177;2174;49991;"2025-09-25 11:31:23"
15370;"2025-05-01";63;152;91423;1067;92642;112;1788;281;2181;91;9819;947;10857;6;239;278;523;361;103269;2573;106203;"2025-09-25 11:31:23"
15371;"2025-05-01";25;80;91225;5929;97234;32;2803;585;3420;123;11274;2768;14165;14;244;320;578;249;105546;9602;115397;"2025-09-25 11:31:23"
15372;"2025-05-01";146;1995;762206;12340;776541;1378;22413;3890;27681;2320;175168;16558;194046;211;3373;2582;6166;5904;963160;35370;1004434;"2025-09-25 11:31:23"
15374;"2025-05-01";28;100;64473;2411;66984;62;1926;922;2910;104;9324;3080;12508;13;202;630;845;279;75925;7043;83247;"2025-09-25 11:31:23"
15375;"2025-05-01";29;82;75453;858;76393;49;1926;543;2518;122;10666;1206;11994;13;258;210;481;266;88303;2817;91386;"2025-09-25 11:31:23"
15376;"2025-05-01";77;312;139880;2830;143022;225;2559;579;3363;241;16001;3294;19536;20;381;616;1017;798;158821;7319;166938;"2025-09-25 11:31:23"
15377;"2025-05-01";57;71;58688;764;59523;44;1133;149;1326;75;4696;333;5104;7;158;59;224;197;64675;1305;66177;"2025-09-25 11:31:23"
15378;"2025-05-01";32;74;88435;1685;90194;27;1831;359;2217;63;9870;1572;11505;1;213;270;484;165;100349;3886;104400;"2025-09-25 11:31:23"
15379;"2025-05-01";33;137;122934;29845;152916;63;2577;572;3212;171;12923;2483;15577;10;202;551;763;381;138636;33451;172468;"2025-09-25 11:31:23"
15380;"2025-05-01";79;88;110925;1575;112588;39;1942;312;2293;91;11115;1624;12830;9;278;333;620;227;124260;3844;128331;"2025-09-25 11:31:23"
15381;"2025-05-01";35;99;66258;2240;68597;56;1982;213;2251;99;13960;2320;16379;8;237;322;567;262;82437;5095;87794;"2025-09-25 11:31:23"
15382;"2025-05-01";36;115;92647;3488;96250;51;2528;346;2925;103;12584;2013;14700;9;223;285;517;278;107982;6132;114392;"2025-09-25 11:31:23"
15383;"2025-05-01";60;352;187445;24263;212060;329;3837;453;4619;198;18385;2396;20979;29;527;491;1047;908;210194;27603;238705;"2025-09-25 11:31:23"
15384;"2025-05-01";38;51;56516;69157;125724;24;1365;778;2167;79;5328;1325;6732;11;149;352;512;165;63358;71612;135135;"2025-09-25 11:31:23"
15385;"2025-05-01";39;377;114202;24548;139127;504;1624;721;2849;180;8699;2339;11218;26;205;716;947;1087;124730;28324;154141;"2025-09-25 11:31:23"
15386;"2025-05-01";40;86;26355;1252;27693;50;913;323;1286;85;3990;383;4458;9;52;57;118;230;31310;2015;33555;"2025-09-25 11:31:23"
15388;"2025-05-01";42;142;143010;2135;145287;57;2740;229;3026;124;12297;2237;14658;9;325;489;823;332;158372;5090;163794;"2025-09-25 11:31:23"
15390;"2025-05-01";44;0;19;2;21;0;4;0;4;0;20;3;23;0;0;0;0;0;43;5;48;"2025-09-25 11:31:23"
15392;"2025-05-01";46;191;238243;14658;253092;113;4457;738;5308;178;28684;5419;34281;14;623;584;1221;496;272007;21399;293902;"2025-09-25 11:31:23"
15393;"2025-05-01";47;120;117856;1522;119498;116;2765;501;3382;290;19492;2895;22677;65;416;299;780;591;140529;5217;146337;"2025-09-25 11:31:23"
15397;"2025-05-01";51;194;196891;2861;199946;192;2889;610;3691;211;15492;1387;17090;12;488;172;672;609;215760;5030;221399;"2025-09-25 11:31:23"
15400;"2025-05-01";54;143;27919;4415;32477;51;1097;290;1438;153;10611;777;11541;11;232;87;330;358;39859;5569;45786;"2025-09-25 11:31:23"
15401;"2025-05-01";55;105;94981;121680;216766;60;2953;1774;4787;109;25714;2858;28681;19;478;335;832;293;124126;126647;251066;"2025-09-25 11:31:23"
15402;"2025-05-01";56;370;222971;16877;240218;448;4684;806;5938;172;28274;3613;32059;25;593;488;1106;1015;256522;21784;279321;"2025-09-25 11:31:23"
15404;"2025-05-01";58;190;145174;12896;158260;99;3876;75;4050;138;16761;5133;22032;18;442;854;1314;445;166253;18958;185656;"2025-09-25 11:31:23"
15405;"2025-05-01";59;146;202448;32941;235535;81;4188;1038;5307;107;19841;3114;23062;8;472;307;787;342;226949;37400;264691;"2025-09-25 11:31:23"
15407;"2025-05-01";61;159;211661;5627;217447;87;2990;713;3790;138;12248;3585;15971;13;417;521;951;397;227316;10446;238159;"2025-09-25 11:31:23"
15408;"2025-05-01";62;73;8744;20650;29467;56;516;442;1014;125;3979;57;4161;3;53;13;69;257;13292;21162;34711;"2025-09-25 11:31:23"
15411;"2025-05-01";65;241;175282;3919;179442;154;4029;378;4561;195;26285;8046;34526;30;751;955;1736;620;206347;13298;220265;"2025-09-25 11:31:23"
15417;"2025-05-01";71;85;71867;1904;73856;43;1929;548;2520;109;13382;3868;17359;9;358;437;804;246;87536;6757;94539;"2025-09-25 11:31:23"
15420;"2025-05-01";74;121;177790;2537;180448;92;2935;363;3390;425;15163;2454;18042;25;631;301;957;663;196519;5655;202837;"2025-09-25 11:31:23"
15426;"2025-05-01";80;162;110143;1164;111469;99;2489;679;3267;168;20899;4237;25304;14;445;1018;1477;443;133976;7098;141517;"2025-09-25 11:31:23"
15429;"2025-05-01";83;363;179998;1210;181571;243;3069;633;3945;264;14919;2040;17223;84;642;165;891;954;198628;4048;203630;"2025-09-25 11:31:23"
15431;"2025-05-01";85;151;25693;155;25999;83;1057;153;1293;156;6620;209;6985;24;133;46;203;414;33503;563;34480;"2025-09-25 11:31:23"
15432;"2025-05-01";86;324;174479;1922;176725;153;3853;446;4452;199;18832;2728;21759;21;461;271;753;697;197625;5367;203689;"2025-09-25 11:31:23"
15433;"2025-05-01";87;107;115413;3630;119150;79;2287;599;2965;78;13003;2111;15192;12;366;158;536;276;131069;6498;137843;"2025-09-25 11:31:23"
15434;"2025-05-01";88;72;105039;2507;107618;22;1974;596;2592;38;9034;1522;10594;1;226;137;364;133;116273;4762;121168;"2025-09-25 11:31:23"
15435;"2025-05-01";89;482;30223;316;31021;101;502;42;645;129;1970;474;2573;15;84;10;109;727;32779;842;34348;"2025-09-25 11:31:23"
15436;"2025-05-01";90;141;91307;1659;93107;67;2178;405;2650;110;10063;2364;12537;11;235;200;446;329;103783;4628;108740;"2025-09-25 11:31:23"
15437;"2025-05-01";91;208;173851;944;175003;90;4548;2287;6925;132;30337;5590;36059;16;744;345;1105;446;209480;9166;219092;"2025-09-25 11:31:23"
15438;"2025-05-01";92;93;61818;1152;63063;76;1425;282;1783;100;8203;1420;9723;14;194;146;354;283;71640;3000;74923;"2025-09-25 11:31:23"
15439;"2025-05-01";93;130;86919;879;87928;72;1941;174;2187;92;8860;3783;12735;10;179;247;436;304;97899;5083;103286;"2025-09-25 11:31:23"
15440;"2025-05-01";94;260;203810;3013;207083;112;4726;1684;6522;207;30771;4566;35544;9;723;684;1416;588;240030;9947;250565;"2025-09-25 11:31:23"
15441;"2025-05-01";95;380;270426;2229;273035;198;6700;1024;7922;219;42496;6605;49320;28;1122;501;1651;825;320744;10359;331928;"2025-09-25 11:31:23"
15442;"2025-05-01";96;99;32065;669;32833;45;1171;72;1288;82;5294;689;6065;11;114;54;179;237;38644;1484;40365;"2025-09-25 11:31:23"
15443;"2025-05-01";97;5;97;1;103;0;38;10;48;0;127;7;134;0;0;1;1;5;262;19;286;"2025-09-25 11:31:23"
15444;"2025-05-01";98;49;73100;1679;74828;19;2005;115;2139;34;8128;1276;9438;1;172;177;350;103;83405;3247;86755;"2025-09-25 11:31:23"
15445;"2025-05-01";99;39;52286;952;53277;31;1788;446;2265;32;9652;1755;11439;4;197;174;375;106;63923;3327;67356;"2025-09-25 11:31:23"
15446;"2025-05-01";100;195;128490;2773;131458;149;3309;571;4029;158;15442;3303;18903;25;362;198;585;527;147603;6845;154975;"2025-09-25 11:31:23"
15447;"2025-05-01";101;202;179004;4206;183412;57;2288;1396;3741;106;7494;1917;9517;9;356;184;549;374;189142;7703;197219;"2025-09-25 11:31:23"
15448;"2025-05-01";102;164;71869;1730;73763;59;1955;197;2211;79;7349;1547;8975;3;174;163;340;305;81347;3637;85289;"2025-09-25 11:31:23"
15449;"2025-05-01";103;216;63513;2072;65801;56;1976;310;2342;98;8686;1584;10368;20;181;150;351;390;74356;4116;78862;"2025-09-25 11:31:23"
15450;"2025-05-01";104;106;185406;5071;190583;169;4399;1501;6069;159;19723;3160;23042;21;628;548;1197;455;210156;10280;220891;"2025-09-25 11:31:23"
15451;"2025-05-01";105;273;144961;1871;147105;109;1960;140;2209;65;6668;1477;8210;2;263;129;394;449;153852;3617;157918;"2025-09-25 11:31:23"
15452;"2025-05-01";106;282;98668;1034;99984;148;2616;478;3242;101;8174;2145;10420;17;255;124;396;548;109713;3781;114042;"2025-09-25 11:31:23"
15453;"2025-05-01";107;147;72340;1315;73802;68;2290;72;2430;90;6346;2014;8450;16;169;103;288;321;81145;3504;84970;"2025-09-25 11:31:23"
15454;"2025-05-01";108;175;227911;1858;229944;107;6023;470;6600;151;37150;6436;43737;23;731;514;1268;456;271815;9278;281549;"2025-09-25 11:31:23"
15455;"2025-05-01";109;212;137407;5626;143245;152;4672;1146;5970;227;22912;4027;27166;12;436;319;767;603;165427;11118;177148;"2025-09-25 11:31:23"
15456;"2025-05-01";110;82;121938;2161;124181;41;3705;638;4384;33;18112;2691;20836;3;461;367;831;159;144216;5857;150232;"2025-09-25 11:31:23"
15457;"2025-05-01";111;175;96415;767;97357;93;2969;561;3623;131;19562;3352;23045;16;952;303;1271;415;119898;4983;125296;"2025-09-25 11:31:23"
15458;"2025-05-01";112;159;119832;2281;122272;112;1988;589;2689;130;9899;3824;13853;10;351;171;532;411;132070;6865;139346;"2025-09-25 11:31:23"
15459;"2025-05-01";113;93;76917;1349;78359;29;2056;920;3005;42;9032;1579;10653;0;201;125;326;164;88206;3973;92343;"2025-09-25 11:31:23"
15460;"2025-05-01";114;187;120152;703;121042;90;3560;510;4160;171;20062;3044;23277;14;523;262;799;462;144297;4519;149278;"2025-09-25 11:31:23"
15461;"2025-05-01";115;245;54306;415;54966;97;1613;518;2228;263;12101;905;13269;11;302;82;395;616;68322;1920;70858;"2025-09-25 11:31:23"
15462;"2025-05-01";116;190;54019;363;54572;87;1937;658;2682;201;14285;6462;20948;9;342;343;694;487;70583;7826;78896;"2025-09-25 11:31:23"
15463;"2025-05-01";117;91;17868;279;18238;69;696;245;1010;154;6356;4112;10622;7;136;492;635;321;25056;5128;30505;"2025-09-25 11:31:23"
15464;"2025-05-01";118;95;110951;1264;112310;64;2664;559;3287;65;10700;2684;13449;10;335;188;533;234;124650;4695;129579;"2025-09-25 11:31:23"
15465;"2025-05-01";119;48;186545;3491;190084;42;3153;760;3955;49;11394;3751;15194;12;515;365;892;151;201607;8367;210125;"2025-09-25 11:31:23"
15466;"2025-05-01";120;27;144807;863;145697;16;1729;81;1826;23;4785;1428;6236;0;244;44;288;66;151565;2416;154047;"2025-09-25 11:31:23"
15467;"2025-05-01";121;410;128249;1708;130367;174;3762;1546;5482;236;21784;4948;26968;19;737;412;1168;839;154532;8614;163985;"2025-09-25 11:31:23"
15468;"2025-05-01";122;118;59087;411;59616;95;1173;193;1461;85;5651;2026;7762;8;156;303;467;306;66067;2933;69306;"2025-09-25 11:31:23"
15469;"2025-05-01";123;291;153395;2014;155700;255;4246;427;4928;194;17708;3101;21003;29;541;267;837;769;175890;5809;182468;"2025-09-25 11:31:23"
15470;"2025-05-01";124;219;103900;893;105012;89;3176;851;4116;137;18957;4341;23435;15;494;567;1076;460;126527;6652;133639;"2025-09-25 11:31:23"
15471;"2025-05-01";125;287;218330;2524;221141;95;5254;2665;8014;171;31222;6401;37794;22;714;308;1044;575;255520;11898;267993;"2025-09-25 11:31:23"
15472;"2025-05-01";126;384;294030;3811;298225;162;7355;2151;9668;262;35981;7656;43899;23;1025;986;2034;831;338391;14604;353826;"2025-09-25 11:31:23"
15473;"2025-05-01";127;195;66922;4872;71989;76;2598;771;3445;161;20750;2396;23307;17;362;367;746;449;90632;8406;99487;"2025-09-25 11:31:23"
15474;"2025-05-01";128;204;123059;1031;124294;88;2361;353;2802;151;15359;2333;17843;12;345;157;514;455;141124;3874;145453;"2025-09-25 11:31:23"
15475;"2025-05-01";129;405;464698;2761;467864;229;9700;2799;12728;288;64833;8349;73470;74;1721;705;2500;996;540952;14614;556562;"2025-09-25 11:31:23"
15477;"2025-05-01";131;78;15495;135;15708;58;737;57;852;79;7965;247;8291;11;103;31;145;226;24300;470;24996;"2025-09-25 11:31:23"
15478;"2025-05-01";132;69;11122;120;11311;53;443;82;578;119;4853;383;5355;4;89;225;318;245;16507;810;17562;"2025-09-25 11:31:23"
15479;"2025-05-01";133;71;12339;118;12528;57;580;87;724;113;6423;461;6997;17;72;47;136;258;19414;713;20385;"2025-09-25 11:31:23"
15480;"2025-05-01";134;102;17581;115;17798;61;659;93;813;117;8234;173;8524;13;92;40;145;293;26566;421;27280;"2025-09-25 11:31:23"
15481;"2025-05-01";135;77;20533;179;20789;60;782;87;929;85;8037;693;8815;11;155;98;264;233;29507;1057;30797;"2025-09-25 11:31:23"
15482;"2025-05-01";136;84;49030;314;49428;69;2021;209;2299;111;13736;1489;15336;15;258;140;413;279;65045;2152;67476;"2025-09-25 11:31:23"
15483;"2025-05-01";137;108;55291;705;56104;81;1620;177;1878;155;13556;1672;15383;11;352;870;1233;355;70819;3424;74598;"2025-09-25 11:31:23"
15484;"2025-05-01";138;35;17473;155;17663;26;517;37;580;31;3202;588;3821;7;72;47;126;99;21264;827;22190;"2025-09-25 11:31:23"
15485;"2025-05-01";139;74;45824;299;46197;64;1408;88;1560;85;9300;1116;10501;6;245;84;335;229;56777;1587;58593;"2025-09-25 11:31:23"
15486;"2025-05-01";140;1;8;0;9;0;3;0;3;0;8;0;8;0;0;0;0;1;19;0;20;"2025-09-25 11:31:23"
15487;"2025-05-01";141;208;88362;1095;89665;112;2044;372;2528;182;11979;1154;13315;17;370;269;656;519;102755;2890;106164;"2025-09-25 11:31:23"
15488;"2025-05-01";142;62;81706;1492;83260;129;1907;840;2876;63;10549;1846;12458;5;325;227;557;259;94487;4405;99151;"2025-09-25 11:31:23"
15489;"2025-05-01";143;192;92441;2527;95160;123;2293;542;2958;130;14447;2102;16679;7;414;199;620;452;109595;5370;115417;"2025-09-25 11:31:23"
15490;"2025-05-01";144;152;134139;4263;138554;91;2879;728;3698;136;15886;2527;18549;12;580;371;963;391;153484;7889;161764;"2025-09-25 11:31:23"
15491;"2025-05-01";145;203;96105;3024;99332;149;2755;414;3318;261;19813;1825;21899;31;475;291;797;644;119148;5554;125346;"2025-09-25 11:31:23"
15493;"2025-05-01";147;78;23434;64;23576;38;545;103;686;55;2230;434;2719;9;89;33;131;180;26298;634;27112;"2025-09-25 11:31:23"
15494;"2025-05-01";148;221;42664;1177;44062;122;1486;382;1990;255;12781;687;13723;25;219;128;372;623;57150;2374;60147;"2025-09-25 11:31:23"
15495;"2025-05-01";149;74;20828;2311;23213;40;953;200;1193;93;8601;579;9273;10;128;73;211;217;30510;3163;33890;"2025-09-25 11:31:23"
15496;"2025-05-01";150;149;45963;871;46983;88;1956;335;2379;142;15299;1087;16528;28;216;96;340;407;63434;2389;66230;"2025-09-25 11:31:23"
15497;"2025-05-01";151;145;87529;812;88486;77;2319;350;2746;183;19382;2353;21918;17;495;819;1331;422;109725;4334;114481;"2025-09-25 11:31:23"
15498;"2025-05-01";152;130;40236;556;40922;72;1353;172;1597;181;12755;520;13456;35;197;124;356;418;54541;1372;56331;"2025-09-25 11:31:23"
15499;"2025-05-01";153;98;23240;182;23520;71;1048;315;1434;164;11256;400;11820;13;103;55;171;346;35647;952;36945;"2025-09-25 11:31:23"
15500;"2025-05-01";154;181;82156;963;83300;86;2361;484;2931;165;19083;1875;21123;24;418;436;878;456;104018;3758;108232;"2025-09-25 11:31:23"
15501;"2025-05-01";155;78;19724;145;19947;39;682;109;830;107;7710;430;8247;17;91;87;195;241;28207;771;29219;"2025-09-25 11:31:23"
15502;"2025-05-01";156;205;176743;2036;178984;132;4459;513;5104;184;24302;3720;28206;50;738;372;1160;571;206242;6641;213454;"2025-09-25 11:31:23"
15503;"2025-05-01";157;168;35531;275;35974;114;1361;317;1792;180;11517;735;12432;13;214;131;358;475;48623;1458;50556;"2025-09-25 11:31:23"
15504;"2025-05-01";158;100;120337;1822;122259;62;3605;681;4348;127;19405;2928;22460;10;599;389;998;299;143946;5820;150065;"2025-09-25 11:31:23"
15505;"2025-05-01";159;162;185215;1703;187080;152;4230;863;5245;212;20953;2635;23800;24;606;311;941;550;211004;5512;217066;"2025-09-25 11:31:23"
15506;"2025-05-01";160;80;11486;66;11632;58;431;61;550;127;6021;516;6664;17;73;62;152;282;18011;705;18998;"2025-09-25 11:31:23"
15507;"2025-05-01";161;86;24855;190;25131;47;953;117;1117;199;10797;252;11248;18;142;51;211;350;36747;610;37707;"2025-09-25 11:31:23"
15508;"2025-05-01";162;163;44370;394;44927;93;1361;205;1659;142;12352;777;13271;23;237;132;392;421;58320;1508;60249;"2025-09-25 11:31:23"
15510;"2025-05-01";164;82;12559;157;12798;65;460;75;600;99;6565;740;7404;12;90;43;145;258;19674;1015;20947;"2025-09-25 11:31:23"
15511;"2025-05-01";165;105;21384;169;21658;76;980;93;1149;141;12756;264;13161;12;136;40;188;334;35256;566;36156;"2025-09-25 11:31:23"
15512;"2025-05-01";166;67;10900;93;11060;41;404;57;502;72;5049;397;5518;6;59;67;132;186;16412;614;17212;"2025-09-25 11:31:23"
15513;"2025-05-01";167;95;79369;641;80105;70;2096;289;2455;90;14675;3489;18254;14;555;1684;2253;269;96695;6103;103067;"2025-09-25 11:31:23"
15514;"2025-05-01";168;57;9384;318;9759;41;376;54;471;75;3958;209;4242;4;72;23;99;177;13790;604;14571;"2025-09-25 11:31:23"
15515;"2025-05-01";169;147;53741;793;54681;117;1829;372;2318;217;15605;1703;17525;20;380;268;668;501;71555;3136;75192;"2025-09-25 11:31:23"
15516;"2025-05-01";170;78;20452;374;20904;48;749;280;1077;75;7939;1017;9031;12;127;149;288;213;29267;1820;31300;"2025-09-25 11:31:23"
15517;"2025-05-01";171;122;82635;2278;85035;114;2501;424;3039;153;12781;2285;15219;10;345;345;700;399;98262;5332;103993;"2025-09-25 11:31:23"
15518;"2025-05-01";172;259;42010;202;42471;205;1420;73;1698;161;11950;889;13000;17;206;125;348;642;55586;1289;57517;"2025-09-25 11:31:23"
15519;"2025-05-01";173;77;14175;158;14410;52;725;69;846;104;7961;358;8423;15;98;53;166;248;22959;638;23845;"2025-09-25 11:31:23"
15520;"2025-05-01";174;178;125240;1841;127259;127;2838;595;3560;197;22580;2102;24879;21;474;923;1418;523;151132;5461;157116;"2025-09-25 11:31:23"
15521;"2025-05-01";175;117;14652;109623;124392;67;651;2329;3047;206;9523;388;10117;5;149;34;188;395;24975;112374;137744;"2025-09-25 11:31:23"
15522;"2025-05-01";176;202;113946;2366;116514;148;3004;730;3882;202;21484;3534;25220;17;432;834;1283;569;138866;7464;146899;"2025-09-25 11:31:23"
15523;"2025-05-01";177;77;22131;216;22424;43;774;97;914;113;8245;509;8867;7;115;56;178;240;31265;878;32383;"2025-09-25 11:31:23"
15524;"2025-05-01";178;94;24607;84;24785;63;1169;81;1313;120;11265;796;12181;9;192;141;342;286;37233;1102;38621;"2025-09-25 11:31:23"
15525;"2025-05-01";179;131;16376;159;16666;58;665;101;824;107;9706;207;10020;12;95;31;138;308;26842;498;27648;"2025-09-25 11:31:23"
15526;"2025-05-01";180;82;19965;168;20215;46;710;83;839;91;8271;892;9254;3;139;90;232;222;29085;1233;30540;"2025-09-25 11:31:23"
15527;"2025-05-01";181;88;13576;96;13760;73;538;46;657;109;7090;280;7479;8;67;31;106;278;21271;453;22002;"2025-09-25 11:31:23"
15528;"2025-05-01";182;77;11391;90;11558;48;515;61;624;97;6343;144;6584;9;63;25;97;231;18312;320;18863;"2025-09-25 11:31:23"
15529;"2025-05-01";183;70;12390;5699;18159;50;492;112;654;88;6586;198;6872;11;89;26;126;219;19557;6035;25811;"2025-09-25 11:31:23"
15530;"2025-05-01";184;111;24802;92038;116951;80;1579;788;2447;138;15596;237;15971;10;129;43;182;339;42106;93106;135551;"2025-09-25 11:31:23"
15531;"2025-05-01";185;98;26052;471;26621;51;891;860;1802;103;8054;562;8719;9;153;146;308;261;35150;2039;37450;"2025-09-25 11:31:23"
15533;"2025-05-01";187;145;120281;897;121323;101;2928;395;3424;129;22021;2745;24895;16;431;383;830;391;145661;4420;150472;"2025-09-25 11:31:23"
15534;"2025-05-01";188;209;120585;1673;122467;144;3627;526;4297;221;25847;1984;28052;16;561;376;953;590;150620;4559;155769;"2025-09-25 11:31:23"
15535;"2025-05-01";189;58;14557;36;14651;31;642;59;732;77;6556;690;7323;18;88;53;159;184;21843;838;22865;"2025-09-25 11:31:23"
15536;"2025-05-01";190;195;194596;2438;197229;109;4785;781;5675;225;25748;3593;29566;21;687;467;1175;550;225816;7279;233645;"2025-09-25 11:31:23"
15538;"2025-05-01";192;142;59421;599;60162;81;1945;271;2297;166;18006;1118;19290;17;250;191;458;406;79622;2179;82207;"2025-09-25 11:31:23"
15539;"2025-05-01";193;94;27382;385;27861;54;1163;116;1333;127;10333;279;10739;13;144;96;253;288;39022;876;40186;"2025-09-25 11:31:23"
15540;"2025-05-01";194;100;11154;48;11302;53;396;44;493;86;7060;92;7238;16;50;17;83;255;18660;201;19116;"2025-09-25 11:31:23"
15541;"2025-05-01";195;118;37380;386;37884;91;1553;255;1899;210;17345;1046;18601;18;216;174;408;437;56494;1861;58792;"2025-09-25 11:31:23"
15542;"2025-05-01";196;74;20333;127;20534;41;767;49;857;89;11393;972;12454;15;146;142;303;219;32639;1290;34148;"2025-09-25 11:31:23"
15543;"2025-05-01";197;288;65683;938;66909;227;2075;308;2610;252;19324;1211;20787;45;359;232;636;812;87441;2689;90942;"2025-09-25 11:31:23"
15544;"2025-05-01";198;73;13079;98;13250;50;587;56;693;123;5973;118;6214;17;79;29;125;263;19718;301;20282;"2025-09-25 11:31:23"
15545;"2025-05-01";199;61;6142;37;6240;37;275;27;339;73;3942;50;4065;7;38;6;51;178;10397;120;10695;"2025-09-25 11:31:23"
15546;"2025-05-01";200;126;41619;481;42226;78;1505;138;1721;144;14614;728;15486;25;247;158;430;373;57985;1505;59863;"2025-09-25 11:31:23"
15547;"2025-05-01";201;131;45160;362;45653;83;1680;238;2001;129;16244;1507;17880;18;247;356;621;361;63331;2463;66155;"2025-09-25 11:31:23"
15548;"2025-05-01";202;104;23387;168;23659;63;699;81;843;111;8691;205;9007;21;108;46;175;299;32885;500;33684;"2025-09-25 11:31:23"
15549;"2025-05-01";203;61;4421;339;4821;21;262;204;487;61;1448;28;1537;8;25;4;37;151;6156;575;6882;"2025-09-25 11:31:23"
15550;"2025-05-01";204;134;20922;111;21167;57;596;86;739;122;6603;120;6845;20;124;39;183;333;28245;356;28934;"2025-09-25 11:31:23"
15551;"2025-05-01";205;80;19760;88;19928;77;834;78;989;130;12210;890;13230;10;119;102;231;297;32923;1158;34378;"2025-09-25 11:31:23"
15552;"2025-05-01";206;80;17979;163;18222;44;618;51;713;90;7898;611;8599;15;99;188;302;229;26594;1013;27836;"2025-09-25 11:31:23"
15553;"2025-05-01";207;58;10107;39;10204;68;458;44;570;87;6050;116;6253;10;64;15;89;223;16679;214;17116;"2025-09-25 11:31:23"
15554;"2025-05-01";208;121;55779;271;56171;63;1748;335;2146;112;12750;1587;14449;14;266;321;601;310;70543;2514;73367;"2025-09-25 11:31:23"
15555;"2025-05-01";209;141;103738;1329;105208;84;2774;766;3624;213;17681;4204;22098;13;467;1727;2207;451;124660;8026;133137;"2025-09-25 11:31:23"
15556;"2025-05-01";210;159;131329;2153;133641;96;2819;301;3216;109;18112;1091;19312;27;449;300;776;391;152709;3845;156945;"2025-09-25 11:31:23"
15558;"2025-05-01";212;125;97100;1039;98264;87;2708;479;3274;157;12042;515;12714;15;322;168;505;384;112172;2201;114757;"2025-09-25 11:31:23"
15559;"2025-05-01";213;105;25033;186;25324;77;836;175;1088;104;9336;260;9700;15;87;176;278;301;35292;797;36390;"2025-09-25 11:31:23"
15560;"2025-05-01";214;53;11946;89;12088;48;421;36;505;104;3970;96;4170;6;61;28;95;211;16398;249;16858;"2025-09-25 11:31:23"
15561;"2025-05-01";215;264;248503;2243;251010;154;5901;569;6624;244;41064;4732;46040;43;826;585;1454;705;296294;8129;305128;"2025-09-25 11:31:23"
15562;"2025-05-01";216;101;14329;148;14578;54;509;106;669;137;6197;153;6487;8;62;27;97;300;21097;434;21831;"2025-09-25 11:31:23"
15563;"2025-05-01";217;112;43996;483;44591;93;1327;198;1618;103;13685;2573;16361;15;208;592;815;323;59216;3846;63385;"2025-09-25 11:31:23"
15564;"2025-05-01";218;97;48818;661;49576;80;1401;214;1695;131;10504;561;11196;18;191;113;322;326;60914;1549;62789;"2025-09-25 11:31:23"
15565;"2025-05-01";219;91;13887;56;14034;61;482;54;597;99;7195;479;7773;9;144;150;303;260;21708;739;22707;"2025-09-25 11:31:23"
15566;"2025-05-01";220;184;156872;1107;158163;88;4034;783;4905;151;22350;7258;29759;23;651;1536;2210;446;183907;10684;195037;"2025-09-25 11:31:23"
15567;"2025-05-01";221;66;10497;51;10614;52;356;37;445;92;4577;576;5245;14;63;120;197;224;15493;784;16501;"2025-09-25 11:31:23"
15568;"2025-05-01";222;210;144877;2774;147861;173;3110;1038;4321;256;26607;2384;29247;32;523;432;987;671;175117;6628;182416;"2025-09-25 11:31:23"
15569;"2025-05-01";223;69;25265;193;25527;76;996;105;1177;96;10317;421;10834;10;145;67;222;251;36723;786;37760;"2025-09-25 11:31:23"
15570;"2025-05-01";224;148;90496;1330;91974;63;1834;473;2370;138;10316;1001;11455;15;163;150;328;364;102809;2954;106127;"2025-09-25 11:31:23"
15571;"2025-05-01";225;69;97398;5706;103173;34;1733;414;2181;54;10754;1565;12373;4;227;236;467;161;110112;7921;118194;"2025-09-25 11:31:23"
15572;"2025-05-01";226;241;148529;18571;167341;222;1944;874;3040;140;10344;976;11460;15;231;191;437;618;161048;20612;182278;"2025-09-25 11:31:23"
15573;"2025-05-01";227;253;116147;49187;165587;171;2162;403;2736;127;16941;1464;18532;18;315;350;683;569;135565;51404;187538;"2025-09-25 11:31:23"
15574;"2025-05-01";228;93;87717;718;88528;35;1842;159;2036;91;7752;1024;8867;12;274;289;575;231;97585;2190;100006;"2025-09-25 11:31:23"
15575;"2025-05-01";229;101;43184;676;43961;84;1562;245;1891;123;8709;354;9186;14;180;70;264;322;53635;1345;55302;"2025-09-25 11:31:23"
15576;"2025-05-01";230;60;16322;92;16474;72;513;45;630;113;7819;170;8102;10;92;84;186;255;24746;391;25392;"2025-09-25 11:31:23"
15577;"2025-05-01";231;82;33420;21727;55229;53;996;330;1379;84;10211;544;10839;7;185;229;421;226;44812;22830;67868;"2025-09-25 11:31:23"
15578;"2025-05-01";232;61;13879;17605;31545;53;473;160;686;110;6531;146;6787;14;171;32;217;238;21054;17943;39235;"2025-09-25 11:31:23"
15579;"2025-05-01";233;89;15875;151;16115;57;583;76;716;140;8171;396;8707;15;94;71;180;301;24723;694;25718;"2025-09-25 11:31:23"
15581;"2025-05-01";235;248;77640;931;78819;139;2751;146;3036;339;26876;675;27890;44;260;143;447;770;107527;1895;110192;"2025-09-25 11:31:23"
15582;"2025-05-01";236;613;253465;270801;524879;358;6831;6213;13402;713;59012;3705;63430;39;1122;582;1743;1723;320430;281301;603454;"2025-09-25 11:31:23"
15584;"2025-05-01";238;179;94801;2334;97314;141;2396;500;3037;265;18007;1425;19697;38;413;412;863;623;115617;4671;120911;"2025-09-25 11:31:23"
15586;"2025-05-01";240;117;39960;730;40807;82;1153;163;1398;124;6856;517;7497;11;175;213;399;334;48144;1623;50101;"2025-09-25 11:31:23"
15587;"2025-05-01";241;121;26493;460;27074;99;772;120;991;184;6752;187;7123;10;155;47;212;414;34172;814;35400;"2025-09-25 11:31:23"
15588;"2025-05-01";242;119;34227;880;35226;89;1025;138;1252;112;5302;313;5727;8;149;90;247;328;40703;1421;42452;"2025-09-25 11:31:23"
15589;"2025-05-01";243;55;8935;62;9052;57;292;31;380;109;3347;54;3510;10;52;20;82;231;12626;167;13024;"2025-09-25 11:31:23"
15590;"2025-05-01";244;47;12624;163;12834;40;392;27;459;125;4108;68;4301;12;86;22;120;224;17210;280;17714;"2025-09-25 11:31:23"
15591;"2025-05-01";245;134;15167;151;15452;80;609;56;745;127;6201;135;6463;13;122;54;189;354;22099;396;22849;"2025-09-25 11:31:23"
15592;"2025-05-01";246;225;163260;2647;166132;165;4089;509;4763;234;26501;2325;29060;25;721;370;1116;649;194571;5851;201071;"2025-09-25 11:31:23"
15593;"2025-05-01";247;60;14630;85;14775;54;442;60;556;122;4997;113;5232;10;89;31;130;246;20158;289;20693;"2025-09-25 11:31:23"
15594;"2025-05-01";248;115;14267;232;14614;102;531;74;707;156;6130;161;6447;22;114;35;171;395;21042;502;21939;"2025-09-25 11:31:23"
15595;"2025-05-01";249;58;17144;203;17405;69;636;55;760;143;6991;144;7278;16;91;22;129;286;24862;424;25572;"2025-09-25 11:31:23"
15596;"2025-05-01";250;344;122328;2510;125182;280;2978;615;3873;271;18485;2764;21520;27;536;404;967;922;144327;6293;151542;"2025-09-25 11:31:23"
15597;"2025-05-01";251;68;16284;363;16715;62;580;121;763;121;3328;139;3588;15;127;44;186;266;20319;667;21252;"2025-09-25 11:31:23"
15598;"2025-05-01";252;107;17776;232;18115;80;724;73;877;120;8596;143;8859;22;95;48;165;329;27191;496;28016;"2025-09-25 11:31:23"
15599;"2025-05-01";253;130;28398;260;28788;115;1147;279;1541;181;11742;456;12379;22;178;65;265;448;41465;1060;42973;"2025-09-25 11:31:23"
15600;"2025-05-01";254;58;9917;56;10031;63;282;42;387;100;3309;49;3458;10;57;23;90;231;13565;170;13966;"2025-09-25 11:31:23"
15601;"2025-05-01";255;89;19648;552;20289;65;792;82;939;122;8623;273;9018;14;135;51;200;290;29198;958;30446;"2025-09-25 11:31:23"
15603;"2025-05-01";257;106;20430;167;20703;65;1253;93;1411;157;10642;282;11081;14;116;47;177;342;32441;589;33372;"2025-09-25 11:31:23"
15604;"2025-05-01";258;215;117251;2022;119488;125;2881;515;3521;210;19240;3256;22706;21;517;713;1251;571;139889;6506;146966;"2025-09-25 11:31:23"
15605;"2025-05-01";259;118;35057;576;35751;60;1451;150;1661;145;13786;1032;14963;8;257;157;422;331;50551;1915;52797;"2025-09-25 11:31:23"
15606;"2025-05-01";260;137;29933;400;30470;107;1118;169;1394;179;12482;453;13114;20;193;67;280;443;43726;1089;45258;"2025-09-25 11:31:23"
15607;"2025-05-01";261;71;9032;55;9158;40;456;60;556;99;4413;245;4757;7;48;39;94;217;13949;399;14565;"2025-09-25 11:31:23"
15608;"2025-05-01";262;97;19097;178;19372;66;781;117;964;139;8664;270;9073;12;109;54;175;314;28651;619;29584;"2025-09-25 11:31:23"
15609;"2025-05-01";263;72;10609;103;10784;59;376;25;460;100;5253;64;5417;10;46;23;79;241;16284;215;16740;"2025-09-25 11:31:23"
15610;"2025-05-01";264;116;47794;229;48139;121;1560;420;2101;208;12437;2349;14994;28;275;224;527;473;62066;3222;65761;"2025-09-25 11:31:23"
15611;"2025-05-01";265;188;115962;1838;117988;140;3707;486;4333;212;24299;3098;27609;17;455;422;894;557;144423;5844;150824;"2025-09-25 11:31:23"
15612;"2025-05-01";266;83;9805;60;9948;60;414;70;544;121;4923;273;5317;8;63;24;95;272;15205;427;15904;"2025-09-25 11:31:23"
15613;"2025-05-01";267;75;7943;32;8050;41;339;20;400;114;4442;88;4644;6;52;19;77;236;12776;159;13171;"2025-09-25 11:31:23"
15614;"2025-05-01";268;158;151019;3074;154251;103;3260;933;4296;152;18884;2614;21650;14;571;403;988;427;173734;7024;181185;"2025-09-25 11:31:23"
15615;"2025-05-01";269;342;136966;2005;139313;227;2928;539;3694;211;15759;1532;17502;23;359;252;634;803;156012;4328;161143;"2025-09-25 11:31:23"
15616;"2025-05-01";270;107;41491;1510;43108;111;1490;198;1799;162;14890;895;15947;8;254;122;384;388;58125;2725;61238;"2025-09-25 11:31:23"
15617;"2025-05-01";271;110;9817;91;10018;53;399;95;547;111;5054;107;5272;15;58;16;89;289;15328;309;15926;"2025-09-25 11:31:23"
15619;"2025-06-01";1;159;218784;13915;232858;60;3768;531;4359;187;13462;2204;15853;18;371;152;541;424;236385;16802;253611;"2025-09-25 11:31:32"
15620;"2025-06-01";2;112;144566;5033;149711;41;3179;617;3837;154;11905;2615;14674;8;261;213;482;315;159911;8478;168704;"2025-09-25 11:31:32"
15621;"2025-06-01";3;118;59869;2108;62095;67;1972;716;2755;130;6604;1265;7999;17;146;114;277;332;68591;4203;73126;"2025-09-25 11:31:32"
15622;"2025-06-01";4;126;70027;1971;72124;86;1539;328;1953;132;16134;2869;19135;10;428;655;1093;354;88128;5823;94305;"2025-09-25 11:31:32"
15623;"2025-06-01";5;89;98725;3025;101839;44;2766;350;3160;146;8763;2221;11130;11;206;165;382;290;110460;5761;116511;"2025-09-25 11:31:32"
15624;"2025-06-01";6;87;80395;2957;83439;45;1940;333;2318;164;8723;1527;10414;10;122;110;242;306;91180;4927;96413;"2025-09-25 11:31:32"
15625;"2025-06-01";7;111;114680;8974;123765;59;3607;560;4226;125;13496;2564;16185;7;324;166;497;302;132107;12264;144673;"2025-09-25 11:31:32"
15626;"2025-06-01";8;58;71470;2689;74217;34;2384;433;2851;78;10418;2269;12765;12;203;99;314;182;84475;5490;90147;"2025-09-25 11:31:32"
15627;"2025-06-01";9;80;128457;5560;134097;51;3023;751;3825;170;9529;2118;11817;11;276;251;538;312;141285;8680;150277;"2025-09-25 11:31:32"
15628;"2025-06-01";10;92;75990;4527;80609;49;2097;563;2709;123;7812;2038;9973;12;199;154;365;276;86098;7282;93656;"2025-09-25 11:31:32"
15629;"2025-06-01";11;108;86006;2785;88899;60;2382;129;2571;136;9542;2236;11914;11;201;99;311;315;98131;5249;103695;"2025-09-25 11:31:32"
15630;"2025-06-01";12;117;94520;1233;95870;44;2038;128;2210;136;6282;1144;7562;16;141;175;332;313;102981;2680;105974;"2025-09-25 11:31:32"
15631;"2025-06-01";13;98;101503;4183;105784;55;2347;675;3077;171;9057;2639;11867;22;262;466;750;346;113169;7963;121478;"2025-09-25 11:31:32"
15632;"2025-06-01";14;213;77090;3413;80716;100;1895;400;2395;135;5672;1756;7563;6;149;110;265;454;84806;5679;90939;"2025-09-25 11:31:32"
15633;"2025-06-01";15;174;153368;3236;156778;132;2795;654;3581;182;10389;4143;14714;16;276;201;493;504;166828;8234;175566;"2025-09-25 11:31:32"
15634;"2025-06-01";16;135;82117;8699;90951;49;1675;940;2664;180;7991;1910;10081;17;205;130;352;381;91988;11679;104048;"2025-09-25 11:31:32"
15635;"2025-06-01";17;93;106227;2004;108324;45;2585;1096;3726;146;8268;1669;10083;8;209;98;315;292;117289;4867;122448;"2025-09-25 11:31:32"
15636;"2025-06-01";18;129;205979;7597;213705;106;3781;1568;5455;160;16961;4759;21880;19;406;395;820;414;227127;14319;241860;"2025-09-25 11:31:32"
15637;"2025-06-01";19;130;126770;4803;131703;63;2851;734;3648;144;10659;2933;13736;8;273;436;717;345;140553;8906;149804;"2025-09-25 11:31:32"
15638;"2025-06-01";20;130;118063;2761;120954;60;3383;198;3641;174;12610;4384;17168;17;474;627;1118;381;134530;7970;142881;"2025-09-25 11:31:32"
15639;"2025-06-01";21;262;63507;1119;64888;125;1688;75;1888;150;4907;1051;6108;13;155;31;199;550;70257;2276;73083;"2025-09-25 11:31:32"
15640;"2025-06-01";22;100;113724;4147;117971;45;2739;755;3539;141;9632;2027;11800;16;201;181;398;302;126296;7110;133708;"2025-09-25 11:31:32"
15641;"2025-06-01";23;1753;39096;242;41091;1481;1320;252;3053;334;3554;1601;5489;102;93;102;297;3670;44063;2197;49930;"2025-09-25 11:31:32"
15642;"2025-06-01";63;150;91473;1123;92746;111;1770;285;2166;90;9820;951;10861;6;240;278;524;357;103303;2637;106297;"2025-09-25 11:31:32"
15643;"2025-06-01";25;80;91269;5905;97254;32;2771;586;3389;123;11234;2766;14123;14;244;317;575;249;105518;9574;115341;"2025-09-25 11:31:32"
15644;"2025-06-01";146;2020;762944;12065;777029;1389;22318;3857;27564;2319;175231;16597;194147;212;3376;2589;6177;5940;963869;35108;1004917;"2025-09-25 11:31:32"
15646;"2025-06-01";28;100;64489;2403;66992;63;1909;934;2906;103;9286;3090;12479;13;203;631;847;279;75887;7058;83224;"2025-09-25 11:31:32"
15647;"2025-06-01";29;82;75638;864;76584;49;1924;545;2518;122;10681;1209;12012;13;266;211;490;266;88509;2829;91604;"2025-09-25 11:31:32"
15648;"2025-06-01";77;312;140031;2829;143172;223;2543;579;3345;242;15988;3279;19509;20;378;617;1015;797;158940;7304;167041;"2025-09-25 11:31:32"
15649;"2025-06-01";57;71;58736;763;59570;44;1139;147;1330;75;4692;337;5104;7;156;59;222;197;64723;1306;66226;"2025-09-25 11:31:32"
15650;"2025-06-01";32;72;88464;1690;90226;27;1827;357;2211;64;9865;1564;11493;1;211;271;483;164;100367;3882;104413;"2025-09-25 11:31:32"
15651;"2025-06-01";33;131;123278;30394;153803;62;2557;572;3191;172;12915;2484;15571;10;211;553;774;375;138961;34003;173339;"2025-09-25 11:31:32"
15652;"2025-06-01";79;89;111214;1525;112828;39;1938;307;2284;91;11100;1628;12819;9;277;336;622;228;124529;3796;128553;"2025-09-25 11:31:32"
15653;"2025-06-01";35;102;66271;2238;68611;57;1973;213;2243;100;13922;2314;16336;8;237;324;569;267;82403;5089;87759;"2025-09-25 11:31:32"
15654;"2025-06-01";36;115;92600;3489;96204;51;2515;344;2910;103;12583;2001;14687;9;223;287;519;278;107921;6121;114320;"2025-09-25 11:31:32"
15655;"2025-06-01";60;333;187597;24419;212349;331;3806;431;4568;197;18375;2414;20986;29;526;487;1042;890;210304;27751;238945;"2025-09-25 11:31:32"
15656;"2025-06-01";38;51;56627;68862;125540;24;1356;767;2147;82;5293;1288;6663;11;151;356;518;168;63427;71273;134868;"2025-09-25 11:31:32"
15657;"2025-06-01";39;373;114472;24496;139341;503;1613;729;2845;180;8780;2343;11303;26;206;717;949;1082;125071;28285;154438;"2025-09-25 11:31:32"
15658;"2025-06-01";40;86;26318;1225;27629;51;905;323;1279;84;3976;385;4445;9;53;56;118;230;31252;1989;33471;"2025-09-25 11:31:32"
15660;"2025-06-01";42;138;142830;2139;145107;58;2733;232;3023;124;12335;2234;14693;9;333;487;829;329;158231;5092;163652;"2025-09-25 11:31:32"
15662;"2025-06-01";44;0;19;2;21;0;4;0;4;0;20;3;23;0;0;0;0;0;43;5;48;"2025-09-25 11:31:32"
15664;"2025-06-01";46;192;238367;14905;253464;113;4415;737;5265;180;28684;5408;34272;14;627;586;1227;499;272093;21636;294228;"2025-09-25 11:31:32"
15665;"2025-06-01";47;121;117875;1518;119514;119;2755;502;3376;288;19473;2895;22656;65;415;298;778;593;140518;5213;146324;"2025-09-25 11:31:32"
15669;"2025-06-01";51;191;196482;2841;199514;193;2863;612;3668;211;15301;1392;16904;12;494;172;678;607;215140;5017;220764;"2025-09-25 11:31:32"
15672;"2025-06-01";54;144;27964;4182;32290;53;1093;285;1431;154;10670;773;11597;11;242;87;340;362;39969;5327;45658;"2025-09-25 11:31:32"
15673;"2025-06-01";55;108;95028;124295;219431;60;2938;1786;4784;108;25804;2901;28813;19;464;347;830;295;124234;129329;253858;"2025-09-25 11:31:32"
15674;"2025-06-01";56;369;223318;16960;240647;468;4665;798;5931;171;28084;3619;31874;25;591;487;1103;1033;256658;21864;279555;"2025-09-25 11:31:32"
15676;"2025-06-01";58;190;145238;13170;158598;102;3875;75;4052;139;16784;5208;22131;18;446;855;1319;449;166343;19308;186100;"2025-09-25 11:31:32"
15677;"2025-06-01";59;150;201947;32960;235057;81;4170;1038;5289;101;19836;3113;23050;8;478;304;790;340;226431;37415;264186;"2025-09-25 11:31:32"
15679;"2025-06-01";61;161;212221;5606;217988;88;2981;712;3781;139;12254;3569;15962;13;421;523;957;401;227877;10410;238688;"2025-09-25 11:31:32"
15680;"2025-06-01";62;73;8766;21209;30048;56;514;438;1008;125;4004;57;4186;3;54;13;70;257;13338;21717;35312;"2025-09-25 11:31:32"
15683;"2025-06-01";65;242;175600;3898;179740;155;4015;379;4549;197;26315;8071;34583;30;753;955;1738;624;206683;13303;220610;"2025-09-25 11:31:32"
15689;"2025-06-01";71;86;72251;1894;74231;45;1923;547;2515;108;13400;3900;17408;9;365;434;808;248;87939;6775;94962;"2025-09-25 11:31:32"
15692;"2025-06-01";74;122;177871;2572;180565;96;2940;364;3400;438;15207;2453;18098;26;633;297;956;682;196651;5686;203019;"2025-09-25 11:31:32"
15698;"2025-06-01";80;157;110311;1129;111597;97;2489;678;3264;167;20883;4249;25299;14;448;1016;1478;435;134131;7072;141638;"2025-09-25 11:31:32"
15701;"2025-06-01";83;364;179951;1374;181689;243;3046;650;3939;264;14859;1989;17112;84;644;178;906;955;198500;4191;203646;"2025-09-25 11:31:32"
15703;"2025-06-01";85;151;25737;155;26043;83;1053;155;1291;154;6608;212;6974;24;139;46;209;412;33537;568;34517;"2025-09-25 11:31:32"
15704;"2025-06-01";86;325;174468;1747;176540;153;3831;446;4430;199;18765;2740;21704;21;463;268;752;698;197527;5201;203426;"2025-09-25 11:31:32"
15705;"2025-06-01";87;109;115388;3631;119128;79;2273;613;2965;78;12995;2093;15166;12;369;157;538;278;131025;6494;137797;"2025-09-25 11:31:32"
15706;"2025-06-01";88;72;105058;2233;107363;22;1963;574;2559;38;9039;1525;10602;1;230;135;366;133;116290;4467;120890;"2025-09-25 11:31:32"
15707;"2025-06-01";89;481;29915;314;30710;100;503;43;646;129;1963;475;2567;15;83;10;108;725;32464;842;34031;"2025-09-25 11:31:32"
15708;"2025-06-01";90;142;92213;1653;94008;66;2181;406;2653;110;10062;2366;12538;11;238;202;451;329;104694;4627;109650;"2025-09-25 11:31:32"
15709;"2025-06-01";91;213;173874;980;175067;91;4493;2280;6864;132;30289;5595;36016;17;742;346;1105;453;209398;9201;219052;"2025-09-25 11:31:32"
15710;"2025-06-01";92;96;61812;1145;63053;75;1472;280;1827;101;8221;1417;9739;14;195;146;355;286;71700;2988;74974;"2025-09-25 11:31:32"
15711;"2025-06-01";93;133;86865;827;87825;72;1926;174;2172;92;8816;3811;12719;10;183;247;440;307;97790;5059;103156;"2025-09-25 11:31:32"
15712;"2025-06-01";94;260;203870;2966;207096;112;4704;1691;6507;206;30675;4585;35466;9;727;689;1425;587;239976;9931;250494;"2025-09-25 11:31:32"
15713;"2025-06-01";95;381;270720;2214;273315;197;6664;1021;7882;220;42392;6625;49237;28;1123;498;1649;826;320899;10358;332083;"2025-09-25 11:31:32"
15714;"2025-06-01";96;100;32118;672;32890;45;1161;73;1279;82;5291;698;6071;11;115;54;180;238;38685;1497;40420;"2025-09-25 11:31:32"
15715;"2025-06-01";97;5;102;1;108;0;38;10;48;0;127;7;134;0;0;1;1;5;267;19;291;"2025-09-25 11:31:32"
15716;"2025-06-01";98;49;73126;1662;74837;19;1985;115;2119;35;8111;1277;9423;1;169;178;348;104;83391;3232;86727;"2025-09-25 11:31:32"
15717;"2025-06-01";99;38;52110;962;53110;31;1782;446;2259;32;9633;1759;11424;4;201;172;377;105;63726;3339;67170;"2025-09-25 11:31:32"
15718;"2025-06-01";100;196;128582;2807;131585;149;3301;569;4019;157;15394;3317;18868;25;365;202;592;527;147642;6895;155064;"2025-09-25 11:31:32"
15719;"2025-06-01";101;203;179058;3930;183191;57;2276;1396;3729;106;7473;1974;9553;9;358;167;534;375;189165;7467;197007;"2025-09-25 11:31:32"
15720;"2025-06-01";102;164;71822;1648;73634;59;1934;196;2189;79;7345;1558;8982;3;172;163;338;305;81273;3565;85143;"2025-09-25 11:31:32"
15721;"2025-06-01";103;217;63423;2068;65708;56;1970;310;2336;98;8639;1593;10330;20;184;167;371;391;74216;4138;78745;"2025-09-25 11:31:32"
15722;"2025-06-01";104;110;186818;5096;192024;169;4456;1502;6127;161;19756;3162;23079;21;639;547;1207;461;211669;10307;222437;"2025-09-25 11:31:32"
15723;"2025-06-01";105;275;145208;1861;147344;108;1954;140;2202;66;6657;1423;8146;2;266;128;396;451;154085;3552;158088;"2025-09-25 11:31:32"
15724;"2025-06-01";106;285;98527;1033;99845;148;2592;479;3219;101;8163;2132;10396;17;253;123;393;551;109535;3767;113853;"2025-09-25 11:31:32"
15725;"2025-06-01";107;147;72337;1356;73840;68;2271;73;2412;90;6347;2011;8448;16;169;103;288;321;81124;3543;84988;"2025-09-25 11:31:32"
15726;"2025-06-01";108;174;227965;1863;230002;107;5999;474;6580;151;37144;6447;43742;23;742;516;1281;455;271850;9300;281605;"2025-09-25 11:31:32"
15727;"2025-06-01";109;216;137663;5799;143678;153;4648;1150;5951;226;22869;4033;27128;12;443;322;777;607;165623;11304;177534;"2025-09-25 11:31:32"
15728;"2025-06-01";110;82;122118;2151;124351;41;3674;637;4352;34;18101;2700;20835;3;466;370;839;160;144359;5858;150377;"2025-09-25 11:31:32"
15729;"2025-06-01";111;178;96778;753;97709;93;2936;560;3589;132;19612;3286;23030;16;937;300;1253;419;120263;4899;125581;"2025-09-25 11:31:32"
15730;"2025-06-01";112;159;119882;2251;122292;114;1971;574;2659;130;9795;3811;13736;10;347;169;526;413;131995;6805;139213;"2025-09-25 11:31:32"
15731;"2025-06-01";113;93;77027;1350;78470;29;2054;923;3006;42;9071;1588;10701;0;202;126;328;164;88354;3987;92505;"2025-09-25 11:31:32"
15732;"2025-06-01";114;188;120553;704;121445;89;3566;525;4180;170;20066;3037;23273;14;534;264;812;461;144719;4530;149710;"2025-09-25 11:31:32"
15733;"2025-06-01";115;246;54371;422;55039;97;1594;520;2211;263;12129;902;13294;11;298;83;392;617;68392;1927;70936;"2025-09-25 11:31:32"
15734;"2025-06-01";116;191;54051;362;54604;87;1941;657;2685;202;14286;6488;20976;9;344;342;695;489;70622;7849;78960;"2025-09-25 11:31:32"
15735;"2025-06-01";117;92;17911;324;18327;69;691;247;1007;156;6359;4103;10618;7;135;489;631;324;25096;5163;30583;"2025-09-25 11:31:32"
15736;"2025-06-01";118;99;111462;1271;112832;63;2647;563;3273;66;10704;2779;13549;10;339;185;534;238;125152;4798;130188;"2025-09-25 11:31:32"
15737;"2025-06-01";119;50;187093;3431;190574;42;3154;762;3958;50;11356;3743;15149;12;515;377;904;154;202118;8313;210585;"2025-09-25 11:31:32"
15738;"2025-06-01";120;27;144937;871;145835;16;1728;81;1825;22;4728;1425;6175;0;240;44;284;65;151633;2421;154119;"2025-09-25 11:31:32"
15739;"2025-06-01";121;407;128801;1701;130909;170;3745;1543;5458;237;21799;4874;26910;19;738;418;1175;833;155083;8536;164452;"2025-09-25 11:31:32"
15740;"2025-06-01";122;119;59667;416;60202;95;1174;193;1462;85;5655;2024;7764;8;157;300;465;307;66653;2933;69893;"2025-09-25 11:31:32"
15741;"2025-06-01";123;294;153419;2010;155723;257;4216;435;4908;195;17714;3115;21024;29;541;269;839;775;175890;5829;182494;"2025-09-25 11:31:32"
15742;"2025-06-01";124;218;104070;898;105186;89;3165;850;4104;137;18960;4298;23395;15;494;566;1075;459;126689;6612;133760;"2025-09-25 11:31:32"
15743;"2025-06-01";125;285;219139;2848;222272;94;5226;2648;7968;172;31266;6420;37858;22;720;303;1045;573;256351;12219;269143;"2025-09-25 11:31:32"
15744;"2025-06-01";126;382;294296;3785;298463;162;7270;2148;9580;263;36012;7707;43982;23;1024;983;2030;830;338602;14623;354055;"2025-09-25 11:31:32"
15745;"2025-06-01";127;196;67096;6002;73294;76;2592;772;3440;159;20820;2397;23376;17;362;368;747;448;90870;9539;100857;"2025-09-25 11:31:32"
15746;"2025-06-01";128;205;123258;987;124450;87;2349;354;2790;151;15309;2362;17822;12;347;157;516;455;141263;3860;145578;"2025-09-25 11:31:32"
15747;"2025-06-01";129;407;466132;2760;469299;233;9662;2807;12702;289;64821;8363;73473;74;1716;707;2497;1003;542331;14637;557971;"2025-09-25 11:31:32"
15749;"2025-06-01";131;81;15532;137;15750;59;737;57;853;81;7950;253;8284;12;106;31;149;233;24325;478;25036;"2025-09-25 11:31:32"
15750;"2025-06-01";132;69;11145;104;11318;53;446;82;581;121;4854;379;5354;4;90;225;319;247;16535;790;17572;"2025-09-25 11:31:32"
15751;"2025-06-01";133;71;12388;117;12576;57;575;88;720;114;6423;455;6992;17;72;47;136;259;19458;707;20424;"2025-09-25 11:31:32"
15752;"2025-06-01";134;103;17603;114;17820;60;651;93;804;116;8228;173;8517;14;91;38;143;293;26573;418;27284;"2025-09-25 11:31:32"
15753;"2025-06-01";135;77;20624;176;20877;60;785;87;932;86;8023;694;8803;11;152;99;262;234;29584;1056;30874;"2025-09-25 11:31:32"
15754;"2025-06-01";136;85;49365;313;49763;68;2031;208;2307;113;13764;1502;15379;15;258;141;414;281;65418;2164;67863;"2025-09-25 11:31:32"
15755;"2025-06-01";137;109;55339;713;56161;82;1610;180;1872;158;13597;1674;15429;12;354;872;1238;361;70900;3439;74700;"2025-09-25 11:31:32"
15756;"2025-06-01";138;35;17523;156;17714;26;518;37;581;31;3209;589;3829;7;73;47;127;99;21323;829;22251;"2025-09-25 11:31:32"
15757;"2025-06-01";139;75;45824;298;46197;66;1394;88;1548;86;9306;1116;10508;6;251;81;338;233;56775;1583;58591;"2025-09-25 11:31:32"
15758;"2025-06-01";140;1;8;0;9;0;3;0;3;0;8;0;8;0;0;0;0;1;19;0;20;"2025-09-25 11:31:32"
15759;"2025-06-01";141;209;88327;1096;89632;112;2024;371;2507;182;11944;1154;13280;18;382;267;667;521;102677;2888;106086;"2025-09-25 11:31:32"
15760;"2025-06-01";142;61;81518;1480;83059;129;1919;842;2890;63;10508;1847;12418;5;325;225;555;258;94270;4394;98922;"2025-09-25 11:31:32"
15761;"2025-06-01";143;190;92405;2536;95131;122;2281;541;2944;131;14459;2107;16697;7;418;201;626;450;109563;5385;115398;"2025-09-25 11:31:32"
15762;"2025-06-01";144;135;134642;4221;138998;90;2863;726;3679;136;15844;2537;18517;12;576;368;956;373;153925;7852;162150;"2025-09-25 11:31:32"
15763;"2025-06-01";145;205;96151;1635;97991;146;2740;413;3299;261;19819;1819;21899;31;472;291;794;643;119182;4158;123983;"2025-09-25 11:31:32"
15765;"2025-06-01";147;78;23447;64;23589;38;543;104;685;55;2208;439;2702;9;89;33;131;180;26287;640;27107;"2025-09-25 11:31:32"
15766;"2025-06-01";148;237;42719;1202;44158;123;1475;382;1980;256;12770;693;13719;26;220;127;373;642;57184;2404;60230;"2025-09-25 11:31:32"
15767;"2025-06-01";149;75;20849;2380;23304;40;948;199;1187;93;8616;582;9291;10;131;73;214;218;30544;3234;33996;"2025-09-25 11:31:32"
15768;"2025-06-01";150;151;45988;870;47009;89;1957;335;2381;142;15295;1085;16522;28;216;96;340;410;63456;2386;66252;"2025-09-25 11:31:32"
15769;"2025-06-01";151;147;87767;830;88744;78;2312;349;2739;184;19373;2345;21902;17;494;819;1330;426;109946;4343;114715;"2025-09-25 11:31:32"
15770;"2025-06-01";152;138;40320;556;41014;73;1351;175;1599;181;12740;518;13439;35;199;124;358;427;54610;1373;56410;"2025-09-25 11:31:32"
15771;"2025-06-01";153;98;23241;181;23520;70;1055;314;1439;164;11256;398;11818;13;104;55;172;345;35656;948;36949;"2025-09-25 11:31:32"
15772;"2025-06-01";154;184;82197;946;83327;86;2357;483;2926;165;19119;1876;21160;24;429;438;891;459;104102;3743;108304;"2025-09-25 11:31:32"
15773;"2025-06-01";155;78;19709;145;19932;39;675;109;823;107;7705;431;8243;17;92;87;196;241;28181;772;29194;"2025-09-25 11:31:32"
15774;"2025-06-01";156;209;177037;1999;179245;133;4444;511;5088;182;24281;3734;28197;50;743;375;1168;574;206505;6619;213698;"2025-09-25 11:31:32"
15775;"2025-06-01";157;159;35524;276;35959;114;1354;316;1784;181;11510;733;12424;13;214;130;357;467;48602;1455;50524;"2025-09-25 11:31:32"
15776;"2025-06-01";158;103;120548;1833;122484;62;3574;682;4318;128;19471;2919;22518;10;610;388;1008;303;144203;5822;150328;"2025-09-25 11:31:32"
15777;"2025-06-01";159;167;185474;1688;187329;154;4212;865;5231;217;20928;2658;23803;23;609;310;942;561;211223;5521;217305;"2025-09-25 11:31:32"
15778;"2025-06-01";160;82;11517;66;11665;58;428;61;547;128;6037;516;6681;17;71;63;151;285;18053;706;19044;"2025-09-25 11:31:32"
15779;"2025-06-01";161;87;24906;189;25182;47;952;114;1113;198;10791;249;11238;18;144;50;212;350;36793;602;37745;"2025-09-25 11:31:32"
15780;"2025-06-01";162;169;44399;389;44957;95;1356;208;1659;140;12369;778;13287;23;238;131;392;427;58362;1506;60295;"2025-09-25 11:31:32"
15782;"2025-06-01";164;85;12551;158;12794;65;459;75;599;101;6562;763;7426;12;90;41;143;263;19662;1037;20962;"2025-09-25 11:31:32"
15783;"2025-06-01";165;106;21433;169;21708;78;976;92;1146;141;12742;266;13149;12;137;40;189;337;35288;567;36192;"2025-09-25 11:31:32"
15784;"2025-06-01";166;70;10883;110;11063;41;406;57;504;72;5052;397;5521;6;59;67;132;189;16400;631;17220;"2025-09-25 11:31:32"
15785;"2025-06-01";167;97;79502;633;80232;70;2079;287;2436;90;14653;3500;18243;14;551;1679;2244;271;96785;6099;103155;"2025-09-25 11:31:32"
15786;"2025-06-01";168;58;9406;162;9626;42;377;54;473;76;3959;209;4244;4;70;25;99;180;13812;450;14442;"2025-09-25 11:31:32"
15787;"2025-06-01";169;147;53846;790;54783;118;1837;371;2326;216;15629;1711;17556;20;386;273;679;501;71698;3145;75344;"2025-09-25 11:31:32"
15788;"2025-06-01";170;79;20512;357;20948;49;740;281;1070;75;7914;1033;9022;12;131;151;294;215;29297;1822;31334;"2025-09-25 11:31:32"
15789;"2025-06-01";171;128;82586;2242;84956;119;2494;413;3026;153;12768;2285;15206;10;346;341;697;410;98194;5281;103885;"2025-09-25 11:31:32"
15790;"2025-06-01";172;268;42199;209;42676;205;1410;73;1688;164;11946;870;12980;17;206;128;351;654;55761;1280;57695;"2025-09-25 11:31:32"
15791;"2025-06-01";173;78;14180;156;14414;52;719;69;840;104;7976;360;8440;15;101;54;170;249;22976;639;23864;"2025-09-25 11:31:32"
15792;"2025-06-01";174;182;125544;1955;127681;129;2824;598;3551;195;22556;2115;24866;21;483;923;1427;527;151407;5591;157525;"2025-09-25 11:31:32"
15793;"2025-06-01";175;117;14705;111026;125848;66;659;2341;3066;207;9509;386;10102;5;149;35;189;395;25022;113788;139205;"2025-09-25 11:31:32"
15794;"2025-06-01";176;203;113964;2326;116493;153;2993;729;3875;202;21481;3538;25221;17;435;834;1286;575;138873;7427;146875;"2025-09-25 11:31:32"
15795;"2025-06-01";177;79;22238;216;22533;43;771;97;911;114;8254;512;8880;7;116;55;178;243;31379;880;32502;"2025-09-25 11:31:32"
15796;"2025-06-01";178;94;24654;84;24832;63;1164;81;1308;120;11299;802;12221;9;195;142;346;286;37312;1109;38707;"2025-09-25 11:31:32"
15797;"2025-06-01";179;132;16391;159;16682;58;668;101;827;107;9707;203;10017;12;95;31;138;309;26861;494;27664;"2025-09-25 11:31:32"
15798;"2025-06-01";180;84;20023;168;20275;47;711;83;841;91;8290;897;9278;4;139;89;232;226;29163;1237;30626;"2025-09-25 11:31:32"
15799;"2025-06-01";181;90;13599;91;13780;74;536;46;656;109;7077;280;7466;8;68;31;107;281;21280;448;22009;"2025-09-25 11:31:32"
15800;"2025-06-01";182;79;11409;94;11582;47;511;61;619;98;6359;145;6602;9;66;24;99;233;18345;324;18902;"2025-09-25 11:31:32"
15801;"2025-06-01";183;72;12414;5646;18132;51;487;111;649;88;6604;199;6891;11;91;26;128;222;19596;5982;25800;"2025-09-25 11:31:32"
15802;"2025-06-01";184;113;24846;92862;117821;81;1574;850;2505;143;15594;234;15971;11;130;42;183;348;42144;93988;136480;"2025-09-25 11:31:32"
15803;"2025-06-01";185;99;26074;468;26641;51;891;853;1795;107;8061;558;8726;9;154;146;309;266;35180;2025;37471;"2025-09-25 11:31:32"
15805;"2025-06-01";187;147;120205;902;121254;99;2921;397;3417;129;22067;2750;24946;17;427;383;827;392;145620;4432;150444;"2025-09-25 11:31:32"
15806;"2025-06-01";188;209;120685;1642;122536;143;3605;522;4270;222;25825;1983;28030;16;570;376;962;590;150685;4523;155798;"2025-09-25 11:31:32"
15807;"2025-06-01";189;59;14536;36;14631;30;652;54;736;75;6544;689;7308;18;89;53;160;182;21821;832;22835;"2025-09-25 11:31:32"
15808;"2025-06-01";190;198;195059;2420;197677;109;4781;781;5671;225;25698;3597;29520;21;694;467;1182;553;226232;7265;234050;"2025-09-25 11:31:32"
15810;"2025-06-01";192;145;59428;562;60135;82;1929;269;2280;166;17985;1120;19271;17;254;191;462;410;79596;2142;82148;"2025-09-25 11:31:32"
15811;"2025-06-01";193;95;27394;383;27872;55;1157;116;1328;127;10343;278;10748;13;149;95;257;290;39043;872;40205;"2025-09-25 11:31:32"
15812;"2025-06-01";194;97;11163;46;11306;54;398;45;497;86;7059;91;7236;16;51;17;84;253;18671;199;19123;"2025-09-25 11:31:32"
15813;"2025-06-01";195;123;37387;383;37893;90;1556;260;1906;210;17360;1043;18613;18;221;174;413;441;56524;1860;58825;"2025-09-25 11:31:32"
15814;"2025-06-01";196;74;20348;129;20551;41;763;49;853;88;11403;971;12462;15;146;141;302;218;32660;1290;34168;"2025-09-25 11:31:32"
15815;"2025-06-01";197;302;65831;939;67072;229;2079;309;2617;252;19344;1217;20813;46;363;234;643;829;87617;2699;91145;"2025-09-25 11:31:32"
15816;"2025-06-01";198;73;13078;99;13250;49;590;56;695;123;5994;121;6238;17;80;30;127;262;19742;306;20310;"2025-09-25 11:31:32"
15817;"2025-06-01";199;62;6135;37;6234;37;276;27;340;73;3950;51;4074;8;38;6;52;180;10399;121;10700;"2025-09-25 11:31:32"
15818;"2025-06-01";200;127;41712;479;42318;78;1503;135;1716;145;14623;728;15496;25;245;159;429;375;58083;1501;59959;"2025-09-25 11:31:32"
15819;"2025-06-01";201;133;45179;363;45675;82;1671;230;1983;129;16247;1513;17889;18;244;357;619;362;63341;2463;66166;"2025-09-25 11:31:32"
15820;"2025-06-01";202;105;23437;169;23711;63;701;82;846;110;8697;206;9013;21;110;46;177;299;32945;503;33747;"2025-09-25 11:31:32"
15821;"2025-06-01";203;58;4426;313;4797;21;264;204;489;60;1462;28;1550;8;24;4;36;147;6176;549;6872;"2025-09-25 11:31:32"
15822;"2025-06-01";204;134;20982;110;21226;57;596;87;740;124;6617;120;6861;21;129;39;189;336;28324;356;29016;"2025-09-25 11:31:32"
15823;"2025-06-01";205;84;19784;86;19954;77;836;77;990;131;12237;890;13258;11;120;102;233;303;32977;1155;34435;"2025-09-25 11:31:32"
15824;"2025-06-01";206;80;18002;161;18243;44;620;51;715;91;7909;614;8614;15;101;189;305;230;26632;1015;27877;"2025-09-25 11:31:32"
15825;"2025-06-01";207;59;10149;39;10247;70;458;44;572;87;6070;115;6272;10;62;15;87;226;16739;213;17178;"2025-09-25 11:31:32"
15826;"2025-06-01";208;121;55727;270;56118;61;1746;334;2141;113;12740;1582;14435;14;273;320;607;309;70486;2506;73301;"2025-09-25 11:31:32"
15827;"2025-06-01";209;148;103655;1326;105129;84;2765;770;3619;215;17667;4207;22089;13;464;1730;2207;460;124551;8033;133044;"2025-09-25 11:31:32"
15828;"2025-06-01";210;163;131519;2131;133813;96;2811;298;3205;110;18099;1095;19304;27;454;300;781;396;152883;3824;157103;"2025-09-25 11:31:32"
15830;"2025-06-01";212;126;97165;1038;98329;83;2692;474;3249;153;12029;513;12695;15;320;167;502;377;112206;2192;114775;"2025-09-25 11:31:32"
15831;"2025-06-01";213;108;25082;184;25374;77;827;175;1079;104;9328;259;9691;15;86;176;277;304;35323;794;36421;"2025-09-25 11:31:32"
15832;"2025-06-01";214;54;11965;109;12128;47;420;36;503;104;3963;93;4160;6;61;28;95;211;16409;266;16886;"2025-09-25 11:31:32"
15833;"2025-06-01";215;264;249030;2233;251527;155;5893;568;6616;240;41086;4744;46070;41;837;607;1485;700;296846;8152;305698;"2025-09-25 11:31:32"
15834;"2025-06-01";216;101;14338;149;14588;54;506;104;664;137;6200;153;6490;8;64;27;99;300;21108;433;21841;"2025-09-25 11:31:32"
15835;"2025-06-01";217;108;44097;479;44684;93;1324;196;1613;104;13671;2591;16366;15;212;589;816;320;59304;3855;63479;"2025-09-25 11:31:32"
15836;"2025-06-01";218;99;48898;661;49658;81;1398;211;1690;130;10498;560;11188;18;190;114;322;328;60984;1546;62858;"2025-09-25 11:31:32"
15837;"2025-06-01";219;93;13923;56;14072;61;485;54;600;100;7202;479;7781;9;144;147;300;263;21754;736;22753;"2025-09-25 11:31:32"
15838;"2025-06-01";220;187;157092;1102;158381;88;4010;780;4878;151;22327;7231;29709;23;646;1533;2202;449;184075;10646;195170;"2025-09-25 11:31:32"
15839;"2025-06-01";221;68;10501;51;10620;52;354;37;443;93;4566;571;5230;14;64;119;197;227;15485;778;16490;"2025-09-25 11:31:32"
15840;"2025-06-01";222;214;145076;2433;147723;175;3097;1046;4318;250;26599;2390;29239;32;528;435;995;671;175300;6304;182275;"2025-09-25 11:31:32"
15841;"2025-06-01";223;70;25236;192;25498;76;976;105;1157;95;10287;420;10802;11;146;67;224;252;36645;784;37681;"2025-09-25 11:31:32"
15842;"2025-06-01";224;153;90351;1336;91840;66;1822;474;2362;138;10290;1003;11431;15;161;151;327;372;102624;2964;105960;"2025-09-25 11:31:32"
15843;"2025-06-01";225;71;97545;5655;103271;34;1749;406;2189;55;10776;1561;12392;4;223;234;461;164;110293;7856;118313;"2025-09-25 11:31:32"
15844;"2025-06-01";226;239;148907;18895;168041;220;1939;876;3035;140;10348;977;11465;15;235;191;441;614;161429;20939;182982;"2025-09-25 11:31:32"
15845;"2025-06-01";227;263;116308;49366;165937;173;2158;402;2733;127;16961;1466;18554;18;321;352;691;581;135748;51586;187915;"2025-09-25 11:31:32"
15846;"2025-06-01";228;94;87718;720;88532;36;1817;157;2010;92;7720;1057;8869;12;278;297;587;234;97533;2231;99998;"2025-09-25 11:31:32"
15847;"2025-06-01";229;103;43234;673;44010;84;1556;245;1885;122;8705;355;9182;14;181;71;266;323;53676;1344;55343;"2025-09-25 11:31:32"
15848;"2025-06-01";230;61;16312;92;16465;72;507;45;624;113;7814;170;8097;10;94;84;188;256;24727;391;25374;"2025-09-25 11:31:32"
15849;"2025-06-01";231;83;33228;22116;55427;54;986;303;1343;84;10178;549;10811;7;183;230;420;228;44575;23198;68001;"2025-09-25 11:31:32"
15850;"2025-06-01";232;62;13892;17760;31714;53;471;159;683;109;6550;146;6805;14;172;32;218;238;21085;18097;39420;"2025-09-25 11:31:32"
15851;"2025-06-01";233;89;15842;154;16085;57;581;77;715;140;8179;395;8714;15;93;70;178;301;24695;696;25692;"2025-09-25 11:31:32"
15853;"2025-06-01";235;252;77585;933;78770;140;2750;145;3035;339;26834;679;27852;44;261;143;448;775;107430;1900;110105;"2025-09-25 11:31:32"
15854;"2025-06-01";236;618;253711;273262;527591;361;6806;6229;13396;712;59178;3708;63598;39;1121;573;1733;1730;320816;283772;606318;"2025-09-25 11:31:32"
15856;"2025-06-01";238;183;94825;2337;97345;138;2382;503;3023;269;17970;1425;19664;38;427;407;872;628;115604;4672;120904;"2025-09-25 11:31:32"
15858;"2025-06-01";240;120;39980;731;40831;82;1140;164;1386;125;6852;521;7498;11;181;211;403;338;48153;1627;50118;"2025-09-25 11:31:32"
15859;"2025-06-01";241;122;26531;458;27111;98;763;120;981;183;6736;186;7105;10;154;47;211;413;34184;811;35408;"2025-09-25 11:31:32"
15860;"2025-06-01";242;119;34225;852;35196;89;1021;133;1243;112;5278;313;5703;8;153;89;250;328;40677;1387;42392;"2025-09-25 11:31:32"
15861;"2025-06-01";243;58;8936;62;9056;56;286;30;372;106;3357;56;3519;10;52;20;82;230;12631;168;13029;"2025-09-25 11:31:32"
15862;"2025-06-01";244;47;12642;168;12857;41;384;27;452;125;4120;68;4313;12;88;21;121;225;17234;284;17743;"2025-09-25 11:31:32"
15863;"2025-06-01";245;133;15161;152;15446;79;608;56;743;125;6186;137;6448;13;122;53;188;350;22077;398;22825;"2025-09-25 11:31:32"
15864;"2025-06-01";246;225;163452;2526;166203;162;4066;509;4737;234;26517;2332;29083;25;736;369;1130;646;194771;5736;201153;"2025-09-25 11:31:32"
15865;"2025-06-01";247;61;14671;88;14820;56;439;57;552;123;4992;114;5229;10;88;31;129;250;20190;290;20730;"2025-09-25 11:31:32"
15866;"2025-06-01";248;118;14290;229;14637;100;527;77;704;155;6123;161;6439;22;111;35;168;395;21051;502;21948;"2025-09-25 11:31:32"
15867;"2025-06-01";249;58;17123;205;17386;72;629;56;757;141;6988;147;7276;16;93;22;131;287;24833;430;25550;"2025-09-25 11:31:32"
15868;"2025-06-01";250;337;122450;2407;125194;295;2968;615;3878;273;18474;2762;21509;29;535;404;968;934;144427;6188;151549;"2025-09-25 11:31:32"
15869;"2025-06-01";251;73;16245;364;16682;59;582;122;763;122;3327;137;3586;15;125;48;188;269;20279;671;21219;"2025-09-25 11:31:32"
15870;"2025-06-01";252;109;17789;223;18121;79;719;73;871;120;8607;142;8869;22;95;48;165;330;27210;486;28026;"2025-09-25 11:31:32"
15871;"2025-06-01";253;139;28432;259;28830;115;1146;274;1535;183;11726;457;12366;22;176;67;265;459;41480;1057;42996;"2025-09-25 11:31:32"
15872;"2025-06-01";254;59;9948;56;10063;64;279;43;386;100;3307;48;3455;10;58;23;91;233;13592;170;13995;"2025-09-25 11:31:32"
15873;"2025-06-01";255;91;19679;553;20323;62;789;82;933;122;8653;269;9044;14;136;48;198;289;29257;952;30498;"2025-09-25 11:31:32"
15875;"2025-06-01";257;107;20431;166;20704;64;1249;93;1406;158;10656;283;11097;14;116;46;176;343;32452;588;33383;"2025-09-25 11:31:32"
15876;"2025-06-01";258;219;117362;1962;119543;126;2858;518;3502;211;19212;3267;22690;22;515;715;1252;578;139947;6462;146987;"2025-09-25 11:31:32"
15877;"2025-06-01";259;119;35219;506;35844;62;1459;147;1668;142;13805;1034;14981;8;262;156;426;331;50745;1843;52919;"2025-09-25 11:31:32"
15878;"2025-06-01";260;137;29957;398;30492;106;1109;168;1383;177;12480;455;13112;20;192;69;281;440;43738;1090;45268;"2025-09-25 11:31:32"
15879;"2025-06-01";261;73;9045;55;9173;40;454;58;552;99;4418;248;4765;7;47;37;91;219;13964;398;14581;"2025-09-25 11:31:32"
15880;"2025-06-01";262;98;19132;178;19408;66;779;116;961;140;8664;269;9073;12;109;54;175;316;28684;617;29617;"2025-09-25 11:31:32"
15881;"2025-06-01";263;73;10615;123;10811;59;372;25;456;99;5259;64;5422;10;44;22;76;241;16290;234;16765;"2025-09-25 11:31:32"
15882;"2025-06-01";264;116;47892;223;48231;120;1565;420;2105;209;12426;2357;14992;28;272;223;523;473;62155;3223;65851;"2025-09-25 11:31:32"
15883;"2025-06-01";265;197;116159;1787;118143;146;3684;485;4315;214;24317;3103;27634;17;458;424;899;574;144618;5799;150991;"2025-09-25 11:31:32"
15884;"2025-06-01";266;84;9823;60;9967;60;405;70;535;120;4927;272;5319;8;63;24;95;272;15218;426;15916;"2025-09-25 11:31:32"
15885;"2025-06-01";267;75;7943;32;8050;41;334;21;396;113;4452;88;4653;6;51;20;77;235;12780;161;13176;"2025-09-25 11:31:32"
15886;"2025-06-01";268;161;150956;3005;154122;106;3247;908;4261;153;18892;2624;21669;14;572;408;994;434;173667;6945;181046;"2025-09-25 11:31:32"
15887;"2025-06-01";269;340;137035;2003;139378;227;2920;537;3684;209;15765;1528;17502;23;362;253;638;799;156082;4321;161202;"2025-09-25 11:31:32"
15888;"2025-06-01";270;110;41544;1476;43130;113;1489;196;1798;164;14899;898;15961;8;256;122;386;395;58188;2692;61275;"2025-09-25 11:31:32"
15889;"2025-06-01";271;111;9831;91;10033;53;394;95;542;111;5059;107;5277;15;57;16;88;290;15341;309;15940;"2025-09-25 11:31:32"
15891;"2025-07-01";1;159;218484;13640;232283;62;3773;538;4373;194;13425;2203;15822;18;380;155;553;433;236062;16536;253031;"2025-09-25 11:31:40"
15892;"2025-07-01";2;111;144894;5022;150027;42;3159;617;3818;153;11905;2609;14667;8;262;212;482;314;160220;8460;168994;"2025-09-25 11:31:40"
15893;"2025-07-01";3;118;59783;2108;62009;67;1963;716;2746;129;6586;1260;7975;16;146;113;275;330;68478;4197;73005;"2025-09-25 11:31:40"
15894;"2025-07-01";4;126;70856;1938;72920;86;1540;336;1962;132;16136;2820;19088;10;430;650;1090;354;88962;5744;95060;"2025-09-25 11:31:40"
15895;"2025-07-01";5;89;98715;3039;101843;45;2742;354;3141;145;8740;2214;11099;12;203;164;379;291;110400;5771;116462;"2025-09-25 11:31:40"
15896;"2025-07-01";6;87;80391;2978;83456;44;1926;332;2302;165;8691;1514;10370;10;126;95;231;306;91134;4919;96359;"2025-09-25 11:31:40"
15897;"2025-07-01";7;112;114529;8807;123448;60;3589;562;4211;126;13472;2576;16174;7;323;164;494;305;131913;12109;144327;"2025-09-25 11:31:40"
15898;"2025-07-01";8;58;71433;2685;74176;34;2367;435;2836;78;10383;2200;12661;12;199;96;307;182;84382;5416;89980;"2025-09-25 11:31:40"
15899;"2025-07-01";9;81;128376;5567;134024;51;3001;749;3801;170;9487;2124;11781;11;279;253;543;313;141143;8693;150149;"2025-09-25 11:31:40"
15900;"2025-07-01";10;92;75996;4520;80608;50;2086;563;2699;123;7803;2041;9967;12;199;154;365;277;86084;7278;93639;"2025-09-25 11:31:40"
15901;"2025-07-01";11;107;86561;2743;89411;59;2371;128;2558;136;9583;2245;11964;11;205;101;317;313;98720;5217;104250;"2025-09-25 11:31:40"
15902;"2025-07-01";12;117;94303;1255;95675;44;2012;127;2183;141;6256;1138;7535;16;140;171;327;318;102711;2691;105720;"2025-09-25 11:31:40"
15903;"2025-07-01";13;99;101265;4217;105581;55;2336;622;3013;173;9063;2627;11863;22;259;463;744;349;112923;7929;121201;"2025-09-25 11:31:40"
15904;"2025-07-01";14;212;77197;3413;80822;99;1874;400;2373;136;5642;1743;7521;6;151;109;266;453;84864;5665;90982;"2025-09-25 11:31:40"
15905;"2025-07-01";15;224;153911;3087;157222;129;2775;644;3548;182;10352;4124;14658;16;277;203;496;551;167315;8058;175924;"2025-09-25 11:31:40"
15906;"2025-07-01";16;135;82147;8586;90868;50;1668;931;2649;180;8051;1906;10137;17;205;126;348;382;92071;11549;104002;"2025-09-25 11:31:40"
15907;"2025-07-01";17;93;106307;2006;108406;45;2566;1095;3706;146;8237;1679;10062;8;212;98;318;292;117322;4878;122492;"2025-09-25 11:31:40"
15908;"2025-07-01";18;129;205771;7634;213534;105;3760;1568;5433;160;16886;4736;21782;19;415;394;828;413;226832;14332;241577;"2025-09-25 11:31:40"
15909;"2025-07-01";19;130;126512;4830;131472;63;2837;737;3637;145;10637;2936;13718;8;272;436;716;346;140258;8939;149543;"2025-09-25 11:31:40"
15910;"2025-07-01";20;126;118049;2745;120920;61;3361;196;3618;170;12580;4393;17143;18;461;640;1119;375;134451;7974;142800;"2025-09-25 11:31:40"
15911;"2025-07-01";21;261;63038;1121;64420;122;1652;75;1849;150;4869;1056;6075;13;153;32;198;546;69712;2284;72542;"2025-09-25 11:31:40"
15912;"2025-07-01";22;100;113803;4158;118061;45;2733;752;3530;136;9600;2024;11760;17;203;180;400;298;126339;7114;133751;"2025-09-25 11:31:40"
15913;"2025-07-01";23;1709;39067;244;41020;1480;1308;251;3039;333;3538;1590;5461;102;98;103;303;3624;44011;2188;49823;"2025-09-25 11:31:40"
15914;"2025-07-01";63;150;91341;1137;92628;110;1762;293;2165;90;9810;954;10854;6;244;283;533;356;103157;2667;106180;"2025-09-25 11:31:40"
15915;"2025-07-01";25;80;91320;5935;97335;32;2748;588;3368;123;11209;2763;14095;14;243;318;575;249;105520;9604;115373;"2025-09-25 11:31:40"
15916;"2025-07-01";146;2033;763589;11265;776887;1396;22232;3866;27494;2329;175360;16631;194320;212;3406;2589;6207;5970;964587;34351;1004908;"2025-09-25 11:31:40"
15918;"2025-07-01";28;100;64495;2424;67019;66;1908;939;2913;103;9270;3081;12454;13;205;632;850;282;75878;7076;83236;"2025-09-25 11:31:40"
15919;"2025-07-01";29;82;75707;866;76655;49;1905;541;2495;122;10697;1215;12034;13;266;211;490;266;88575;2833;91674;"2025-09-25 11:31:40"
15920;"2025-07-01";77;305;140150;2804;143259;223;2535;572;3330;242;15942;3282;19466;20;377;615;1012;790;159004;7273;167067;"2025-09-25 11:31:40"
15921;"2025-07-01";57;71;58800;758;59629;44;1132;146;1322;75;4686;334;5095;7;157;60;224;197;64775;1298;66270;"2025-09-25 11:31:40"
15922;"2025-07-01";32;72;88500;1695;90267;27;1812;357;2196;64;9811;1565;11440;1;218;274;493;164;100341;3891;104396;"2025-09-25 11:31:40"
15923;"2025-07-01";33;130;123753;31157;155040;63;2537;572;3172;171;12913;2498;15582;10;209;558;777;374;139412;34785;174571;"2025-09-25 11:31:40"
15924;"2025-07-01";79;88;111285;1510;112883;39;1933;308;2280;91;11168;1627;12886;9;278;333;620;227;124664;3778;128669;"2025-09-25 11:31:40"
15925;"2025-07-01";35;102;66182;2241;68525;57;1970;210;2237;100;13938;2356;16394;8;236;326;570;267;82326;5133;87726;"2025-09-25 11:31:40"
15926;"2025-07-01";36;114;92413;3495;96022;53;2508;342;2903;102;12607;2006;14715;9;226;287;522;278;107754;6130;114162;"2025-09-25 11:31:40"
15927;"2025-07-01";60;311;188080;25083;213474;317;3796;459;4572;200;18364;2418;20982;28;527;482;1037;856;210767;28442;240065;"2025-09-25 11:31:40"
15928;"2025-07-01";38;51;56648;68656;125355;29;1354;756;2139;81;5271;1275;6627;11;151;367;529;172;63424;71054;134650;"2025-09-25 11:31:40"
15929;"2025-07-01";39;375;114822;24568;139765;499;1619;731;2849;182;8795;2341;11318;27;207;716;950;1083;125443;28356;154882;"2025-09-25 11:31:40"
15930;"2025-07-01";40;87;26306;1225;27618;51;902;323;1276;84;3972;384;4440;9;54;56;119;231;31234;1988;33453;"2025-09-25 11:31:40"
15932;"2025-07-01";42;138;143060;2058;145256;60;2723;231;3014;124;12311;2231;14666;9;337;486;832;331;158431;5006;163768;"2025-09-25 11:31:40"
15934;"2025-07-01";44;0;19;2;21;0;4;0;4;0;16;3;19;0;0;0;0;0;39;5;44;"2025-09-25 11:31:40"
15936;"2025-07-01";46;192;238545;15529;254266;113;4394;753;5260;178;28643;5390;34211;14;634;606;1254;497;272216;22278;294991;"2025-09-25 11:31:40"
15937;"2025-07-01";47;120;117908;1521;119549;118;2738;502;3358;288;19464;2897;22649;65;423;295;783;591;140533;5215;146339;"2025-09-25 11:31:40"
15941;"2025-07-01";51;190;196214;2773;199177;193;2858;611;3662;210;15289;1386;16885;12;495;173;680;605;214856;4943;220404;"2025-09-25 11:31:40"
15944;"2025-07-01";54;145;28040;3796;31981;53;1077;279;1409;156;10726;768;11650;11;246;86;343;365;40089;4929;45383;"2025-09-25 11:31:40"
15945;"2025-07-01";55;108;94973;125345;220426;61;2932;1756;4749;108;26012;2872;28992;20;450;344;814;297;124367;130317;254981;"2025-09-25 11:31:40"
15946;"2025-07-01";56;369;223066;17046;240481;467;4632;792;5891;171;27959;3615;31745;25;588;487;1100;1032;256245;21940;279217;"2025-09-25 11:31:40"
15948;"2025-07-01";58;190;145519;13379;159088;101;3863;74;4038;142;16797;5233;22172;18;449;855;1322;451;166628;19541;186620;"2025-09-25 11:31:40"
15949;"2025-07-01";59;149;201154;32458;233761;81;4141;1035;5257;101;19798;3114;23013;8;479;305;792;339;225572;36912;262823;"2025-09-25 11:31:40"
15951;"2025-07-01";61;160;212785;5587;218532;88;2984;714;3786;139;12286;3641;16066;13;434;541;988;400;228489;10483;239372;"2025-09-25 11:31:40"
15952;"2025-07-01";62;74;8779;21028;29881;53;509;442;1004;125;4029;57;4211;3;55;13;71;255;13372;21540;35167;"2025-09-25 11:31:40"
15955;"2025-07-01";65;234;175765;3997;179996;146;3991;382;4519;201;26283;8065;34549;30;767;949;1746;611;206806;13393;220810;"2025-09-25 11:31:40"
15961;"2025-07-01";71;86;72381;1879;74346;45;1911;547;2503;110;13373;3891;17374;9;365;434;808;250;88030;6751;95031;"2025-09-25 11:31:40"
15964;"2025-07-01";74;123;177635;2531;180289;96;2940;368;3404;456;15250;2445;18151;26;641;298;965;701;196466;5642;202809;"2025-09-25 11:31:40"
15970;"2025-07-01";80;157;110546;1126;111829;97;2480;681;3258;166;20946;4258;25370;14;453;1012;1479;434;134425;7077;141936;"2025-09-25 11:31:40"
15973;"2025-07-01";83;367;180165;1691;182223;242;3015;644;3901;264;14870;1957;17091;83;643;180;906;956;198693;4472;204121;"2025-09-25 11:31:40"
15975;"2025-07-01";85;151;25772;156;26079;83;1044;154;1281;155;6600;215;6970;24;138;46;208;413;33554;571;34538;"2025-09-25 11:31:40"
15976;"2025-07-01";86;325;174207;1745;176277;153;3785;443;4381;199;18718;2723;21640;21;472;265;758;698;197182;5176;203056;"2025-09-25 11:31:40"
15977;"2025-07-01";87;109;115520;3575;119204;80;2257;612;2949;78;13019;2101;15198;12;373;157;542;279;131169;6445;137893;"2025-09-25 11:31:40"
15978;"2025-07-01";88;72;104816;2242;107130;22;1941;572;2535;38;9012;1517;10567;1;229;133;363;133;115998;4464;120595;"2025-09-25 11:31:40"
15979;"2025-07-01";89;480;29649;315;30444;103;499;43;645;129;1947;472;2548;15;84;11;110;727;32179;841;33747;"2025-09-25 11:31:40"
15980;"2025-07-01";90;141;93114;1648;94903;65;2170;407;2642;110;10087;2369;12566;11;236;200;447;327;105607;4624;110558;"2025-09-25 11:31:40"
15981;"2025-07-01";91;213;174030;1000;175243;90;4480;2279;6849;132;30235;5592;35959;17;739;349;1105;452;209484;9220;219156;"2025-09-25 11:31:40"
15982;"2025-07-01";92;96;61740;1154;62990;76;1418;283;1777;100;8237;1418;9755;14;195;144;353;286;71590;2999;74875;"2025-09-25 11:31:40"
15983;"2025-07-01";93;133;86728;825;87686;72;1895;174;2141;91;8791;3793;12675;10;183;245;438;306;97597;5037;102940;"2025-09-25 11:31:40"
15984;"2025-07-01";94;259;203881;2917;207057;112;4682;1681;6475;206;30668;4603;35477;9;724;690;1423;586;239955;9891;250432;"2025-09-25 11:31:40"
15985;"2025-07-01";95;383;270803;2197;273383;197;6622;1035;7854;220;42305;6689;49214;28;1134;500;1662;828;320864;10421;332113;"2025-09-25 11:31:40"
15986;"2025-07-01";96;100;32095;673;32868;45;1160;73;1278;82;5302;694;6078;11;117;54;182;238;38674;1494;40406;"2025-09-25 11:31:40"
15987;"2025-07-01";97;5;102;1;108;0;38;10;48;0;128;7;135;0;0;1;1;5;268;19;292;"2025-09-25 11:31:40"
15988;"2025-07-01";98;49;73245;1642;74936;19;1971;115;2105;35;8114;1280;9429;1;170;173;344;104;83500;3210;86814;"2025-09-25 11:31:40"
15989;"2025-07-01";99;38;51805;973;52816;31;1768;446;2245;32;9597;1762;11391;4;196;170;370;105;63366;3351;66822;"2025-09-25 11:31:40"
15990;"2025-07-01";100;196;128355;2783;131334;147;3278;563;3988;157;15395;3320;18872;24;369;201;594;524;147397;6867;154788;"2025-09-25 11:31:40"
15991;"2025-07-01";101;203;179122;3867;183192;57;2272;1402;3731;106;7437;1988;9531;9;358;168;535;375;189189;7425;196989;"2025-09-25 11:31:40"
15992;"2025-07-01";102;163;72166;1549;73878;57;1942;200;2199;79;7346;1555;8980;3;168;161;332;302;81622;3465;85389;"2025-09-25 11:31:40"
15993;"2025-07-01";103;217;63336;2063;65616;58;1955;308;2321;98;8621;1592;10311;20;184;166;370;393;74096;4129;78618;"2025-09-25 11:31:40"
15994;"2025-07-01";104;111;186270;5177;191558;168;4488;1515;6171;161;19736;3152;23049;21;632;545;1198;461;211126;10389;221976;"2025-09-25 11:31:40"
15995;"2025-07-01";105;275;145231;1847;147353;107;1929;141;2177;66;6642;1423;8131;2;269;127;398;450;154071;3538;158059;"2025-09-25 11:31:40"
15996;"2025-07-01";106;285;98526;1036;99847;147;2570;484;3201;102;8151;2127;10380;17;252;123;392;551;109499;3770;113820;"2025-09-25 11:31:40"
15997;"2025-07-01";107;145;72207;1380;73732;68;2244;74;2386;90;6321;2014;8425;16;171;104;291;319;80943;3572;84834;"2025-09-25 11:31:40"
15998;"2025-07-01";108;174;227911;1808;229893;108;5944;457;6509;151;37103;6435;43689;23;755;510;1288;456;271713;9210;281379;"2025-09-25 11:31:40"
15999;"2025-07-01";109;216;137833;5761;143810;148;4623;1146;5917;223;22820;4047;27090;12;452;325;789;599;165728;11279;177606;"2025-09-25 11:31:40"
16000;"2025-07-01";110;84;122077;2127;124288;40;3633;638;4311;34;18072;2695;20801;3;471;370;844;161;144253;5830;150244;"2025-09-25 11:31:40"
16001;"2025-07-01";111;178;97112;753;98043;95;2903;566;3564;132;19675;3307;23114;16;950;300;1266;421;120640;4926;125987;"2025-09-25 11:31:40"
16002;"2025-07-01";112;159;120085;2243;122487;113;1973;574;2660;131;9740;3785;13656;10;346;170;526;413;132144;6772;139329;"2025-09-25 11:31:40"
16003;"2025-07-01";113;91;76875;1356;78322;29;2032;923;2984;42;9069;1584;10695;0;203;128;331;162;88179;3991;92332;"2025-09-25 11:31:40"
16004;"2025-07-01";114;188;120838;698;121724;88;3548;523;4159;170;20085;3053;23308;14;541;260;815;460;145012;4534;150006;"2025-09-25 11:31:40"
16005;"2025-07-01";115;247;54362;425;55034;96;1585;518;2199;263;12103;900;13266;11;293;83;387;617;68343;1926;70886;"2025-09-25 11:31:40"
16006;"2025-07-01";116;190;54084;364;54638;88;1923;643;2654;202;14272;6490;20964;9;343;338;690;489;70622;7835;78946;"2025-09-25 11:31:40"
16007;"2025-07-01";117;92;17913;391;18396;71;685;258;1014;157;6364;4084;10605;7;137;487;631;327;25099;5220;30646;"2025-09-25 11:31:40"
16008;"2025-07-01";118;99;111427;1286;112812;63;2638;562;3263;65;10673;2703;13441;10;341;184;535;237;125079;4735;130051;"2025-09-25 11:31:40"
16009;"2025-07-01";119;49;187366;3415;190830;42;3173;785;4000;48;11391;3746;15185;12;522;385;919;151;202452;8331;210934;"2025-09-25 11:31:40"
16010;"2025-07-01";120;27;144843;870;145740;16;1702;81;1799;22;4726;1415;6163;0;239;46;285;65;151510;2412;153987;"2025-09-25 11:31:40"
16011;"2025-07-01";121;406;129129;1707;131242;167;3722;1534;5423;238;21851;4815;26904;19;743;436;1198;830;155445;8492;164767;"2025-09-25 11:31:40"
16012;"2025-07-01";122;121;60429;415;60965;95;1163;193;1451;85;5654;2033;7772;8;157;297;462;309;67403;2938;70650;"2025-09-25 11:31:40"
16013;"2025-07-01";123;294;153543;1988;155825;256;4204;433;4893;197;17700;3113;21010;29;544;272;845;776;175991;5806;182573;"2025-09-25 11:31:40"
16014;"2025-07-01";124;216;104276;887;105379;87;3141;863;4091;142;18983;4275;23400;15;495;564;1074;460;126895;6589;133944;"2025-09-25 11:31:40"
16015;"2025-07-01";125;286;219936;2749;222971;95;5195;2643;7933;172;31299;6444;37915;22;721;306;1049;575;257151;12142;269868;"2025-09-25 11:31:40"
16016;"2025-07-01";126;382;294904;3734;299020;159;7208;2151;9518;263;36103;7721;44087;23;1033;981;2037;827;339248;14587;354662;"2025-09-25 11:31:40"
16017;"2025-07-01";127;196;67112;5767;73075;77;2570;773;3420;160;20814;2394;23368;17;365;367;749;450;90861;9301;100612;"2025-09-25 11:31:40"
16018;"2025-07-01";128;205;123224;1005;124434;87;2325;356;2768;151;15209;2360;17720;12;341;158;511;455;141099;3879;145433;"2025-09-25 11:31:40"
16019;"2025-07-01";129;405;467586;2680;470671;228;9601;2823;12652;290;64886;8464;73640;74;1724;714;2512;997;543797;14681;559475;"2025-09-25 11:31:40"
16021;"2025-07-01";131;81;15542;135;15758;56;727;57;840;81;7950;256;8287;13;109;30;152;231;24328;478;25037;"2025-09-25 11:31:40"
16022;"2025-07-01";132;69;11166;103;11338;52;441;81;574;119;4836;377;5332;4;89;226;319;244;16532;787;17563;"2025-09-25 11:31:40"
16023;"2025-07-01";133;71;12429;116;12616;58;572;88;718;114;6430;453;6997;17;73;45;135;260;19504;702;20466;"2025-09-25 11:31:40"
16024;"2025-07-01";134;103;17585;113;17801;60;650;93;803;116;8215;174;8505;14;93;38;145;293;26543;418;27254;"2025-09-25 11:31:40"
16025;"2025-07-01";135;78;20643;174;20895;58;784;88;930;86;8011;691;8788;11;149;99;259;233;29587;1052;30872;"2025-09-25 11:31:40"
16026;"2025-07-01";136;85;49677;313;50075;68;2031;207;2306;113;13814;1504;15431;15;256;142;413;281;65778;2166;68225;"2025-09-25 11:31:40"
16027;"2025-07-01";137;109;55392;714;56215;82;1587;179;1848;158;13600;1674;15432;13;356;877;1246;362;70935;3444;74741;"2025-09-25 11:31:40"
16028;"2025-07-01";138;35;17576;155;17766;26;519;37;582;32;3212;586;3830;8;75;47;130;101;21382;825;22308;"2025-09-25 11:31:40"
16029;"2025-07-01";139;74;45829;286;46189;65;1395;88;1548;86;9269;1115;10470;7;257;81;345;232;56750;1570;58552;"2025-09-25 11:31:40"
16030;"2025-07-01";140;1;8;0;9;0;2;0;2;0;8;0;8;0;0;0;0;1;18;0;19;"2025-09-25 11:31:40"
16031;"2025-07-01";141;209;88293;1100;89602;112;2019;370;2501;182;11977;1161;13320;18;387;267;672;521;102676;2898;106095;"2025-09-25 11:31:40"
16032;"2025-07-01";142;61;81368;1473;82902;129;1910;831;2870;63;10518;1848;12429;5;323;228;556;258;94119;4380;98757;"2025-09-25 11:31:40"
16033;"2025-07-01";143;181;92474;2718;95373;117;2266;547;2930;131;14450;2110;16691;7;419;198;624;436;109609;5573;115618;"2025-09-25 11:31:40"
16034;"2025-07-01";144;132;135203;3969;139304;104;2855;734;3693;136;15861;2523;18520;14;578;373;965;386;154497;7599;162482;"2025-09-25 11:31:40"
16035;"2025-07-01";145;205;96402;1478;98085;144;2732;415;3291;260;19854;1814;21928;32;474;290;796;641;119462;3997;124100;"2025-09-25 11:31:40"
16037;"2025-07-01";147;78;23487;64;23629;38;543;104;685;55;2260;438;2753;9;91;35;135;180;26381;641;27202;"2025-09-25 11:31:40"
16038;"2025-07-01";148;237;42726;1237;44200;123;1474;383;1980;254;12756;690;13700;26;220;128;374;640;57176;2438;60254;"2025-09-25 11:31:40"
16039;"2025-07-01";149;75;20901;2458;23434;40;949;199;1188;93;8616;579;9288;10;131;74;215;218;30597;3310;34125;"2025-09-25 11:31:40"
16040;"2025-07-01";150;151;46078;880;47109;88;1954;332;2374;143;15283;1086;16512;30;230;96;356;412;63545;2394;66351;"2025-09-25 11:31:40"
16041;"2025-07-01";151;148;87837;828;88813;78;2295;352;2725;185;19430;2346;21961;16;505;814;1335;427;110067;4340;114834;"2025-09-25 11:31:40"
16042;"2025-07-01";152;138;40437;553;41128;73;1353;175;1601;186;12792;518;13496;35;201;125;361;432;54783;1371;56586;"2025-09-25 11:31:40"
16043;"2025-07-01";153;99;23255;181;23535;70;1056;318;1444;163;11247;397;11807;13;105;56;174;345;35663;952;36960;"2025-09-25 11:31:40"
16044;"2025-07-01";154;186;82263;946;83395;86;2342;488;2916;163;19112;1877;21152;24;428;440;892;459;104145;3751;108355;"2025-09-25 11:31:40"
16045;"2025-07-01";155;78;19748;145;19971;39;672;109;820;105;7686;435;8226;18;93;87;198;240;28199;776;29215;"2025-09-25 11:31:40"
16046;"2025-07-01";156;207;177536;1973;179716;132;4411;513;5056;181;24289;3752;28222;50;748;373;1171;570;206984;6611;214165;"2025-09-25 11:31:40"
16047;"2025-07-01";157;160;35710;276;36146;114;1340;314;1768;180;11487;733;12400;14;218;130;362;468;48755;1453;50676;"2025-09-25 11:31:40"
16048;"2025-07-01";158;103;120946;1828;122877;62;3569;688;4319;128;19467;2914;22509;10;620;390;1020;303;144602;5820;150725;"2025-09-25 11:31:40"
16049;"2025-07-01";159;167;185502;1672;187341;154;4177;865;5196;228;20954;2656;23838;23;615;309;947;572;211248;5502;217322;"2025-09-25 11:31:40"
16050;"2025-07-01";160;82;11550;66;11698;58;423;61;542;126;6034;519;6679;17;72;64;153;283;18079;710;19072;"2025-09-25 11:31:40"
16051;"2025-07-01";161;87;24923;189;25199;47;956;113;1116;196;10810;250;11256;19;145;49;213;349;36834;601;37784;"2025-09-25 11:31:40"
16052;"2025-07-01";162;165;44388;388;44941;93;1349;207;1649;140;12343;774;13257;22;238;131;391;420;58318;1500;60238;"2025-09-25 11:31:40"
16054;"2025-07-01";164;89;12586;158;12833;65;455;75;595;101;6576;759;7436;12;89;42;143;267;19706;1034;21007;"2025-09-25 11:31:40"
16055;"2025-07-01";165;108;21462;166;21736;78;979;92;1149;140;12746;261;13147;12;137;38;187;338;35324;557;36219;"2025-09-25 11:31:40"
16056;"2025-07-01";166;70;10911;110;11091;40;398;57;495;72;5058;392;5522;6;58;67;131;188;16425;626;17239;"2025-09-25 11:31:40"
16057;"2025-07-01";167;95;79696;650;80441;71;2070;286;2427;90;14654;3449;18193;15;558;1678;2251;271;96978;6063;103312;"2025-09-25 11:31:40"
16058;"2025-07-01";168;58;9396;162;9616;42;373;53;468;76;3944;156;4176;4;69;16;89;180;13782;387;14349;"2025-09-25 11:31:40"
16059;"2025-07-01";169;145;54001;742;54888;120;1814;371;2305;216;15592;1718;17526;21;381;274;676;502;71788;3105;75395;"2025-09-25 11:31:40"
16060;"2025-07-01";170;80;20518;350;20948;50;733;279;1062;76;7905;1049;9030;12;136;151;299;218;29292;1829;31339;"2025-09-25 11:31:40"
16061;"2025-07-01";171;127;82416;2265;84808;119;2473;415;3007;152;12734;2276;15162;10;347;339;696;408;97970;5295;103673;"2025-09-25 11:31:40"
16062;"2025-07-01";172;267;42784;160;43211;203;1409;73;1685;164;11999;883;13046;17;211;127;355;651;56403;1243;58297;"2025-09-25 11:31:40"
16063;"2025-07-01";173;78;14163;156;14397;51;712;69;832;104;7977;358;8439;15;102;55;172;248;22954;638;23840;"2025-09-25 11:31:40"
16064;"2025-07-01";174;182;125744;2013;127939;133;2826;597;3556;197;22588;2175;24960;21;485;936;1442;533;151643;5721;157897;"2025-09-25 11:31:40"
16065;"2025-07-01";175;120;14708;111323;126151;67;653;2321;3041;208;9522;381;10111;5;147;35;187;400;25030;114060;139490;"2025-09-25 11:31:40"
16066;"2025-07-01";176;204;113939;2316;116459;152;2972;731;3855;202;21456;3578;25236;17;438;836;1291;575;138805;7461;146841;"2025-09-25 11:31:40"
16067;"2025-07-01";177;80;22381;215;22676;44;763;98;905;113;8279;515;8907;7;123;55;185;244;31546;883;32673;"2025-09-25 11:31:40"
16068;"2025-07-01";178;94;24573;84;24751;67;1153;80;1300;120;11288;801;12209;9;192;142;343;290;37206;1107;38603;"2025-09-25 11:31:40"
16069;"2025-07-01";179;132;16380;162;16674;59;661;101;821;106;9695;204;10005;11;98;31;140;308;26834;498;27640;"2025-09-25 11:31:40"
16070;"2025-07-01";180;82;20046;172;20300;48;709;83;840;91;8309;896;9296;4;138;90;232;225;29202;1241;30668;"2025-09-25 11:31:40"
16071;"2025-07-01";181;90;13653;87;13830;75;530;46;651;107;7080;277;7464;8;67;31;106;280;21330;441;22051;"2025-09-25 11:31:40"
16072;"2025-07-01";182;79;11399;94;11572;48;501;60;609;100;6367;147;6614;9;67;24;100;236;18334;325;18895;"2025-09-25 11:31:40"
16073;"2025-07-01";183;72;12436;5591;18099;50;482;111;643;88;6626;198;6912;12;91;26;129;222;19635;5926;25783;"2025-09-25 11:31:40"
16074;"2025-07-01";184;113;24906;93552;118571;81;1571;879;2531;145;15588;232;15965;12;130;41;183;351;42195;94704;137250;"2025-09-25 11:31:40"
16075;"2025-07-01";185;99;26103;467;26669;51;885;838;1774;107;8048;557;8712;9;155;144;308;266;35191;2006;37463;"2025-09-25 11:31:40"
16077;"2025-07-01";187;146;120326;894;121366;99;2907;393;3399;129;22139;2769;25037;17;434;406;857;391;145806;4462;150659;"2025-09-25 11:31:40"
16078;"2025-07-01";188;216;120972;1638;122826;142;3589;524;4255;222;25857;1991;28070;16;573;376;965;596;150991;4529;156116;"2025-09-25 11:31:40"
16079;"2025-07-01";189;60;14557;36;14653;30;646;53;729;76;6530;690;7296;18;89;53;160;184;21822;832;22838;"2025-09-25 11:31:40"
16080;"2025-07-01";190;198;195218;2392;197808;107;4744;787;5638;225;25682;3585;29492;21;701;468;1190;551;226345;7232;234128;"2025-09-25 11:31:40"
16082;"2025-07-01";192;145;59498;573;60216;82;1915;270;2267;166;18000;1123;19289;17;252;192;461;410;79665;2158;82233;"2025-09-25 11:31:40"
16083;"2025-07-01";193;95;27358;383;27836;55;1159;116;1330;128;10341;279;10748;13;149;94;256;291;39007;872;40170;"2025-09-25 11:31:40"
16084;"2025-07-01";194;98;11184;45;11327;53;396;44;493;86;7067;86;7239;16;50;17;83;253;18697;192;19142;"2025-09-25 11:31:40"
16085;"2025-07-01";195;124;37417;380;37921;88;1556;265;1909;210;17376;1045;18631;18;224;175;417;440;56573;1865;58878;"2025-09-25 11:31:40"
16086;"2025-07-01";196;73;20368;119;20560;41;763;49;853;87;11404;965;12456;15;148;139;302;216;32683;1272;34171;"2025-09-25 11:31:40"
16087;"2025-07-01";197;303;65971;935;67209;244;2072;307;2623;259;19411;1230;20900;46;366;233;645;852;87820;2705;91377;"2025-09-25 11:31:40"
16088;"2025-07-01";198;73;13109;97;13279;49;594;56;699;123;6026;122;6271;17;84;30;131;262;19813;305;20380;"2025-09-25 11:31:40"
16089;"2025-07-01";199;64;6141;37;6242;36;271;27;334;73;3953;51;4077;8;40;6;54;181;10405;121;10707;"2025-09-25 11:31:40"
16090;"2025-07-01";200;127;41723;476;42326;78;1501;133;1712;145;14619;728;15492;26;245;157;428;376;58088;1494;59958;"2025-09-25 11:31:40"
16091;"2025-07-01";201;133;45177;364;45674;82;1671;232;1985;130;16295;1516;17941;18;245;361;624;363;63388;2473;66224;"2025-09-25 11:31:40"
16092;"2025-07-01";202;106;23465;170;23741;62;695;82;839;110;8677;206;8993;21;115;46;182;299;32952;504;33755;"2025-09-25 11:31:40"
16093;"2025-07-01";203;58;4416;299;4773;20;264;207;491;60;1452;27;1539;9;23;4;36;147;6155;537;6839;"2025-09-25 11:31:40"
16094;"2025-07-01";204;135;21038;110;21283;58;593;87;738;121;6629;120;6870;21;130;39;190;335;28390;356;29081;"2025-09-25 11:31:40"
16095;"2025-07-01";205;84;19810;89;19983;75;836;78;989;131;12290;891;13312;11;121;102;234;301;33057;1160;34518;"2025-09-25 11:31:40"
16096;"2025-07-01";206;77;17974;162;18213;44;619;51;714;91;7916;613;8620;16;99;190;305;228;26608;1016;27852;"2025-09-25 11:31:40"
16097;"2025-07-01";207;59;10179;39;10277;66;459;44;569;87;6081;115;6283;10;63;15;88;222;16782;213;17217;"2025-09-25 11:31:40"
16098;"2025-07-01";208;121;55734;271;56126;62;1735;334;2131;114;12732;1570;14416;14;275;301;590;311;70476;2476;73263;"2025-09-25 11:31:40"
16099;"2025-07-01";209;147;103671;1339;105157;84;2749;768;3601;215;17702;4165;22082;13;464;1732;2209;459;124586;8004;133049;"2025-09-25 11:31:40"
16100;"2025-07-01";210;162;131766;2116;134044;95;2797;299;3191;108;18083;1093;19284;27;455;298;780;392;153101;3806;157299;"2025-09-25 11:31:40"
16102;"2025-07-01";212;125;97132;1024;98281;83;2667;474;3224;154;12024;515;12693;15;328;168;511;377;112151;2181;114709;"2025-09-25 11:31:40"
16103;"2025-07-01";213;108;25137;183;25428;74;830;177;1081;104;9336;261;9701;15;88;176;279;301;35391;797;36489;"2025-09-25 11:31:40"
16104;"2025-07-01";214;53;11980;140;12173;47;421;36;504;102;3965;93;4160;6;62;28;96;208;16428;297;16933;"2025-09-25 11:31:40"
16105;"2025-07-01";215;262;249542;2231;252035;155;5850;624;6629;234;40968;4766;45968;41;839;612;1492;692;297199;8233;306124;"2025-09-25 11:31:40"
16106;"2025-07-01";216;101;14361;149;14611;54;503;106;663;137;6206;152;6495;8;67;27;102;300;21137;434;21871;"2025-09-25 11:31:40"
16107;"2025-07-01";217;108;44037;479;44624;93;1297;198;1588;104;13621;2587;16312;15;213;589;817;320;59168;3853;63341;"2025-09-25 11:31:40"
16108;"2025-07-01";218;99;49041;660;49800;81;1398;208;1687;131;10497;568;11196;18;190;115;323;329;61126;1551;63006;"2025-09-25 11:31:40"
16109;"2025-07-01";219;93;13906;56;14055;61;484;54;599;99;7204;477;7780;9;145;150;304;262;21739;737;22738;"2025-09-25 11:31:40"
16110;"2025-07-01";220;187;157499;1055;158741;88;3982;741;4811;151;22314;7230;29695;23;643;1513;2179;449;184438;10539;195426;"2025-09-25 11:31:40"
16111;"2025-07-01";221;68;10515;51;10634;52;355;38;445;93;4555;566;5214;14;66;120;200;227;15491;775;16493;"2025-09-25 11:31:40"
16112;"2025-07-01";222;215;145066;2642;147923;173;3093;1064;4330;251;26574;2405;29230;33;534;440;1007;672;175267;6551;182490;"2025-09-25 11:31:40"
16113;"2025-07-01";223;69;25233;193;25495;76;968;105;1149;94;10250;421;10765;11;146;68;225;250;36597;787;37634;"2025-09-25 11:31:40"
16114;"2025-07-01";224;153;90497;1325;91975;67;1806;473;2346;138;10280;1003;11421;15;163;149;327;373;102746;2950;106069;"2025-09-25 11:31:40"
16115;"2025-07-01";225;72;97338;5610;103020;34;1757;403;2194;54;10749;1553;12356;4;224;233;461;164;110068;7799;118031;"2025-09-25 11:31:40"
16116;"2025-07-01";226;246;148783;19303;168332;220;1955;865;3040;140;10347;971;11458;15;235;188;438;621;161320;21327;183268;"2025-09-25 11:31:40"
16117;"2025-07-01";227;267;116412;49692;166371;172;2116;399;2687;127;16992;1473;18592;18;324;352;694;584;135844;51916;188344;"2025-09-25 11:31:40"
16118;"2025-07-01";228;95;87698;722;88515;36;1818;155;2009;91;7761;1078;8930;12;277;301;590;234;97554;2256;100044;"2025-09-25 11:31:40"
16119;"2025-07-01";229;102;43274;671;44047;85;1541;244;1870;123;8715;354;9192;14;183;72;269;324;53713;1341;55378;"2025-09-25 11:31:40"
16120;"2025-07-01";230;61;16325;91;16477;72;508;46;626;113;7812;165;8090;10;92;83;185;256;24737;385;25378;"2025-09-25 11:31:40"
16121;"2025-07-01";231;83;33329;25014;58426;54;983;291;1328;84;10160;540;10784;7;178;229;414;228;44650;26074;70952;"2025-09-25 11:31:40"
16122;"2025-07-01";232;62;13905;17873;31840;53;468;161;682;109;6552;146;6807;14;162;33;209;238;21087;18213;39538;"2025-09-25 11:31:40"
16123;"2025-07-01";233;88;15852;152;16092;61;575;77;713;142;8201;394;8737;14;94;72;180;305;24722;695;25722;"2025-09-25 11:31:40"
16125;"2025-07-01";235;248;77586;930;78764;135;2730;145;3010;338;26840;676;27854;44;261;142;447;765;107417;1893;110075;"2025-09-25 11:31:40"
16126;"2025-07-01";236;620;253780;274599;528999;365;6759;6237;13361;710;59361;3717;63788;38;1133;571;1742;1733;321033;285124;607890;"2025-09-25 11:31:40"
16128;"2025-07-01";238;180;94856;2360;97396;138;2355;504;2997;268;17958;1418;19644;38;416;400;854;624;115585;4682;120891;"2025-09-25 11:31:40"
16130;"2025-07-01";240;118;40001;724;40843;82;1134;163;1379;125;6853;506;7484;11;184;194;389;336;48172;1587;50095;"2025-09-25 11:31:40"
16131;"2025-07-01";241;123;26569;456;27148;97;759;116;972;183;6731;187;7101;10;152;47;209;413;34211;806;35430;"2025-09-25 11:31:40"
16132;"2025-07-01";242;118;34283;846;35247;87;1018;130;1235;108;5279;315;5702;8;154;91;253;321;40734;1382;42437;"2025-09-25 11:31:40"
16133;"2025-07-01";243;57;8955;62;9074;54;283;30;367;110;3350;57;3517;10;52;20;82;231;12640;169;13040;"2025-09-25 11:31:40"
16134;"2025-07-01";244;44;12660;175;12879;40;381;27;448;126;4122;67;4315;12;89;21;122;222;17252;290;17764;"2025-09-25 11:31:40"
16135;"2025-07-01";245;132;15138;155;15425;79;604;59;742;126;6192;134;6452;13;122;55;190;350;22056;403;22809;"2025-09-25 11:31:40"
16136;"2025-07-01";246;229;163868;2535;166632;163;4055;511;4729;232;26479;2333;29044;26;736;367;1129;650;195138;5746;201534;"2025-09-25 11:31:40"
16137;"2025-07-01";247;60;14710;88;14858;53;434;60;547;124;5004;115;5243;10;88;32;130;247;20236;295;20778;"2025-09-25 11:31:40"
16138;"2025-07-01";248;116;14297;223;14636;99;514;78;691;156;6123;159;6438;23;116;34;173;394;21050;494;21938;"2025-09-25 11:31:40"
16139;"2025-07-01";249;58;17170;207;17435;71;624;55;750;140;6996;147;7283;16;93;22;131;285;24883;431;25599;"2025-09-25 11:31:40"
16140;"2025-07-01";250;352;122552;2393;125297;276;2959;614;3849;270;18490;2768;21528;29;534;407;970;927;144535;6182;151644;"2025-09-25 11:31:40"
16141;"2025-07-01";251;72;16246;363;16681;58;580;123;761;122;3320;137;3579;15;124;48;187;267;20270;671;21208;"2025-09-25 11:31:40"
16142;"2025-07-01";252;108;17801;226;18135;79;716;71;866;120;8609;142;8871;22;96;51;169;329;27222;490;28041;"2025-09-25 11:31:40"
16143;"2025-07-01";253;134;28455;255;28844;115;1137;272;1524;185;11713;459;12357;22;177;66;265;456;41482;1052;42990;"2025-09-25 11:31:40"
16144;"2025-07-01";254;59;9974;56;10089;64;275;43;382;99;3308;47;3454;10;60;24;94;232;13617;170;14019;"2025-09-25 11:31:40"
16145;"2025-07-01";255;93;19701;553;20347;64;789;82;935;123;8653;269;9045;14;138;48;200;294;29281;952;30527;"2025-09-25 11:31:40"
16147;"2025-07-01";257;112;20454;165;20731;66;1248;93;1407;158;10696;280;11134;14;118;47;179;350;32516;585;33451;"2025-09-25 11:31:40"
16148;"2025-07-01";258;217;117489;1961;119667;125;2844;516;3485;214;19233;3269;22716;22;517;716;1255;578;140083;6462;147123;"2025-09-25 11:31:40"
16149;"2025-07-01";259;125;35351;505;35981;65;1457;147;1669;148;13845;1040;15033;8;265;156;429;346;50918;1848;53112;"2025-09-25 11:31:40"
16150;"2025-07-01";260;136;29990;398;30524;108;1114;167;1389;175;12458;457;13090;20;192;70;282;439;43754;1092;45285;"2025-09-25 11:31:40"
16151;"2025-07-01";261;72;9058;56;9186;40;453;58;551;99;4412;249;4760;7;49;36;92;218;13972;399;14589;"2025-09-25 11:31:40"
16152;"2025-07-01";262;99;19143;178;19420;66;770;121;957;140;8671;269;9080;12;113;52;177;317;28697;620;29634;"2025-09-25 11:31:40"
16153;"2025-07-01";263;74;10627;130;10831;60;370;22;452;99;5272;64;5435;10;46;22;78;243;16315;238;16796;"2025-09-25 11:31:40"
16154;"2025-07-01";264;116;48062;226;48404;121;1552;431;2104;212;12451;2361;15024;28;275;222;525;477;62340;3240;66057;"2025-09-25 11:31:40"
16155;"2025-07-01";265;197;116269;1801;118267;144;3678;485;4307;215;24370;3098;27683;17;456;425;898;573;144773;5809;151155;"2025-09-25 11:31:40"
16156;"2025-07-01";266;83;9823;58;9964;62;403;70;535;121;4925;275;5321;8;64;24;96;274;15215;427;15916;"2025-09-25 11:31:40"
16157;"2025-07-01";267;75;7968;32;8075;44;333;21;398;113;4448;88;4649;6;53;22;81;238;12802;163;13203;"2025-09-25 11:31:40"
16158;"2025-07-01";268;168;150784;3017;153969;110;3226;906;4242;153;18856;2644;21653;14;572;408;994;445;173438;6975;180858;"2025-09-25 11:31:40"
16159;"2025-07-01";269;338;137109;1997;139444;222;2915;538;3675;209;15739;1532;17480;23;374;250;647;792;156137;4317;161246;"2025-09-25 11:31:40"
16160;"2025-07-01";270;111;41635;649;42395;110;1478;195;1783;162;14935;898;15995;8;257;123;388;391;58305;1865;60561;"2025-09-25 11:31:40"
16161;"2025-07-01";271;110;9827;92;10029;53;391;96;540;111;5049;107;5267;15;55;16;86;289;15322;311;15922;"2025-09-25 11:31:40"
16163;"2025-08-01";2;157;218389;13419;231965;62;3767;536;4365;194;13499;2206;15899;18;383;154;555;431;236038;16315;252784;"2025-09-25 11:31:49"
16164;"2025-08-01";3;111;145083;5003;150197;42;3152;621;3815;153;11926;2619;14698;8;262;210;480;314;160423;8453;169190;"2025-09-25 11:31:49"
16165;"2025-08-01";4;4842;2657407;109884;2772133;3700;63943;14613;82256;3936;236916;59282;300134;434;6106;5134;11674;12912;2964372;188913;3166197;"2025-09-25 11:31:49"
16166;"2025-08-01";5;138;166178;8585;174901;45;3921;1374;5340;159;15688;4320;20167;18;464;263;745;360;186251;14542;201153;"2025-09-25 11:31:49"
16167;"2025-08-01";6;89;98670;3039;101798;46;2735;354;3135;145;8651;2208;11004;12;206;165;383;292;110262;5766;116320;"2025-09-25 11:31:49"
16168;"2025-08-01";7;87;80243;2977;83307;44;1916;331;2291;166;8708;1512;10386;10;131;93;234;307;90998;4913;96218;"2025-09-25 11:31:49"
16169;"2025-08-01";8;112;114450;8526;123088;58;3573;560;4191;127;13450;2598;16175;7;323;165;495;304;131796;11849;143949;"2025-09-25 11:31:49"
16170;"2025-08-01";9;58;71381;2709;74148;34;2349;435;2818;78;10388;2193;12659;12;198;96;306;182;84316;5433;89931;"2025-09-25 11:31:49"
16171;"2025-08-01";10;81;128228;5586;133895;51;2982;750;3783;171;9491;2114;11776;11;281;254;546;314;140982;8704;150000;"2025-09-25 11:31:49"
16172;"2025-08-01";11;93;76017;4514;80624;50;2075;565;2690;124;7802;2045;9971;12;198;155;365;279;86092;7279;93650;"2025-09-25 11:31:49"
16173;"2025-08-01";12;108;86869;2740;89717;59;2355;129;2543;136;9542;2246;11924;11;203;102;316;314;98969;5217;104500;"2025-09-25 11:31:49"
16174;"2025-08-01";13;118;94216;1256;95590;44;2004;127;2175;142;6251;1136;7529;16;140;169;325;320;102611;2688;105619;"2025-09-25 11:31:49"
16175;"2025-08-01";14;104;101204;4178;105486;54;2320;618;2992;173;9031;2656;11860;23;263;461;747;354;112818;7913;121085;"2025-09-25 11:31:49"
16176;"2025-08-01";15;212;77292;3405;80909;99;1869;400;2368;135;5647;1746;7528;6;152;110;268;452;84960;5661;91073;"2025-09-25 11:31:49"
16177;"2025-08-01";16;201;154761;3079;158041;132;2775;642;3549;182;10404;4104;14690;16;274;205;495;531;168214;8030;176775;"2025-09-25 11:31:49"
16178;"2025-08-01";17;134;82412;8634;91180;50;1641;930;2621;179;8032;1900;10111;17;207;123;347;380;92292;11587;104259;"2025-09-25 11:31:49"
16179;"2025-08-01";18;93;106364;2021;108478;45;2553;1094;3692;147;8242;1671;10060;8;212;99;319;293;117371;4885;122549;"2025-09-25 11:31:49"
16180;"2025-08-01";19;129;205708;7652;213489;105;3743;1573;5421;160;16779;4721;21660;19;417;395;831;413;226647;14341;241401;"2025-09-25 11:31:49"
16181;"2025-08-01";20;130;126359;4851;131340;63;2828;737;3628;145;10615;2919;13679;8;268;433;709;346;140070;8940;149356;"2025-09-25 11:31:49"
16182;"2025-08-01";21;126;117750;2746;120622;61;3343;198;3602;170;12566;4379;17115;18;461;641;1120;375;134120;7964;142459;"2025-09-25 11:31:49"
16183;"2025-08-01";22;261;62997;1111;64369;120;1646;74;1840;150;4817;1054;6021;13;154;32;199;544;69614;2271;72429;"2025-09-25 11:31:49"
16184;"2025-08-01";23;100;113762;4179;118041;48;2717;748;3513;136;9598;2020;11754;16;204;178;398;300;126281;7125;133706;"2025-09-25 11:31:49"
16185;"2025-08-01";63;156;110749;1131;112036;97;2490;681;3268;166;20993;4268;25427;14;457;1019;1490;433;134689;7099;142221;"2025-09-25 11:31:49"
16186;"2025-08-01";25;287;39199;1396;40882;811;1681;262;2754;179;4496;1285;5960;23;201;100;324;1300;45577;3043;49920;"2025-09-25 11:31:49"
16187;"2025-08-01";146;110;9829;98;10037;55;391;97;543;110;5068;108;5286;15;54;16;85;290;15342;319;15951;"2025-09-25 11:31:49"
16189;"2025-08-01";28;126;71470;1899;73495;85;1546;332;1963;131;16151;2814;19096;10;433;657;1100;352;89600;5702;95654;"2025-09-25 11:31:49"
16190;"2025-08-01";29;99;64378;2420;66897;64;1891;939;2894;103;9210;3074;12387;13;205;630;848;279;75684;7063;83026;"2025-09-25 11:31:49"
16191;"2025-08-01";77;698;602477;35458;638633;560;13137;2249;15946;947;71755;12513;85215;82;2151;1709;3942;2287;689520;51929;743736;"2025-09-25 11:31:49"
16192;"2025-08-01";57;313;140120;2815;143248;224;2517;573;3314;243;15918;3318;19479;20;371;618;1009;800;158926;7324;167050;"2025-09-25 11:31:49"
16193;"2025-08-01";32;80;44989;1056;46125;46;791;175;1012;61;3474;2307;5842;5;94;1035;1134;192;49348;4573;54113;"2025-09-25 11:31:49"
16194;"2025-08-01";33;72;88515;1697;90284;27;1807;361;2195;64;9808;1567;11439;2;222;276;500;165;100352;3901;104418;"2025-09-25 11:31:49"
16195;"2025-08-01";79;71;58869;765;59705;44;1123;146;1313;75;4691;334;5100;7;155;62;224;197;64838;1307;66342;"2025-09-25 11:31:49"
16196;"2025-08-01";35;121;86721;1504;88346;57;1990;313;2360;106;11507;1612;13225;11;208;251;470;295;100426;3680;104401;"2025-09-25 11:31:49"
16197;"2025-08-01";36;102;66008;2256;68366;57;1950;210;2217;100;13937;2321;16358;8;235;323;566;267;82130;5110;87507;"2025-09-25 11:31:49"
16198;"2025-08-01";60;89;79114;2910;82113;55;2201;455;2711;99;12922;1649;14670;12;338;225;575;255;94575;5239;100069;"2025-09-25 11:31:49"
16199;"2025-08-01";38;65;26472;364;26901;32;823;18;873;40;3601;866;4507;0;66;88;154;137;30962;1336;32435;"2025-09-25 11:31:49"
16200;"2025-08-01";39;51;56742;68142;124935;32;1350;749;2131;80;5248;1221;6549;11;154;340;505;174;63494;70452;134120;"2025-09-25 11:31:49"
16201;"2025-08-01";40;379;115403;24652;140434;499;1623;737;2859;183;8830;2384;11397;27;211;720;958;1088;126067;28493;155648;"2025-09-25 11:31:49"
16203;"2025-08-01";42;154;35966;124;36244;62;463;4;529;77;1781;5359;7217;14;107;1683;1804;307;38317;7170;45794;"2025-09-25 11:31:49"
16205;"2025-08-01";44;199;195420;2380;197999;105;4721;779;5605;224;25701;3585;29510;21;702;471;1194;549;226544;7215;234308;"2025-09-25 11:31:49"
16207;"2025-08-01";46;112;47896;887;48895;239;1195;102;1536;78;6132;506;6716;3;131;57;191;432;55354;1552;57338;"2025-09-25 11:31:49"
16208;"2025-08-01";47;193;238378;16359;254930;113;4368;760;5241;179;28619;5435;34233;14;639;608;1261;499;272004;23162;295665;"2025-09-25 11:31:49"
16212;"2025-08-01";51;95;59441;3041;62577;41;1562;200;1803;122;10614;1536;12272;9;170;109;288;267;71787;4886;76940;"2025-09-25 11:31:49"
16215;"2025-08-01";54;1130;1034545;32700;1068375;1026;20580;3894;25500;1460;136453;20796;158709;160;3091;2258;5509;3776;1194669;59648;1258093;"2025-09-25 11:31:49"
16216;"2025-08-01";55;146;28074;3497;31717;52;1068;279;1399;156;10735;773;11664;11;250;86;347;365;40127;4635;45127;"2025-09-25 11:31:49"
16217;"2025-08-01";56;108;94914;126648;221670;60;2901;1755;4716;108;26103;2867;29078;20;439;339;798;296;124357;131609;256262;"2025-09-25 11:31:49"
16219;"2025-08-01";58;39;19702;901;20642;36;801;74;911;34;3290;1321;4645;2;101;314;417;111;23894;2610;26615;"2025-09-25 11:31:49"
16220;"2025-08-01";59;189;145433;13243;158865;97;3827;75;3999;140;16784;5240;22164;18;450;860;1328;444;166494;19418;186356;"2025-09-25 11:31:49"
16222;"2025-08-01";61;223;272880;5263;278366;112;5873;1364;7349;194;33737;6476;40407;29;929;739;1697;558;313419;13842;327819;"2025-09-25 11:31:49"
16223;"2025-08-01";62;162;213511;5630;219303;87;2960;713;3760;139;12283;3668;16090;13;436;541;990;401;229190;10552;240143;"2025-09-25 11:31:49"
16226;"2025-08-01";65;1758;1281664;226173;1509595;1193;28365;7306;36864;1355;162967;35611;199933;147;4099;5399;9645;4453;1477095;274489;1756037;"2025-09-25 11:31:49"
16232;"2025-08-01";71;925;603059;13511;617495;599;13069;2289;15957;848;76294;14665;91807;90;2178;1945;4213;2462;694600;32410;729472;"2025-09-25 11:31:49"
16235;"2025-08-01";74;303;188667;25715;214685;316;3794;462;4572;201;18359;2413;20973;28;532;483;1043;848;211352;29073;241273;"2025-09-25 11:31:49"
16241;"2025-08-01";80;88;111250;1504;112842;39;1940;308;2287;91;11207;1622;12920;9;276;330;615;227;124673;3764;128664;"2025-09-25 11:31:49"
16244;"2025-08-01";83;779;512309;7359;520447;515;9823;2000;12338;666;62606;10488;73760;56;1505;2310;3871;2016;586243;22157;610416;"2025-09-25 11:31:49"
16246;"2025-08-01";85;366;180297;2014;182677;238;2997;637;3872;264;14868;1963;17095;95;641;162;898;963;198803;4776;204542;"2025-09-25 11:31:49"
16247;"2025-08-01";86;151;25800;156;26107;83;1038;155;1276;156;6589;217;6962;24;137;46;207;414;33564;574;34552;"2025-09-25 11:31:49"
16248;"2025-08-01";87;322;173932;1744;175998;154;3755;442;4351;199;18690;2747;21636;21;468;261;750;696;196845;5194;202735;"2025-09-25 11:31:49"
16249;"2025-08-01";88;108;116135;3564;119807;80;2262;610;2952;78;13031;2139;15248;12;373;159;544;278;131801;6472;138551;"2025-09-25 11:31:49"
16250;"2025-08-01";89;72;104586;2237;106895;22;1936;569;2527;38;8967;1521;10526;1;227;134;362;133;115716;4461;120310;"2025-09-25 11:31:49"
16251;"2025-08-01";90;478;29486;314;30278;103;498;43;644;129;1939;473;2541;15;83;10;108;725;32006;840;33571;"2025-09-25 11:31:49"
16252;"2025-08-01";91;144;93579;1649;95372;65;2154;406;2625;110;10050;2379;12539;11;237;204;452;330;106020;4638;110988;"2025-09-25 11:31:49"
16253;"2025-08-01";92;212;173991;1010;175213;90;4459;2311;6860;127;30234;5611;35972;18;739;348;1105;447;209423;9280;219150;"2025-09-25 11:31:49"
16254;"2025-08-01";93;94;61714;1144;62952;76;1408;282;1766;100;8182;1419;9701;14;195;144;353;284;71499;2989;74772;"2025-09-25 11:31:49"
16255;"2025-08-01";94;130;86580;830;87540;72;1885;174;2131;89;8771;3789;12649;11;186;244;441;302;97422;5037;102761;"2025-09-25 11:31:49"
16256;"2025-08-01";95;259;203802;2875;206936;111;4631;1693;6435;205;30625;4601;35431;9;720;688;1417;584;239778;9857;250219;"2025-09-25 11:31:49"
16257;"2025-08-01";96;383;271172;2186;273741;194;6599;1047;7840;220;42330;6699;49249;28;1147;504;1679;825;321248;10436;332509;"2025-09-25 11:31:49"
16258;"2025-08-01";97;101;32119;677;32897;45;1145;72;1262;80;5309;701;6090;11;120;53;184;237;38693;1503;40433;"2025-09-25 11:31:49"
16259;"2025-08-01";98;5;104;1;110;0;38;10;48;0;128;7;135;0;1;1;2;5;271;19;295;"2025-09-25 11:31:49"
16260;"2025-08-01";99;50;73321;1620;74991;19;1947;115;2081;35;8081;1287;9403;1;167;175;343;105;83516;3197;86818;"2025-09-25 11:31:49"
16261;"2025-08-01";100;38;51804;980;52822;30;1752;446;2228;32;9516;1771;11319;4;195;171;370;104;63267;3368;66739;"2025-09-25 11:31:49"
16262;"2025-08-01";101;196;128013;2775;130984;147;3234;565;3946;157;15354;3320;18831;24;374;201;599;524;146975;6861;154360;"2025-09-25 11:31:49"
16263;"2025-08-01";102;202;179196;3853;183251;57;2251;1411;3719;106;7450;1975;9531;9;360;165;534;374;189257;7404;197035;"2025-09-25 11:31:49"
16264;"2025-08-01";103;161;72102;1567;73830;58;1930;199;2187;79;7346;1558;8983;3;166;164;333;301;81544;3488;85333;"2025-09-25 11:31:49"
16265;"2025-08-01";104;217;63192;2081;65490;58;1927;307;2292;100;8557;1590;10247;18;186;166;370;393;73862;4144;78399;"2025-09-25 11:31:49"
16266;"2025-08-01";105;108;185286;5249;190643;169;4477;1514;6160;161;19668;3160;22989;21;616;546;1183;459;210047;10469;220975;"2025-09-25 11:31:49"
16267;"2025-08-01";106;275;145312;1810;147397;107;1917;141;2165;66;6630;1407;8103;2;269;126;397;450;154128;3484;158062;"2025-09-25 11:31:49"
16268;"2025-08-01";107;285;98421;1030;99736;143;2548;505;3196;101;8153;2128;10382;17;255;121;393;546;109377;3784;113707;"2025-09-25 11:31:49"
16269;"2025-08-01";108;145;72084;1623;73852;78;2216;74;2368;91;6288;2044;8423;16;171;104;291;330;80759;3845;84934;"2025-09-25 11:31:49"
16270;"2025-08-01";109;175;227799;1808;229782;106;5918;475;6499;151;37048;6440;43639;23;753;513;1289;455;271518;9236;281209;"2025-09-25 11:31:49"
16271;"2025-08-01";110;215;137572;5926;143713;148;4591;1148;5887;223;22864;4051;27138;12;467;325;804;598;165494;11450;177542;"2025-09-25 11:31:49"
16272;"2025-08-01";111;79;121973;2106;124158;40;3611;639;4290;33;18016;2705;20754;3;470;373;846;155;144070;5823;150048;"2025-09-25 11:31:49"
16273;"2025-08-01";112;178;97129;745;98052;92;2894;561;3547;132;19700;3294;23126;16;949;298;1263;418;120672;4898;125988;"2025-09-25 11:31:49"
16274;"2025-08-01";113;164;120307;2265;122736;112;1960;578;2650;130;9697;3762;13589;10;346;171;527;416;132310;6776;139502;"2025-09-25 11:31:49"
16275;"2025-08-01";114;91;76861;1354;78306;29;2013;933;2975;42;9043;1585;10670;0;203;125;328;162;88120;3997;92279;"2025-09-25 11:31:49"
16276;"2025-08-01";115;187;121243;696;122126;87;3537;531;4155;169;20018;3059;23246;14;538;264;816;457;145336;4550;150343;"2025-09-25 11:31:49"
16277;"2025-08-01";116;245;54422;432;55099;95;1571;516;2182;260;12100;900;13260;10;289;84;383;610;68382;1932;70924;"2025-09-25 11:31:49"
16278;"2025-08-01";117;188;54136;362;54686;86;1912;645;2643;197;14253;6488;20938;9;349;343;701;480;70650;7838;78968;"2025-09-25 11:31:49"
16279;"2025-08-01";118;93;17919;368;18380;69;683;262;1014;158;6367;4093;10618;7;137;489;633;327;25106;5212;30645;"2025-09-25 11:31:49"
16280;"2025-08-01";119;99;111442;1287;112828;61;2629;562;3252;65;10680;2736;13481;10;338;185;533;235;125089;4770;130094;"2025-09-25 11:31:49"
16281;"2025-08-01";120;48;187023;3399;190470;42;3125;779;3946;48;11340;3688;15076;12;528;382;922;150;202016;8248;210414;"2025-09-25 11:31:49"
16282;"2025-08-01";121;27;144820;870;145717;15;1695;78;1788;22;4738;1420;6180;0;235;48;283;64;151488;2416;153968;"2025-09-25 11:31:49"
16283;"2025-08-01";122;405;129315;1705;131425;163;3666;1547;5376;237;21852;4849;26938;19;754;444;1217;824;155587;8545;164956;"2025-09-25 11:31:49"
16284;"2025-08-01";123;120;60784;415;61319;95;1155;192;1442;84;5639;2035;7758;8;157;298;463;307;67735;2940;70982;"2025-09-25 11:31:49"
16285;"2025-08-01";124;282;153436;1807;155525;249;4178;446;4873;196;17715;3111;21022;29;546;271;846;756;175875;5635;182266;"2025-09-25 11:31:49"
16286;"2025-08-01";125;216;104454;906;105576;88;3108;870;4066;142;18984;4278;23404;15;501;562;1078;461;127047;6616;134124;"2025-09-25 11:31:49"
16287;"2025-08-01";126;289;220316;2691;223296;94;5189;2637;7920;172;31343;6449;37964;21;731;304;1056;576;257579;12081;270236;"2025-09-25 11:31:49"
16288;"2025-08-01";127;384;295777;3736;299897;160;7213;2164;9537;259;36138;7761;44158;23;1050;978;2051;826;340178;14639;355643;"2025-09-25 11:31:49"
16289;"2025-08-01";128;194;67121;5559;72874;76;2567;780;3423;160;20816;2403;23379;17;366;368;751;447;90870;9110;100427;"2025-09-25 11:31:49"
16290;"2025-08-01";129;206;123285;995;124486;87;2317;355;2759;151;15161;2361;17673;12;339;157;508;456;141102;3868;145426;"2025-09-25 11:31:49"
16292;"2025-08-01";131;8424;5538026;83033;5629483;4178;131111;32582;167871;5777;710392;138464;854633;634;19157;12428;32219;19013;6398686;266507;6684206;"2025-09-25 11:31:49"
16293;"2025-08-01";132;81;15584;137;15802;56;721;57;834;80;7947;256;8283;13;106;30;149;230;24358;480;25068;"2025-09-25 11:31:49"
16294;"2025-08-01";133;70;11180;101;11351;52;438;82;572;117;4842;379;5338;4;90;230;324;243;16550;792;17585;"2025-09-25 11:31:49"
16295;"2025-08-01";134;71;12441;117;12629;58;573;88;719;114;6441;452;7007;17;74;45;136;260;19529;702;20491;"2025-09-25 11:31:49"
16296;"2025-08-01";135;103;17588;113;17804;60;641;92;793;114;8213;176;8503;14;93;39;146;291;26535;420;27246;"2025-09-25 11:31:49"
16297;"2025-08-01";136;78;20685;172;20935;58;782;89;929;86;8006;691;8783;11;162;99;272;233;29635;1051;30919;"2025-09-25 11:31:49"
16298;"2025-08-01";137;86;49851;283;50220;68;2027;206;2301;114;13829;1501;15444;15;261;141;417;283;65968;2131;68382;"2025-09-25 11:31:49"
16299;"2025-08-01";138;111;55451;714;56276;78;1583;179;1840;160;13602;1671;15433;13;359;878;1250;362;70995;3442;74799;"2025-09-25 11:31:49"
16300;"2025-08-01";139;35;17601;155;17791;26;511;37;574;32;3212;586;3830;8;73;47;128;101;21397;825;22323;"2025-09-25 11:31:49"
16301;"2025-08-01";140;74;45840;280;46194;64;1388;87;1539;88;9264;1126;10478;7;259;81;347;233;56751;1574;58558;"2025-09-25 11:31:49"
16302;"2025-08-01";141;1;8;0;9;0;2;0;2;0;8;0;8;0;0;0;0;1;18;0;19;"2025-09-25 11:31:49"
16303;"2025-08-01";142;209;88216;1101;89526;112;2020;370;2502;183;11994;1161;13338;19;389;267;675;523;102619;2899;106041;"2025-09-25 11:31:49"
16304;"2025-08-01";143;60;81217;1471;82748;127;1907;832;2866;63;10493;1855;12411;5;322;227;554;255;93939;4385;98579;"2025-09-25 11:31:49"
16305;"2025-08-01";144;180;92284;2692;95156;116;2263;549;2928;131;14448;2115;16694;7;422;195;624;434;109417;5551;115402;"2025-09-25 11:31:49"
16306;"2025-08-01";145;135;135853;3939;139927;90;2833;738;3661;137;15877;2516;18530;14;578;371;963;376;155141;7564;163081;"2025-09-25 11:31:49"
16308;"2025-08-01";147;1500;740365;12714;754579;1109;20398;3823;25330;1679;148041;16301;166021;179;3654;2939;6772;4467;912458;35777;952702;"2025-09-25 11:31:49"
16309;"2025-08-01";148;78;23505;64;23647;38;539;103;680;55;2260;443;2758;9;92;35;136;180;26396;645;27221;"2025-09-25 11:31:49"
16310;"2025-08-01";149;236;42786;1257;44279;122;1473;383;1978;253;12797;689;13739;26;223;128;377;637;57279;2457;60373;"2025-09-25 11:31:49"
16311;"2025-08-01";150;75;20868;2535;23478;40;939;203;1182;93;8611;584;9288;10;134;74;218;218;30552;3396;34166;"2025-09-25 11:31:49"
16312;"2025-08-01";151;150;46175;872;47197;89;1950;329;2368;143;15321;1082;16546;30;234;97;361;412;63680;2380;66472;"2025-09-25 11:31:49"
16313;"2025-08-01";152;145;87927;832;88904;76;2282;352;2710;183;19445;2335;21963;16;501;812;1329;420;110155;4331;114906;"2025-09-25 11:31:49"
16314;"2025-08-01";153;137;40373;547;41057;73;1332;175;1580;184;12759;514;13457;36;206;125;367;430;54670;1361;56461;"2025-09-25 11:31:49"
16315;"2025-08-01";154;103;23265;181;23549;70;1044;324;1438;161;11273;399;11833;14;106;55;175;348;35688;959;36995;"2025-09-25 11:31:49"
16316;"2025-08-01";155;184;82373;930;83487;87;2348;485;2920;164;19118;1884;21166;24;427;441;892;459;104266;3740;108465;"2025-09-25 11:31:49"
16317;"2025-08-01";156;76;19750;145;19971;39;661;110;810;105;7704;438;8247;18;94;87;199;238;28209;780;29227;"2025-09-25 11:31:49"
16318;"2025-08-01";157;207;178100;1966;180273;131;4399;506;5036;181;24366;3747;28294;50;762;374;1186;569;207627;6593;214789;"2025-09-25 11:31:49"
16319;"2025-08-01";158;160;35809;276;36245;112;1340;314;1766;178;11540;733;12451;14;220;126;360;464;48909;1449;50822;"2025-09-25 11:31:49"
16320;"2025-08-01";159;103;121187;1838;123128;59;3559;694;4312;128;19538;2924;22590;10;616;391;1017;300;144900;5847;151047;"2025-09-25 11:31:49"
16321;"2025-08-01";160;165;185676;1659;187500;153;4161;871;5185;235;20967;2667;23869;23;614;311;948;576;211418;5508;217502;"2025-09-25 11:31:49"
16322;"2025-08-01";161;83;11565;66;11714;58;425;61;544;126;6039;525;6690;18;75;64;157;285;18104;716;19105;"2025-09-25 11:31:49"
16323;"2025-08-01";162;90;24914;189;25193;45;941;112;1098;192;10808;248;11248;19;146;49;214;346;36809;598;37753;"2025-09-25 11:31:49"
16325;"2025-08-01";164;2159;988701;13752;1004612;1285;28733;5228;35246;2521;214887;19990;237398;339;4688;3297;8324;6304;1237009;42267;1285580;"2025-09-25 11:31:49"
16326;"2025-08-01";165;88;12563;157;12808;65;448;74;587;102;6575;758;7435;12;88;42;142;267;19674;1031;20972;"2025-09-25 11:31:49"
16327;"2025-08-01";166;107;21480;168;21755;79;978;92;1149;141;12766;257;13164;12;141;37;190;339;35365;554;36258;"2025-09-25 11:31:49"
16328;"2025-08-01";167;69;10963;109;11141;40;400;57;497;72;5064;389;5525;6;58;67;131;187;16485;622;17294;"2025-09-25 11:31:49"
16329;"2025-08-01";168;94;79695;646;80435;71;2063;290;2424;91;14661;3499;18251;15;541;1687;2243;271;96960;6122;103353;"2025-09-25 11:31:49"
16330;"2025-08-01";169;57;9428;154;9639;42;371;54;467;75;3943;156;4174;4;70;16;90;178;13812;380;14370;"2025-09-25 11:31:49"
16331;"2025-08-01";170;144;54106;738;54988;118;1815;365;2298;216;15612;1717;17545;21;376;273;670;499;71909;3093;75501;"2025-09-25 11:31:49"
16332;"2025-08-01";171;79;20512;352;20943;50;731;276;1057;77;7887;1049;9013;12;141;152;305;218;29271;1829;31318;"2025-09-25 11:31:49"
16333;"2025-08-01";172;126;82179;2259;84564;119;2457;420;2996;152;12692;2266;15110;10;352;339;701;407;97680;5284;103371;"2025-09-25 11:31:49"
16334;"2025-08-01";173;266;43101;160;43527;202;1412;72;1686;166;12003;885;13054;17;214;127;358;651;56730;1244;58625;"2025-09-25 11:31:49"
16335;"2025-08-01";174;76;14193;155;14424;51;713;68;832;103;7974;357;8434;15;102;54;171;245;22982;634;23861;"2025-09-25 11:31:49"
16336;"2025-08-01";175;180;125750;2004;127934;134;2804;593;3531;197;22553;2179;24929;22;486;932;1440;533;151593;5708;157834;"2025-09-25 11:31:49"
16337;"2025-08-01";176;120;14745;111180;126045;74;651;2263;2988;208;9536;380;10124;5;140;36;181;407;25072;113859;139338;"2025-09-25 11:31:49"
16338;"2025-08-01";177;204;113922;2292;116418;152;2966;728;3846;202;21446;3570;25218;17;439;836;1292;575;138773;7426;146774;"2025-09-25 11:31:49"
16339;"2025-08-01";178;78;22479;217;22774;44;751;96;891;114;8276;518;8908;7;123;56;186;243;31629;887;32759;"2025-09-25 11:31:49"
16340;"2025-08-01";179;94;24548;84;24726;67;1145;80;1292;120;11301;798;12219;9;192;141;342;290;37186;1103;38579;"2025-09-25 11:31:49"
16341;"2025-08-01";180;132;16395;162;16689;59;664;106;829;107;9711;202;10020;11;96;31;138;309;26866;501;27676;"2025-09-25 11:31:49"
16342;"2025-08-01";181;81;20016;177;20274;48;712;83;843;91;8298;905;9294;4;141;90;235;224;29167;1255;30646;"2025-09-25 11:31:49"
16343;"2025-08-01";182;88;13672;88;13848;75;526;47;648;107;7092;275;7474;8;68;31;107;278;21358;441;22077;"2025-09-25 11:31:49"
16344;"2025-08-01";183;79;11419;94;11592;48;502;61;611;100;6375;146;6621;9;68;23;100;236;18364;324;18924;"2025-09-25 11:31:49"
16345;"2025-08-01";184;70;12392;5615;18077;49;483;111;643;88;6628;195;6911;12;91;26;129;219;19594;5947;25760;"2025-09-25 11:31:49"
16346;"2025-08-01";185;112;24967;94206;119285;81;1575;841;2497;145;15608;234;15987;12;131;41;184;350;42281;95322;137953;"2025-09-25 11:31:49"
16348;"2025-08-01";187;2441;774630;221483;998554;1719;25050;7614;34383;2780;234038;21293;258111;249;4216;5180;9645;7189;1037934;255570;1300693;"2025-09-25 11:31:49"
16349;"2025-08-01";188;146;120364;893;121403;98;2895;393;3386;130;22111;2779;25020;18;435;408;861;392;145805;4473;150670;"2025-09-25 11:31:49"
16350;"2025-08-01";189;217;121096;1637;122950;137;3571;524;4232;221;25842;2000;28063;16;580;376;972;591;151089;4537;156217;"2025-09-25 11:31:49"
16351;"2025-08-01";190;61;14581;36;14678;30;645;53;728;76;6518;691;7285;18;88;53;159;185;21832;833;22850;"2025-09-25 11:31:49"
16353;"2025-08-01";192;0;19;2;21;0;4;0;4;0;16;3;19;0;0;0;0;0;39;5;44;"2025-09-25 11:31:49"
16354;"2025-08-01";193;146;59453;577;60176;79;1897;273;2249;166;17912;1128;19206;18;251;193;462;409;79513;2171;82093;"2025-09-25 11:31:49"
16355;"2025-08-01";194;95;27344;384;27823;55;1153;117;1325;129;10342;280;10751;13;151;94;258;292;38990;875;40157;"2025-09-25 11:31:49"
16356;"2025-08-01";195;98;11173;45;11316;52;395;44;491;86;7072;86;7244;16;51;17;84;252;18691;192;19135;"2025-09-25 11:31:49"
16357;"2025-08-01";196;123;37427;378;37928;88;1551;278;1917;209;17394;1045;18648;18;226;175;419;438;56598;1876;58912;"2025-09-25 11:31:49"
16358;"2025-08-01";197;73;20377;121;20571;41;760;49;850;86;11394;965;12445;15;149;139;303;215;32680;1274;34169;"2025-09-25 11:31:49"
16359;"2025-08-01";198;300;66019;913;67232;241;2077;305;2623;260;19423;1230;20913;46;367;235;648;847;87886;2683;91416;"2025-09-25 11:31:49"
16360;"2025-08-01";199;76;13129;96;13301;48;594;56;698;125;6022;124;6271;17;81;31;129;266;19826;307;20399;"2025-09-25 11:31:49"
16361;"2025-08-01";200;64;6130;37;6231;36;273;27;336;73;3951;51;4075;8;43;6;57;181;10397;121;10699;"2025-09-25 11:31:49"
16362;"2025-08-01";201;127;41753;475;42355;78;1498;134;1710;145;14604;731;15480;26;246;157;429;376;58101;1497;59974;"2025-09-25 11:31:49"
16363;"2025-08-01";202;133;45140;367;45640;80;1671;230;1981;131;16291;1529;17951;19;250;368;637;363;63352;2494;66209;"2025-09-25 11:31:49"
16364;"2025-08-01";203;106;23482;169;23757;62;691;82;835;110;8678;205;8993;21;113;46;180;299;32964;502;33765;"2025-09-25 11:31:49"
16365;"2025-08-01";204;58;4394;299;4751;21;262;207;490;59;1458;28;1545;9;24;4;37;147;6138;538;6823;"2025-09-25 11:31:49"
16366;"2025-08-01";205;135;21106;109;21350;58;593;88;739;122;6628;120;6870;21;131;39;191;336;28458;356;29150;"2025-09-25 11:31:49"
16367;"2025-08-01";206;84;19837;89;20010;75;829;78;982;131;12312;890;13333;11;121;102;234;301;33099;1159;34559;"2025-09-25 11:31:49"
16368;"2025-08-01";207;78;18019;164;18261;44;616;51;711;92;7936;610;8638;16;98;191;305;230;26669;1016;27915;"2025-09-25 11:31:49"
16369;"2025-08-01";208;60;10191;39;10290;62;461;43;566;87;6078;117;6282;10;63;15;88;219;16793;214;17226;"2025-09-25 11:31:49"
16370;"2025-08-01";209;121;55715;271;56107;62;1726;337;2125;114;12705;1580;14399;14;274;301;589;311;70420;2489;73220;"2025-09-25 11:31:49"
16371;"2025-08-01";210;147;103643;1327;105117;84;2735;762;3581;217;17737;4125;22079;13;466;1714;2193;461;124581;7928;132970;"2025-09-25 11:31:49"
16373;"2025-08-01";212;2811;1167737;12942;1183490;1731;34413;5225;41369;3101;296196;25021;324318;411;5371;5437;11219;8054;1503717;48625;1560396;"2025-09-25 11:31:49"
16374;"2025-08-01";213;124;97132;1021;98277;83;2656;471;3210;154;12012;517;12683;15;329;168;512;376;112129;2177;114682;"2025-09-25 11:31:49"
16375;"2025-08-01";214;179;94901;2197;97277;139;2350;505;2994;269;17929;1421;19619;38;412;398;848;625;115592;4521;120738;"2025-09-25 11:31:49"
16376;"2025-08-01";215;67;19726;188;19981;62;673;90;825;97;7333;214;7644;11;143;67;221;237;27875;559;28671;"2025-09-25 11:31:49"
16377;"2025-08-01";216;265;250003;2234;252502;153;5814;612;6579;234;40943;4776;45953;41;841;612;1494;693;297601;8234;306528;"2025-09-25 11:31:49"
16378;"2025-08-01";217;101;14344;147;14592;54;503;106;663;138;6197;152;6487;8;67;27;102;301;21111;432;21844;"2025-09-25 11:31:49"
16379;"2025-08-01";218;109;44051;476;44636;92;1296;197;1585;104;13633;2589;16326;15;214;587;816;320;59194;3849;63363;"2025-09-25 11:31:49"
16380;"2025-08-01";219;99;49236;653;49988;79;1387;210;1676;132;10499;569;11200;18;192;114;324;328;61314;1546;63188;"2025-09-25 11:31:49"
16381;"2025-08-01";220;93;13909;55;14057;61;482;54;597;100;7199;474;7773;9;145;152;306;263;21735;735;22733;"2025-09-25 11:31:49"
16382;"2025-08-01";221;185;157423;1064;158672;88;3965;733;4786;151;22299;7215;29665;24;653;1512;2189;448;184340;10524;195312;"2025-09-25 11:31:49"
16383;"2025-08-01";222;68;10520;50;10638;52;356;38;446;92;4569;562;5223;14;64;120;198;226;15509;770;16505;"2025-09-25 11:31:49"
16384;"2025-08-01";223;217;145002;2733;147952;173;3083;1078;4334;250;26538;2394;29182;33;529;441;1003;673;175152;6646;182471;"2025-09-25 11:31:49"
16385;"2025-08-01";224;69;25244;193;25506;76;969;107;1152;93;10251;422;10766;11;148;68;227;249;36612;790;37651;"2025-09-25 11:31:49"
16386;"2025-08-01";225;153;90669;1328;92150;65;1797;473;2335;135;10287;1004;11426;15;163;146;324;368;102916;2951;106235;"2025-09-25 11:31:49"
16387;"2025-08-01";226;72;97080;5570;102722;33;1753;404;2190;54;10747;1556;12357;4;226;232;462;163;109806;7762;117731;"2025-09-25 11:31:49"
16388;"2025-08-01";227;249;148745;19500;168494;220;1942;861;3023;147;10338;975;11460;15;232;187;434;631;161257;21523;183411;"2025-09-25 11:31:49"
16389;"2025-08-01";228;259;116495;50527;167281;172;2108;402;2682;126;16977;1471;18574;18;333;351;702;575;135913;52751;189239;"2025-09-25 11:31:49"
16390;"2025-08-01";229;95;87684;721;88500;36;1803;155;1994;91;7752;1093;8936;12;283;305;600;234;97522;2274;100030;"2025-09-25 11:31:49"
16391;"2025-08-01";230;100;43286;669;44055;83;1529;245;1857;122;8694;356;9172;14;181;72;267;319;53690;1342;55351;"2025-09-25 11:31:49"
16392;"2025-08-01";231;61;16359;91;16511;72;508;46;626;112;7818;164;8094;10;89;82;181;255;24774;383;25412;"2025-09-25 11:31:49"
16393;"2025-08-01";232;82;33502;26325;59909;54;982;294;1330;86;10152;541;10779;7;184;230;421;229;44820;27390;72439;"2025-09-25 11:31:49"
16394;"2025-08-01";233;62;13902;17993;31957;53;467;160;680;110;6558;142;6810;14;152;33;199;239;21079;18328;39646;"2025-09-25 11:31:49"
16396;"2025-08-01";235;2724;1515292;131874;1649890;1892;35474;6993;44359;2774;268319;27841;298934;337;5350;5754;11441;7727;1824435;172462;2004624;"2025-09-25 11:31:49"
16397;"2025-08-01";236;248;77614;930;78792;131;2724;146;3001;343;26869;682;27894;45;256;145;446;767;107463;1903;110133;"2025-09-25 11:31:49"
16399;"2025-08-01";238;871;331760;275617;608248;484;9435;6394;16313;1044;86319;4414;91777;83;1403;711;2197;2482;428917;287136;718535;"2025-09-25 11:31:49"
16401;"2025-08-01";240;53;11977;110;12140;46;423;36;505;102;3941;92;4135;6;63;28;97;207;16404;266;16877;"2025-09-25 11:31:49"
16402;"2025-08-01";241;119;40036;716;40871;82;1135;163;1380;125;6854;509;7488;11;185;192;388;337;48210;1580;50127;"2025-09-25 11:31:49"
16403;"2025-08-01";242;124;26565;464;27153;97;752;115;964;182;6722;188;7092;10;150;49;209;413;34189;816;35418;"2025-09-25 11:31:49"
16404;"2025-08-01";243;119;34313;844;35276;87;1022;131;1240;108;5286;317;5711;8;154;91;253;322;40775;1383;42480;"2025-09-25 11:31:49"
16405;"2025-08-01";244;56;8963;62;9081;54;279;30;363;110;3354;58;3522;10;52;20;82;230;12648;170;13048;"2025-09-25 11:31:49"
16406;"2025-08-01";245;43;12658;187;12888;40;380;27;447;126;4126;67;4319;12;90;21;123;221;17254;302;17777;"2025-09-25 11:31:49"
16407;"2025-08-01";246;131;15153;153;15437;78;599;60;737;127;6213;135;6475;13;122;56;191;349;22087;404;22840;"2025-09-25 11:31:49"
16408;"2025-08-01";247;228;164068;2531;166827;163;4034;509;4706;230;26435;2327;28992;26;738;368;1132;647;195275;5735;201657;"2025-09-25 11:31:49"
16409;"2025-08-01";248;59;14670;88;14817;54;428;60;542;123;5015;115;5253;10;86;32;128;246;20199;295;20740;"2025-09-25 11:31:49"
16410;"2025-08-01";249;114;14287;223;14624;99;507;78;684;155;6135;159;6449;23;118;34;175;391;21047;494;21932;"2025-09-25 11:31:49"
16411;"2025-08-01";250;58;17191;208;17457;71;621;55;747;139;6980;149;7268;16;93;23;132;284;24885;435;25604;"2025-09-25 11:31:49"
16412;"2025-08-01";251;333;122622;2384;125339;275;2948;614;3837;270;18471;2769;21510;29;536;409;974;907;144577;6176;151660;"2025-09-25 11:31:49"
16413;"2025-08-01";252;72;16269;361;16702;58;572;123;753;122;3313;137;3572;15;123;46;184;267;20277;667;21211;"2025-09-25 11:31:49"
16414;"2025-08-01";253;108;17799;220;18127;78;717;71;866;121;8615;141;8877;22;97;51;170;329;27228;483;28040;"2025-09-25 11:31:49"
16415;"2025-08-01";254;134;28422;250;28806;113;1120;270;1503;184;11688;459;12331;22;177;66;265;453;41407;1045;42905;"2025-09-25 11:31:49"
16416;"2025-08-01";255;59;9961;54;10074;64;271;42;377;100;3305;47;3452;10;60;25;95;233;13597;168;13998;"2025-09-25 11:31:49"
16418;"2025-08-01";257;2082;669539;11610;683231;1662;18954;2971;23587;2716;153050;9361;165127;295;3394;1957;5646;6755;844937;25899;877591;"2025-09-25 11:31:49"
16419;"2025-08-01";258;112;20514;166;20792;66;1244;93;1403;158;10696;283;11137;14;118;46;178;350;32572;588;33510;"2025-09-25 11:31:49"
16420;"2025-08-01";259;214;117560;1952;119726;123;2838;515;3476;214;19225;3275;22714;22;520;715;1257;573;140143;6457;147173;"2025-09-25 11:31:49"
16421;"2025-08-01";260;125;35441;497;36063;63;1459;146;1668;144;13887;1046;15077;8;267;156;431;340;51054;1845;53239;"2025-09-25 11:31:49"
16422;"2025-08-01";261;136;30015;398;30549;112;1116;168;1396;175;12429;459;13063;20;191;70;281;443;43751;1095;45289;"2025-09-25 11:31:49"
16423;"2025-08-01";262;72;9084;56;9212;40;454;58;552;99;4419;247;4765;7;46;36;89;218;14003;397;14618;"2025-09-25 11:31:49"
16424;"2025-08-01";263;100;19174;179;19453;68;764;122;954;142;8708;268;9118;12;110;52;174;322;28756;621;29699;"2025-09-25 11:31:49"
16425;"2025-08-01";264;73;10648;127;10848;60;372;22;454;99;5278;65;5442;10;46;22;78;242;16344;236;16822;"2025-09-25 11:31:49"
16426;"2025-08-01";265;119;48144;227;48490;119;1546;431;2096;212;12458;2370;15040;30;277;225;532;480;62425;3253;66158;"2025-09-25 11:31:49"
16427;"2025-08-01";266;199;116302;1816;118317;134;3682;488;4304;216;24349;3106;27671;17;465;422;904;566;144798;5832;151196;"2025-09-25 11:31:49"
16428;"2025-08-01";267;84;9841;57;9982;63;399;69;531;121;4928;275;5324;8;64;24;96;276;15232;425;15933;"2025-09-25 11:31:49"
16429;"2025-08-01";268;75;7943;33;8051;44;332;21;397;113;4450;88;4651;6;54;22;82;238;12779;164;13181;"2025-09-25 11:31:49"
16430;"2025-08-01";269;157;150401;3023;153581;104;3199;908;4211;153;18857;2644;21654;14;583;408;1005;428;173040;6983;180451;"2025-09-25 11:31:49"
16431;"2025-08-01";270;339;137123;2003;139465;223;2909;538;3670;209;15758;1536;17503;23;373;252;648;794;156163;4329;161286;"2025-09-25 11:31:49"
16432;"2025-08-01";271;111;41667;633;42411;106;1481;195;1782;163;14915;903;15981;8;256;124;388;388;58319;1855;60562;"2025-09-25 11:31:49"
