car_id,report_month,region_id,passenger_official,passenger_private,passenger_commercial,passenger_subtotal,van_official,van_private,van_commercial,van_subtotal,truck_official,truck_private,truck_commercial,truck_subtotal,special_official,special_private,special_commercial,special_subtotal,total_official,total_private,total_commercial,total_subtotal,created_at
1,2023-08-01,1,164,211741,19006,230911,56,4043,552,4651,180,13601,2577,16358,18,350,152,520,418,229735,22287,252440,"2025-09-23 18:07:48"
2,2023-08-01,2,112,128888,5097,134097,41,3451,811,4303,154,12195,2500,14849,6,200,221,427,313,144734,8629,153676,"2025-09-23 18:07:48"
3,2023-08-01,3,102,60875,2106,63083,65,2301,718,3084,133,7138,1294,8565,14,135,111,260,314,70449,4229,74992,"2025-09-23 18:07:48"
4,2023-08-01,4,119,66656,2033,68808,44,4479,1361,5884,163,16601,4288,21052,16,397,271,684,360,188645,16420,205425,"2025-09-23 18:07:48"
5,2023-08-01,5,94,99874,3094,103062,46,3214,344,3604,146,9368,2205,11719,11,178,176,365,297,112634,5819,118750,"2025-09-23 18:07:48"
6,2023-08-01,6,91,80834,3226,84151,43,2266,338,2647,183,8971,1700,10854,11,115,163,289,328,92186,5427,97941,"2025-09-23 18:07:48"
7,2023-08-01,7,107,115790,10022,125919,62,4356,547,4965,130,14119,2713,16962,7,311,161,479,306,134576,13443,148325,"2025-09-23 18:07:48"
8,2023-08-01,8,57,71808,3543,75408,29,2861,462,3352,77,10920,2315,13312,10,177,103,290,173,85766,6423,92362,"2025-09-23 18:07:48"
9,2023-08-01,9,83,129600,5527,135210,52,3513,822,4387,173,10064,2143,12380,10,236,255,501,318,143413,8747,152478,"2025-09-23 18:07:48"
10,2023-08-01,10,94,76785,4690,81569,50,2469,591,3110,125,8083,2032,10240,12,177,169,358,281,87514,7482,95277,"2025-09-23 18:07:48"
11,2023-08-01,11,103,83388,2740,86231,56,2723,158,2937,137,9887,2189,12213,10,182,101,293,306,96180,5188,101674,"2025-09-23 18:07:48"
12,2023-08-01,12,112,94694,1154,95960,45,2365,131,2541,123,6597,1181,7901,16,135,205,356,296,103791,2671,106758,"2025-09-23 18:07:48"
13,2023-08-01,13,92,101964,4423,106479,56,2664,674,3394,165,9466,2223,11854,20,233,467,720,333,114327,7787,122447,"2025-09-23 18:07:48"
14,2023-08-01,14,207,77588,3217,81012,101,2141,426,2668,132,5979,1797,7908,8,137,106,251,448,85845,5546,91839,"2025-09-23 18:07:48"
15,2023-08-01,15,187,151948,4095,156230,132,3019,688,3839,180,10727,4810,15717,16,268,167,451,515,165962,9760,176237,"2025-09-23 18:07:48"
16,2023-08-01,16,123,82113,7881,90117,47,1896,889,2832,175,8554,1876,10605,18,204,99,321,363,92767,10745,103875,"2025-09-23 18:07:48"
17,2023-08-01,17,96,105471,2129,107696,50,3007,1128,4185,144,8668,1732,10544,9,183,107,299,299,117329,5096,122724,"2025-09-23 18:07:48"
18,2023-08-01,18,132,207113,7215,214460,97,4231,1711,6039,165,18080,5004,23249,15,365,378,758,409,229789,14308,244506,"2025-09-23 18:07:48"
19,2023-08-01,19,126,127766,4455,132347,61,3272,753,4086,141,11362,2926,14429,7,275,433,715,335,142675,8567,151577,"2025-09-23 18:07:48"
20,2023-08-01,20,131,118004,2958,121093,58,3871,172,4101,169,13651,4415,18235,14,444,634,1092,372,135970,8179,144521,"2025-09-23 18:07:48"
21,2023-08-01,21,253,65356,1312,66921,123,1921,66,2110,147,5236,782,6165,11,126,26,163,534,72639,2186,75359,"2025-09-23 18:07:48"
22,2023-08-01,22,95,113567,4103,117765,43,3215,735,3993,139,10081,2010,12230,16,157,196,369,293,127020,7044,134357,"2025-09-23 18:07:48"
23,2023-08-01,23,1520,39437,555,41512,1556,1523,258,3337,342,3658,1582,5582,100,83,96,279,3518,44701,2491,50710,"2025-09-23 18:07:48"
24,2023-08-01,63,124,88143,1097,89364,786,1838,222,2846,183,5390,1191,6764,17,353,104,474,1282,51257,3294,55833,"2025-09-23 18:07:48"
25,2023-08-01,25,82,91302,5921,97305,33,3260,532,3825,123,11760,2812,14695,15,197,326,538,253,106519,9591,116363,"2025-09-23 18:07:48"
26,2023-08-01,146,1949,651392,12421,665762,3732,73899,15089,92720,3929,250156,60297,314382,407,5618,5227,11252,12664,2976423,201359,3190446,"2025-09-23 18:07:48"
28,2023-08-01,28,97,66504,2423,69024,64,2104,807,2975,108,9682,3222,13012,14,178,654,846,283,78468,7106,85857,"2025-09-23 18:07:48"
29,2023-08-01,29,79,72522,801,73402,52,2125,556,2733,120,10919,1322,12361,11,238,207,456,262,85804,2886,88952,"2025-09-23 18:07:48"
30,2023-08-01,77,285,138040,2896,141221,61,2154,491,2706,56,9002,4549,13607,3,281,1532,1816,227,91181,9829,101237,"2025-09-23 18:07:48"
31,2023-08-01,57,67,57578,737,58382,50,912,184,1146,61,3653,2353,6067,4,94,1030,1128,190,43517,5501,49208,"2025-09-23 18:07:48"
32,2023-08-01,32,74,85500,1472,87046,28,1984,336,2348,65,10139,1469,11673,1,200,259,460,168,97823,3536,101527,"2025-09-23 18:07:48"
33,2023-08-01,33,125,112563,18777,131465,61,2847,536,3444,164,13103,2251,15518,11,185,535,731,361,128698,22099,151158,"2025-09-23 18:07:48"
34,2023-08-01,79,88,107995,1502,109585,55,2235,298,2588,107,12179,1639,13925,8,200,231,439,287,102600,3720,106607,"2025-09-23 18:07:48"
35,2023-08-01,35,94,66331,2514,68939,59,2158,247,2464,100,14569,2319,16988,9,202,328,539,262,83260,5408,88930,"2025-09-23 18:07:48"
36,2023-08-01,36,106,92271,3383,95760,51,2772,336,3159,103,12940,2021,15064,9,193,288,490,269,108176,6028,114473,"2025-09-23 18:07:48"
37,2023-08-01,60,280,186748,9183,196211,35,902,22,959,43,3642,992,4677,1,54,96,151,140,30388,1510,32038,"2025-09-23 18:07:48"
38,2023-08-01,38,50,57867,56884,114801,24,1472,964,2460,80,5688,1190,6958,11,135,366,512,165,65162,59404,124731,"2025-09-23 18:07:48"
39,2023-08-01,39,297,100196,11662,112155,494,1640,587,2721,186,8361,2242,10789,29,174,705,908,1006,110371,15196,126573,"2025-09-23 18:07:48"
40,2023-08-01,40,82,26648,1380,28110,49,1003,294,1346,86,4155,373,4614,10,50,51,111,227,31856,2098,34181,"2025-09-23 18:07:48"
42,2023-08-01,42,133,149306,12019,161458,59,3186,259,3504,124,13203,2180,15507,9,298,493,800,325,165993,14951,181269,"2025-09-23 18:07:48"
44,2023-08-01,44,0,42,2,44,39,397,14,450,40,5292,45,5377,2,66,5,73,129,15694,102,15925,"2025-09-23 18:07:48"
46,2023-08-01,46,192,241439,10879,252510,109,4967,742,5818,175,29682,5485,35342,13,549,568,1130,489,276637,17674,294800,"2025-09-23 18:07:48"
47,2023-08-01,47,117,118025,1680,119822,122,2978,509,3609,291,19754,2845,22890,60,380,288,728,590,141137,5322,147049,"2025-09-23 18:07:48"
51,2023-08-01,51,173,193223,3156,196552,199,3050,629,3878,209,15988,1311,17508,13,419,157,589,594,212680,5253,218527,"2025-09-23 18:07:48"
54,2023-08-01,54,122,26902,14704,41728,52,1163,410,1625,157,10209,761,11127,9,149,83,241,340,38423,15958,54721,"2025-09-23 18:07:48"
55,2023-08-01,55,111,94706,143096,237913,62,3297,1962,5321,115,23571,2773,26459,15,564,326,905,303,122138,148157,270598,"2025-09-23 18:07:48"
56,2023-08-01,56,321,219114,27910,247345,420,5420,889,6729,170,29901,3526,33597,22,512,483,1017,933,254947,32808,288688,"2025-09-23 18:07:48"
58,2023-08-01,58,191,141759,3478,145428,100,4315,125,4540,137,17092,4708,21937,19,401,872,1292,447,163567,9183,173197,"2025-09-23 18:07:48"
59,2023-08-01,59,149,203726,37695,241570,83,4817,1124,6024,101,21425,3066,24592,12,382,322,716,345,230350,42207,272902,"2025-09-23 18:07:48"
61,2023-08-01,61,176,197212,5049,202437,100,3247,689,4036,155,12202,3334,15691,10,372,522,904,441,213033,9594,223068,"2025-09-23 18:07:48"
62,2023-08-01,62,71,8769,137,8977,54,521,70,645,123,3870,61,4054,3,48,11,62,251,13208,279,13738,"2025-09-23 18:07:48"
65,2023-08-01,65,191,171618,3953,175762,153,4506,411,5070,197,26807,8029,35033,27,647,905,1579,568,203578,13298,217444,"2025-09-23 18:07:48"
71,2023-08-01,71,81,71537,2907,74525,46,2229,575,2850,104,13966,4032,18102,10,310,456,776,241,88042,7970,96253,"2025-09-23 18:07:48"
74,2023-08-01,74,126,170840,2894,173860,98,3214,365,3677,408,15594,2421,18423,22,553,302,877,654,190201,5982,196837,"2025-09-23 18:07:48"
80,2023-08-01,80,169,106585,1231,107985,88,2624,677,3389,169,20361,4142,24672,11,385,1000,1396,437,129955,7050,137442,"2025-09-23 18:07:48"
83,2023-08-01,83,352,173478,1089,174919,247,3424,488,4159,256,15091,1910,17257,65,600,165,830,920,192593,3652,197165,"2025-09-23 18:07:48"
85,2023-08-01,85,152,24710,204,25066,87,1177,145,1409,167,6615,207,6989,20,123,45,188,426,32625,601,33652,"2025-09-23 18:07:48"
86,2023-08-01,86,300,172345,1862,174507,159,4358,342,4859,191,19572,2562,22325,21,400,287,708,671,196675,5053,202399,"2025-09-23 18:07:48"
87,2023-08-01,87,101,112843,3351,116295,76,2609,752,3437,80,13201,2214,15495,10,336,161,507,267,128989,6478,135734,"2025-09-23 18:07:48"
88,2023-08-01,88,71,105371,2428,107870,22,2233,517,2772,37,9608,1443,11088,1,217,133,351,131,117429,4521,122081,"2025-09-23 18:07:48"
89,2023-08-01,89,459,28675,292,29426,109,546,30,685,123,1908,369,2400,13,63,10,86,704,31192,701,32597,"2025-09-23 18:07:48"
90,2023-08-01,90,121,87328,1661,89110,75,2463,447,2985,106,10535,2343,12984,9,207,192,408,311,100533,4643,105487,"2025-09-23 18:07:48"
91,2023-08-01,91,184,167994,817,168995,102,5082,2574,7758,127,30637,5461,36225,13,632,360,1005,426,204345,9212,213983,"2025-09-23 18:07:48"
92,2023-08-01,92,86,61070,1158,62314,77,1694,299,2070,98,8495,1448,10041,12,176,154,342,273,71435,3059,74767,"2025-09-23 18:07:48"
93,2023-08-01,93,126,88372,1009,89507,72,2256,168,2496,93,9174,3939,13206,9,176,259,444,300,99978,5375,105653,"2025-09-23 18:07:48"
94,2023-08-01,94,246,199236,2646,202128,115,5318,1511,6944,197,30895,4354,35446,8,656,695,1359,566,236105,9206,245877,"2025-09-23 18:07:48"
95,2023-08-01,95,360,265958,2078,268396,201,7688,1083,8972,228,43362,6081,49671,27,1055,480,1562,816,318063,9722,328601,"2025-09-23 18:07:48"
96,2023-08-01,96,85,31850,731,32666,43,1258,73,1374,85,5460,693,6238,12,87,52,151,225,38655,1549,40429,"2025-09-23 18:07:48"
97,2023-08-01,97,284,253445,5587,259316,206,8099,1177,9482,211,34841,6082,41134,29,599,562,1190,730,296984,13408,311122,"2025-09-23 18:07:48"
98,2023-08-01,101,185,178900,4387,183472,64,2560,1347,3971,107,7934,2083,10124,11,327,229,567,367,189721,8046,198134,"2025-09-23 18:07:48"
99,2023-08-01,102,165,68469,1064,69698,65,2173,208,2446,76,7598,1291,8965,3,185,145,333,309,78425,2708,81442,"2025-09-23 18:07:48"
100,2023-08-01,103,210,63729,2070,66009,56,2297,268,2621,105,9024,1589,10718,17,159,132,308,388,75209,4059,79656,"2025-09-23 18:07:48"
101,2023-08-01,104,129,174986,4802,179917,157,4783,1483,6423,160,20649,3035,23844,25,508,575,1108,471,200926,9895,211292,"2025-09-23 18:07:48"
102,2023-08-01,105,251,141744,1864,143859,93,2248,109,2450,65,6830,1487,8382,3,238,138,379,412,151060,3598,155070,"2025-09-23 18:07:48"
103,2023-08-01,106,216,93925,929,95070,164,2841,594,3599,101,8272,2042,10415,13,194,127,334,494,105232,3692,109418,"2025-09-23 18:07:48"
104,2023-08-01,107,153,71986,1211,73350,92,2566,69,2727,96,6749,1729,8574,24,149,96,269,365,81450,3105,84920,"2025-09-23 18:07:48"
105,2023-08-01,108,173,221735,1821,223729,103,6755,449,7307,157,37454,6277,43888,21,641,459,1121,454,266585,9006,276045,"2025-09-23 18:07:48"
106,2023-08-01,109,190,134299,2567,137056,162,5246,1147,6555,227,23086,3891,27204,13,369,329,711,592,163000,7934,171526,"2025-09-23 18:07:48"
107,2023-08-01,110,70,122397,2389,124856,41,4203,634,4878,36,18762,2536,21334,3,409,372,784,150,145771,5931,151852,"2025-09-23 18:07:48"
108,2023-08-01,111,155,89599,710,90464,99,3170,483,3752,134,18989,3257,22380,13,879,286,1178,401,112637,4736,117774,"2025-09-23 18:07:48"
109,2023-08-01,112,149,110972,2420,113541,121,2294,622,3037,121,9912,3842,13875,11,320,163,494,402,123498,7047,130947,"2025-09-23 18:07:48"
110,2023-08-01,113,92,73995,1299,75386,28,2318,906,3252,38,9258,1651,10947,0,178,134,312,158,85749,3990,89897,"2025-09-23 18:07:48"
111,2023-08-01,114,173,104842,699,105714,94,3818,443,4355,155,19250,2932,22337,13,457,231,701,435,128367,4305,133107,"2025-09-23 18:07:48"
112,2023-08-01,115,240,51160,416,51816,100,1786,589,2475,255,12192,843,13290,11,261,88,360,606,65399,1936,67941,"2025-09-23 18:07:48"
113,2023-08-01,116,185,51777,356,52318,83,2082,690,2855,209,14126,6086,20421,9,272,349,630,486,68257,7481,76224,"2025-09-23 18:07:48"
114,2023-08-01,117,90,17500,89,17679,71,758,187,1016,156,6309,4447,10912,8,133,519,660,325,24700,5242,30267,"2025-09-23 18:07:48"
115,2023-08-01,118,87,99124,1167,100378,63,2876,550,3489,71,10380,2337,12788,9,291,167,467,230,112671,4221,117122,"2025-09-23 18:07:48"
116,2023-08-01,119,45,179210,2877,182132,32,3642,672,4346,36,11758,3734,15528,8,471,179,658,121,195081,7462,202664,"2025-09-23 18:07:48"
117,2023-08-01,120,20,143675,719,144414,17,2013,194,2224,23,5066,1417,6506,0,222,37,259,60,150976,2367,153403,"2025-09-23 18:07:48"
118,2023-08-01,121,381,115415,1596,117392,185,3981,1287,5453,257,21384,4635,26276,22,625,431,1078,845,141405,7949,150199,"2025-09-23 18:07:48"
119,2023-08-01,122,116,58533,316,58965,96,1377,172,1645,86,5967,2111,8164,9,140,310,459,307,66017,2909,69233,"2025-09-23 18:07:48"
120,2023-08-01,123,257,150300,2198,152755,267,4730,438,5435,203,18316,2853,21372,27,491,266,784,754,173837,5755,180346,"2025-09-23 18:07:48"
121,2023-08-01,124,201,100168,1023,101392,87,3513,674,4274,127,18790,4271,23188,16,432,530,978,431,122903,6498,129832,"2025-09-23 18:07:48"
122,2023-08-01,125,260,203760,2344,206364,101,5731,2652,8484,178,30656,6332,37166,18,620,301,939,557,240767,11629,252953,"2025-09-23 18:07:48"
123,2023-08-01,126,355,279834,3688,283877,167,8107,2207,10481,250,35815,7191,43256,23,871,1011,1905,795,324627,14097,339519,"2025-09-23 18:07:48"
124,2023-08-01,127,183,65397,3919,69499,76,2895,778,3749,154,20853,2734,23741,12,325,385,722,425,89470,7816,97711,"2025-09-23 18:07:48"
125,2023-08-01,128,196,121058,990,122244,94,2666,348,3108,145,15840,2281,18266,10,318,155,483,445,139882,3774,144101,"2025-09-23 18:07:48"
126,2023-08-01,129,391,432007,3199,435597,224,10580,2691,13495,289,62834,7677,70800,74,1558,638,2270,978,506979,14205,522162,"2025-09-23 18:07:48"
128,2023-08-01,131,73,15192,118,15383,56,788,53,897,79,7911,262,8252,11,82,30,123,219,23973,463,24655,"2025-09-23 18:07:48"
129,2023-08-01,132,73,10831,135,11039,49,477,92,618,117,4869,380,5366,4,78,228,310,243,16255,835,17333,"2025-09-23 18:07:48"
130,2023-08-01,133,68,11969,124,12161,61,635,90,786,103,6276,666,7045,15,67,74,156,247,18947,954,20148,"2025-09-23 18:07:48"
131,2023-08-01,134,88,17107,120,17315,59,721,95,875,116,8228,177,8521,11,81,36,128,274,26137,428,26839,"2025-09-23 18:07:48"
132,2023-08-01,135,72,19818,235,20125,57,832,96,985,78,8013,687,8778,9,101,83,193,216,28764,1101,30081,"2025-09-23 18:07:48"
133,2023-08-01,136,81,46397,317,46795,70,2186,217,2473,114,13812,1381,15307,14,205,147,366,279,62600,2062,64941,"2025-09-23 18:07:48"
134,2023-08-01,137,103,53824,694,54621,74,1795,177,2046,156,13684,1729,15569,8,314,886,1208,341,69617,3486,73444,"2025-09-23 18:07:48"
135,2023-08-01,138,35,16933,218,17186,25,594,35,654,29,3223,581,3833,7,73,46,126,96,20823,880,21799,"2025-09-23 18:07:48"
136,2023-08-01,139,71,43408,260,43739,66,1527,87,1680,83,9085,1053,10221,6,189,78,273,226,54209,1478,55913,"2025-09-23 18:07:48"
137,2023-08-01,140,1,8,0,9,0,3,0,3,0,8,0,8,0,0,0,0,1,19,0,20,"2025-09-23 18:07:48"
138,2023-08-01,141,208,86505,1039,87752,115,2296,304,2715,171,12180,1093,13444,14,303,256,573,508,101284,2692,104484,"2025-09-23 18:07:48"
139,2023-08-01,142,61,86687,1755,88503,116,2108,911,3135,65,11202,1753,13020,4,319,209,532,246,100316,4628,105190,"2025-09-23 18:07:48"
140,2023-08-01,143,147,90021,2021,92189,117,2503,511,3131,131,14619,2062,16812,8,367,217,592,403,107510,4811,112724,"2025-09-23 18:07:48"
141,2023-08-01,144,135,121795,4615,126545,92,3116,688,3896,128,15747,2353,18228,13,492,308,813,368,141150,7964,149482,"2025-09-23 18:07:48"
142,2023-08-01,145,211,92734,5875,98820,155,2968,408,3531,247,20130,1772,22149,26,399,289,714,639,116231,8344,125214,"2025-09-23 18:07:48"
144,2023-08-01,147,73,22676,62,22811,36,591,107,734,55,2259,394,2708,9,78,35,122,173,25604,598,26375,"2025-09-23 18:07:48"
145,2023-08-01,148,223,41723,1607,43553,128,1605,364,2097,218,12735,664,13617,25,193,128,346,594,56256,2763,59613,"2025-09-23 18:07:48"
146,2023-08-01,149,67,20225,1406,21698,43,1033,268,1344,90,8609,598,9297,7,110,70,187,207,29977,2342,32526,"2025-09-23 18:07:48"
147,2023-08-01,150,141,45179,841,46161,95,2117,386,2598,148,15161,1084,16393,30,179,81,290,414,62636,2392,65442,"2025-09-23 18:07:48"
148,2023-08-01,151,151,82562,687,83400,76,2457,345,2878,175,18696,2310,21181,13,435,781,1229,415,104150,4123,108688,"2025-09-23 18:07:48"
149,2023-08-01,152,131,39920,549,40600,75,1431,180,1686,186,12738,536,13460,31,183,155,369,423,54272,1420,56115,"2025-09-23 18:07:48"
150,2023-08-01,153,101,22793,195,23089,68,1154,337,1559,142,11207,387,11736,11,89,57,157,322,35243,976,36541,"2025-09-23 18:07:48"
151,2023-08-01,154,168,80020,951,81139,91,2546,485,3122,163,18766,1871,20800,22,350,429,801,444,101682,3736,105862,"2025-09-23 18:07:48"
152,2023-08-01,155,76,19331,144,19551,40,739,110,889,110,7653,456,8219,14,83,77,174,240,27806,787,28833,"2025-09-23 18:07:48"
153,2023-08-01,156,179,161708,2642,164529,142,4902,514,5558,180,23815,3714,27709,42,590,376,1008,543,191015,7246,198804,"2025-09-23 18:07:48"
154,2023-08-01,157,125,33743,294,34162,123,1427,317,1867,183,11526,716,12425,17,180,111,308,448,46876,1438,48762,"2025-09-23 18:07:48"
155,2023-08-01,158,101,114836,1740,116677,70,3882,672,4624,121,19562,2737,22420,11,462,408,881,303,138742,5557,144602,"2025-09-23 18:07:48"
156,2023-08-01,159,168,179301,1940,181409,149,4573,835,5557,214,20752,2426,23392,23,570,268,861,554,205196,5469,211219,"2025-09-23 18:07:48"
157,2023-08-01,160,75,11227,69,11371,53,498,63,614,122,5958,517,6597,13,60,77,150,263,17743,726,18732,"2025-09-23 18:07:48"
158,2023-08-01,161,77,24175,188,24440,45,1028,79,1152,191,10659,238,11088,19,125,48,192,332,35987,553,36872,"2025-09-23 18:07:48"
159,2023-08-01,162,147,40932,328,41407,90,1408,209,1707,141,12137,783,13061,21,205,144,370,399,54682,1464,56545,"2025-09-23 18:07:48"
161,2023-08-01,257,110,19642,166,19918,67,1292,92,1451,150,10584,268,11002,14,96,50,160,341,31614,576,32531,"2025-09-23 18:07:48"
162,2023-08-01,258,206,113869,2123,116198,132,3218,544,3894,204,19256,3128,22588,20,429,685,1134,562,136772,6480,143814,"2025-09-23 18:07:48"
163,2023-08-01,259,113,33183,584,33880,73,1529,163,1765,132,13444,1069,14645,7,239,150,396,325,48395,1966,50686,"2025-09-23 18:07:48"
164,2023-08-01,260,138,28820,733,29691,92,1206,171,1469,180,12591,439,13210,16,157,67,240,426,42774,1410,44610,"2025-09-23 18:07:48"
165,2023-08-01,261,70,8710,61,8841,43,472,56,571,101,4397,251,4749,6,40,40,86,220,13619,408,14247,"2025-09-23 18:07:48"
166,2023-08-01,262,87,18871,183,19141,62,864,121,1047,118,8628,259,9005,11,102,53,166,278,28465,616,29359,"2025-09-23 18:07:48"
167,2023-08-01,263,68,9878,60,10006,61,408,21,490,95,5162,62,5319,9,42,16,67,233,15490,159,15882,"2025-09-23 18:07:48"
168,2023-08-01,264,105,43967,250,44322,118,1656,410,2184,194,12242,2325,14761,25,227,199,451,442,58092,3184,61718,"2025-09-23 18:07:48"
169,2023-08-01,265,181,111612,1899,113692,141,4064,473,4678,215,24340,3061,27616,16,363,436,815,553,140379,5869,146801,"2025-09-23 18:07:48"
170,2023-08-01,266,78,9580,58,9716,54,413,69,536,117,4919,270,5306,6,64,28,98,255,14976,425,15656,"2025-09-23 18:07:48"
171,2023-08-01,267,74,7763,33,7870,41,368,22,431,116,4409,92,4617,6,51,18,75,237,12591,165,12993,"2025-09-23 18:07:48"
172,2023-08-01,268,141,151843,3211,155195,102,3468,950,4520,127,19652,2603,22382,14,483,394,891,384,175446,7158,182988,"2025-09-23 18:07:48"
173,2023-08-01,269,303,136099,1950,138352,239,3255,596,4090,187,15988,1486,17661,24,300,236,560,753,155642,4268,160663,"2025-09-23 18:07:48"
174,2023-08-01,270,107,40291,2502,42900,115,1651,207,1973,162,15058,864,16084,6,233,129,368,390,57233,3702,61325,"2025-09-23 18:07:48"
175,2023-08-01,271,104,9364,41,9509,58,444,89,591,108,4999,101,5208,12,51,16,79,282,14858,247,15387,"2025-09-23 18:07:48"
177,2023-08-01,164,86,12185,176,12447,63,535,83,681,101,6516,727,7344,10,72,42,124,260,19308,1028,20596,"2025-09-23 18:07:48"
178,2023-08-01,165,96,20267,189,20552,75,1056,105,1236,135,12415,257,12807,7,112,42,161,313,33850,593,34756,"2025-09-23 18:07:48"
179,2023-08-01,166,68,10271,110,10449,42,433,66,541,70,4979,398,5447,6,43,68,117,186,15726,642,16554,"2025-09-23 18:07:48"
180,2023-08-01,167,91,73921,817,74829,72,2213,277,2562,89,14302,3478,17869,14,488,1640,2142,266,90924,6212,97402,"2025-09-23 18:07:48"
181,2023-08-01,168,50,9067,457,9574,33,420,57,510,66,3941,203,4210,1,64,22,87,150,13492,739,14381,"2025-09-23 18:07:48"
182,2023-08-01,169,145,51590,852,52587,122,1898,390,2410,209,15336,1719,17264,19,326,272,617,495,69150,3233,72878,"2025-09-23 18:07:48"
183,2023-08-01,170,81,19918,345,20344,48,791,263,1102,79,7881,989,8949,9,127,150,286,217,28717,1747,30681,"2025-09-23 18:07:48"
184,2023-08-01,171,130,81831,2306,84267,120,2778,418,3316,163,13034,2366,15563,11,291,356,658,424,97934,5446,103804,"2025-09-23 18:07:48"
185,2023-08-01,172,226,38489,156,38871,214,1532,55,1801,155,11656,837,12648,15,171,112,298,610,51848,1160,53618,"2025-09-23 18:07:48"
186,2023-08-01,173,78,13781,159,14018,51,736,69,856,98,7854,358,8310,12,74,48,134,239,22445,634,23318,"2025-09-23 18:07:48"
187,2023-08-01,174,177,121165,1767,123109,139,3071,626,3836,199,22782,2056,25037,22,435,919,1376,537,147453,5368,153358,"2025-09-23 18:07:48"
188,2023-08-01,175,107,13403,93208,106718,60,633,2212,2905,194,9224,450,9868,4,151,40,195,365,23411,95910,119686,"2025-09-23 18:07:48"
189,2023-08-01,176,192,111749,2349,114290,155,3354,708,4217,201,21591,3481,25273,16,400,855,1271,564,137094,7393,145051,"2025-09-23 18:07:48"
190,2023-08-01,177,78,20640,141,20859,44,812,94,950,105,8069,503,8677,7,97,50,154,234,29618,788,30640,"2025-09-23 18:07:48"
191,2023-08-01,178,90,23749,181,24020,62,1218,108,1388,114,11113,751,11978,8,202,133,343,274,36282,1173,37729,"2025-09-23 18:07:48"
192,2023-08-01,179,122,15972,171,16265,59,723,112,894,103,9583,199,9885,11,83,30,124,295,26361,512,27168,"2025-09-23 18:07:48"
193,2023-08-01,180,81,18840,240,19161,43,751,68,862,87,8109,943,9139,3,121,90,214,214,27821,1341,29376,"2025-09-23 18:07:48"
194,2023-08-01,181,90,13026,84,13200,78,566,48,692,106,7011,282,7399,7,56,33,96,281,20659,447,21387,"2025-09-23 18:07:48"
195,2023-08-01,182,75,10898,92,11065,48,535,57,640,88,6229,132,6449,8,54,22,84,219,17716,303,18238,"2025-09-23 18:07:48"
196,2023-08-01,183,69,11963,12966,24998,51,544,288,883,84,6463,189,6736,11,79,22,112,215,19049,13465,32729,"2025-09-23 18:07:48"
197,2023-08-01,184,111,24061,76179,100351,78,1623,1262,2963,141,15303,231,15675,10,109,42,161,340,41096,77714,119150,"2025-09-23 18:07:48"
198,2023-08-01,185,95,25242,554,25891,52,975,951,1978,95,8075,503,8673,8,143,151,302,250,34435,2159,36844,"2025-09-23 18:07:48"
200,2023-08-01,187,139,117555,960,118654,90,3088,393,3571,118,22152,2682,24952,12,379,390,781,359,143174,4425,147958,"2025-09-23 18:07:48"
201,2023-08-01,188,219,117281,1703,119203,153,3859,555,4567,232,25875,1942,28049,15,507,381,903,619,147522,4581,152722,"2025-09-23 18:07:48"
202,2023-08-01,189,64,13995,39,14098,35,667,53,755,69,6496,591,7156,16,80,40,136,184,21238,723,22145,"2025-09-23 18:07:48"
203,2023-08-01,190,196,188253,2522,190971,116,5139,790,6045,232,25914,3660,29806,18,597,456,1071,562,219903,7428,227893,"2025-09-23 18:07:48"
205,2023-08-01,192,148,58040,621,58809,83,2062,270,2415,159,17914,1045,19118,15,218,147,380,405,78234,2083,80722,"2025-09-23 18:07:48"
206,2023-08-01,193,97,26940,416,27453,58,1217,121,1396,130,10376,279,10785,11,136,79,226,296,38669,895,39860,"2025-09-23 18:07:48"
207,2023-08-01,194,104,11151,58,11313,52,441,41,534,86,7005,82,7173,15,44,15,74,257,18641,196,19094,"2025-09-23 18:07:48"
208,2023-08-01,195,123,36489,418,37030,90,1667,253,2010,171,17221,1047,18439,16,195,164,375,400,55572,1882,57854,"2025-09-23 18:07:48"
209,2023-08-01,196,69,19967,159,20195,46,807,43,896,89,11209,990,12288,8,128,153,289,212,32111,1345,33668,"2025-09-23 18:07:48"
210,2023-08-01,197,237,63370,942,64549,231,2155,306,2692,255,19313,1185,20753,47,304,227,578,770,85142,2660,88572,"2025-09-23 18:07:48"
211,2023-08-01,198,74,12800,113,12987,51,616,55,722,117,6042,112,6271,14,70,27,111,256,19528,307,20091,"2025-09-23 18:07:48"
212,2023-08-01,199,55,5962,34,6051,31,283,28,342,59,3833,47,3939,2,33,8,43,147,10111,117,10375,"2025-09-23 18:07:48"
213,2023-08-01,200,131,40689,481,41301,76,1629,144,1849,142,14742,722,15606,27,219,152,398,376,57279,1499,59154,"2025-09-23 18:07:48"
214,2023-08-01,201,130,44635,385,45150,88,1778,245,2111,137,16242,1520,17899,13,230,343,586,368,62885,2493,65746,"2025-09-23 18:07:48"
215,2023-08-01,202,108,22598,178,22884,61,720,79,860,108,8477,198,8783,21,105,42,168,298,31900,497,32695,"2025-09-23 18:07:48"
216,2023-08-01,203,60,4221,400,4681,22,255,206,483,68,1414,31,1513,8,21,2,31,158,5911,639,6708,"2025-09-23 18:07:48"
217,2023-08-01,204,135,20008,119,20262,65,648,82,795,124,6586,117,6827,14,115,32,161,338,27357,350,28045,"2025-09-23 18:07:48"
218,2023-08-01,205,87,19460,90,19637,89,867,83,1039,136,12183,837,13156,12,106,100,218,324,32616,1110,34050,"2025-09-23 18:07:48"
219,2023-08-01,206,79,17670,142,17891,45,643,49,737,87,7805,614,8506,13,89,156,258,224,26207,961,27392,"2025-09-23 18:07:48"
220,2023-08-01,207,62,9791,40,9893,69,454,44,567,85,5952,115,6152,10,71,14,95,226,16268,213,16707,"2025-09-23 18:07:48"
221,2023-08-01,208,125,56150,307,56582,71,1866,365,2302,107,12916,1527,14550,10,229,293,532,313,71161,2492,73966,"2025-09-23 18:07:48"
222,2023-08-01,209,144,104594,1417,106155,91,3013,796,3900,201,17935,4395,22531,14,424,1752,2190,450,125966,8360,134776,"2025-09-23 18:07:48"
223,2023-08-01,210,169,122937,1981,125087,91,2979,312,3382,102,18007,1016,19125,26,395,291,712,388,144318,3600,148306,"2025-09-23 18:07:48"
225,2023-08-01,212,124,93759,998,94881,91,2970,483,3544,130,11904,470,12504,13,281,161,455,358,108914,2112,111384,"2025-09-23 18:07:48"
226,2023-08-01,213,98,23994,196,24288,73,869,168,1110,107,9304,253,9664,11,68,174,253,289,34235,791,35315,"2025-09-23 18:07:48"
227,2023-08-01,214,49,11602,80,11731,64,745,89,898,94,7410,207,7711,8,104,71,183,231,27928,564,28723,"2025-09-23 18:07:48"
228,2023-08-01,215,250,238787,2216,241253,172,6391,521,7084,236,40743,4571,45550,33,720,574,1327,691,286641,7882,295214,"2025-09-23 18:07:48"
229,2023-08-01,216,103,14057,148,14308,57,540,114,711,130,6207,156,6493,8,58,32,98,298,20862,450,21610,"2025-09-23 18:07:48"
230,2023-08-01,217,111,42948,490,43549,98,1435,190,1723,106,13716,2630,16452,13,178,642,833,328,58277,3952,62557,"2025-09-23 18:07:48"
231,2023-08-01,218,103,46701,702,47506,76,1499,200,1775,140,10464,518,11122,13,166,113,292,332,58830,1533,60695,"2025-09-23 18:07:48"
232,2023-08-01,219,90,13494,65,13649,61,515,58,634,89,7151,486,7726,9,139,147,295,249,21299,756,22304,"2025-09-23 18:07:48"
233,2023-08-01,220,162,147981,1235,149378,102,4236,794,5132,147,22421,7039,29607,20,576,1604,2200,431,175214,10672,186317,"2025-09-23 18:07:48"
234,2023-08-01,221,64,10280,59,10403,56,418,46,520,92,4586,556,5234,13,55,103,171,225,15339,764,16328,"2025-09-23 18:07:48"
235,2023-08-01,222,215,142006,2932,145153,180,3439,1021,4640,241,26978,2343,29562,30,461,432,923,666,172884,6728,180278,"2025-09-23 18:07:48"
236,2023-08-01,223,73,24982,176,25231,74,1055,104,1233,99,10350,404,10853,9,141,66,216,255,36528,750,37533,"2025-09-23 18:07:48"
237,2023-08-01,224,135,86853,1288,88276,69,1982,470,2521,135,10491,972,11598,12,144,149,305,351,99470,2879,102700,"2025-09-23 18:07:48"
238,2023-08-01,225,66,91257,3997,95320,33,1972,445,2450,54,11178,1651,12883,4,185,229,418,157,104592,6322,111071,"2025-09-23 18:07:48"
239,2023-08-01,226,243,154614,58088,212945,219,2161,1323,3703,145,10569,961,11675,12,192,181,385,619,167536,60553,228708,"2025-09-23 18:07:48"
240,2023-08-01,227,185,100058,1580,101823,174,2294,282,2750,132,16770,1393,18295,15,285,330,630,506,119407,3585,123498,"2025-09-23 18:07:48"
241,2023-08-01,228,91,86696,722,87509,37,2015,163,2215,91,7835,916,8842,10,242,253,505,229,96788,2054,99071,"2025-09-23 18:07:48"
242,2023-08-01,229,99,42755,735,43589,83,1717,252,2052,118,8857,313,9288,13,140,72,225,313,53469,1372,55154,"2025-09-23 18:07:48"
243,2023-08-01,230,59,16093,94,16246,63,546,42,651,104,7735,169,8008,11,70,78,159,237,24444,383,25064,"2025-09-23 18:07:48"
244,2023-08-01,231,80,32652,33834,66566,59,1110,314,1483,76,10264,530,10870,7,244,235,486,222,44270,34913,79405,"2025-09-23 18:07:48"
245,2023-08-01,232,57,13210,160,13427,57,500,89,646,118,6505,147,6770,10,70,26,106,242,20285,422,20949,"2025-09-23 18:07:48"
246,2023-08-01,233,85,15518,96,15699,54,609,76,739,137,8133,399,8669,14,70,67,151,290,24330,638,25258,"2025-09-23 18:07:48"
248,2023-08-01,235,247,77107,956,78310,140,3006,151,3297,340,27303,619,28262,39,235,141,415,766,107651,1867,110284,"2025-09-23 18:07:48"
249,2023-08-01,236,599,245524,265972,512095,359,7311,6557,14227,692,56238,3500,60430,41,1172,532,1745,1691,310245,276561,588497,"2025-09-23 18:07:48"
251,2023-08-01,238,157,92522,2466,95145,149,2653,494,3296,257,18119,1409,19785,33,393,387,813,596,113687,4756,119039,"2025-09-23 18:07:48"
253,2023-08-01,240,112,39314,666,40092,79,1289,163,1531,128,6974,504,7606,14,160,213,387,333,47737,1546,49616,"2025-09-23 18:07:48"
254,2023-08-01,241,124,25901,470,26495,100,861,132,1093,182,6764,177,7123,8,129,42,179,414,33655,821,34890,"2025-09-23 18:07:48"
255,2023-08-01,242,107,33967,933,35007,92,1113,146,1351,109,5511,300,5920,6,136,98,240,314,40727,1477,42518,"2025-09-23 18:07:48"
256,2023-08-01,243,53,8824,54,8931,55,316,27,398,108,3335,48,3491,8,52,13,73,224,12527,142,12893,"2025-09-23 18:07:48"
257,2023-08-01,244,44,12261,185,12490,41,412,33,486,117,4149,78,4344,11,78,21,110,213,16900,317,17430,"2025-09-23 18:07:48"
258,2023-08-01,245,131,14931,161,15223,80,674,52,806,124,6191,135,6450,10,110,52,172,345,21906,400,22651,"2025-09-23 18:07:48"
259,2023-08-01,246,221,156843,2836,159900,170,4478,512,5160,234,26923,2235,29392,24,604,365,993,649,188848,5948,195445,"2025-09-23 18:07:48"
260,2023-08-01,247,53,14407,105,14565,51,489,60,600,127,4921,100,5148,7,86,29,122,238,19903,294,20435,"2025-09-23 18:07:48"
261,2023-08-01,248,107,14263,219,14589,92,582,77,751,143,6218,160,6521,19,85,35,139,361,21148,491,22000,"2025-09-23 18:07:48"
262,2023-08-01,249,56,16984,139,17179,66,720,38,824,134,6999,143,7276,14,78,18,110,270,24781,338,25389,"2025-09-23 18:07:48"
263,2023-08-01,250,306,119707,2557,122570,279,3220,636,4135,268,18833,2729,21830,18,496,404,918,871,142256,6326,149453,"2025-09-23 18:07:48"
264,2023-08-01,251,61,16020,401,16482,60,628,129,817,118,3371,131,3620,9,108,39,156,248,20127,700,21075,"2025-09-23 18:07:48"
265,2023-08-01,252,102,17382,308,17792,84,817,95,996,124,8649,141,8914,14,84,38,136,324,26932,582,27838,"2025-09-23 18:07:48"
266,2023-08-01,253,122,27703,253,28078,106,1256,281,1643,179,11739,438,12356,23,132,64,219,430,40830,1036,42296,"2025-09-23 18:07:48"
267,2023-08-01,254,64,9687,61,9812,62,305,53,420,102,3293,49,3444,11,59,21,91,239,13344,184,13767,"2025-09-23 18:07:48"
268,2023-08-01,255,80,19074,527,19681,65,884,73,1022,119,8514,260,8893,13,109,48,170,277,28581,908,29766,"2025-09-23 18:07:48"
270,2023-09-01,1,158,211949,18861,230968,57,4020,556,4633,179,13776,2465,16420,18,346,153,517,412,230091,22035,252538,"2025-09-23 18:07:55"
271,2023-09-01,2,112,128897,5105,134114,41,3415,799,4255,154,12178,2516,14848,6,207,222,435,313,144697,8642,153652,"2025-09-23 18:07:55"
272,2023-09-01,3,102,60847,2110,63059,65,2287,716,3068,133,7139,1299,8571,14,139,111,264,314,70412,4236,74962,"2025-09-23 18:07:55"
273,2023-09-01,4,118,66742,2036,68896,45,4438,1358,5841,162,16490,4350,21002,16,391,270,677,358,188466,16350,205174,"2025-09-23 18:07:55"
274,2023-09-01,5,94,99872,3105,103071,47,3200,345,3592,146,9342,2205,11693,12,179,174,365,299,112593,5829,118721,"2025-09-23 18:07:55"
275,2023-09-01,6,91,81051,3224,84366,42,2249,336,2627,185,8991,1682,10858,10,117,163,290,328,92408,5405,98141,"2025-09-23 18:07:55"
276,2023-09-01,7,106,115835,10025,125966,62,4348,546,4956,130,14088,2717,16935,6,315,164,485,304,134586,13452,148342,"2025-09-23 18:07:55"
277,2023-09-01,8,57,71797,3561,75415,31,2851,462,3344,78,10900,2322,13300,11,177,102,290,177,85725,6447,92349,"2025-09-23 18:07:55"
278,2023-09-01,9,83,129781,5528,135392,52,3493,818,4363,175,10054,2144,12373,11,237,257,505,321,143565,8747,152633,"2025-09-23 18:07:55"
279,2023-09-01,10,94,76731,4699,81524,50,2445,591,3086,128,8056,2040,10224,12,179,171,362,284,87411,7501,95196,"2025-09-23 18:07:55"
280,2023-09-01,11,102,83824,2754,86680,56,2728,157,2941,136,9888,2190,12214,10,179,103,292,304,96619,5204,102127,"2025-09-23 18:07:55"
281,2023-09-01,12,113,94731,1153,95997,45,2350,131,2526,124,6562,1181,7867,16,135,200,351,298,103778,2665,106741,"2025-09-23 18:07:55"
282,2023-09-01,13,92,101963,4392,106447,56,2646,668,3370,166,9445,2226,11837,20,232,468,720,334,114286,7754,122374,"2025-09-23 18:07:55"
283,2023-09-01,14,208,77620,3220,81048,103,2133,425,2661,133,5976,1789,7898,9,136,106,251,453,85865,5540,91858,"2025-09-23 18:07:55"
284,2023-09-01,15,187,152741,4096,157024,132,3005,684,3821,183,10758,4832,15773,17,273,165,455,519,166777,9777,177073,"2025-09-23 18:07:55"
285,2023-09-01,16,120,82092,7921,90133,48,1890,894,2832,175,8533,1872,10580,18,205,99,322,361,92720,10786,103867,"2025-09-23 18:07:55"
286,2023-09-01,17,96,105497,2122,107715,50,2984,1129,4163,145,8624,1722,10491,10,185,104,299,301,117290,5077,122668,"2025-09-23 18:07:55"
287,2023-09-01,18,129,207324,7282,214735,99,4208,1690,5997,166,18050,4995,23211,15,366,381,762,409,229948,14348,244705,"2025-09-23 18:07:55"
288,2023-09-01,19,127,127915,4452,132494,62,3245,755,4062,142,11339,2931,14412,7,277,435,719,338,142776,8573,151687,"2025-09-23 18:07:55"
289,2023-09-01,20,130,118155,2951,121236,59,3869,172,4100,169,13625,4401,18195,14,446,636,1096,372,136095,8160,144627,"2025-09-23 18:07:55"
290,2023-09-01,21,254,65343,1295,66892,123,1914,68,2105,146,5234,786,6166,11,128,26,165,534,72619,2175,75328,"2025-09-23 18:07:55"
291,2023-09-01,22,101,114146,4114,118361,44,3202,734,3980,138,10074,2032,12244,16,163,195,374,299,127585,7075,134959,"2025-09-23 18:07:55"
292,2023-09-01,23,1515,39475,554,41544,1521,1517,258,3296,343,3665,1575,5583,100,85,96,281,3479,44742,2483,50704,"2025-09-23 18:07:55"
293,2023-09-01,63,124,88179,1160,89463,787,1841,219,2847,183,5375,1189,6747,17,341,103,461,1285,51008,3225,55518,"2025-09-23 18:07:55"
294,2023-09-01,25,81,91372,5934,97387,32,3234,532,3798,124,11762,2803,14689,15,199,327,541,252,106567,9596,116415,"2025-09-23 18:07:55"
295,2023-09-01,146,1945,652530,12478,666953,3709,73512,15043,92264,3943,249924,60264,314131,411,5637,5231,11279,12648,2978629,201082,3192359,"2025-09-23 18:07:55"
297,2023-09-01,28,96,66423,2420,68939,65,2100,815,2980,109,9678,3228,13015,14,181,652,847,284,78382,7115,85781,"2025-09-23 18:07:55"
298,2023-09-01,29,79,72822,803,73704,52,2110,556,2718,120,10893,1329,12342,12,240,209,461,263,86065,2897,89225,"2025-09-23 18:07:55"
299,2023-09-01,77,287,138266,2827,141380,61,2139,492,2692,56,8967,4568,13591,3,280,1526,1809,226,91064,9789,101079,"2025-09-23 18:07:55"
300,2023-09-01,57,67,57818,731,58616,48,902,181,1131,61,3652,2364,6077,4,98,1040,1142,191,44135,5518,49844,"2025-09-23 18:07:55"
301,2023-09-01,32,72,85478,1478,87028,28,1972,339,2339,66,10120,1467,11653,1,205,261,467,167,97775,3545,101487,"2025-09-23 18:07:55"
302,2023-09-01,33,125,113210,19240,132575,62,2836,538,3436,164,13116,2253,15533,11,190,535,736,362,129352,22566,152280,"2025-09-23 18:07:55"
303,2023-09-01,79,87,108006,1496,109589,55,2229,302,2586,105,12147,1637,13889,8,199,231,438,274,102372,3730,106376,"2025-09-23 18:07:55"
304,2023-09-01,35,94,66532,2489,69115,59,2146,245,2450,100,14519,2320,16939,10,206,327,543,263,83403,5381,89047,"2025-09-23 18:07:55"
305,2023-09-01,36,106,92297,3390,95793,51,2773,337,3161,104,12938,2029,15071,9,203,292,504,270,108211,6048,114529,"2025-09-23 18:07:55"
306,2023-09-01,60,279,186924,9965,197168,36,900,22,958,42,3641,984,4667,1,55,96,152,140,30398,1501,32039,"2025-09-23 18:07:55"
307,2023-09-01,38,49,57789,57499,115337,24,1459,930,2413,80,5673,1197,6950,11,137,363,511,164,65058,59989,125211,"2025-09-23 18:07:55"
308,2023-09-01,39,296,100474,11892,112662,493,1626,615,2734,186,8313,2244,10743,29,172,702,903,1004,110585,15453,127042,"2025-09-23 18:07:55"
309,2023-09-01,40,84,26694,1382,28160,50,998,293,1341,86,4179,374,4639,10,49,52,111,230,31920,2101,34251,"2025-09-23 18:07:55"
311,2023-09-01,42,133,149477,11702,161312,59,3180,261,3500,126,13217,2184,15527,8,301,492,801,326,166175,14639,181140,"2025-09-23 18:07:55"
313,2023-09-01,44,0,22,2,24,38,401,15,454,43,5334,47,5424,2,67,6,75,129,15769,109,16007,"2025-09-23 18:07:55"
315,2023-09-01,46,199,241437,11058,252694,112,4935,739,5786,175,29703,5462,35340,13,552,568,1133,499,276627,17827,294953,"2025-09-23 18:07:55"
316,2023-09-01,47,117,118057,1660,119834,121,2969,510,3600,292,19721,2851,22864,60,380,289,729,590,141127,5310,147027,"2025-09-23 18:07:55"
320,2023-09-01,51,173,193724,3135,197032,197,3042,623,3862,210,15980,1324,17514,14,419,157,590,594,213165,5239,218998,"2025-09-23 18:07:55"
323,2023-09-01,54,123,26867,14242,41232,52,1161,393,1606,157,10202,761,11120,9,150,84,243,341,38380,15480,54201,"2025-09-23 18:07:55"
324,2023-09-01,55,111,94649,142930,237690,63,3266,1923,5252,116,23879,2789,26784,15,565,325,905,305,122359,147967,270631,"2025-09-23 18:07:55"
325,2023-09-01,56,319,219768,27353,247440,415,5367,884,6666,170,29802,3536,33508,22,521,485,1028,926,255458,32258,288642,"2025-09-23 18:07:55"
327,2023-09-01,58,191,141708,3492,145391,100,4271,125,4496,138,16999,4740,21877,19,401,869,1289,448,163379,9226,173053,"2025-09-23 18:07:55"
328,2023-09-01,59,149,203559,37519,241227,83,4804,1123,6010,101,21257,3083,24441,13,381,321,715,346,230001,42046,272393,"2025-09-23 18:07:55"
330,2023-09-01,61,176,198127,5103,203406,99,3217,682,3998,155,12207,3360,15722,10,373,518,901,440,213924,9663,224027,"2025-09-23 18:07:55"
331,2023-09-01,62,71,8761,135,8967,55,519,70,644,127,3880,61,4068,3,47,11,61,256,13207,277,13740,"2025-09-23 18:07:55"
334,2023-09-01,65,191,171847,3929,175967,150,4477,410,5037,196,26824,8046,35066,28,665,905,1598,565,203813,13290,217668,"2025-09-23 18:07:55"
340,2023-09-01,71,81,71229,2922,74232,46,2211,576,2833,104,13861,4047,18012,10,309,450,769,241,87610,7995,95846,"2025-09-23 18:07:55"
343,2023-09-01,74,125,171385,3001,174511,98,3165,366,3629,413,15504,2429,18346,22,558,301,881,658,190612,6097,197367,"2025-09-23 18:07:55"
349,2023-09-01,80,169,106677,1229,108075,93,2622,672,3387,170,20373,4145,24688,11,385,1005,1401,443,130057,7051,137551,"2025-09-23 18:07:55"
352,2023-09-01,83,351,173734,1100,175185,247,3416,499,4162,258,15064,1922,17244,65,605,164,834,921,192819,3685,197425,"2025-09-23 18:07:55"
354,2023-09-01,85,151,24869,205,25225,87,1170,138,1395,167,6618,207,6992,20,126,45,191,425,32783,595,33803,"2025-09-23 18:07:55"
355,2023-09-01,86,298,172706,1857,174861,161,4341,345,4847,192,19598,2578,22368,21,401,284,706,672,197046,5064,202782,"2025-09-23 18:07:55"
356,2023-09-01,87,101,112792,3359,116252,80,2601,754,3435,79,13207,2218,15504,10,337,163,510,270,128937,6494,135701,"2025-09-23 18:07:55"
357,2023-09-01,88,71,105583,2459,108113,22,2242,517,2781,37,9609,1455,11101,1,216,131,348,131,117650,4562,122343,"2025-09-23 18:07:55"
358,2023-09-01,89,458,28749,294,29501,108,542,32,682,123,1907,406,2436,13,64,11,88,702,31262,743,32707,"2025-09-23 18:07:55"
359,2023-09-01,90,121,87401,1671,89193,75,2452,448,2975,106,10468,2343,12917,9,206,194,409,311,100527,4656,105494,"2025-09-23 18:07:55"
360,2023-09-01,91,183,168229,816,169228,98,5101,2570,7769,127,30678,5420,36225,13,639,361,1013,421,204647,9167,214235,"2025-09-23 18:07:55"
361,2023-09-01,92,85,61134,1162,62381,78,1683,298,2059,99,8478,1429,10006,12,174,155,341,274,71469,3044,74787,"2025-09-23 18:07:55"
362,2023-09-01,93,125,88360,1015,89500,71,2247,165,2483,93,9157,3927,13177,9,177,258,444,298,99941,5365,105604,"2025-09-23 18:07:55"
363,2023-09-01,94,246,199640,2645,202531,116,5321,1525,6962,197,30869,4384,35450,8,657,691,1356,567,236487,9245,246299,"2025-09-23 18:07:55"
364,2023-09-01,95,361,266005,2077,268443,201,7648,1091,8940,228,43300,6103,49631,27,1060,479,1566,817,318013,9750,328580,"2025-09-23 18:07:55"
365,2023-09-01,96,86,31882,717,32685,43,1260,74,1377,86,5450,688,6224,12,90,53,155,227,38682,1532,40441,"2025-09-23 18:07:55"
366,2023-09-01,97,284,253627,5598,259509,204,8029,1180,9413,211,34697,6094,41002,29,603,564,1196,728,296956,13436,311120,"2025-09-23 18:07:55"
367,2023-09-01,101,186,179148,4494,183828,65,2542,1365,3972,108,7898,2072,10078,11,325,226,562,370,189913,8157,198440,"2025-09-23 18:07:55"
368,2023-09-01,102,165,68544,1054,69763,64,2145,208,2417,76,7604,1308,8988,3,183,145,331,308,78476,2715,81499,"2025-09-23 18:07:55"
369,2023-09-01,103,211,63778,2072,66061,56,2274,266,2596,105,9019,1603,10727,17,158,135,310,389,75229,4076,79694,"2025-09-23 18:07:55"
370,2023-09-01,104,129,175176,4603,179908,162,4695,1479,6336,160,20337,3038,23535,23,521,574,1118,474,200729,9694,210897,"2025-09-23 18:07:55"
371,2023-09-01,105,252,142049,1961,144262,96,2238,112,2446,65,6833,1484,8382,3,246,141,390,416,151366,3698,155480,"2025-09-23 18:07:55"
372,2023-09-01,106,219,93985,942,95146,165,2816,594,3575,101,8259,2053,10413,14,202,123,339,499,105262,3712,109473,"2025-09-23 18:07:55"
373,2023-09-01,107,153,72844,1197,74194,91,2564,66,2721,96,6735,1812,8643,24,150,97,271,364,82293,3172,85829,"2025-09-23 18:07:55"
374,2023-09-01,108,172,222223,1840,224235,108,6742,456,7306,155,37472,6317,43944,21,654,460,1135,456,267091,9073,276620,"2025-09-23 18:07:55"
375,2023-09-01,109,189,134502,2566,137257,163,5247,1152,6562,225,23015,3893,27133,13,367,329,709,590,163131,7940,171661,"2025-09-23 18:07:55"
376,2023-09-01,110,71,122426,2366,124863,42,4184,639,4865,36,18789,2544,21369,3,410,373,786,152,145809,5922,151883,"2025-09-23 18:07:55"
377,2023-09-01,111,155,89856,712,90723,99,3157,487,3743,135,18987,3262,22384,13,892,283,1188,402,112892,4744,118038,"2025-09-23 18:07:55"
378,2023-09-01,112,146,111022,2424,113592,122,2275,617,3014,121,9888,3838,13847,11,321,166,498,400,123506,7045,130951,"2025-09-23 18:07:55"
379,2023-09-01,113,91,74031,1306,75428,28,2315,918,3261,38,9248,1653,10939,0,186,135,321,157,85780,4012,89949,"2025-09-23 18:07:55"
380,2023-09-01,114,173,105572,701,106446,93,3817,445,4355,158,19261,2958,22377,13,464,232,709,437,129114,4336,133887,"2025-09-23 18:07:55"
381,2023-09-01,115,241,51399,420,52060,101,1771,586,2458,260,12202,851,13313,11,264,88,363,613,65636,1945,68194,"2025-09-23 18:07:55"
382,2023-09-01,116,184,51995,357,52536,83,2074,678,2835,203,14108,6088,20399,9,275,353,637,479,68452,7476,76407,"2025-09-23 18:07:55"
383,2023-09-01,117,90,17570,89,17749,71,761,187,1019,156,6290,4417,10863,8,134,516,658,325,24755,5209,30289,"2025-09-23 18:07:55"
384,2023-09-01,118,87,99385,1156,100628,62,2888,548,3498,71,10359,2357,12787,10,282,166,458,230,112914,4227,117371,"2025-09-23 18:07:55"
385,2023-09-01,119,45,179600,3171,182816,33,3634,669,4336,36,11749,3755,15540,8,477,179,664,122,195460,7774,203356,"2025-09-23 18:07:55"
386,2023-09-01,120,20,143941,732,144693,17,2003,194,2214,23,5062,1419,6504,0,223,38,261,60,151229,2383,153672,"2025-09-23 18:07:55"
387,2023-09-01,121,380,115662,1580,117622,187,3966,1296,5449,256,21438,4618,26312,22,633,432,1087,845,141699,7926,150470,"2025-09-23 18:07:55"
388,2023-09-01,122,116,58821,318,59255,97,1373,172,1642,86,5952,2106,8144,9,139,309,457,308,66285,2905,69498,"2025-09-23 18:07:55"
389,2023-09-01,123,258,150674,2189,153121,269,4730,436,5435,205,18328,2879,21412,27,489,268,784,759,174221,5772,180752,"2025-09-23 18:07:55"
390,2023-09-01,124,201,100375,1030,101606,87,3502,672,4261,127,18810,4284,23221,16,436,529,981,431,123123,6515,130069,"2025-09-23 18:07:55"
391,2023-09-01,125,258,204250,2287,206795,101,5698,2648,8447,177,30627,6357,37161,18,624,302,944,554,241199,11594,253347,"2025-09-23 18:07:55"
392,2023-09-01,126,352,280838,3741,284931,167,8050,2184,10401,250,35795,7199,43244,23,882,1009,1914,792,325565,14133,340490,"2025-09-23 18:07:55"
393,2023-09-01,127,181,65479,3764,69424,77,2878,774,3729,154,20849,2737,23740,12,333,384,729,424,89539,7659,97622,"2025-09-23 18:07:55"
394,2023-09-01,128,196,121322,976,122494,94,2675,351,3120,148,15836,2284,18268,10,315,155,480,448,140148,3766,144362,"2025-09-23 18:07:55"
395,2023-09-01,129,391,433987,3212,437590,230,10573,2698,13501,289,62857,7714,70860,74,1574,647,2295,984,508991,14271,524246,"2025-09-23 18:07:55"
397,2023-09-01,131,73,15209,116,15398,58,785,53,896,78,7924,261,8263,11,83,30,124,220,24001,460,24681,"2025-09-23 18:07:55"
398,2023-09-01,132,73,10885,139,11097,49,475,92,616,115,4869,380,5364,5,77,227,309,242,16306,838,17386,"2025-09-23 18:07:55"
399,2023-09-01,133,68,11968,124,12160,60,631,90,781,104,6293,660,7057,15,67,75,157,247,18959,949,20155,"2025-09-23 18:07:55"
400,2023-09-01,134,86,17166,119,17371,57,720,94,871,116,8237,178,8531,12,86,36,134,271,26209,427,26907,"2025-09-23 18:07:55"
401,2023-09-01,135,72,19833,228,20133,58,828,95,981,79,7990,687,8756,11,106,83,200,220,28757,1093,30070,"2025-09-23 18:07:55"
402,2023-09-01,136,80,46398,317,46795,69,2169,218,2456,116,13796,1388,15300,14,213,146,373,279,62576,2069,64924,"2025-09-23 18:07:55"
403,2023-09-01,137,102,53884,715,54701,77,1782,177,2036,158,13697,1731,15586,8,325,887,1220,345,69688,3510,73543,"2025-09-23 18:07:55"
404,2023-09-01,138,35,16944,156,17135,26,586,36,648,29,3220,581,3830,8,73,45,126,98,20823,818,21739,"2025-09-23 18:07:55"
405,2023-09-01,139,71,43500,265,43836,66,1523,88,1677,84,9079,1059,10222,7,191,80,278,228,54293,1492,56013,"2025-09-23 18:07:55"
406,2023-09-01,140,1,8,0,9,0,3,0,3,0,8,0,8,0,0,0,0,1,19,0,20,"2025-09-23 18:07:55"
407,2023-09-01,141,210,86787,1033,88030,116,2306,303,2725,171,12190,1092,13453,16,305,255,576,513,101588,2683,104784,"2025-09-23 18:07:55"
408,2023-09-01,142,60,86455,1764,88279,124,2101,901,3126,65,11195,1757,13017,4,316,210,530,253,100067,4632,104952,"2025-09-23 18:07:55"
409,2023-09-01,143,147,90034,2133,92314,117,2471,513,3101,130,14620,2074,16824,8,364,215,587,402,107489,4935,112826,"2025-09-23 18:07:55"
410,2023-09-01,144,149,122554,4656,127359,90,3098,684,3872,127,15703,2360,18190,13,493,310,816,379,141848,8010,150237,"2025-09-23 18:07:55"
411,2023-09-01,145,197,92896,6116,99209,157,2977,408,3542,248,20169,1777,22194,27,400,285,712,629,116442,8586,125657,"2025-09-23 18:07:55"
413,2023-09-01,147,71,22809,62,22942,37,583,107,727,55,2269,394,2718,9,81,34,124,172,25742,597,26511,"2025-09-23 18:07:55"
414,2023-09-01,148,225,41732,1626,43583,127,1601,358,2086,219,12749,663,13631,25,194,128,347,596,56276,2775,59647,"2025-09-23 18:07:55"
415,2023-09-01,149,68,20297,1415,21780,44,1033,265,1342,91,8619,599,9309,8,111,70,189,211,30060,2349,32620,"2025-09-23 18:07:55"
416,2023-09-01,150,141,45226,856,46223,95,2112,382,2589,143,15150,1083,16376,31,182,81,294,410,62670,2402,65482,"2025-09-23 18:07:55"
417,2023-09-01,151,149,82884,683,83716,75,2462,351,2888,177,18730,2304,21211,14,444,782,1240,415,104520,4120,109055,"2025-09-23 18:07:55"
418,2023-09-01,152,132,39957,548,40637,77,1435,181,1693,188,12711,535,13434,31,179,152,362,428,54282,1416,56126,"2025-09-23 18:07:55"
419,2023-09-01,153,100,22813,194,23107,68,1149,332,1549,143,11212,390,11745,11,86,57,154,322,35260,973,36555,"2025-09-23 18:07:55"
420,2023-09-01,154,169,80102,930,81201,90,2526,486,3102,163,18777,1876,20816,22,355,427,804,444,101760,3719,105923,"2025-09-23 18:07:55"
421,2023-09-01,155,77,19340,148,19565,43,746,111,900,109,7668,459,8236,14,84,77,175,243,27838,795,28876,"2025-09-23 18:07:55"
422,2023-09-01,156,178,162648,2591,165417,143,4903,512,5558,183,23855,3742,27780,43,600,380,1023,547,192006,7225,199778,"2025-09-23 18:07:55"
423,2023-09-01,157,123,33707,291,34121,121,1406,317,1844,182,11450,717,12349,16,181,113,310,442,46744,1438,48624,"2025-09-23 18:07:55"
424,2023-09-01,158,100,115104,1720,116924,73,3864,673,4610,121,19525,2742,22388,11,473,405,889,305,138966,5540,144811,"2025-09-23 18:07:55"
425,2023-09-01,159,168,179542,1939,181649,158,4556,830,5544,217,20816,2444,23477,23,581,269,873,566,205495,5482,211543,"2025-09-23 18:07:55"
426,2023-09-01,160,75,11244,68,11387,53,499,63,615,120,5982,512,6614,13,61,77,151,261,17786,720,18767,"2025-09-23 18:07:55"
427,2023-09-01,161,82,24199,189,24470,45,1023,79,1147,191,10689,239,11119,19,124,48,191,337,36035,555,36927,"2025-09-23 18:07:55"
428,2023-09-01,162,154,41106,326,41586,90,1406,210,1706,141,12134,783,13058,21,205,144,370,406,54851,1463,56720,"2025-09-23 18:07:55"
430,2023-09-01,257,110,19688,167,19965,68,1295,96,1459,144,10599,267,11010,14,99,50,163,336,31681,580,32597,"2025-09-23 18:07:55"
431,2023-09-01,258,205,114073,2115,116393,133,3209,545,3887,206,19399,3112,22717,20,436,683,1139,564,137117,6455,144136,"2025-09-23 18:07:55"
432,2023-09-01,259,111,33201,583,33895,71,1529,164,1764,142,13441,1071,14654,8,239,155,402,332,48410,1973,50715,"2025-09-23 18:07:55"
433,2023-09-01,260,138,28828,712,29678,95,1203,171,1469,180,12572,434,13186,16,160,66,242,429,42763,1383,44575,"2025-09-23 18:07:55"
434,2023-09-01,261,70,8740,61,8871,43,471,56,570,101,4404,249,4754,6,42,40,88,220,13657,406,14283,"2025-09-23 18:07:55"
435,2023-09-01,262,89,18896,185,19170,62,850,120,1032,117,8631,260,9008,10,103,53,166,278,28480,618,29376,"2025-09-23 18:07:55"
436,2023-09-01,263,68,9901,60,10029,61,408,21,490,95,5173,63,5331,9,43,16,68,233,15525,160,15918,"2025-09-23 18:07:55"
437,2023-09-01,264,106,44134,226,44466,118,1654,402,2174,197,12240,2300,14737,25,233,200,458,446,58261,3128,61835,"2025-09-23 18:07:55"
438,2023-09-01,265,181,111797,1882,113860,146,4064,471,4681,216,24460,3067,27743,16,371,433,820,559,140692,5853,147104,"2025-09-23 18:07:55"
439,2023-09-01,266,78,9603,58,9739,55,418,70,543,117,4938,267,5322,6,62,28,96,256,15021,423,15700,"2025-09-23 18:07:55"
440,2023-09-01,267,74,7779,33,7886,40,368,23,431,115,4407,92,4614,6,51,18,75,235,12605,166,13006,"2025-09-23 18:07:55"
441,2023-09-01,268,141,152076,3199,155416,99,3473,942,4514,128,19614,2615,22357,14,479,393,886,382,175642,7149,183173,"2025-09-23 18:07:55"
442,2023-09-01,269,304,136158,1994,138456,238,3249,596,4083,187,15990,1465,17642,24,306,237,567,753,155703,4292,160748,"2025-09-23 18:07:55"
443,2023-09-01,270,107,40309,2571,42987,112,1630,208,1950,159,15035,864,16058,6,231,128,365,384,57205,3771,61360,"2025-09-23 18:07:55"
444,2023-09-01,271,103,9373,41,9517,58,450,89,597,108,4983,100,5191,12,51,16,79,281,14857,246,15384,"2025-09-23 18:07:55"
446,2023-09-01,164,86,12190,175,12451,63,529,85,677,100,6524,725,7349,10,71,42,123,259,19314,1027,20600,"2025-09-23 18:07:55"
447,2023-09-01,165,101,20307,188,20596,75,1057,105,1237,135,12430,259,12824,7,112,42,161,318,33906,594,34818,"2025-09-23 18:07:55"
448,2023-09-01,166,69,10307,110,10486,44,437,65,546,71,4979,398,5448,6,47,68,121,190,15770,641,16601,"2025-09-23 18:07:55"
449,2023-09-01,167,91,74222,818,75131,68,2218,279,2565,86,14287,3475,17848,14,484,1639,2137,259,91211,6211,97681,"2025-09-23 18:07:55"
450,2023-09-01,168,57,9078,456,9591,39,414,58,511,74,3947,204,4225,4,65,23,92,174,13504,741,14419,"2025-09-23 18:07:55"
451,2023-09-01,169,145,51749,856,52750,121,1890,386,2397,206,15402,1722,17330,19,331,286,636,491,69372,3250,73113,"2025-09-23 18:07:55"
452,2023-09-01,170,79,19921,349,20349,49,802,263,1114,79,7878,994,8951,9,124,151,284,216,28725,1757,30698,"2025-09-23 18:07:55"
453,2023-09-01,171,123,82001,2303,84427,121,2741,415,3277,162,13035,2369,15566,12,297,353,662,418,98074,5440,103932,"2025-09-23 18:07:55"
454,2023-09-01,172,220,38526,157,38903,199,1525,55,1779,153,11676,847,12676,15,174,112,301,587,51901,1171,53659,"2025-09-23 18:07:55"
455,2023-09-01,173,78,13767,159,14004,51,730,70,851,99,7867,358,8324,12,77,46,135,240,22441,633,23314,"2025-09-23 18:07:55"
456,2023-09-01,174,170,121181,1772,123123,131,3047,627,3805,189,22745,2049,24983,20,430,913,1363,510,147403,5361,153274,"2025-09-23 18:07:55"
457,2023-09-01,175,120,13450,94149,107719,65,635,2207,2907,199,9270,446,9915,4,148,42,194,388,23503,96844,120735,"2025-09-23 18:07:55"
458,2023-09-01,176,198,111935,2353,114486,155,3333,703,4191,202,21603,3491,25296,16,402,852,1270,571,137273,7399,145243,"2025-09-23 18:07:55"
459,2023-09-01,177,77,20667,141,20885,45,806,94,945,105,8068,499,8672,7,96,50,153,234,29637,784,30655,"2025-09-23 18:07:55"
460,2023-09-01,178,91,23807,173,24071,61,1215,105,1381,116,11114,753,11983,8,204,134,346,276,36340,1165,37781,"2025-09-23 18:07:55"
461,2023-09-01,179,125,16011,171,16307,59,721,114,894,104,9625,201,9930,11,84,30,125,299,26441,516,27256,"2025-09-23 18:07:55"
462,2023-09-01,180,80,18897,239,19216,43,749,68,860,87,8150,943,9180,3,122,90,215,213,27918,1340,29471,"2025-09-23 18:07:55"
463,2023-09-01,181,91,13026,84,13201,80,566,48,694,106,7012,281,7399,7,55,33,95,284,20659,446,21389,"2025-09-23 18:07:55"
464,2023-09-01,182,77,10880,92,11049,50,533,54,637,88,6234,131,6453,8,54,21,83,223,17701,298,18222,"2025-09-23 18:07:55"
465,2023-09-01,183,70,11948,11757,23775,51,543,276,870,85,6446,193,6724,11,79,23,113,217,19016,12249,31482,"2025-09-23 18:07:55"
466,2023-09-01,184,111,24081,77463,101655,81,1621,1290,2992,143,15326,231,15700,10,111,42,163,345,41139,79026,120510,"2025-09-23 18:07:55"
467,2023-09-01,185,95,25215,562,25872,54,971,966,1991,94,8061,507,8662,8,142,149,299,251,34389,2184,36824,"2025-09-23 18:07:55"
469,2023-09-01,187,136,117759,953,118848,89,3082,391,3562,117,22164,2697,24978,12,378,389,779,354,143383,4430,148167,"2025-09-23 18:07:55"
470,2023-09-01,188,216,117440,1711,119367,151,3835,554,4540,232,25869,1944,28045,19,505,381,905,618,147649,4590,152857,"2025-09-23 18:07:55"
471,2023-09-01,189,65,14005,39,14109,35,669,52,756,70,6489,629,7188,16,81,43,140,186,21244,763,22193,"2025-09-23 18:07:55"
472,2023-09-01,190,193,188559,2515,191267,112,5115,791,6018,231,25911,3636,29778,19,608,453,1080,555,220193,7395,228143,"2025-09-23 18:07:55"
474,2023-09-01,192,142,58033,619,58794,87,2071,271,2429,160,17940,1056,19156,15,218,151,384,404,78262,2097,80763,"2025-09-23 18:07:55"
475,2023-09-01,193,95,26959,417,27471,58,1207,122,1387,131,10312,278,10721,11,137,80,228,295,38615,897,39807,"2025-09-23 18:07:55"
476,2023-09-01,194,103,11165,58,11326,52,443,41,536,86,7021,81,7188,15,45,14,74,256,18674,194,19124,"2025-09-23 18:07:55"
477,2023-09-01,195,119,36550,419,37088,90,1662,251,2003,172,17286,1047,18505,16,194,163,373,397,55692,1880,57969,"2025-09-23 18:07:55"
478,2023-09-01,196,69,19981,160,20210,46,797,43,886,90,11231,983,12304,10,128,151,289,215,32137,1337,33689,"2025-09-23 18:07:55"
479,2023-09-01,197,228,63433,942,64603,219,2163,308,2690,254,19348,1188,20790,49,307,230,586,750,85251,2668,88669,"2025-09-23 18:07:55"
480,2023-09-01,198,72,12819,113,13004,51,618,55,724,117,6043,114,6274,15,70,27,112,255,19550,309,20114,"2025-09-23 18:07:55"
481,2023-09-01,199,54,5986,34,6074,31,282,28,341,59,3839,47,3945,2,33,8,43,146,10140,117,10403,"2025-09-23 18:07:55"
482,2023-09-01,200,129,40655,484,41268,76,1618,145,1839,143,14748,724,15615,27,224,154,405,375,57245,1507,59127,"2025-09-23 18:07:55"
483,2023-09-01,201,130,44736,386,45252,86,1772,244,2102,137,16262,1524,17923,14,236,344,594,367,63006,2498,65871,"2025-09-23 18:07:55"
484,2023-09-01,202,107,22626,169,22902,61,717,78,856,107,8486,199,8792,20,105,43,168,295,31934,489,32718,"2025-09-23 18:07:55"
485,2023-09-01,203,60,4219,397,4676,22,255,206,483,69,1410,31,1510,8,22,2,32,159,5906,636,6701,"2025-09-23 18:07:55"
486,2023-09-01,204,134,20049,120,20303,65,648,83,796,121,6617,118,6856,15,117,33,165,335,27431,354,28120,"2025-09-23 18:07:55"
487,2023-09-01,205,84,19482,90,19656,86,864,84,1034,130,12200,838,13168,10,105,100,215,310,32651,1112,34073,"2025-09-23 18:07:55"
488,2023-09-01,206,79,17653,145,17877,44,645,50,739,86,7802,613,8501,13,89,159,261,222,26189,967,27378,"2025-09-23 18:07:55"
489,2023-09-01,207,60,9780,40,9880,69,456,44,569,85,5973,112,6170,10,72,14,96,224,16281,210,16715,"2025-09-23 18:07:55"
490,2023-09-01,208,124,56161,309,56594,70,1851,365,2286,107,12946,1538,14591,10,234,294,538,311,71192,2506,74009,"2025-09-23 18:07:55"
491,2023-09-01,209,142,104777,1413,106332,88,2995,791,3874,204,17947,4366,22517,14,423,1742,2179,448,126142,8312,134902,"2025-09-23 18:07:55"
492,2023-09-01,210,167,123215,1991,125373,91,2974,312,3377,102,17982,1017,19101,26,395,295,716,386,144566,3615,148567,"2025-09-23 18:07:55"
494,2023-09-01,212,125,93910,998,95033,92,2950,477,3519,130,11873,473,12476,14,282,160,456,361,109015,2108,111484,"2025-09-23 18:07:55"
495,2023-09-01,213,100,24034,198,24332,71,864,167,1102,107,9289,253,9649,11,68,175,254,289,34255,793,35337,"2025-09-23 18:07:55"
496,2023-09-01,214,49,11631,80,11760,68,743,89,900,97,7398,208,7703,8,108,73,189,238,27966,568,28772,"2025-09-23 18:07:55"
497,2023-09-01,215,250,239122,2210,241582,170,6377,520,7067,239,40730,4586,45555,31,730,574,1335,690,286959,7890,295539,"2025-09-23 18:07:55"
498,2023-09-01,216,105,14089,148,14342,57,543,113,713,130,6209,156,6495,8,58,32,98,300,20899,449,21648,"2025-09-23 18:07:55"
499,2023-09-01,217,111,43001,490,43602,96,1427,190,1713,107,13705,2633,16445,13,179,641,833,327,58312,3954,62593,"2025-09-23 18:07:55"
500,2023-09-01,218,105,46766,704,47575,75,1492,218,1785,140,10466,524,11130,13,168,115,296,333,58892,1561,60786,"2025-09-23 18:07:55"
501,2023-09-01,219,90,13514,65,13669,61,517,59,637,89,7160,488,7737,9,139,146,294,249,21330,758,22337,"2025-09-23 18:07:55"
502,2023-09-01,220,162,148349,1195,149706,99,4216,793,5108,146,22436,7066,29648,22,588,1610,2220,429,175589,10664,186682,"2025-09-23 18:07:55"
503,2023-09-01,221,64,10306,58,10428,56,415,46,517,92,4597,559,5248,13,56,103,172,225,15374,766,16365,"2025-09-23 18:07:55"
504,2023-09-01,222,215,142020,2921,145156,177,3431,1023,4631,243,26958,2341,29542,30,458,432,920,665,172867,6717,180249,"2025-09-23 18:07:55"
505,2023-09-01,223,72,24953,177,25202,74,1049,104,1227,99,10338,406,10843,9,142,68,219,254,36482,755,37491,"2025-09-23 18:07:55"
506,2023-09-01,224,136,87401,1286,88823,68,1981,471,2520,137,10467,972,11576,11,146,149,306,352,99995,2878,103225,"2025-09-23 18:07:55"
507,2023-09-01,225,66,91394,4433,95893,32,1960,441,2433,54,11107,1647,12808,4,182,227,413,156,104643,6748,111547,"2025-09-23 18:07:55"
508,2023-09-01,226,239,155136,58234,213609,219,2138,1309,3666,145,10583,974,11702,12,197,183,392,615,168054,60700,229369,"2025-09-23 18:07:55"
509,2023-09-01,227,185,99956,1570,101711,167,2282,279,2728,133,16748,1400,18281,16,285,331,632,501,119271,3580,123352,"2025-09-23 18:07:55"
510,2023-09-01,228,91,86706,719,87516,37,2008,161,2206,92,7849,930,8871,10,250,257,517,230,96813,2067,99110,"2025-09-23 18:07:55"
511,2023-09-01,229,99,42842,730,43671,83,1720,249,2052,118,8848,317,9283,12,144,72,228,312,53554,1368,55234,"2025-09-23 18:07:55"
512,2023-09-01,230,60,16098,93,16251,65,546,41,652,103,7754,169,8026,11,71,79,161,239,24469,382,25090,"2025-09-23 18:07:55"
513,2023-09-01,231,80,32564,33410,66054,57,1103,306,1466,75,10281,525,10881,6,245,238,489,218,44193,34479,78890,"2025-09-23 18:07:55"
514,2023-09-01,232,57,13253,157,13467,55,496,88,639,117,6509,145,6771,10,69,26,105,239,20327,416,20982,"2025-09-23 18:07:55"
515,2023-09-01,233,83,15555,95,15733,54,607,74,735,137,8132,399,8668,14,76,67,157,288,24370,635,25293,"2025-09-23 18:07:55"
517,2023-09-01,235,247,77145,955,78347,144,3002,151,3297,343,27283,623,28249,39,234,142,415,773,107664,1871,110308,"2025-09-23 18:07:55"
518,2023-09-01,236,601,246055,267270,513926,356,7283,6547,14186,695,56457,3494,60646,42,1186,536,1764,1694,310981,277847,590522,"2025-09-23 18:07:55"
520,2023-09-01,238,160,92755,2528,95443,148,2647,493,3288,260,18149,1407,19816,34,399,384,817,602,113950,4812,119364,"2025-09-23 18:07:55"
522,2023-09-01,240,111,39363,665,40139,78,1284,163,1525,126,6971,501,7598,14,163,214,391,329,47781,1543,49653,"2025-09-23 18:07:55"
523,2023-09-01,241,122,25954,475,26551,102,853,134,1089,180,6765,176,7121,8,130,43,181,412,33702,828,34942,"2025-09-23 18:07:55"
524,2023-09-01,242,107,33960,921,34988,91,1105,144,1340,109,5504,299,5912,6,134,100,240,313,40703,1464,42480,"2025-09-23 18:07:55"
525,2023-09-01,243,53,8815,54,8922,55,318,27,400,108,3335,48,3491,8,53,13,74,224,12521,142,12887,"2025-09-23 18:07:55"
526,2023-09-01,244,44,12280,186,12510,41,413,30,484,118,4163,78,4359,11,78,21,110,214,16934,315,17463,"2025-09-23 18:07:55"
527,2023-09-01,245,130,14940,161,15231,83,671,53,807,124,6204,134,6462,10,111,52,173,347,21926,400,22673,"2025-09-23 18:07:55"
528,2023-09-01,246,220,157209,2851,160280,169,4438,513,5120,233,26888,2244,29365,25,609,361,995,647,189144,5969,195760,"2025-09-23 18:07:55"
529,2023-09-01,247,53,14442,105,14600,52,486,61,599,128,4949,101,5178,7,84,29,120,240,19961,296,20497,"2025-09-23 18:07:55"
530,2023-09-01,248,107,14238,218,14563,97,580,77,754,144,6225,160,6529,18,85,35,138,366,21128,490,21984,"2025-09-23 18:07:55"
531,2023-09-01,249,55,16967,139,17161,67,707,38,812,136,6992,145,7273,14,77,18,109,272,24743,340,25355,"2025-09-23 18:07:55"
532,2023-09-01,250,307,119956,2554,122817,277,3202,633,4112,267,18825,2727,21819,19,499,402,920,870,142482,6316,149668,"2025-09-23 18:07:55"
533,2023-09-01,251,61,16044,401,16506,59,622,128,809,117,3376,131,3624,9,112,40,161,246,20154,700,21100,"2025-09-23 18:07:55"
534,2023-09-01,252,102,17418,314,17834,86,812,96,994,123,8644,143,8910,16,95,38,149,327,26969,591,27887,"2025-09-23 18:07:55"
535,2023-09-01,253,122,27759,252,28133,112,1247,283,1642,182,11734,441,12357,23,137,64,224,439,40877,1040,42356,"2025-09-23 18:07:55"
536,2023-09-01,254,62,9718,61,9841,61,304,56,421,101,3302,49,3452,11,59,22,92,235,13383,188,13806,"2025-09-23 18:07:55"
537,2023-09-01,255,80,19081,513,19674,67,882,74,1023,119,8530,262,8911,13,109,49,171,279,28602,898,29779,"2025-09-23 18:07:55"
539,2023-10-01,1,159,212274,18962,231395,56,4030,550,4636,179,13665,2397,16241,18,341,161,520,412,230310,22070,252792,"2025-09-23 18:08:02"
540,2023-10-01,2,113,128922,5059,134094,41,3399,794,4234,154,12187,2507,14848,6,209,221,436,314,144717,8581,153612,"2025-09-23 18:08:02"
541,2023-10-01,3,102,60695,2113,62910,65,2254,718,3037,133,7102,1301,8536,14,144,113,271,314,70195,4245,74754,"2025-09-23 18:08:02"
542,2023-10-01,4,118,66779,2091,68988,46,4389,1359,5794,161,16451,4364,20976,17,399,262,678,358,188501,16299,205158,"2025-09-23 18:08:02"
543,2023-10-01,5,93,99836,3109,103038,47,3155,345,3547,146,9326,2197,11669,13,181,180,374,299,112498,5831,118628,"2025-09-23 18:08:02"
544,2023-10-01,6,91,81044,3123,84258,42,2237,332,2611,184,8973,1637,10794,10,120,105,235,327,92374,5197,97898,"2025-09-23 18:08:02"
545,2023-10-01,7,107,115828,9988,125923,61,4310,535,4906,128,14095,2714,16937,6,315,161,482,302,134548,13398,148248,"2025-09-23 18:08:02"
546,2023-10-01,8,56,71757,3550,75363,31,2825,464,3320,78,10899,2332,13309,11,179,104,294,176,85660,6450,92286,"2025-09-23 18:08:02"
547,2023-10-01,9,83,129771,5515,135369,52,3469,818,4339,177,10042,2146,12365,12,238,257,507,324,143520,8736,152580,"2025-09-23 18:08:02"
548,2023-10-01,10,94,76699,4709,81502,50,2432,584,3066,127,8065,2047,10239,12,173,171,356,283,87369,7511,95163,"2025-09-23 18:08:02"
549,2023-10-01,11,102,84087,2800,86989,56,2712,155,2923,137,9927,2190,12254,10,187,104,301,305,96913,5249,102467,"2025-09-23 18:08:02"
550,2023-10-01,12,113,94615,1150,95878,46,2344,132,2522,125,6560,1187,7872,16,132,193,341,300,103651,2662,106613,"2025-09-23 18:08:02"
551,2023-10-01,13,95,101885,4380,106360,56,2651,659,3366,165,9434,2274,11873,20,230,527,777,336,114200,7840,122376,"2025-09-23 18:08:02"
552,2023-10-01,14,207,77559,3230,80996,103,2127,422,2652,135,5955,1789,7879,9,137,105,251,454,85778,5546,91778,"2025-09-23 18:08:02"
553,2023-10-01,15,184,152688,4036,156908,132,2988,655,3775,181,10762,4861,15804,16,272,166,454,513,166710,9718,176941,"2025-09-23 18:08:02"
554,2023-10-01,16,121,82018,8576,90715,48,1868,904,2820,175,8464,1862,10501,18,199,98,315,362,92549,11440,104351,"2025-09-23 18:08:02"
555,2023-10-01,17,96,105482,2129,107707,50,2962,1132,4144,145,8628,1724,10497,10,186,104,300,301,117258,5089,122648,"2025-09-23 18:08:02"
556,2023-10-01,18,130,207375,7330,214835,99,4166,1695,5960,165,18014,5011,23190,15,364,385,764,409,229919,14421,244749,"2025-09-23 18:08:02"
557,2023-10-01,19,127,127918,4438,132483,62,3223,756,4041,141,11281,2941,14363,7,281,429,717,337,142703,8564,151604,"2025-09-23 18:08:02"
558,2023-10-01,20,130,118159,2948,121237,59,3865,173,4097,168,13583,4401,18152,14,459,636,1109,371,136066,8158,144595,"2025-09-23 18:08:02"
559,2023-10-01,21,252,65235,1294,66781,123,1901,68,2092,145,5217,786,6148,11,135,28,174,531,72488,2176,75195,"2025-09-23 18:08:02"
560,2023-10-01,22,101,114470,4109,118680,44,3181,737,3962,141,10037,2033,12211,16,168,194,378,302,127856,7073,135231,"2025-09-23 18:08:02"
561,2023-10-01,23,1516,39489,550,41555,1524,1508,259,3291,346,3655,1568,5569,100,80,95,275,3486,44732,2472,50690,"2025-09-23 18:08:02"
562,2023-10-01,63,123,89211,1163,90497,785,1837,219,2841,184,5366,1194,6744,18,339,102,459,1291,50757,3143,55191,"2025-09-23 18:08:02"
563,2023-10-01,25,82,91317,5883,97282,32,3203,531,3766,124,11757,2803,14684,16,205,331,552,254,106482,9548,116284,"2025-09-23 18:08:02"
564,2023-10-01,146,1950,653083,12461,667494,3710,73036,14996,91742,3944,249445,60266,313655,415,5673,5232,11320,12661,2977754,201417,3191832,"2025-09-23 18:08:02"
566,2023-10-01,28,96,66287,2445,68828,66,2102,825,2993,110,9662,3230,13002,14,182,654,850,286,78233,7154,85673,"2025-09-23 18:08:02"
567,2023-10-01,29,79,72985,803,73867,54,2105,556,2715,120,10906,1307,12333,12,238,209,459,265,86234,2875,89374,"2025-09-23 18:08:02"
568,2023-10-01,77,287,137988,2812,141087,61,2123,495,2679,56,8989,4583,13628,3,288,1532,1823,225,91239,9812,101276,"2025-09-23 18:08:02"
569,2023-10-01,57,68,57796,729,58593,48,897,182,1127,61,3642,2348,6051,4,96,1044,1144,191,44685,5503,50379,"2025-09-23 18:08:02"
570,2023-10-01,32,72,85476,1477,87025,28,1967,336,2331,67,10101,1467,11635,1,206,262,469,168,97750,3542,101460,"2025-09-23 18:08:02"
571,2023-10-01,33,124,113904,19423,133451,62,2827,534,3423,164,13125,2259,15548,11,194,537,742,361,130050,22753,153164,"2025-09-23 18:08:02"
572,2023-10-01,79,87,107963,1494,109544,56,2237,305,2598,105,12102,1636,13843,8,198,229,435,271,102267,3725,106263,"2025-09-23 18:08:02"
573,2023-10-01,35,94,66662,2491,69247,60,2144,242,2446,102,14501,2327,16930,10,210,327,547,266,83517,5387,89170,"2025-09-23 18:08:02"
574,2023-10-01,36,106,92344,3401,95851,51,2771,338,3160,104,12958,2030,15092,9,206,289,504,270,108279,6058,114607,"2025-09-23 18:08:02"
575,2023-10-01,60,276,186716,10720,197712,36,898,22,956,41,3643,989,4673,1,56,96,153,138,30407,1509,32054,"2025-09-23 18:08:02"
576,2023-10-01,38,49,57625,57809,115483,24,1460,922,2406,83,5649,1203,6935,11,141,362,514,167,64875,60296,125338,"2025-09-23 18:08:02"
577,2023-10-01,39,295,100924,12058,113277,485,1621,619,2725,186,8267,2252,10705,29,173,699,901,995,110985,15628,127608,"2025-09-23 18:08:02"
578,2023-10-01,40,84,26678,1378,28140,52,990,293,1335,83,4168,377,4628,10,49,52,111,229,31885,2100,34214,"2025-09-23 18:08:02"
580,2023-10-01,42,133,149492,11425,161050,58,3154,257,3469,128,13200,2190,15518,9,306,494,809,328,166152,14366,180846,"2025-09-23 18:08:02"
582,2023-10-01,44,0,22,2,24,38,396,17,451,43,5331,47,5421,2,67,7,76,128,15775,135,16038,"2025-09-23 18:08:02"
584,2023-10-01,46,194,241087,11000,252281,112,4883,745,5740,185,29612,5459,35256,15,565,576,1156,506,276147,17780,294433,"2025-09-23 18:08:02"
585,2023-10-01,47,117,117977,1636,119730,121,2973,512,3606,292,19718,2847,22857,60,382,282,724,590,141050,5277,146917,"2025-09-23 18:08:02"
589,2023-10-01,51,173,193855,3139,197167,195,3036,624,3855,213,15991,1329,17533,14,430,162,606,595,213312,5254,219161,"2025-09-23 18:08:02"
592,2023-10-01,54,124,26911,13884,40919,52,1156,388,1596,150,10208,753,11111,9,151,83,243,335,38426,15108,53869,"2025-09-23 18:08:02"
593,2023-10-01,55,111,94487,141285,235883,63,3237,1904,5204,116,24802,2786,27704,16,563,326,905,306,123089,146301,269696,"2025-09-23 18:08:02"
594,2023-10-01,56,317,220104,26822,247243,416,5330,883,6629,170,29695,3532,33397,25,527,482,1034,928,255656,31719,288303,"2025-09-23 18:08:02"
596,2023-10-01,58,188,141758,3493,145439,100,4244,124,4468,138,16997,4743,21878,20,400,873,1293,446,163399,9233,173078,"2025-09-23 18:08:02"
597,2023-10-01,59,148,203139,37463,240750,83,4777,1113,5973,102,21143,3097,24342,14,383,320,717,347,229442,41993,271782,"2025-09-23 18:08:02"
599,2023-10-01,61,175,199136,5118,204429,97,3198,698,3993,156,12237,3352,15745,10,374,523,907,438,214945,9691,225074,"2025-09-23 18:08:02"
600,2023-10-01,62,71,8762,138,8971,55,514,69,638,125,3877,62,4064,3,48,11,62,254,13201,280,13735,"2025-09-23 18:08:02"
603,2023-10-01,65,192,171933,3902,176027,149,4440,407,4996,197,26811,8050,35058,28,670,906,1604,566,203854,13265,217685,"2025-09-23 18:08:02"
609,2023-10-01,71,81,71167,2932,74180,46,2186,578,2810,105,13883,4008,17996,10,308,450,768,242,87544,7968,95754,"2025-09-23 18:08:02"
612,2023-10-01,74,125,172081,2983,175189,98,3157,366,3621,414,15514,2434,18362,23,574,302,899,660,191326,6085,198071,"2025-09-23 18:08:02"
618,2023-10-01,80,169,106580,1218,107967,93,2619,673,3385,171,20422,4147,24740,11,389,1004,1404,444,130010,7042,137496,"2025-09-23 18:08:02"
621,2023-10-01,83,351,173956,1099,175406,248,3391,492,4131,259,15081,1922,17262,65,608,167,840,923,193036,3680,197639,"2025-09-23 18:08:02"
623,2023-10-01,85,151,24977,205,25333,87,1167,136,1390,168,6618,206,6992,20,129,44,193,426,32891,591,33908,"2025-09-23 18:08:02"
624,2023-10-01,86,299,172952,1849,175100,161,4299,352,4812,193,19587,2591,22371,22,403,285,710,675,197241,5077,202993,"2025-09-23 18:08:02"
625,2023-10-01,87,101,112620,3341,116062,79,2580,760,3419,79,13213,2217,15509,10,337,162,509,269,128750,6480,135499,"2025-09-23 18:08:02"
626,2023-10-01,88,71,105514,2482,108067,22,2218,516,2756,37,9576,1461,11074,1,214,126,341,131,117522,4585,122238,"2025-09-23 18:08:02"
627,2023-10-01,89,457,28751,294,29502,108,540,33,681,122,1902,404,2428,13,65,11,89,700,31258,742,32700,"2025-09-23 18:08:02"
628,2023-10-01,90,121,87580,1760,89461,75,2426,448,2949,107,10433,2341,12881,10,206,195,411,313,100645,4744,105702,"2025-09-23 18:08:02"
629,2023-10-01,91,184,168203,813,169200,98,5043,2561,7702,130,30603,5403,36136,14,644,361,1019,426,204493,9138,214057,"2025-09-23 18:08:02"
630,2023-10-01,92,84,61083,1161,62328,77,1669,298,2044,100,8500,1413,10013,12,178,157,347,273,71430,3029,74732,"2025-09-23 18:08:02"
631,2023-10-01,93,125,88267,1020,89412,71,2230,165,2466,93,9130,3941,13164,9,177,256,442,298,99804,5382,105484,"2025-09-23 18:08:02"
632,2023-10-01,94,248,199672,2632,202552,114,5285,1531,6930,200,30884,4373,35457,8,658,695,1361,570,236499,9231,246300,"2025-09-23 18:08:02"
633,2023-10-01,95,358,265936,2076,268370,201,7598,1088,8887,223,43192,6123,49538,27,1053,482,1562,809,317779,9769,328357,"2025-09-23 18:08:02"
634,2023-10-01,96,86,31807,713,32606,43,1254,77,1374,87,5436,690,6213,12,90,52,154,228,38587,1532,40347,"2025-09-23 18:08:02"
635,2023-10-01,97,284,253867,5607,259758,202,8012,1180,9394,213,34601,6132,40946,29,611,559,1199,728,297091,13478,311297,"2025-09-23 18:08:02"
636,2023-10-01,101,186,178952,4633,183771,60,2521,1372,3953,109,7881,2073,10063,10,326,225,561,365,189680,8303,198348,"2025-09-23 18:08:02"
637,2023-10-01,102,164,68687,1056,69907,62,2132,211,2405,76,7614,1314,9004,3,183,143,329,305,78616,2724,81645,"2025-09-23 18:08:02"
638,2023-10-01,103,211,63833,2080,66124,56,2265,278,2599,105,8969,1606,10680,17,164,137,318,389,75231,4101,79721,"2025-09-23 18:08:02"
639,2023-10-01,104,129,176340,4598,181067,157,4674,1498,6329,160,20180,3064,23404,26,525,563,1114,472,201719,9723,211914,"2025-09-23 18:08:02"
640,2023-10-01,105,251,142146,1935,144332,96,2220,113,2429,63,6814,1500,8377,3,253,140,396,413,151433,3688,155534,"2025-09-23 18:08:02"
641,2023-10-01,106,219,94505,950,95674,156,2808,546,3510,101,8289,2064,10454,14,203,123,340,490,105805,3683,109978,"2025-09-23 18:08:02"
642,2023-10-01,107,150,73154,1201,74505,90,2553,66,2709,94,6718,1810,8622,24,154,100,278,358,82579,3177,86114,"2025-09-23 18:08:02"
643,2023-10-01,108,172,222734,1766,224672,112,6719,457,7288,155,37402,6342,43899,21,667,467,1155,460,267522,9032,277014,"2025-09-23 18:08:02"
644,2023-10-01,109,189,134685,2564,137438,162,5200,1143,6505,224,22835,3886,26945,13,382,324,719,588,163102,7917,171607,"2025-09-23 18:08:02"
645,2023-10-01,110,71,122305,2353,124729,40,4158,659,4857,36,18771,2577,21384,3,412,379,794,150,145646,5968,151764,"2025-09-23 18:08:02"
646,2023-10-01,111,157,90306,706,91169,99,3136,484,3719,135,19040,3258,22433,13,896,289,1198,404,113378,4737,118519,"2025-09-23 18:08:02"
647,2023-10-01,112,145,111055,2427,113627,124,2263,614,3001,124,9907,3836,13867,11,325,164,500,404,123550,7041,130995,"2025-09-23 18:08:02"
648,2023-10-01,113,92,74046,1300,75438,28,2308,915,3251,39,9236,1648,10923,0,183,134,317,159,85773,3997,89929,"2025-09-23 18:08:02"
649,2023-10-01,114,177,106346,702,107225,93,3816,462,4371,159,19383,2905,22447,13,460,232,705,442,130005,4301,134748,"2025-09-23 18:08:02"
650,2023-10-01,115,241,51656,426,52323,101,1766,582,2449,260,12230,855,13345,11,267,88,366,613,65919,1951,68483,"2025-09-23 18:08:02"
651,2023-10-01,116,185,52094,356,52635,83,2078,679,2840,206,14132,6107,20445,8,279,352,639,482,68583,7494,76559,"2025-09-23 18:08:02"
652,2023-10-01,117,90,17575,90,17755,71,762,186,1019,157,6305,4420,10882,8,136,512,656,326,24778,5208,30312,"2025-09-23 18:08:02"
653,2023-10-01,118,88,99878,1168,101134,62,2881,549,3492,73,10394,2386,12853,10,284,169,463,233,113437,4272,117942,"2025-09-23 18:08:02"
654,2023-10-01,119,46,180866,3149,184061,32,3631,672,4335,36,11727,3741,15504,8,478,176,662,122,196702,7738,204562,"2025-09-23 18:08:02"
655,2023-10-01,120,21,143931,721,144673,16,1995,195,2206,25,5028,1407,6460,0,219,37,256,62,151173,2360,153595,"2025-09-23 18:08:02"
656,2023-10-01,121,379,115914,1583,117876,185,3960,1293,5438,257,21391,4632,26280,21,639,428,1088,842,141904,7936,150682,"2025-09-23 18:08:02"
657,2023-10-01,122,116,58965,319,59400,97,1359,172,1628,87,5952,2099,8138,9,143,309,461,309,66419,2899,69627,"2025-09-23 18:08:02"
658,2023-10-01,123,260,150998,2061,153319,270,4696,443,5409,204,18361,2856,21421,29,496,267,792,763,174551,5627,180941,"2025-09-23 18:08:02"
659,2023-10-01,124,201,100531,1030,101762,92,3496,669,4257,128,18885,4287,23300,16,436,534,986,437,123348,6520,130305,"2025-09-23 18:08:02"
660,2023-10-01,125,260,204568,2272,207100,101,5679,2639,8419,178,30708,6333,37219,17,623,302,942,556,241578,11546,253680,"2025-09-23 18:08:02"
661,2023-10-01,126,353,281572,3749,285674,165,7986,2185,10336,250,35672,7195,43117,23,886,1013,1922,791,326116,14142,341049,"2025-09-23 18:08:02"
662,2023-10-01,127,182,65602,3591,69375,77,2871,768,3716,154,20804,2758,23716,12,331,383,726,425,89608,7500,97533,"2025-09-23 18:08:02"
663,2023-10-01,128,196,121333,969,122498,93,2657,349,3099,148,15836,2280,18264,10,324,154,488,447,140150,3752,144349,"2025-09-23 18:08:02"
664,2023-10-01,129,389,435197,3205,438791,229,10534,2711,13474,295,62964,7745,71004,75,1575,664,2314,988,510270,14325,525583,"2025-09-23 18:08:02"
666,2023-10-01,131,73,15209,115,15397,58,784,53,895,79,7931,265,8275,11,83,30,124,221,24007,463,24691,"2025-09-23 18:08:02"
667,2023-10-01,132,73,10899,139,11111,47,478,92,617,116,4873,379,5368,5,77,226,308,241,16327,836,17404,"2025-09-23 18:08:02"
668,2023-10-01,133,69,11971,124,12164,62,636,90,788,105,6295,658,7058,15,66,73,154,251,18968,945,20164,"2025-09-23 18:08:02"
669,2023-10-01,134,84,17203,119,17406,59,715,94,868,114,8248,180,8542,12,83,37,132,269,26249,430,26948,"2025-09-23 18:08:02"
670,2023-10-01,135,71,19823,226,20120,56,825,96,977,79,7980,688,8747,11,107,83,201,217,28735,1093,30045,"2025-09-23 18:08:02"
671,2023-10-01,136,80,46390,301,46771,72,2162,212,2446,119,13811,1387,15317,14,216,144,374,285,62579,2044,64908,"2025-09-23 18:08:02"
672,2023-10-01,137,102,53975,714,54791,80,1769,177,2026,159,13701,1726,15586,10,331,888,1229,351,69776,3505,73632,"2025-09-23 18:08:02"
673,2023-10-01,138,35,16962,156,17153,26,575,36,637,29,3214,578,3821,8,71,47,126,98,20822,817,21737,"2025-09-23 18:08:02"
674,2023-10-01,139,71,43614,267,43952,66,1525,88,1679,85,9109,1062,10256,7,194,79,280,229,54442,1496,56167,"2025-09-23 18:08:02"
675,2023-10-01,140,1,8,0,9,0,3,0,3,0,8,0,8,0,0,0,0,1,19,0,20,"2025-09-23 18:08:02"
676,2023-10-01,141,212,86966,1033,88211,116,2282,302,2700,171,12131,1109,13411,16,308,256,580,515,101687,2700,104902,"2025-09-23 18:08:02"
677,2023-10-01,142,61,86294,1767,88122,125,2100,907,3132,65,11176,1748,12989,4,310,210,524,255,99880,4632,104767,"2025-09-23 18:08:02"
678,2023-10-01,143,147,90045,2141,92333,118,2438,519,3075,130,14502,2067,16699,9,371,215,595,404,107356,4942,112702,"2025-09-23 18:08:02"
679,2023-10-01,144,134,122978,4696,127808,91,3109,688,3888,129,15740,2328,18197,13,500,307,820,367,142327,8019,150713,"2025-09-23 18:08:02"
680,2023-10-01,145,197,92854,5664,98715,156,2960,413,3529,254,20079,1778,22111,27,410,286,723,634,116303,8141,125078,"2025-09-23 18:08:02"
682,2023-10-01,147,72,22967,62,23101,38,583,106,727,55,2266,394,2715,9,82,35,126,174,25898,597,26669,"2025-09-23 18:08:02"
683,2023-10-01,148,224,41755,1580,43559,127,1599,358,2084,223,12799,665,13687,26,193,125,344,600,56346,2728,59674,"2025-09-23 18:08:02"
684,2023-10-01,149,68,20297,1411,21776,44,1035,250,1329,92,8637,594,9323,8,112,71,191,212,30081,2326,32619,"2025-09-23 18:08:02"
685,2023-10-01,150,141,45260,855,46256,93,2099,379,2571,144,15226,1087,16457,30,182,82,294,408,62767,2403,65578,"2025-09-23 18:08:02"
686,2023-10-01,151,148,83200,681,84029,80,2470,357,2907,178,18834,2307,21319,14,443,785,1242,420,104947,4130,109497,"2025-09-23 18:08:02"
687,2023-10-01,152,131,40002,544,40677,76,1432,179,1687,184,12765,535,13484,31,186,151,368,422,54385,1409,56216,"2025-09-23 18:08:02"
688,2023-10-01,153,98,22835,194,23127,70,1147,332,1549,144,11219,387,11750,11,85,56,152,323,35286,969,36578,"2025-09-23 18:08:02"
689,2023-10-01,154,169,80233,915,81317,88,2523,484,3095,163,18831,1870,20864,22,363,426,811,442,101950,3695,106087,"2025-09-23 18:08:02"
690,2023-10-01,155,77,19365,147,19589,42,744,111,897,111,7697,468,8276,14,83,80,177,244,27889,806,28939,"2025-09-23 18:08:02"
691,2023-10-01,156,179,163596,2571,166346,143,4884,514,5541,184,23923,3730,27837,43,606,377,1026,549,193009,7192,200750,"2025-09-23 18:08:02"
692,2023-10-01,157,124,33700,294,34118,118,1400,323,1841,181,11490,722,12393,16,182,114,312,439,46772,1453,48664,"2025-09-23 18:08:02"
693,2023-10-01,158,102,115126,1712,116940,72,3828,672,4572,122,19541,2736,22399,11,477,407,895,307,138972,5527,144806,"2025-09-23 18:08:02"
694,2023-10-01,159,171,179588,1945,181704,160,4546,829,5535,219,20823,2446,23488,23,579,272,874,573,205536,5492,211601,"2025-09-23 18:08:02"
695,2023-10-01,160,74,11279,68,11421,52,492,61,605,120,5934,507,6561,13,62,77,152,259,17767,713,18739,"2025-09-23 18:08:02"
696,2023-10-01,161,80,24265,190,24535,45,1020,79,1144,194,10732,239,11165,19,124,48,191,338,36141,556,37035,"2025-09-23 18:08:02"
697,2023-10-01,162,156,41246,328,41730,92,1406,204,1702,142,12167,782,13091,21,209,145,375,411,55028,1459,56898,"2025-09-23 18:08:02"
699,2023-10-01,257,109,19741,167,20017,66,1283,96,1445,146,10606,267,11019,14,99,50,163,335,31729,580,32644,"2025-09-23 18:08:02"
700,2023-10-01,258,203,114099,2119,116421,126,3186,540,3852,206,19367,3117,22690,20,440,684,1144,555,137092,6460,144107,"2025-09-23 18:08:02"
701,2023-10-01,259,111,33223,576,33910,71,1520,164,1755,143,13440,1072,14655,8,240,157,405,333,48423,1969,50725,"2025-09-23 18:08:02"
702,2023-10-01,260,138,28843,689,29670,94,1198,172,1464,178,12513,438,13129,16,161,66,243,426,42715,1365,44506,"2025-09-23 18:08:02"
703,2023-10-01,261,70,8746,61,8877,43,471,55,569,102,4414,251,4767,6,44,40,90,221,13675,407,14303,"2025-09-23 18:08:02"
704,2023-10-01,262,89,18887,183,19159,61,855,119,1035,117,8621,254,8992,10,107,50,167,277,28470,606,29353,"2025-09-23 18:08:02"
705,2023-10-01,263,68,9924,60,10052,59,410,21,490,95,5180,63,5338,9,43,16,68,231,15557,160,15948,"2025-09-23 18:08:02"
706,2023-10-01,264,106,44312,228,44646,123,1655,405,2183,197,12232,2305,14734,24,236,202,462,450,58435,3140,62025,"2025-09-23 18:08:02"
707,2023-10-01,265,182,111919,1912,114013,146,4064,471,4681,217,24497,3092,27806,16,372,433,821,561,140852,5908,147321,"2025-09-23 18:08:02"
708,2023-10-01,266,77,9597,58,9732,56,425,70,551,118,4948,266,5332,6,61,28,95,257,15031,422,15710,"2025-09-23 18:08:02"
709,2023-10-01,267,74,7773,33,7880,40,365,21,426,115,4415,72,4602,6,51,18,75,235,12604,144,12983,"2025-09-23 18:08:02"
710,2023-10-01,268,142,152149,3211,155502,100,3489,942,4531,128,19588,2561,22277,14,482,389,885,384,175708,7103,183195,"2025-09-23 18:08:02"
711,2023-10-01,269,308,136124,1977,138409,232,3234,601,4067,188,16012,1474,17674,24,310,238,572,752,155680,4290,160722,"2025-09-23 18:08:02"
712,2023-10-01,270,107,40363,2503,42973,112,1623,211,1946,159,15060,859,16078,6,227,130,363,384,57273,3703,61360,"2025-09-23 18:08:02"
713,2023-10-01,271,103,9413,41,9557,55,452,89,596,109,4994,99,5202,12,51,16,79,279,14910,245,15434,"2025-09-23 18:08:02"
715,2023-10-01,164,86,12166,174,12426,63,528,85,676,100,6540,728,7368,10,73,42,125,259,19307,1029,20595,"2025-09-23 18:08:02"
716,2023-10-01,165,101,20327,188,20616,75,1050,105,1230,137,12459,257,12853,9,114,42,165,322,33950,592,34864,"2025-09-23 18:08:02"
717,2023-10-01,166,70,10294,108,10472,43,433,64,540,71,4993,398,5462,6,47,68,121,190,15767,638,16595,"2025-09-23 18:08:02"
718,2023-10-01,167,89,74480,823,75392,66,2213,278,2557,86,14313,3458,17857,14,485,1642,2141,255,91491,6201,97947,"2025-09-23 18:08:02"
719,2023-10-01,168,59,9080,456,9595,42,418,58,518,74,3955,203,4232,4,64,23,91,179,13517,740,14436,"2025-09-23 18:08:02"
720,2023-10-01,169,146,51812,858,52816,121,1896,387,2404,206,15459,1717,17382,19,332,268,619,492,69499,3230,73221,"2025-09-23 18:08:02"
721,2023-10-01,170,79,19937,355,20371,50,801,259,1110,79,7875,999,8953,9,124,147,280,217,28737,1760,30714,"2025-09-23 18:08:02"
722,2023-10-01,171,125,82082,2298,84505,122,2747,415,3284,163,13125,2370,15658,11,304,353,668,421,98258,5436,104115,"2025-09-23 18:08:02"
723,2023-10-01,172,220,38590,156,38966,200,1516,55,1771,157,11695,839,12691,15,172,113,300,592,51973,1163,53728,"2025-09-23 18:08:02"
724,2023-10-01,173,78,13785,163,14026,51,717,70,838,99,7861,355,8315,13,78,48,139,241,22441,636,23318,"2025-09-23 18:08:02"
725,2023-10-01,174,171,121248,1800,123219,134,3036,634,3804,189,22718,2048,24955,20,438,914,1372,514,147440,5396,153350,"2025-09-23 18:08:02"
726,2023-10-01,175,120,13471,94531,108122,65,636,2186,2887,198,9295,445,9938,4,147,41,192,387,23549,97203,121139,"2025-09-23 18:08:02"
727,2023-10-01,176,198,111946,2388,114532,154,3307,708,4169,201,21619,3490,25310,16,410,851,1277,569,137282,7437,145288,"2025-09-23 18:08:02"
728,2023-10-01,177,77,20719,146,20942,45,813,93,951,106,8069,498,8673,7,96,52,155,235,29697,789,30721,"2025-09-23 18:08:02"
729,2023-10-01,178,89,23818,155,24062,60,1209,102,1371,119,11118,762,11999,8,201,133,342,276,36346,1152,37774,"2025-09-23 18:08:02"
730,2023-10-01,179,125,16028,172,16325,61,719,113,893,105,9652,202,9959,11,86,30,127,302,26485,517,27304,"2025-09-23 18:08:02"
731,2023-10-01,180,80,18832,237,19149,44,756,68,868,87,8207,914,9208,3,120,90,213,214,27915,1309,29438,"2025-09-23 18:08:02"
732,2023-10-01,181,91,13046,84,13221,77,562,48,687,107,7027,282,7416,7,56,35,98,282,20691,449,21422,"2025-09-23 18:08:02"
733,2023-10-01,182,77,10904,90,11071,48,532,57,637,88,6238,129,6455,8,54,21,83,221,17728,297,18246,"2025-09-23 18:08:02"
734,2023-10-01,183,68,11992,10472,22532,52,544,256,852,86,6471,195,6752,11,80,23,114,217,19087,10946,30250,"2025-09-23 18:08:02"
735,2023-10-01,184,111,24074,79252,103437,81,1611,1337,3029,146,15405,231,15782,10,110,43,163,348,41200,80863,122411,"2025-09-23 18:08:02"
736,2023-10-01,185,95,25213,567,25875,55,964,979,1998,94,8075,511,8680,8,144,150,302,252,34396,2207,36855,"2025-09-23 18:08:02"
738,2023-10-01,187,134,117762,953,118849,89,3086,388,3563,117,22149,2702,24968,12,378,389,779,352,143375,4432,148159,"2025-09-23 18:08:02"
739,2023-10-01,188,214,117537,1703,119454,150,3821,557,4528,225,25926,1939,28090,19,510,383,912,608,147794,4582,152984,"2025-09-23 18:08:02"
740,2023-10-01,189,64,14039,40,14143,35,672,53,760,71,6480,627,7178,16,79,43,138,186,21270,763,22219,"2025-09-23 18:08:02"
741,2023-10-01,190,193,188496,2520,191209,112,5090,790,5992,230,25922,3646,29798,19,612,458,1089,554,220120,7414,228088,"2025-09-23 18:08:02"
743,2023-10-01,192,141,58082,625,58848,87,2075,271,2433,160,17943,1057,19160,15,221,153,389,403,78321,2106,80830,"2025-09-23 18:08:02"
744,2023-10-01,193,95,26961,419,27475,57,1210,120,1387,132,10301,281,10714,11,140,94,245,295,38612,914,39821,"2025-09-23 18:08:02"
745,2023-10-01,194,100,11135,58,11293,50,437,41,528,87,7000,81,7168,15,44,16,75,252,18616,196,19064,"2025-09-23 18:08:02"
746,2023-10-01,195,119,36558,415,37092,92,1650,252,1994,189,17244,1045,18478,16,195,164,375,416,55647,1876,57939,"2025-09-23 18:08:02"
747,2023-10-01,196,69,19984,167,20220,46,795,43,884,90,11236,987,12313,10,131,152,293,215,32146,1349,33710,"2025-09-23 18:08:02"
748,2023-10-01,197,227,63505,921,64653,217,2162,311,2690,258,19387,1188,20833,50,306,231,587,752,85360,2651,88763,"2025-09-23 18:08:02"
749,2023-10-01,198,73,12822,110,13005,51,611,55,717,119,6052,113,6284,15,69,27,111,258,19554,305,20117,"2025-09-23 18:08:02"
750,2023-10-01,199,54,5984,34,6072,31,282,28,341,61,3846,48,3955,2,34,8,44,148,10146,118,10412,"2025-09-23 18:08:02"
751,2023-10-01,200,129,40701,495,41325,76,1602,144,1822,144,14667,730,15541,27,220,152,399,376,57190,1521,59087,"2025-09-23 18:08:02"
752,2023-10-01,201,130,44767,385,45282,86,1763,245,2094,137,16242,1530,17909,15,233,352,600,368,63005,2512,65885,"2025-09-23 18:08:02"
753,2023-10-01,202,101,22650,169,22920,61,716,79,856,107,8519,198,8824,20,104,44,168,289,31989,490,32768,"2025-09-23 18:08:02"
754,2023-10-01,203,59,4192,395,4646,22,257,206,485,69,1397,31,1497,8,22,2,32,158,5868,634,6660,"2025-09-23 18:08:02"
755,2023-10-01,204,134,20079,120,20333,62,645,83,790,124,6619,120,6863,15,117,34,166,335,27460,357,28152,"2025-09-23 18:08:02"
756,2023-10-01,205,84,19502,90,19676,82,862,84,1028,132,12229,831,13192,10,106,101,217,308,32699,1106,34113,"2025-09-23 18:08:02"
757,2023-10-01,206,79,17662,145,17886,44,640,50,734,89,7804,618,8511,13,89,161,263,225,26195,974,27394,"2025-09-23 18:08:02"
758,2023-10-01,207,60,9790,40,9890,69,460,44,573,85,5989,112,6186,10,72,13,95,224,16311,209,16744,"2025-09-23 18:08:02"
759,2023-10-01,208,124,56195,304,56623,70,1851,364,2285,107,12951,1549,14607,10,238,296,544,311,71235,2513,74059,"2025-09-23 18:08:02"
760,2023-10-01,209,140,104893,1412,106445,88,2979,796,3863,207,18000,4327,22534,14,428,1733,2175,449,126300,8268,135017,"2025-09-23 18:08:02"
761,2023-10-01,210,167,123297,1986,125450,90,2967,310,3367,102,18011,1022,19135,26,398,296,720,385,144673,3614,148672,"2025-09-23 18:08:02"
763,2023-10-01,212,127,94003,1001,95131,92,2942,463,3497,129,11867,475,12471,14,287,160,461,362,109099,2099,111560,"2025-09-23 18:08:02"
764,2023-10-01,213,100,24077,199,24376,69,869,168,1106,106,9310,251,9667,13,73,175,261,288,34329,793,35410,"2025-09-23 18:08:02"
765,2023-10-01,214,49,11653,79,11781,68,740,89,897,97,7374,205,7676,9,111,73,193,239,27922,565,28726,"2025-09-23 18:08:02"
766,2023-10-01,215,250,239542,2215,242007,182,6373,543,7098,242,40804,4594,45640,32,739,575,1346,706,287458,7927,296091,"2025-09-23 18:08:02"
767,2023-10-01,216,105,14072,147,14324,57,539,112,708,131,6200,157,6488,8,61,32,101,301,20872,448,21621,"2025-09-23 18:08:02"
768,2023-10-01,217,111,43092,486,43689,98,1419,187,1704,108,13727,2627,16462,13,178,635,826,330,58416,3935,62681,"2025-09-23 18:08:02"
769,2023-10-01,218,104,47006,704,47814,80,1490,222,1792,139,10479,528,11146,14,170,114,298,337,59145,1568,61050,"2025-09-23 18:08:02"
770,2023-10-01,219,90,13558,65,13713,60,515,59,634,92,7172,488,7752,9,140,147,296,251,21385,759,22395,"2025-09-23 18:08:02"
771,2023-10-01,220,161,149122,1175,150458,99,4205,790,5094,145,22439,7064,29648,22,599,1606,2227,427,176365,10635,187427,"2025-09-23 18:08:02"
772,2023-10-01,221,64,10331,58,10453,56,409,46,511,92,4595,560,5247,14,55,105,174,226,15390,769,16385,"2025-09-23 18:08:02"
773,2023-10-01,222,217,142060,2922,145199,177,3395,1020,4592,243,26869,2344,29456,30,466,428,924,667,172790,6714,180171,"2025-09-23 18:08:02"
774,2023-10-01,223,72,24972,176,25220,73,1043,104,1220,101,10363,402,10866,9,140,68,217,255,36518,750,37523,"2025-09-23 18:08:02"
775,2023-10-01,224,137,87869,1284,89290,69,1982,468,2519,138,10514,974,11626,11,149,151,311,355,100514,2877,103746,"2025-09-23 18:08:02"
776,2023-10-01,225,67,91441,4729,96237,32,1932,442,2406,54,11096,1653,12803,4,181,226,411,157,104650,7050,111857,"2025-09-23 18:08:02"
777,2023-10-01,226,244,155690,58775,214709,221,2143,1296,3660,143,10569,978,11690,13,198,180,391,621,168600,61229,230450,"2025-09-23 18:08:02"
778,2023-10-01,227,186,99961,1571,101718,166,2255,279,2700,134,16747,1405,18286,16,291,333,640,502,119254,3588,123344,"2025-09-23 18:08:02"
779,2023-10-01,228,92,86714,720,87526,37,2001,162,2200,92,7842,940,8874,9,261,255,525,230,96818,2077,99125,"2025-09-23 18:08:02"
780,2023-10-01,229,99,42849,730,43678,83,1729,247,2059,119,8880,320,9319,12,141,71,224,313,53599,1368,55280,"2025-09-23 18:08:02"
781,2023-10-01,230,59,16099,92,16250,65,544,40,649,103,7782,170,8055,11,73,79,163,238,24498,381,25117,"2025-09-23 18:08:02"
782,2023-10-01,231,77,32841,33461,66379,56,1110,312,1478,75,10282,524,10881,6,249,236,491,214,44482,34533,79229,"2025-09-23 18:08:02"
783,2023-10-01,232,57,13247,155,13459,55,494,88,637,117,6511,142,6770,11,68,26,105,240,20320,411,20971,"2025-09-23 18:08:02"
784,2023-10-01,233,83,15559,94,15736,54,614,77,745,137,8148,398,8683,14,75,69,158,288,24396,638,25322,"2025-09-23 18:08:02"
786,2023-10-01,235,247,77239,956,78442,141,2992,151,3284,342,27289,624,28255,39,237,142,418,769,107757,1873,110399,"2025-09-23 18:08:02"
787,2023-10-01,236,601,246600,267510,514711,354,7270,6464,14088,693,56707,3477,60877,43,1181,540,1764,1691,311758,277991,591440,"2025-09-23 18:08:02"
789,2023-10-01,238,161,92812,2525,95498,150,2626,492,3268,263,18180,1402,19845,35,399,387,821,609,114017,4806,119432,"2025-09-23 18:08:02"
791,2023-10-01,240,110,39370,668,40148,80,1287,164,1531,125,6961,501,7587,14,163,216,393,329,47781,1549,49659,"2025-09-23 18:08:02"
792,2023-10-01,241,123,25931,478,26532,102,856,134,1092,182,6748,178,7108,9,134,43,186,416,33669,833,34918,"2025-09-23 18:08:02"
793,2023-10-01,242,107,33997,926,35030,91,1107,144,1342,110,5505,296,5911,6,138,101,245,314,40747,1467,42528,"2025-09-23 18:08:02"
794,2023-10-01,243,53,8816,53,8922,54,322,27,403,109,3351,48,3508,8,53,13,74,224,12542,141,12907,"2025-09-23 18:08:02"
795,2023-10-01,244,43,12297,182,12522,43,412,28,483,118,4164,78,4360,11,80,20,111,215,16953,308,17476,"2025-09-23 18:08:02"
796,2023-10-01,245,130,14945,157,15232,83,670,53,806,124,6231,133,6488,10,108,52,170,347,21954,395,22696,"2025-09-23 18:08:02"
797,2023-10-01,246,221,157538,2846,160605,168,4415,511,5094,231,26903,2246,29380,25,610,361,996,645,189466,5964,196075,"2025-09-23 18:08:02"
798,2023-10-01,247,53,14433,103,14589,53,478,62,593,127,4954,104,5185,7,85,28,120,240,19950,297,20487,"2025-09-23 18:08:02"
799,2023-10-01,248,107,14207,219,14533,95,574,77,746,143,6204,162,6509,18,85,34,137,363,21070,492,21925,"2025-09-23 18:08:02"
800,2023-10-01,249,56,16980,138,17174,67,699,38,804,136,6995,144,7275,14,78,18,110,273,24752,338,25363,"2025-09-23 18:08:02"
801,2023-10-01,250,309,120013,2543,122865,278,3185,623,4086,272,18801,2732,21805,21,502,403,926,880,142501,6301,149682,"2025-09-23 18:08:02"
802,2023-10-01,251,60,16088,399,16547,63,619,128,810,118,3383,129,3630,9,111,41,161,250,20201,697,21148,"2025-09-23 18:08:02"
803,2023-10-01,252,102,17435,309,17846,85,815,98,998,123,8681,143,8947,16,85,46,147,326,27016,596,27938,"2025-09-23 18:08:02"
804,2023-10-01,253,123,27717,253,28093,116,1243,283,1642,182,11758,442,12382,24,140,64,228,445,40858,1042,42345,"2025-09-23 18:08:02"
805,2023-10-01,254,62,9733,61,9856,61,303,51,415,101,3299,49,3449,11,56,23,90,235,13391,184,13810,"2025-09-23 18:08:02"
806,2023-10-01,255,81,19118,522,19721,67,879,75,1021,119,8555,261,8935,13,111,49,173,280,28663,907,29850,"2025-09-23 18:08:02"
808,2023-11-01,1,161,212390,18512,231063,57,4026,546,4629,181,13655,2375,16211,20,349,163,532,419,230420,21596,252435,"2025-09-23 18:08:09"
809,2023-11-01,2,112,129135,5067,134314,41,3376,799,4216,154,12159,2544,14857,6,209,221,436,313,144879,8631,153823,"2025-09-23 18:08:09"
810,2023-11-01,3,102,60651,2100,62853,66,2246,717,3029,135,7071,1304,8510,14,141,112,267,317,70109,4233,74659,"2025-09-23 18:08:09"
811,2023-11-01,4,117,66953,2073,69143,44,4362,1349,5755,163,16446,4359,20968,18,399,259,676,359,189066,16148,205573,"2025-09-23 18:08:09"
812,2023-11-01,5,92,99764,3098,102954,46,3137,345,3528,145,9287,2204,11636,12,183,182,377,295,112371,5829,118495,"2025-09-23 18:08:09"
813,2023-11-01,6,93,80988,3103,84184,44,2229,336,2609,183,8966,1632,10781,10,120,104,234,330,92303,5175,97808,"2025-09-23 18:08:09"
814,2023-11-01,7,107,115780,9957,125844,63,4274,533,4870,128,14010,2716,16854,7,315,158,480,305,134379,13364,148048,"2025-09-23 18:08:09"
815,2023-11-01,8,56,71779,3531,75366,31,2801,464,3296,79,10875,2324,13278,12,181,103,296,178,85636,6422,92236,"2025-09-23 18:08:09"
816,2023-11-01,9,83,129843,5500,135426,53,3466,816,4335,177,10037,2151,12365,12,250,259,521,325,143596,8726,152647,"2025-09-23 18:08:09"
817,2023-11-01,10,94,76756,4696,81546,50,2421,594,3065,129,8042,2050,10221,12,172,167,351,285,87391,7507,95183,"2025-09-23 18:08:09"
818,2023-11-01,11,103,84245,2815,87163,57,2678,153,2888,138,9917,2202,12257,10,189,103,302,308,97029,5273,102610,"2025-09-23 18:08:09"
819,2023-11-01,12,114,94630,1148,95892,47,2320,132,2499,126,6548,1190,7864,16,135,190,341,303,103633,2660,106596,"2025-09-23 18:08:09"
820,2023-11-01,13,95,102005,4347,106447,53,2637,635,3325,171,9427,2278,11876,21,233,527,781,340,114302,7787,122429,"2025-09-23 18:08:09"
821,2023-11-01,14,207,77594,3215,81016,101,2105,403,2609,136,5924,1792,7852,8,135,105,248,452,85758,5515,91725,"2025-09-23 18:08:09"
822,2023-11-01,15,179,152815,4037,157031,133,2986,647,3766,182,10767,4867,15816,17,275,166,458,511,166843,9717,177071,"2025-09-23 18:08:09"
823,2023-11-01,16,121,82110,8536,90767,49,1860,923,2832,175,8458,1869,10502,18,197,98,313,363,92625,11426,104414,"2025-09-23 18:08:09"
824,2023-11-01,17,96,105478,2134,107708,50,2957,1133,4140,145,8624,1723,10492,9,184,105,298,300,117243,5095,122638,"2025-09-23 18:08:09"
825,2023-11-01,18,128,207431,7277,214836,103,4159,1663,5925,165,17970,5004,23139,15,373,383,771,411,229933,14327,244671,"2025-09-23 18:08:09"
826,2023-11-01,19,127,128023,4420,132570,62,3201,753,4016,141,11239,2941,14321,7,277,431,715,337,142740,8545,151622,"2025-09-23 18:08:09"
827,2023-11-01,20,125,118310,2976,121411,59,3851,172,4082,165,13551,4417,18133,14,448,629,1091,363,136160,8194,144717,"2025-09-23 18:08:09"
828,2023-11-01,21,253,65075,1274,66602,124,1882,67,2073,153,5219,778,6150,11,133,28,172,541,72309,2147,74997,"2025-09-23 18:08:09"
829,2023-11-01,22,101,114571,4120,118792,44,3143,738,3925,140,10033,2032,12205,15,171,191,377,300,127918,7081,135299,"2025-09-23 18:08:09"
830,2023-11-01,23,1515,39512,547,41574,1524,1501,257,3282,349,3654,1567,5570,101,80,93,274,3489,44747,2464,50700,"2025-09-23 18:08:09"
831,2023-11-01,63,123,90007,1168,91298,805,1826,216,2847,181,5331,1197,6709,17,344,103,464,1303,50495,3092,54890,"2025-09-23 18:08:09"
832,2023-11-01,25,82,91314,5903,97299,32,3172,529,3733,124,11765,2790,14679,16,207,328,551,254,106458,9550,116262,"2025-09-23 18:08:09"
833,2023-11-01,146,1953,654084,12484,668521,3738,72616,14920,91274,3965,248975,60306,313246,418,5700,5208,11326,12701,2978343,200504,3191548,"2025-09-23 18:08:09"
835,2023-11-01,28,97,66217,2437,68751,65,2084,817,2966,110,9668,3271,13049,14,178,669,861,286,78147,7194,85627,"2025-09-23 18:08:09"
836,2023-11-01,29,79,73155,800,74034,52,2104,553,2709,117,10903,1321,12341,13,239,210,462,261,86401,2884,89546,"2025-09-23 18:08:09"
837,2023-11-01,77,287,137951,2808,141046,60,2110,494,2664,56,8967,4537,13560,3,297,1519,1819,224,91524,9748,101496,"2025-09-23 18:08:09"
838,2023-11-01,57,68,57889,729,58686,48,898,182,1128,61,3658,2359,6078,4,95,1040,1139,190,45443,5509,51142,"2025-09-23 18:08:09"
839,2023-11-01,32,72,85458,1486,87016,28,1954,350,2332,66,10088,1469,11623,1,213,262,476,167,97713,3567,101447,"2025-09-23 18:08:09"
840,2023-11-01,33,124,114531,19790,134445,62,2829,530,3421,167,13143,2272,15582,11,198,540,749,364,130701,23132,154197,"2025-09-23 18:08:09"
841,2023-11-01,79,87,107991,1496,109574,55,2221,303,2579,104,12100,1628,13832,8,201,229,438,272,102285,3714,106271,"2025-09-23 18:08:09"
842,2023-11-01,35,94,66878,2488,69460,58,2134,241,2433,102,14454,2291,16847,9,210,323,542,263,83676,5343,89282,"2025-09-23 18:08:09"
843,2023-11-01,36,105,92376,3447,95928,50,2755,337,3142,103,12963,1971,15037,9,206,289,504,267,108300,6044,114611,"2025-09-23 18:08:09"
844,2023-11-01,60,275,186598,12377,199250,36,895,21,952,41,3643,993,4677,1,56,96,153,139,30417,1514,32070,"2025-09-23 18:08:09"
845,2023-11-01,38,49,57545,58102,115696,24,1454,907,2385,81,5634,1199,6914,11,145,362,518,165,64778,60570,125513,"2025-09-23 18:08:09"
846,2023-11-01,39,294,100926,12182,113402,480,1606,620,2706,185,8262,2251,10698,29,175,695,899,988,110969,15748,127705,"2025-09-23 18:08:09"
847,2023-11-01,40,83,26684,1379,28146,51,985,293,1329,83,4170,382,4635,10,51,52,113,227,31890,2106,34223,"2025-09-23 18:08:09"
849,2023-11-01,42,135,149463,11195,160793,57,3135,256,3448,128,13166,2190,15484,9,309,493,811,329,166073,14134,180536,"2025-09-23 18:08:09"
851,2023-11-01,44,0,21,2,23,38,391,17,446,42,5327,65,5434,2,68,11,81,127,15788,158,16073,"2025-09-23 18:08:09"
853,2023-11-01,46,185,240799,11105,252089,111,4873,735,5719,191,29524,5479,35194,15,570,570,1155,502,275766,17889,294157,"2025-09-23 18:08:09"
854,2023-11-01,47,117,117988,1614,119719,121,2966,512,3599,292,19722,2872,22886,60,384,284,728,590,141060,5282,146932,"2025-09-23 18:08:09"
858,2023-11-01,51,172,194404,3142,197718,192,3038,625,3855,214,15966,1333,17513,12,436,159,607,590,213844,5259,219693,"2025-09-23 18:08:09"
861,2023-11-01,54,125,26906,13418,40449,51,1143,372,1566,149,10248,753,11150,9,151,83,243,334,38448,14626,53408,"2025-09-23 18:08:09"
862,2023-11-01,55,109,94260,136730,231099,63,3211,1868,5142,117,25383,2751,28251,17,561,324,902,306,123415,141673,265394,"2025-09-23 18:08:09"
863,2023-11-01,56,315,220478,26265,247058,417,5308,879,6604,170,29691,3547,33408,24,525,486,1035,926,256002,31177,288105,"2025-09-23 18:08:09"
865,2023-11-01,58,186,141848,3484,145518,100,4237,125,4462,137,16996,4760,21893,20,405,870,1295,443,163486,9239,173168,"2025-09-23 18:08:09"
866,2023-11-01,59,148,204459,37119,241726,82,4754,1074,5910,103,21129,3134,24366,12,386,321,719,345,230728,41648,272721,"2025-09-23 18:08:09"
868,2023-11-01,61,175,200558,5170,205903,98,3200,698,3996,157,12317,3354,15828,10,373,525,908,440,216448,9747,226635,"2025-09-23 18:08:09"
869,2023-11-01,62,70,8784,138,8992,56,509,70,635,123,3892,60,4075,3,48,12,63,252,13233,280,13765,"2025-09-23 18:08:09"
872,2023-11-01,65,192,172322,3867,176381,149,4421,408,4978,194,26844,8057,35095,28,686,908,1622,563,204273,13240,218076,"2025-09-23 18:08:09"
878,2023-11-01,71,81,71271,2518,73870,47,2188,562,2797,106,13879,3986,17971,10,314,452,776,244,87652,7518,95414,"2025-09-23 18:08:09"
881,2023-11-01,74,126,173591,2942,176659,99,3148,366,3613,412,15556,2431,18399,22,578,302,902,659,192873,6041,199573,"2025-09-23 18:08:09"
887,2023-11-01,80,169,106737,1193,108099,96,2600,671,3367,171,20448,4151,24770,12,388,1008,1408,448,130173,7023,137644,"2025-09-23 18:08:09"
890,2023-11-01,83,350,174174,1092,175616,249,3377,502,4128,257,15090,1936,17283,65,608,170,843,921,193249,3700,197870,"2025-09-23 18:08:09"
892,2023-11-01,85,150,25054,204,25408,86,1167,136,1389,158,6596,209,6963,20,127,45,192,414,32944,594,33952,"2025-09-23 18:08:09"
893,2023-11-01,86,300,173272,1855,175427,157,4277,335,4769,193,19595,2596,22384,22,404,291,717,672,197548,5077,203297,"2025-09-23 18:08:09"
894,2023-11-01,87,101,112873,3312,116286,75,2580,634,3289,79,13181,2222,15482,10,341,160,511,265,128975,6328,135568,"2025-09-23 18:08:09"
895,2023-11-01,88,69,105582,2473,108124,22,2215,636,2873,36,9557,1470,11063,1,215,129,345,128,117569,4708,122405,"2025-09-23 18:08:09"
896,2023-11-01,89,458,28726,295,29479,108,540,35,683,126,1895,403,2424,12,64,11,87,704,31225,744,32673,"2025-09-23 18:08:09"
897,2023-11-01,90,122,87870,1763,89755,74,2418,449,2941,105,10403,2329,12837,10,203,194,407,311,100894,4735,105940,"2025-09-23 18:08:09"
898,2023-11-01,91,183,168375,822,169380,98,4991,2526,7615,130,30664,5461,36255,14,645,365,1024,425,204675,9174,214274,"2025-09-23 18:08:09"
899,2023-11-01,92,84,61090,1161,62335,77,1657,304,2038,100,8491,1415,10006,13,176,158,347,274,71414,3038,74726,"2025-09-23 18:08:09"
900,2023-11-01,93,125,88145,1026,89296,70,2230,164,2464,93,9145,3943,13181,9,177,259,445,297,99697,5392,105386,"2025-09-23 18:08:09"
901,2023-11-01,94,248,200217,2636,203101,110,5266,1533,6909,203,30886,4393,35482,8,666,691,1365,569,237035,9253,246857,"2025-09-23 18:08:09"
902,2023-11-01,95,356,266418,2075,268849,200,7563,1076,8839,221,43174,6180,49575,27,1062,478,1567,804,318217,9809,328830,"2025-09-23 18:08:09"
903,2023-11-01,96,86,31884,707,32677,43,1243,77,1363,87,5406,690,6183,12,91,52,155,228,38624,1526,40378,"2025-09-23 18:08:09"
904,2023-11-01,97,284,254356,5622,260262,203,7974,1180,9357,212,34606,6166,40984,30,614,566,1210,729,297550,13534,311813,"2025-09-23 18:08:09"
905,2023-11-01,101,185,178944,4637,183766,60,2516,1379,3955,108,7832,1937,9877,10,333,212,555,363,189625,8165,198153,"2025-09-23 18:08:09"
906,2023-11-01,102,164,70058,1108,71330,62,2155,227,2444,77,7642,1502,9221,3,190,156,349,306,80045,2993,83344,"2025-09-23 18:08:09"
907,2023-11-01,103,211,63625,2005,65841,57,2248,252,2557,105,8959,1606,10670,17,164,139,320,390,74996,4002,79388,"2025-09-23 18:08:09"
908,2023-11-01,104,129,178957,4593,183679,155,4728,1501,6384,161,20273,3058,23492,25,542,560,1127,470,204500,9712,214682,"2025-09-23 18:08:09"
909,2023-11-01,105,281,142448,1949,144678,97,2203,116,2416,64,6804,1504,8372,3,250,141,394,445,151705,3710,155860,"2025-09-23 18:08:09"
910,2023-11-01,106,209,95035,956,96200,155,2806,543,3504,101,8264,2085,10450,14,208,124,346,479,106313,3708,110500,"2025-09-23 18:08:09"
911,2023-11-01,107,149,73148,1204,74501,93,2544,65,2702,94,6702,1825,8621,21,157,102,280,357,82551,3196,86104,"2025-09-23 18:08:09"
912,2023-11-01,108,172,223529,1776,225477,111,6698,456,7265,155,37556,6368,44079,21,673,467,1161,459,268456,9067,277982,"2025-09-23 18:08:09"
913,2023-11-01,109,190,135027,2556,137773,158,5205,1138,6501,227,22847,3897,26971,13,384,321,718,588,163463,7912,171963,"2025-09-23 18:08:09"
914,2023-11-01,110,71,122257,2346,124674,40,4122,663,4825,36,18678,2598,21312,3,413,382,798,150,145470,5989,151609,"2025-09-23 18:08:09"
915,2023-11-01,111,157,90318,743,91218,99,3144,485,3728,134,19163,3257,22554,14,903,289,1206,404,113528,4774,118706,"2025-09-23 18:08:09"
916,2023-11-01,112,145,111305,2436,113886,120,2250,614,2984,123,9900,3762,13785,11,330,166,507,399,123785,6978,131162,"2025-09-23 18:08:09"
917,2023-11-01,113,92,74041,1314,75447,28,2285,914,3227,38,9199,1642,10879,0,180,133,313,158,85705,4003,89866,"2025-09-23 18:08:09"
918,2023-11-01,114,173,107036,696,107905,90,3832,459,4381,158,19417,2918,22493,13,471,231,715,434,130756,4304,135494,"2025-09-23 18:08:09"
919,2023-11-01,115,242,51975,427,52644,102,1775,562,2439,260,12207,868,13335,11,268,85,364,615,66225,1942,68782,"2025-09-23 18:08:09"
920,2023-11-01,116,185,52276,357,52818,84,2062,673,2819,197,14203,6167,20567,8,286,355,649,474,68827,7552,76853,"2025-09-23 18:08:09"
921,2023-11-01,117,90,17554,89,17733,72,759,187,1018,157,6341,4396,10894,8,134,514,656,327,24788,5186,30301,"2025-09-23 18:08:09"
922,2023-11-01,118,88,99983,1164,101235,61,2879,547,3487,73,10385,2427,12885,10,285,167,462,232,113532,4305,118069,"2025-09-23 18:08:09"
923,2023-11-01,119,48,181961,3172,185181,29,3592,673,4294,36,11700,3752,15488,8,481,175,664,121,197734,7772,205627,"2025-09-23 18:08:09"
924,2023-11-01,120,21,143997,724,144742,16,1981,193,2190,23,5018,1405,6446,0,220,37,257,60,151216,2359,153635,"2025-09-23 18:08:09"
925,2023-11-01,121,381,116161,1578,118120,187,4007,1302,5496,259,21401,4624,26284,21,639,427,1087,848,142208,7931,150987,"2025-09-23 18:08:09"
926,2023-11-01,122,115,59412,316,59843,96,1352,172,1620,87,5929,2119,8135,9,143,308,460,307,66836,2915,70058,"2025-09-23 18:08:09"
927,2023-11-01,123,259,151053,2063,153375,263,4659,439,5361,204,18364,2877,21445,28,504,267,799,754,174580,5646,180980,"2025-09-23 18:08:09"
928,2023-11-01,124,202,100606,1025,101833,92,3486,698,4276,127,18919,4276,23322,16,438,541,995,437,123449,6540,130426,"2025-09-23 18:08:09"
929,2023-11-01,125,260,205002,2923,208185,97,5666,2664,8427,178,30719,6342,37239,18,626,309,953,553,242013,12238,254804,"2025-09-23 18:08:09"
930,2023-11-01,126,352,282412,3727,286491,165,7948,2185,10298,249,35771,7200,43220,24,901,1011,1936,790,327032,14123,341945,"2025-09-23 18:08:09"
931,2023-11-01,127,181,65717,6029,71927,75,2839,761,3675,154,20825,2748,23727,12,332,383,727,422,89713,9921,100056,"2025-09-23 18:08:09"
932,2023-11-01,128,195,121606,954,122755,90,2642,344,3076,147,15824,2281,18252,10,324,157,491,442,140396,3736,144574,"2025-09-23 18:08:09"
933,2023-11-01,129,387,437005,3158,440550,232,10509,2682,13423,294,63193,7802,71289,74,1588,662,2324,987,512295,14304,527586,"2025-09-23 18:08:09"
935,2023-11-01,131,73,15214,130,15417,57,780,52,889,79,7940,265,8284,11,83,29,123,220,24017,476,24713,"2025-09-23 18:08:09"
936,2023-11-01,132,73,10895,138,11106,46,470,91,607,116,4875,382,5373,4,81,227,312,239,16321,838,17398,"2025-09-23 18:08:09"
937,2023-11-01,133,69,12015,125,12209,62,629,90,781,106,6305,654,7065,17,65,73,155,254,19014,942,20210,"2025-09-23 18:08:09"
938,2023-11-01,134,84,17219,119,17422,58,706,95,859,113,8217,179,8509,11,82,40,133,266,26224,433,26923,"2025-09-23 18:08:09"
939,2023-11-01,135,71,19842,226,20139,57,829,97,983,79,7976,686,8741,11,108,82,201,218,28755,1091,30064,"2025-09-23 18:08:09"
940,2023-11-01,136,80,46503,302,46885,72,2160,213,2445,115,13787,1388,15290,14,222,142,378,281,62672,2045,64998,"2025-09-23 18:08:09"
941,2023-11-01,137,101,54071,707,54879,82,1752,186,2020,157,13729,1726,15612,11,334,888,1233,351,69886,3507,73744,"2025-09-23 18:08:09"
942,2023-11-01,138,35,16985,155,17175,25,574,36,635,29,3224,585,3838,8,67,49,124,97,20850,825,21772,"2025-09-23 18:08:09"
943,2023-11-01,139,71,43790,267,44128,67,1522,86,1675,85,9176,1058,10319,7,199,80,286,230,54687,1491,56408,"2025-09-23 18:08:09"
944,2023-11-01,140,1,8,0,9,0,3,0,3,0,8,0,8,0,0,0,0,1,19,0,20,"2025-09-23 18:08:09"
945,2023-11-01,141,212,87062,1035,88309,115,2263,373,2751,172,12114,1105,13391,16,315,258,589,515,101754,2771,105040,"2025-09-23 18:08:09"
946,2023-11-01,142,59,86126,1750,87935,136,2085,832,3053,65,11167,1764,12996,4,303,212,519,264,99681,4558,104503,"2025-09-23 18:08:09"
947,2023-11-01,143,147,90480,2111,92738,118,2437,524,3079,130,14555,2080,16765,9,372,217,598,404,107844,4932,113180,"2025-09-23 18:08:09"
948,2023-11-01,144,131,123278,4699,128108,91,3094,686,3871,129,15675,2334,18138,13,506,304,823,364,142553,8023,150940,"2025-09-23 18:08:09"
949,2023-11-01,145,196,93039,5935,99170,156,2930,413,3499,256,20074,1769,22099,28,409,284,721,636,116452,8401,125489,"2025-09-23 18:08:09"
951,2023-11-01,147,73,23027,62,23162,38,586,107,731,53,2268,402,2723,9,80,34,123,173,25961,605,26739,"2025-09-23 18:08:09"
952,2023-11-01,148,223,41808,1624,43655,127,1593,372,2092,225,12831,664,13720,26,191,125,342,601,56423,2785,59809,"2025-09-23 18:08:09"
953,2023-11-01,149,68,20305,1443,21816,44,1026,239,1309,92,8651,597,9340,9,113,71,193,213,30095,2350,32658,"2025-09-23 18:08:09"
954,2023-11-01,150,147,45215,854,46216,93,2079,378,2550,144,15193,1092,16429,30,183,82,295,414,62670,2406,65490,"2025-09-23 18:08:09"
955,2023-11-01,151,148,83473,684,84305,79,2471,359,2909,180,18913,2322,21415,14,444,792,1250,421,105301,4157,109879,"2025-09-23 18:08:09"
956,2023-11-01,152,131,39990,538,40659,76,1433,181,1690,183,12804,539,13526,32,187,150,369,422,54414,1408,56244,"2025-09-23 18:08:09"
957,2023-11-01,153,98,22880,193,23171,70,1140,338,1548,143,11208,387,11738,12,87,55,154,323,35315,973,36611,"2025-09-23 18:08:09"
958,2023-11-01,154,167,80530,914,81611,88,2513,487,3088,165,18876,1863,20904,22,369,430,821,442,102288,3694,106424,"2025-09-23 18:08:09"
959,2023-11-01,155,75,19363,149,19587,42,742,111,895,109,7700,449,8258,14,87,79,180,240,27892,788,28920,"2025-09-23 18:08:09"
960,2023-11-01,156,180,164895,2552,167627,145,4864,513,5522,184,24028,3747,27959,43,617,382,1042,552,194404,7194,202150,"2025-09-23 18:08:09"
961,2023-11-01,157,124,33819,296,34239,119,1399,323,1841,181,11497,721,12399,16,186,115,317,440,46901,1455,48796,"2025-09-23 18:08:09"
962,2023-11-01,158,102,115377,1699,117178,72,3847,674,4593,123,19546,2732,22401,11,484,403,898,308,139254,5508,145070,"2025-09-23 18:08:09"
963,2023-11-01,159,172,179674,1946,181792,154,4538,828,5520,219,20843,2457,23519,24,573,273,870,569,205628,5504,211701,"2025-09-23 18:08:09"
964,2023-11-01,160,74,11381,68,11523,52,488,61,601,120,5946,504,6570,15,62,76,153,261,17877,709,18847,"2025-09-23 18:08:09"
965,2023-11-01,161,79,24263,192,24534,45,1003,80,1128,196,10716,244,11156,19,125,49,193,339,36107,565,37011,"2025-09-23 18:08:09"
966,2023-11-01,162,157,41366,328,41851,92,1398,204,1694,142,12232,781,13155,22,209,146,377,413,55205,1459,57077,"2025-09-23 18:08:09"
968,2023-11-01,257,109,19819,167,20095,70,1273,96,1439,147,10619,268,11034,14,103,50,167,340,31814,581,32735,"2025-09-23 18:08:09"
969,2023-11-01,258,205,114445,2108,116758,130,3169,520,3819,206,19391,3113,22710,20,446,691,1157,561,137451,6432,144444,"2025-09-23 18:08:09"
970,2023-11-01,259,112,33255,576,33943,71,1513,163,1747,141,13443,1064,14648,8,243,158,409,332,48454,1961,50747,"2025-09-23 18:08:09"
971,2023-11-01,260,138,28908,667,29713,95,1183,172,1450,179,12502,438,13119,16,164,67,247,428,42757,1344,44529,"2025-09-23 18:08:09"
972,2023-11-01,261,71,8759,61,8891,42,468,55,565,101,4413,252,4766,6,43,40,89,220,13683,408,14311,"2025-09-23 18:08:09"
973,2023-11-01,262,89,18824,185,19098,61,845,119,1025,120,8634,253,9007,12,109,51,172,282,28412,608,29302,"2025-09-23 18:08:09"
974,2023-11-01,263,68,9979,60,10107,62,411,21,494,96,5206,62,5364,9,44,16,69,235,15640,159,16034,"2025-09-23 18:08:09"
975,2023-11-01,264,112,44583,230,44925,125,1654,404,2183,201,12267,2318,14786,26,240,203,469,464,58744,3155,62363,"2025-09-23 18:08:09"
976,2023-11-01,265,182,112198,1911,114291,142,4023,471,4636,217,24351,3085,27653,16,381,431,828,557,140953,5898,147408,"2025-09-23 18:08:09"
977,2023-11-01,266,77,9593,58,9728,56,422,70,548,117,4954,268,5339,7,60,28,95,257,15029,424,15710,"2025-09-23 18:08:09"
978,2023-11-01,267,74,7775,33,7882,40,365,21,426,114,4423,73,4610,6,51,18,75,234,12614,145,12993,"2025-09-23 18:08:09"
979,2023-11-01,268,140,152516,3235,155891,100,3488,941,4529,131,19568,2546,22245,14,490,386,890,385,176062,7108,183555,"2025-09-23 18:08:09"
980,2023-11-01,269,309,136319,2009,138637,230,3206,595,4031,194,16021,1485,17700,24,318,239,581,757,155864,4328,160949,"2025-09-23 18:08:09"
981,2023-11-01,270,106,40390,2430,42926,112,1623,212,1947,158,15005,860,16023,6,223,130,359,382,57241,3632,61255,"2025-09-23 18:08:09"
982,2023-11-01,271,103,9389,41,9533,56,444,88,588,110,5001,102,5213,14,51,19,84,283,14885,250,15418,"2025-09-23 18:08:09"
984,2023-11-01,164,86,12198,173,12457,63,521,86,670,99,6566,730,7395,10,75,40,125,258,19360,1029,20647,"2025-09-23 18:08:09"
985,2023-11-01,165,101,20387,189,20677,74,1046,105,1225,137,12524,257,12918,9,112,42,163,321,34069,593,34983,"2025-09-23 18:08:09"
986,2023-11-01,166,68,10334,106,10508,42,431,64,537,72,5002,400,5474,6,48,68,122,188,15815,638,16641,"2025-09-23 18:08:09"
987,2023-11-01,167,89,74764,825,75678,66,2217,276,2559,86,14357,3452,17895,14,501,1643,2158,255,91839,6196,98290,"2025-09-23 18:08:09"
988,2023-11-01,168,57,9107,453,9617,42,420,58,520,75,3959,204,4238,4,63,23,90,178,13549,738,14465,"2025-09-23 18:08:09"
989,2023-11-01,169,147,51980,857,52984,120,1899,379,2398,208,15486,1708,17402,19,334,268,621,494,69699,3212,73405,"2025-09-23 18:08:09"
990,2023-11-01,170,80,19951,377,20408,50,794,256,1100,79,7868,1002,8949,10,129,148,287,219,28742,1783,30744,"2025-09-23 18:08:09"
991,2023-11-01,171,123,82276,2311,84710,122,2736,416,3274,164,13118,2347,15629,11,306,347,664,420,98436,5421,104277,"2025-09-23 18:08:09"
992,2023-11-01,172,218,38690,156,39064,202,1515,54,1771,157,11720,845,12722,15,177,117,309,592,52102,1172,53866,"2025-09-23 18:08:09"
993,2023-11-01,173,77,13793,166,14036,52,719,71,842,99,7873,356,8328,13,80,48,141,241,22465,641,23347,"2025-09-23 18:08:09"
994,2023-11-01,174,169,121624,1800,123593,134,3035,636,3805,190,22778,2047,25015,20,437,909,1366,513,147874,5392,153779,"2025-09-23 18:08:09"
995,2023-11-01,175,114,13533,95589,109236,65,635,2153,2853,200,9352,446,9998,4,149,40,193,383,23669,98228,122280,"2025-09-23 18:08:09"
996,2023-11-01,176,196,112180,2425,114801,152,3295,706,4153,199,21697,3495,25391,16,414,853,1283,563,137586,7479,145628,"2025-09-23 18:08:09"
997,2023-11-01,177,77,20714,146,20937,46,813,93,952,108,8070,498,8676,7,101,52,160,238,29698,789,30725,"2025-09-23 18:08:09"
998,2023-11-01,178,85,23834,140,24059,65,1195,102,1362,119,11123,761,12003,8,202,133,343,277,36354,1136,37767,"2025-09-23 18:08:09"
999,2023-11-01,179,123,16044,170,16337,59,724,113,896,107,9651,201,9959,11,87,30,128,300,26506,514,27320,"2025-09-23 18:08:09"
1000,2023-11-01,180,80,18869,229,19178,44,753,68,865,87,8171,917,9175,3,119,90,212,214,27912,1304,29430,"2025-09-23 18:08:09"
1001,2023-11-01,181,91,13095,84,13270,77,561,48,686,111,7044,282,7437,7,55,34,96,286,20755,448,21489,"2025-09-23 18:08:09"
1002,2023-11-01,182,77,10947,91,11115,49,531,57,637,90,6261,130,6481,8,53,21,82,224,17792,299,18315,"2025-09-23 18:08:09"
1003,2023-11-01,183,66,12051,9207,21324,53,539,233,825,85,6487,193,6765,11,81,23,115,215,19158,9656,29029,"2025-09-23 18:08:09"
1004,2023-11-01,184,111,24092,80516,104719,83,1611,1341,3035,150,15491,232,15873,10,113,44,167,354,41307,82133,123794,"2025-09-23 18:08:09"
1005,2023-11-01,185,95,25267,557,25919,55,959,972,1986,96,8089,511,8696,8,142,151,301,254,34457,2191,36902,"2025-09-23 18:08:09"
1007,2023-11-01,187,142,117804,953,118899,97,3086,391,3574,131,22184,2704,25019,12,380,390,782,382,143454,4438,148274,"2025-09-23 18:08:09"
1008,2023-11-01,188,212,117751,1679,119642,149,3813,558,4520,222,25904,1955,28081,19,514,386,919,602,147982,4578,153162,"2025-09-23 18:08:09"
1009,2023-11-01,189,62,14036,39,14137,35,673,53,761,71,6519,630,7220,17,81,41,139,185,21309,763,22257,"2025-09-23 18:08:09"
1010,2023-11-01,190,193,188938,2536,191667,114,5083,797,5994,230,25890,3664,29784,19,609,460,1088,556,220520,7457,228533,"2025-09-23 18:08:09"
1012,2023-11-01,192,142,58139,623,58904,89,2062,270,2421,162,17914,1060,19136,15,225,157,397,408,78340,2110,80858,"2025-09-23 18:08:09"
1013,2023-11-01,193,95,26979,406,27480,57,1208,119,1384,133,10305,283,10721,11,138,96,245,296,38630,904,39830,"2025-09-23 18:08:09"
1014,2023-11-01,194,99,11114,56,11269,49,437,40,526,90,6992,84,7166,15,46,15,76,253,18589,195,19037,"2025-09-23 18:08:09"
1015,2023-11-01,195,119,36634,414,37167,90,1641,251,1982,189,17242,1048,18479,16,192,165,373,414,55709,1878,58001,"2025-09-23 18:08:09"
1016,2023-11-01,196,69,19998,169,20236,47,793,43,883,90,11247,988,12325,10,125,155,290,216,32163,1355,33734,"2025-09-23 18:08:09"
1017,2023-11-01,197,228,63599,914,64741,219,2163,308,2690,262,19362,1184,20808,50,316,230,596,759,85440,2636,88835,"2025-09-23 18:08:09"
1018,2023-11-01,198,73,12828,107,13008,53,609,55,717,119,6050,114,6283,14,72,27,113,259,19559,303,20121,"2025-09-23 18:08:09"
1019,2023-11-01,199,54,5986,34,6074,31,284,27,342,61,3864,46,3971,2,34,8,44,148,10168,115,10431,"2025-09-23 18:08:09"
1020,2023-11-01,200,129,40784,489,41402,77,1601,143,1821,144,14711,732,15587,27,218,153,398,377,57314,1517,59208,"2025-09-23 18:08:09"
1021,2023-11-01,201,130,44884,386,45400,83,1765,244,2092,136,16342,1545,18023,15,232,356,603,364,63223,2531,66118,"2025-09-23 18:08:09"
1022,2023-11-01,202,101,22679,169,22949,60,718,78,856,107,8532,196,8835,20,102,44,166,288,32031,487,32806,"2025-09-23 18:08:09"
1023,2023-11-01,203,59,4215,404,4678,22,258,205,485,68,1406,31,1505,8,23,2,33,157,5902,642,6701,"2025-09-23 18:08:09"
1024,2023-11-01,204,135,20155,120,20410,61,643,82,786,129,6619,122,6870,15,118,34,167,340,27535,358,28233,"2025-09-23 18:08:09"
1025,2023-11-01,205,83,19536,90,19709,82,855,83,1020,132,12272,858,13262,10,107,101,218,307,32770,1132,34209,"2025-09-23 18:08:09"
1026,2023-11-01,206,79,17675,153,17907,44,642,51,737,89,7781,598,8468,13,91,162,266,225,26189,964,27378,"2025-09-23 18:08:09"
1027,2023-11-01,207,61,9784,40,9885,70,463,44,577,86,5993,114,6193,10,72,13,95,227,16312,211,16750,"2025-09-23 18:08:09"
1028,2023-11-01,208,123,56249,302,56674,71,1847,363,2281,110,13014,1538,14662,10,235,298,543,314,71345,2501,74160,"2025-09-23 18:08:09"
1029,2023-11-01,209,135,105153,1377,106665,88,2985,792,3865,205,17991,4335,22531,13,434,1737,2184,441,126563,8241,135245,"2025-09-23 18:08:09"
1030,2023-11-01,210,166,123555,1982,125703,91,2956,306,3353,101,18050,1027,19178,27,407,301,735,385,144968,3616,148969,"2025-09-23 18:08:09"
1032,2023-11-01,212,127,94194,1007,95328,93,2938,463,3494,129,11917,479,12525,14,294,157,465,363,109343,2106,111812,"2025-09-23 18:08:09"
1033,2023-11-01,213,99,24135,199,24433,69,871,171,1111,106,9328,253,9687,13,72,176,261,287,34406,799,35492,"2025-09-23 18:08:09"
1034,2023-11-01,214,48,11694,79,11821,68,737,89,894,97,7350,205,7652,10,110,69,189,240,27938,561,28739,"2025-09-23 18:08:09"
1035,2023-11-01,215,247,240240,2222,242709,179,6342,524,7045,236,40885,4636,45757,31,754,575,1360,693,288221,7957,296871,"2025-09-23 18:08:09"
1036,2023-11-01,216,105,14058,146,14309,57,538,110,705,131,6205,155,6491,9,64,32,105,302,20865,443,21610,"2025-09-23 18:08:09"
1037,2023-11-01,217,110,43163,485,43758,94,1406,187,1687,107,13726,2625,16458,13,177,636,826,324,58472,3933,62729,"2025-09-23 18:08:09"
1038,2023-11-01,218,103,47083,697,47883,83,1479,229,1791,139,10495,531,11165,14,176,113,303,339,59233,1570,61142,"2025-09-23 18:08:09"
1039,2023-11-01,219,90,13551,65,13706,61,519,58,638,92,7167,486,7745,8,143,147,298,251,21380,756,22387,"2025-09-23 18:08:09"
1040,2023-11-01,220,161,149720,1187,151068,99,4212,800,5111,145,22504,7090,29739,22,610,1601,2233,427,177046,10678,188151,"2025-09-23 18:08:09"
1041,2023-11-01,221,63,10343,58,10464,54,402,46,502,92,4599,552,5243,14,54,104,172,223,15398,760,16381,"2025-09-23 18:08:09"
1042,2023-11-01,222,215,142270,2921,145406,175,3380,1011,4566,243,26850,2345,29438,31,467,430,928,664,172967,6707,180338,"2025-09-23 18:08:09"
1043,2023-11-01,223,72,24974,177,25223,72,1043,104,1219,101,10345,398,10844,10,142,64,216,255,36504,743,37502,"2025-09-23 18:08:09"
1044,2023-11-01,224,137,88214,1288,89639,68,1977,473,2518,134,10528,981,11643,11,153,151,315,350,100872,2893,104115,"2025-09-23 18:08:09"
1045,2023-11-01,225,66,92033,4939,97038,32,1940,442,2414,54,11104,1660,12818,4,182,225,411,156,105259,7266,112681,"2025-09-23 18:08:09"
1046,2023-11-01,226,245,156181,59175,215601,222,2130,1274,3626,143,10593,981,11717,12,197,180,389,622,169101,61610,231333,"2025-09-23 18:08:09"
1047,2023-11-01,227,185,100020,1751,101956,167,2251,276,2694,134,16649,1407,18190,16,293,336,645,502,119213,3770,123485,"2025-09-23 18:08:09"
1048,2023-11-01,228,92,86738,721,87551,37,1989,164,2190,91,7862,942,8895,9,264,255,528,229,96853,2082,99164,"2025-09-23 18:08:09"
1049,2023-11-01,229,98,42882,728,43708,83,1722,246,2051,118,8888,324,9330,13,146,72,231,312,53638,1370,55320,"2025-09-23 18:08:09"
1050,2023-11-01,230,58,16101,92,16251,65,547,40,652,104,7781,170,8055,11,72,82,165,238,24501,384,25123,"2025-09-23 18:08:09"
1051,2023-11-01,231,79,33466,34294,67839,55,1115,318,1488,74,10282,525,10881,6,250,236,492,214,45113,35373,80700,"2025-09-23 18:08:09"
1052,2023-11-01,232,57,13271,155,13483,53,489,87,629,117,6539,142,6798,11,67,26,104,238,20366,410,21014,"2025-09-23 18:08:09"
1053,2023-11-01,233,83,15549,94,15726,54,612,78,744,134,8174,400,8708,14,77,69,160,285,24412,641,25338,"2025-09-23 18:08:09"
1055,2023-11-01,235,243,77352,956,78551,140,2983,151,3274,344,27295,627,28266,39,238,141,418,766,107868,1875,110509,"2025-09-23 18:08:09"
1056,2023-11-01,236,598,247428,267093,515119,355,7266,6398,14019,693,56961,3540,61194,41,1189,543,1773,1687,312844,277574,592105,"2025-09-23 18:08:09"
1058,2023-11-01,238,163,92883,2561,95607,153,2605,499,3257,264,18229,1410,19903,35,403,389,827,615,114120,4859,119594,"2025-09-23 18:08:09"
1060,2023-11-01,240,111,39432,672,40215,77,1273,163,1513,125,6954,504,7583,14,155,217,386,327,47814,1556,49697,"2025-09-23 18:08:09"
1061,2023-11-01,241,121,25968,483,26572,103,853,134,1090,184,6748,179,7111,9,137,43,189,417,33706,839,34962,"2025-09-23 18:08:09"
1062,2023-11-01,242,107,34055,921,35083,91,1108,142,1341,112,5466,297,5875,6,144,101,251,316,40773,1461,42550,"2025-09-23 18:08:09"
1063,2023-11-01,243,54,8837,52,8943,52,322,27,401,108,3352,48,3508,10,53,13,76,224,12564,140,12928,"2025-09-23 18:08:09"
1064,2023-11-01,244,44,12331,178,12553,43,408,28,479,118,4167,76,4361,11,80,20,111,216,16986,302,17504,"2025-09-23 18:08:09"
1065,2023-11-01,245,132,14970,157,15259,81,659,53,793,124,6225,134,6483,11,107,52,170,348,21961,396,22705,"2025-09-23 18:08:09"
1066,2023-11-01,246,221,157868,2843,160932,173,4411,507,5091,231,26918,2246,29395,25,615,359,999,650,189812,5955,196417,"2025-09-23 18:08:09"
1067,2023-11-01,247,54,14503,99,14656,52,474,62,588,123,4960,103,5186,7,82,28,117,236,20019,292,20547,"2025-09-23 18:08:09"
1068,2023-11-01,248,106,14239,218,14563,98,574,77,749,141,6187,162,6490,19,89,35,143,364,21089,492,21945,"2025-09-23 18:08:09"
1069,2023-11-01,249,56,16971,138,17165,67,699,37,803,137,7012,158,7307,14,77,19,110,274,24759,352,25385,"2025-09-23 18:08:09"
1070,2023-11-01,250,309,120181,2526,123016,278,3181,625,4084,273,18808,2727,21808,21,507,403,931,881,142677,6281,149839,"2025-09-23 18:08:09"
1071,2023-11-01,251,61,16098,380,16539,64,619,122,805,117,3382,129,3628,9,113,40,162,251,20212,671,21134,"2025-09-23 18:08:09"
1072,2023-11-01,252,102,17478,333,17913,85,804,96,985,123,8749,142,9014,17,88,46,151,327,27119,617,28063,"2025-09-23 18:08:09"
1073,2023-11-01,253,123,27743,256,28122,113,1221,268,1602,183,11790,442,12415,24,139,64,227,443,40893,1030,42366,"2025-09-23 18:08:09"
1074,2023-11-01,254,60,9677,61,9798,61,301,51,413,101,3303,49,3453,11,54,24,89,233,13335,185,13753,"2025-09-23 18:08:09"
1075,2023-11-01,255,81,19156,527,19764,66,873,75,1014,123,8596,260,8979,13,115,49,177,283,28740,911,29934,"2025-09-23 18:08:09"
1077,2023-12-01,1,156,214156,18168,232480,57,3998,546,4601,180,13678,2385,16243,19,349,164,532,412,232181,21263,253856,"2025-09-23 18:08:15"
1078,2023-12-01,2,113,129380,5055,134548,41,3381,789,4211,148,12124,2548,14820,7,211,223,441,309,145096,8615,154020,"2025-09-23 18:08:15"
1079,2023-12-01,3,105,60580,2105,62790,65,2228,717,3010,132,7039,1305,8476,14,146,113,273,316,69993,4240,74549,"2025-09-23 18:08:15"
1080,2023-12-01,4,116,66885,2070,69071,44,4339,1337,5720,168,16467,4378,21013,18,396,260,674,364,189416,16041,205821,"2025-09-23 18:08:15"
1081,2023-12-01,5,92,99596,3090,102778,47,3129,346,3522,144,9264,2224,11632,12,182,177,371,295,112171,5837,118303,"2025-09-23 18:08:15"
1082,2023-12-01,6,93,80880,3085,84058,45,2222,334,2601,182,8900,1648,10730,11,123,104,238,331,92125,5171,97627,"2025-09-23 18:08:15"
1083,2023-12-01,7,107,115645,9918,125670,63,4256,530,4849,129,13977,2710,16816,7,317,159,483,306,134195,13317,147818,"2025-09-23 18:08:15"
1084,2023-12-01,8,55,71744,3518,75317,31,2793,455,3279,74,10852,2321,13247,12,181,103,296,172,85570,6397,92139,"2025-09-23 18:08:15"
1085,2023-12-01,9,83,129767,5496,135346,56,3438,815,4309,174,10000,2158,12332,12,253,258,523,325,143458,8727,152510,"2025-09-23 18:08:15"
1086,2023-12-01,10,92,76763,4664,81519,48,2403,582,3033,125,8032,2062,10219,13,172,171,356,278,87370,7479,95127,"2025-09-23 18:08:15"
1087,2023-12-01,11,104,84257,2879,87240,57,2674,152,2883,136,9873,2201,12210,10,194,100,304,307,96998,5332,102637,"2025-09-23 18:08:15"
1088,2023-12-01,12,110,94584,1144,95838,47,2308,133,2488,122,6509,1198,7829,16,136,189,341,295,103537,2664,106496,"2025-09-23 18:08:15"
1089,2023-12-01,13,95,101937,4325,106357,55,2636,633,3324,172,9372,2279,11823,21,235,549,805,343,114180,7786,122309,"2025-09-23 18:08:15"
1090,2023-12-01,14,207,77539,3208,80954,101,2105,404,2610,133,5894,1806,7833,8,136,107,251,449,85674,5525,91648,"2025-09-23 18:08:15"
1091,2023-12-01,15,178,152891,3992,157061,135,3013,644,3792,182,10748,4858,15788,18,277,167,462,513,166929,9661,177103,"2025-09-23 18:08:15"
1092,2023-12-01,16,129,82202,8443,90774,50,1866,926,2842,175,8441,1873,10489,18,195,98,311,372,92704,11340,104416,"2025-09-23 18:08:15"
1093,2023-12-01,17,96,105387,2126,107609,50,2954,1130,4134,142,8609,1714,10465,9,184,104,297,297,117134,5074,122505,"2025-09-23 18:08:15"
1094,2023-12-01,18,127,207167,7292,214586,100,4142,1650,5892,165,17875,5004,23044,15,378,384,777,407,229562,14330,244299,"2025-09-23 18:08:15"
1095,2023-12-01,19,127,127890,4414,132431,60,3187,751,3998,141,11179,2946,14266,7,276,431,714,335,142532,8542,151409,"2025-09-23 18:08:15"
1096,2023-12-01,20,125,118319,2945,121389,59,3848,173,4080,166,13512,4422,18100,14,448,632,1094,364,136127,8172,144663,"2025-09-23 18:08:15"
1097,2023-12-01,21,250,64908,1288,66446,123,1880,67,2070,154,5154,774,6082,11,133,28,172,538,72075,2157,74770,"2025-09-23 18:08:15"
1098,2023-12-01,22,100,114497,4125,118722,44,3118,737,3899,141,9982,2045,12168,16,177,187,380,301,127774,7094,135169,"2025-09-23 18:08:15"
1099,2023-12-01,23,1579,39459,560,41598,1535,1502,266,3303,348,3677,1563,5588,100,85,94,279,3562,44723,2483,50768,"2025-09-23 18:08:15"
1100,2023-12-01,63,126,90114,1166,91406,862,1817,213,2892,180,5336,1200,6716,17,345,103,465,1357,50366,3049,54772,"2025-09-23 18:08:15"
1101,2023-12-01,25,83,91504,5905,97492,32,3151,542,3725,121,11730,2810,14661,15,206,329,550,251,106591,9586,116428,"2025-09-23 18:08:15"
1102,2023-12-01,146,1972,654653,12607,669232,3807,72388,14872,91067,3934,248224,60432,312590,420,5735,5234,11389,12799,2978481,199882,3191162,"2025-09-23 18:08:15"
1104,2023-12-01,28,96,66009,2426,68531,64,2078,820,2962,106,9633,3277,13016,14,180,665,859,280,77900,7188,85368,"2025-09-23 18:08:15"
1105,2023-12-01,29,78,73289,804,74171,52,2096,548,2696,117,10849,1332,12298,12,240,209,461,259,86474,2893,89626,"2025-09-23 18:08:15"
1106,2023-12-01,77,292,137752,2875,140919,60,2113,497,2670,57,8990,4553,13600,3,304,1516,1823,225,91478,9869,101572,"2025-09-23 18:08:15"
1107,2023-12-01,57,70,57939,744,58753,48,891,182,1121,60,3634,2353,6047,4,96,1042,1142,189,46048,5427,51664,"2025-09-23 18:08:15"
1108,2023-12-01,32,71,85274,1481,86826,28,1963,351,2342,66,10036,1482,11584,1,207,262,470,166,97480,3576,101222,"2025-09-23 18:08:15"
1109,2023-12-01,33,123,114973,20049,135145,62,2814,523,3399,169,13079,2294,15542,11,197,536,744,365,131063,23402,154830,"2025-09-23 18:08:15"
1110,2023-12-01,79,88,108369,1503,109960,55,2205,305,2565,104,12063,1640,13807,8,200,228,436,273,102168,3721,106162,"2025-09-23 18:08:15"
1111,2023-12-01,35,94,67033,2469,69596,59,2131,241,2431,102,14391,2307,16800,9,209,323,541,264,83764,5340,89368,"2025-09-23 18:08:15"
1112,2023-12-01,36,107,92394,3443,95944,50,2750,339,3139,104,12949,1981,15034,9,207,288,504,270,108300,6051,114621,"2025-09-23 18:08:15"
1113,2023-12-01,60,277,186460,13523,200260,36,893,21,950,41,3641,994,4676,1,56,94,151,139,30423,1515,32077,"2025-09-23 18:08:15"
1114,2023-12-01,38,49,57487,58108,115644,24,1445,892,2361,81,5617,1206,6904,11,147,361,519,165,64696,60567,125428,"2025-09-23 18:08:15"
1115,2023-12-01,39,295,102073,12392,114760,480,1599,621,2700,186,8319,2271,10776,29,182,698,909,990,112173,15982,129145,"2025-09-23 18:08:15"
1116,2023-12-01,40,82,26686,1388,28156,51,982,292,1325,83,4149,384,4616,10,51,52,113,226,31868,2116,34210,"2025-09-23 18:08:15"
1118,2023-12-01,42,135,149527,11044,160706,57,3120,256,3433,128,13177,2181,15486,9,308,487,804,329,166132,13968,180429,"2025-09-23 18:08:15"
1120,2023-12-01,44,0,20,2,22,38,392,21,451,41,5311,135,5487,2,71,20,93,130,15759,241,16130,"2025-09-23 18:08:15"
1122,2023-12-01,46,186,240547,11209,251942,112,4860,730,5702,185,29498,5486,35169,14,569,573,1156,497,275474,17998,293969,"2025-09-23 18:08:15"
1123,2023-12-01,47,117,117990,1545,119652,121,2975,513,3609,297,19721,2885,22903,60,382,282,724,595,141068,5225,146888,"2025-09-23 18:08:15"
1127,2023-12-01,51,175,194922,3137,198234,191,3017,624,3832,214,15968,1338,17520,12,443,158,613,592,214350,5257,220199,"2025-09-23 18:08:15"
1130,2023-12-01,54,126,26870,13216,40212,52,1140,360,1552,151,10244,761,11156,9,150,81,240,338,38404,14418,53160,"2025-09-23 18:08:15"
1131,2023-12-01,55,110,93999,137097,231206,63,3189,1899,5151,117,25688,2768,28573,17,562,324,903,307,123438,142088,265833,"2025-09-23 18:08:15"
1132,2023-12-01,56,316,222184,25714,248214,416,5291,889,6596,171,29621,3569,33361,23,530,486,1039,926,257626,30658,289210,"2025-09-23 18:08:15"
1134,2023-12-01,58,183,142165,3493,145841,99,4224,128,4451,137,17008,4793,21938,20,409,871,1300,439,163806,9285,173530,"2025-09-23 18:08:15"
1135,2023-12-01,59,148,205608,36815,242571,82,4759,1067,5908,103,21034,3158,24295,12,393,324,729,345,231794,41364,273503,"2025-09-23 18:08:15"
1137,2023-12-01,61,173,201728,5277,207178,100,3207,702,4009,150,12307,3380,15837,10,379,519,908,433,217621,9878,227932,"2025-09-23 18:08:15"
1138,2023-12-01,62,70,8722,137,8929,56,509,70,635,127,3899,61,4087,3,49,13,65,256,13179,281,13716,"2025-09-23 18:08:15"
1141,2023-12-01,65,194,172434,3799,176427,148,4413,406,4967,189,26841,8060,35090,28,683,909,1620,559,204371,13174,218104,"2025-09-23 18:08:15"
1147,2023-12-01,71,80,71353,2504,73937,47,2175,557,2779,106,13899,3987,17992,10,320,451,781,243,87747,7499,95489,"2025-09-23 18:08:15"
1150,2023-12-01,74,127,174344,2934,177405,99,3188,365,3652,420,15618,2467,18505,23,583,313,919,669,193733,6079,200481,"2025-09-23 18:08:15"
1156,2023-12-01,80,174,106705,1184,108063,96,2590,669,3355,174,20456,4177,24807,12,392,1007,1411,456,130143,7037,137636,"2025-09-23 18:08:15"
1159,2023-12-01,83,349,174359,1134,175842,249,3364,502,4115,257,15096,1963,17316,65,604,168,837,920,193423,3767,198110,"2025-09-23 18:08:15"
1161,2023-12-01,85,145,25163,196,25504,86,1163,135,1384,158,6622,208,6988,22,126,46,194,411,33074,585,34070,"2025-09-23 18:08:15"
1162,2023-12-01,86,303,173476,1857,175636,157,4236,337,4730,193,19529,2637,22359,22,404,286,712,675,197645,5117,203437,"2025-09-23 18:08:15"
1163,2023-12-01,87,101,112866,3306,116273,75,2553,635,3263,79,13146,2235,15460,10,342,159,511,265,128907,6335,135507,"2025-09-23 18:08:15"
1164,2023-12-01,88,70,105716,2467,108253,22,2217,638,2877,36,9552,1491,11079,1,216,128,345,129,117701,4724,122554,"2025-09-23 18:08:15"
1165,2023-12-01,89,459,28762,300,29521,107,538,37,682,122,1874,400,2396,12,67,11,90,700,31241,748,32689,"2025-09-23 18:08:15"
1166,2023-12-01,90,122,88036,1724,89882,72,2426,448,2946,105,10423,2326,12854,11,204,194,409,310,101089,4692,106091,"2025-09-23 18:08:15"
1167,2023-12-01,91,181,168508,825,169514,98,4979,2540,7617,130,30616,5447,36193,15,652,360,1027,424,204755,9172,214351,"2025-09-23 18:08:15"
1168,2023-12-01,92,85,60996,1159,62240,76,1639,279,1994,99,8475,1423,9997,13,179,161,353,273,71289,3022,74584,"2025-09-23 18:08:15"
1169,2023-12-01,93,125,88008,1026,89159,74,2197,179,2450,93,9099,3887,13079,10,178,259,447,302,99482,5351,105135,"2025-09-23 18:08:15"
1170,2023-12-01,94,247,200272,2647,203166,110,5239,1541,6890,203,30920,4439,35562,8,671,692,1371,568,237102,9319,246989,"2025-09-23 18:08:15"
1171,2023-12-01,95,356,266745,2072,269173,199,7544,1077,8820,220,43167,6251,49638,27,1064,482,1573,802,318520,9882,329204,"2025-09-23 18:08:15"
1172,2023-12-01,96,85,31942,702,32729,43,1234,76,1353,84,5381,704,6169,11,91,52,154,223,38648,1534,40405,"2025-09-23 18:08:15"
1173,2023-12-01,97,281,254447,5656,260384,201,7941,1177,9319,211,34542,6211,40964,29,620,568,1217,722,297550,13612,311884,"2025-09-23 18:08:15"
1174,2023-12-01,101,185,178636,4615,183436,60,2500,1389,3949,109,7769,1939,9817,10,341,218,569,364,189246,8161,197771,"2025-09-23 18:08:15"
1175,2023-12-01,102,164,71040,1058,72262,60,2172,227,2459,76,7670,1511,9257,3,191,154,348,303,81073,2950,84326,"2025-09-23 18:08:15"
1176,2023-12-01,103,212,63421,2005,65638,59,2210,253,2522,105,8912,1619,10636,17,164,139,320,393,74707,4016,79116,"2025-09-23 18:08:15"
1177,2023-12-01,104,131,180712,4567,185410,155,4787,1549,6491,162,20347,3101,23610,26,543,562,1131,474,206389,9779,216642,"2025-09-23 18:08:15"
1178,2023-12-01,105,290,142473,1930,144693,100,2179,104,2383,64,6811,1514,8389,3,252,141,396,457,151715,3689,155861,"2025-09-23 18:08:15"
1179,2023-12-01,106,211,95424,968,96603,153,2801,564,3518,100,8237,2114,10451,14,212,124,350,478,106674,3770,110922,"2025-09-23 18:08:15"
1180,2023-12-01,107,135,73112,1217,74464,92,2531,64,2687,93,6678,1834,8605,21,159,99,279,341,82480,3214,86035,"2025-09-23 18:08:15"
1181,2023-12-01,108,172,223938,1787,225897,110,6684,455,7249,154,37508,6402,44064,22,682,470,1174,458,268812,9114,278384,"2025-09-23 18:08:15"
1182,2023-12-01,109,193,135380,2558,138131,157,5204,1151,6512,227,22864,3911,27002,13,384,321,718,590,163832,7941,172363,"2025-09-23 18:08:15"
1183,2023-12-01,110,71,122085,2332,124488,40,4107,666,4813,35,18616,2599,21250,3,415,378,796,149,145223,5975,151347,"2025-09-23 18:08:15"
1184,2023-12-01,111,157,90306,743,91206,99,3130,482,3711,133,19014,3286,22433,14,965,298,1277,403,113415,4809,118627,"2025-09-23 18:08:15"
1185,2023-12-01,112,145,112008,2401,114554,119,2244,613,2976,124,9912,3798,13834,11,335,167,513,399,124499,6979,131877,"2025-09-23 18:08:15"
1186,2023-12-01,113,92,73811,1307,75210,28,2276,915,3219,38,9181,1627,10846,0,182,132,314,158,85450,3981,89589,"2025-09-23 18:08:15"
1187,2023-12-01,114,172,107854,700,108726,90,3819,459,4368,166,19463,2955,22584,13,476,234,723,441,131612,4348,136401,"2025-09-23 18:08:15"
1188,2023-12-01,115,243,52147,426,52816,102,1780,562,2444,261,12200,876,13337,12,265,86,363,618,66392,1950,68960,"2025-09-23 18:08:15"
1189,2023-12-01,116,182,52414,357,52953,83,2049,676,2808,199,14216,6191,20606,8,290,354,652,472,68969,7578,77019,"2025-09-23 18:08:15"
1190,2023-12-01,117,90,17577,85,17752,72,750,189,1011,159,6335,4197,10691,8,132,495,635,329,24794,4966,30089,"2025-09-23 18:08:15"
1191,2023-12-01,118,89,100144,1154,101387,60,2854,554,3468,71,10378,2444,12893,10,287,166,463,230,113663,4318,118211,"2025-09-23 18:08:15"
1192,2023-12-01,119,50,182635,3133,185818,26,3558,685,4269,36,11686,3790,15512,8,485,174,667,120,198364,7782,206266,"2025-09-23 18:08:15"
1193,2023-12-01,120,21,143915,730,144666,16,1975,192,2183,23,4980,1409,6412,0,220,38,258,60,151090,2369,153519,"2025-09-23 18:08:15"
1194,2023-12-01,121,382,116323,1571,118276,189,4007,1305,5501,260,21401,4806,26467,21,645,434,1100,852,142376,8116,151344,"2025-09-23 18:08:15"
1195,2023-12-01,122,115,59417,319,59851,95,1350,174,1619,87,5917,2122,8126,9,145,308,462,306,66829,2923,70058,"2025-09-23 18:08:15"
1196,2023-12-01,123,257,151202,2040,153499,261,4620,445,5326,200,18305,2908,21413,29,504,267,800,747,174631,5660,181038,"2025-09-23 18:08:15"
1197,2023-12-01,124,201,100692,1006,101899,93,3505,714,4312,127,18944,4256,23327,16,441,542,999,437,123582,6518,130537,"2025-09-23 18:08:15"
1198,2023-12-01,125,260,205230,2864,208354,97,5652,2689,8438,180,30792,6368,37340,19,637,312,968,556,242311,12233,255100,"2025-09-23 18:08:15"
1199,2023-12-01,126,347,283231,3713,287291,166,7947,2202,10315,249,35683,7280,43212,25,917,1016,1958,787,327778,14211,342776,"2025-09-23 18:08:15"
1200,2023-12-01,127,182,65683,5816,71681,75,2841,760,3676,155,20818,2761,23734,13,335,381,729,425,89677,9718,99820,"2025-09-23 18:08:15"
1201,2023-12-01,128,197,121650,955,122802,90,2626,354,3070,146,15783,2294,18223,10,328,157,495,443,140387,3760,144590,"2025-09-23 18:08:15"
1202,2023-12-01,129,389,438753,3115,442257,231,10495,2707,13433,294,63368,7893,71555,75,1615,675,2365,989,514231,14390,529610,"2025-09-23 18:08:15"
1204,2023-12-01,131,74,15318,131,15523,58,778,52,888,79,7951,267,8297,11,87,29,127,222,24134,479,24835,"2025-09-23 18:08:15"
1205,2023-12-01,132,73,10919,137,11129,45,463,92,600,115,4879,382,5376,4,84,226,314,237,16345,837,17419,"2025-09-23 18:08:15"
1206,2023-12-01,133,70,11996,120,12186,61,622,89,772,105,6301,656,7062,17,65,72,154,253,18984,937,20174,"2025-09-23 18:08:15"
1207,2023-12-01,134,86,17207,118,17411,58,701,96,855,111,8177,183,8471,11,84,40,135,266,26169,437,26872,"2025-09-23 18:08:15"
1208,2023-12-01,135,71,19846,220,20137,56,829,96,981,79,7985,680,8744,12,111,85,208,218,28771,1081,30070,"2025-09-23 18:08:15"
1209,2023-12-01,136,79,46537,299,46915,70,2150,214,2434,111,13756,1388,15255,15,227,144,386,275,62670,2045,64990,"2025-09-23 18:08:15"
1210,2023-12-01,137,101,54076,717,54894,81,1756,177,2014,157,13744,1722,15623,11,340,891,1242,350,69916,3507,73773,"2025-09-23 18:08:15"
1211,2023-12-01,138,35,17021,157,17213,26,568,36,630,30,3233,578,3841,7,66,49,122,98,20888,820,21806,"2025-09-23 18:08:15"
1212,2023-12-01,139,70,44016,274,44360,67,1533,85,1685,86,9181,1073,10340,7,199,81,287,230,54929,1513,56672,"2025-09-23 18:08:15"
1213,2023-12-01,140,1,8,0,9,0,3,0,3,0,8,0,8,0,0,0,0,1,19,0,20,"2025-09-23 18:08:15"
1214,2023-12-01,141,210,87196,1043,88449,113,2250,371,2734,173,12123,1111,13407,16,318,259,593,512,101887,2784,105183,"2025-09-23 18:08:15"
1215,2023-12-01,142,57,85889,1746,87692,130,2076,851,3057,65,11166,1764,12995,4,306,210,520,256,99437,4571,104264,"2025-09-23 18:08:15"
1216,2023-12-01,143,152,90540,2119,92811,119,2450,529,3098,128,14545,2088,16761,9,377,218,604,408,107912,4954,113274,"2025-09-23 18:08:15"
1217,2023-12-01,144,131,123418,4693,128242,90,3090,674,3854,132,15629,2334,18095,13,516,303,832,366,142653,8004,151023,"2025-09-23 18:08:15"
1218,2023-12-01,145,195,93144,6215,99554,155,2916,405,3476,259,20107,1781,22147,28,405,284,717,637,116572,8685,125894,"2025-09-23 18:08:15"
1220,2023-12-01,147,73,23090,62,23225,38,593,107,738,53,2272,411,2736,9,82,35,126,173,26037,615,26825,"2025-09-23 18:08:15"
1221,2023-12-01,148,232,41878,1487,43597,126,1590,368,2084,227,12847,670,13744,26,192,125,343,611,56507,2650,59768,"2025-09-23 18:08:15"
1222,2023-12-01,149,70,20323,1463,21856,43,1026,240,1309,92,8630,596,9318,7,114,71,192,212,30093,2370,32675,"2025-09-23 18:08:15"
1223,2023-12-01,150,149,45143,833,46125,93,2065,375,2533,143,15155,1093,16391,30,183,80,293,415,62546,2381,65342,"2025-09-23 18:08:15"
1224,2023-12-01,151,148,83484,688,84320,79,2465,356,2900,180,18938,2327,21445,14,442,794,1250,421,105329,4165,109915,"2025-09-23 18:08:15"
1225,2023-12-01,152,131,39937,535,40603,76,1423,178,1677,183,12776,539,13498,32,189,149,370,422,54325,1401,56148,"2025-09-23 18:08:15"
1226,2023-12-01,153,98,22903,193,23194,70,1135,336,1541,144,11212,390,11746,12,87,55,154,324,35337,974,36635,"2025-09-23 18:08:15"
1227,2023-12-01,154,169,80596,949,81714,90,2502,487,3079,164,18922,1865,20951,22,373,426,821,445,102393,3727,106565,"2025-09-23 18:08:15"
1228,2023-12-01,155,75,19399,149,19623,42,741,112,895,107,7730,457,8294,14,86,79,179,238,27956,797,28991,"2025-09-23 18:08:15"
1229,2023-12-01,156,185,166104,2533,168822,145,4873,513,5531,184,24041,3737,27962,43,631,376,1050,557,195649,7159,203365,"2025-09-23 18:08:15"
1230,2023-12-01,157,126,33865,294,34285,119,1402,324,1845,185,11517,727,12429,16,193,115,324,446,46977,1460,48883,"2025-09-23 18:08:15"
1231,2023-12-01,158,104,115704,1757,117565,72,3820,673,4565,124,19592,2744,22460,11,479,400,890,311,139595,5574,145480,"2025-09-23 18:08:15"
1232,2023-12-01,159,174,179710,1921,181805,150,4513,833,5496,218,20855,2475,23548,24,576,274,874,566,205654,5503,211723,"2025-09-23 18:08:15"
1233,2023-12-01,160,74,11406,67,11547,54,493,61,608,120,5980,506,6606,15,61,74,150,263,17940,708,18911,"2025-09-23 18:08:15"
1234,2023-12-01,161,81,24297,191,24569,46,1001,80,1127,195,10731,249,11175,19,123,53,195,341,36152,573,37066,"2025-09-23 18:08:15"
1235,2023-12-01,162,158,41458,327,41943,93,1397,203,1693,142,12220,776,13138,22,213,145,380,415,55288,1451,57154,"2025-09-23 18:08:15"
1237,2023-12-01,257,108,19845,165,20118,70,1273,102,1445,148,10619,268,11035,14,100,50,164,340,31837,585,32762,"2025-09-23 18:08:15"
1238,2023-12-01,258,207,114598,2077,116882,130,3159,525,3814,206,19374,3109,22689,21,453,694,1168,564,137584,6405,144553,"2025-09-23 18:08:15"
1239,2023-12-01,259,119,33249,598,33966,71,1519,162,1752,141,13446,1063,14650,8,244,158,410,339,48458,1981,50778,"2025-09-23 18:08:15"
1240,2023-12-01,260,143,28935,660,29738,96,1185,171,1452,178,12493,440,13111,16,163,67,246,433,42776,1338,44547,"2025-09-23 18:08:15"
1241,2023-12-01,261,71,8793,61,8925,43,469,57,569,100,4416,250,4766,6,42,40,88,220,13720,408,14348,"2025-09-23 18:08:15"
1242,2023-12-01,262,89,18796,183,19068,61,843,119,1023,126,8667,252,9045,12,110,51,173,288,28416,605,29309,"2025-09-23 18:08:15"
1243,2023-12-01,263,69,10016,57,10142,63,411,21,495,95,5206,61,5362,9,43,17,69,236,15676,156,16068,"2025-09-23 18:08:15"
1244,2023-12-01,264,118,44815,230,45163,125,1652,422,2199,200,12291,2309,14800,26,244,200,470,469,59002,3161,62632,"2025-09-23 18:08:15"
1245,2023-12-01,265,181,112426,1898,114505,144,3993,472,4609,217,24349,3090,27656,16,381,431,828,558,141149,5891,147598,"2025-09-23 18:08:15"
1246,2023-12-01,266,77,9594,59,9730,54,421,70,545,117,4948,270,5335,7,59,28,94,255,15022,427,15704,"2025-09-23 18:08:15"
1247,2023-12-01,267,74,7786,33,7893,40,363,21,424,113,4423,74,4610,6,50,18,74,233,12622,146,13001,"2025-09-23 18:08:15"
1248,2023-12-01,268,142,152567,3252,155961,100,3488,963,4551,129,19579,2563,22271,14,491,388,893,385,176125,7166,183676,"2025-09-23 18:08:15"
1249,2023-12-01,269,309,136233,2005,138547,229,3203,563,3995,198,15977,1499,17674,24,319,242,585,760,155732,4309,160801,"2025-09-23 18:08:15"
1250,2023-12-01,270,108,40514,2343,42965,112,1623,206,1941,158,15018,845,16021,6,228,131,365,384,57383,3525,61292,"2025-09-23 18:08:15"
1251,2023-12-01,271,111,9400,42,9553,57,437,87,581,109,5012,106,5227,14,53,19,86,291,14902,254,15447,"2025-09-23 18:08:15"
1253,2023-12-01,164,84,12226,170,12480,62,520,80,662,99,6586,733,7418,10,81,43,134,255,19413,1026,20694,"2025-09-23 18:08:15"
1254,2023-12-01,165,99,20433,184,20716,76,1040,102,1218,133,12557,259,12949,9,113,42,164,317,34143,587,35047,"2025-09-23 18:08:15"
1255,2023-12-01,166,67,10364,115,10546,41,434,65,540,72,5002,398,5472,6,49,68,123,186,15849,646,16681,"2025-09-23 18:08:15"
1256,2023-12-01,167,90,75057,853,76000,69,2213,280,2562,86,14380,3474,17940,14,511,1651,2176,259,92161,6258,98678,"2025-09-23 18:08:15"
1257,2023-12-01,168,57,9096,470,9623,40,414,56,510,74,3950,204,4228,4,66,23,93,175,13526,753,14454,"2025-09-23 18:08:15"
1258,2023-12-01,169,148,52040,792,52980,119,1900,378,2397,211,15524,1719,17454,19,349,265,633,497,69813,3154,73464,"2025-09-23 18:08:15"
1259,2023-12-01,170,80,19990,376,20446,50,795,259,1104,79,7884,1003,8966,11,127,148,286,220,28796,1786,30802,"2025-09-23 18:08:15"
1260,2023-12-01,171,123,82362,2305,84790,120,2723,416,3259,165,13120,2351,15636,12,310,345,667,420,98515,5417,104352,"2025-09-23 18:08:15"
1261,2023-12-01,172,224,38740,153,39117,202,1517,70,1789,155,11735,841,12731,15,180,118,313,596,52172,1182,53950,"2025-09-23 18:08:15"
1262,2023-12-01,173,77,13816,168,14061,53,716,71,840,100,7880,358,8338,12,82,48,142,242,22494,645,23381,"2025-09-23 18:08:15"
1263,2023-12-01,174,168,121900,1786,123854,133,3030,624,3787,191,22827,2063,25081,20,446,911,1377,512,148203,5384,154099,"2025-09-23 18:08:15"
1264,2023-12-01,175,113,13529,97226,110868,66,631,2161,2858,200,9351,448,9999,4,142,40,186,383,23653,99875,123911,"2025-09-23 18:08:15"
1265,2023-12-01,176,197,112223,2411,114831,153,3287,710,4150,201,21737,3499,25437,16,408,847,1271,567,137655,7467,145689,"2025-09-23 18:08:15"
1266,2023-12-01,177,77,20688,144,20909,47,811,92,950,108,8086,501,8695,7,99,52,158,239,29684,789,30712,"2025-09-23 18:08:15"
1267,2023-12-01,178,84,23948,129,24161,62,1195,75,1332,118,11181,762,12061,8,205,133,346,272,36529,1099,37900,"2025-09-23 18:08:15"
1268,2023-12-01,179,124,16045,170,16339,59,720,109,888,104,9663,200,9967,11,88,30,129,298,26516,509,27323,"2025-09-23 18:08:15"
1269,2023-12-01,180,80,18980,215,19275,44,745,68,857,87,8180,917,9184,3,121,89,213,214,28026,1289,29529,"2025-09-23 18:08:15"
1270,2023-12-01,181,90,13113,84,13287,75,566,48,689,107,7054,283,7444,7,54,35,96,279,20787,450,21516,"2025-09-23 18:08:15"
1271,2023-12-01,182,77,10961,92,11130,49,526,57,632,91,6257,132,6480,8,56,21,85,225,17800,302,18327,"2025-09-23 18:08:15"
1272,2023-12-01,183,67,12104,8629,20800,53,538,219,810,87,6514,196,6797,12,83,23,118,219,19239,9067,28525,"2025-09-23 18:08:15"
1273,2023-12-01,184,111,24123,81166,105400,85,1619,1335,3039,148,15545,228,15921,10,114,44,168,354,41401,82773,124528,"2025-09-23 18:08:15"
1274,2023-12-01,185,96,25255,502,25853,54,956,978,1988,96,8074,509,8679,8,145,151,304,254,34430,2140,36824,"2025-09-23 18:08:15"
1276,2023-12-01,187,142,117912,956,119010,97,3074,393,3564,131,22209,2698,25038,12,390,392,794,382,143585,4439,148406,"2025-09-23 18:08:15"
1277,2023-12-01,188,219,117725,1673,119617,149,3798,552,4499,223,25877,1933,28033,19,521,378,918,610,147921,4536,153067,"2025-09-23 18:08:15"
1278,2023-12-01,189,62,14004,39,14105,36,666,53,755,71,6492,685,7248,17,81,48,146,186,21243,825,22254,"2025-09-23 18:08:15"
1279,2023-12-01,190,198,189229,2532,191959,115,5054,797,5966,229,25897,3655,29781,19,619,459,1097,561,220799,7443,228803,"2025-09-23 18:08:15"
1281,2023-12-01,192,146,58054,628,58828,89,2054,270,2413,160,17906,1065,19131,16,245,155,416,411,78259,2118,80788,"2025-09-23 18:08:15"
1282,2023-12-01,193,99,26976,388,27463,59,1199,120,1378,134,10311,286,10731,11,141,97,249,303,38627,891,39821,"2025-09-23 18:08:15"
1283,2023-12-01,194,100,11111,53,11264,49,432,42,523,90,7007,86,7183,15,45,13,73,254,18595,194,19043,"2025-09-23 18:08:15"
1284,2023-12-01,195,121,36697,406,37224,89,1634,247,1970,189,17273,1050,18512,16,196,166,378,415,55800,1869,58084,"2025-09-23 18:08:15"
1285,2023-12-01,196,72,20009,166,20247,47,797,43,887,96,11267,984,12347,10,126,152,288,225,32199,1345,33769,"2025-09-23 18:08:15"
1286,2023-12-01,197,242,63635,912,64789,225,2161,307,2693,265,19323,1183,20771,50,313,224,587,782,85432,2626,88840,"2025-09-23 18:08:15"
1287,2023-12-01,198,74,12858,111,13043,53,604,54,711,121,6031,114,6266,14,75,27,116,262,19568,306,20136,"2025-09-23 18:08:15"
1288,2023-12-01,199,55,5997,34,6086,31,284,27,342,61,3866,46,3973,2,34,8,44,149,10181,115,10445,"2025-09-23 18:08:15"
1289,2023-12-01,200,130,40842,493,41465,78,1600,144,1822,137,14714,728,15579,27,219,154,400,372,57375,1519,59266,"2025-09-23 18:08:15"
1290,2023-12-01,201,130,45011,388,45529,83,1765,242,2090,132,16342,1525,17999,16,232,365,613,361,63350,2520,66231,"2025-09-23 18:08:15"
1291,2023-12-01,202,98,22687,168,22953,61,718,77,856,106,8532,198,8836,20,108,44,172,285,32045,487,32817,"2025-09-23 18:08:15"
1292,2023-12-01,203,59,4217,400,4676,21,261,202,484,68,1402,31,1501,8,22,2,32,156,5902,635,6693,"2025-09-23 18:08:15"
1293,2023-12-01,204,135,20178,119,20432,61,647,83,791,131,6642,121,6894,15,117,37,169,342,27584,360,28286,"2025-09-23 18:08:15"
1294,2023-12-01,205,84,19581,90,19755,82,855,82,1019,130,12294,854,13278,10,106,101,217,306,32836,1127,34269,"2025-09-23 18:08:15"
1295,2023-12-01,206,80,17676,153,17909,45,638,51,734,88,7785,594,8467,13,94,160,267,226,26193,958,27377,"2025-09-23 18:08:15"
1296,2023-12-01,207,62,9817,40,9919,69,465,45,579,86,5983,114,6183,10,73,12,95,227,16338,211,16776,"2025-09-23 18:08:15"
1297,2023-12-01,208,135,56141,268,56544,69,1865,343,2277,104,13017,1547,14668,10,241,304,555,318,71264,2462,74044,"2025-09-23 18:08:15"
1298,2023-12-01,209,140,105341,1389,106870,88,2987,790,3865,205,18002,4336,22543,13,430,1727,2170,446,126760,8242,135448,"2025-09-23 18:08:15"
1299,2023-12-01,210,166,123821,1984,125971,91,2935,308,3334,102,18016,1035,19153,27,414,301,742,386,145186,3628,149200,"2025-09-23 18:08:15"
1301,2023-12-01,212,129,94328,993,95450,92,2942,457,3491,129,11948,484,12561,15,296,155,466,365,109514,2089,111968,"2025-09-23 18:08:15"
1302,2023-12-01,213,102,24155,195,24452,72,874,173,1119,106,9356,253,9715,13,74,176,263,293,34459,797,35549,"2025-09-23 18:08:15"
1303,2023-12-01,214,49,11665,79,11793,69,736,88,893,95,7373,206,7674,10,113,69,192,239,28016,557,28812,"2025-09-23 18:08:15"
1304,2023-12-01,215,251,240672,2215,243138,168,6324,526,7018,233,40884,4661,45778,32,766,573,1371,684,288646,7975,297305,"2025-09-23 18:08:15"
1305,2023-12-01,216,107,14034,146,14287,59,538,114,711,131,6180,155,6466,9,66,32,107,306,20818,447,21571,"2025-09-23 18:08:15"
1306,2023-12-01,217,113,43232,480,43825,92,1412,186,1690,108,13710,2611,16429,14,177,631,822,327,58531,3908,62766,"2025-09-23 18:08:15"
1307,2023-12-01,218,100,47211,672,47983,81,1468,225,1774,138,10457,534,11129,13,178,113,304,332,59314,1544,61190,"2025-09-23 18:08:15"
1308,2023-12-01,219,93,13561,65,13719,60,516,58,634,92,7186,485,7763,8,143,147,298,253,21406,755,22414,"2025-09-23 18:08:15"
1309,2023-12-01,220,162,149701,1195,151058,102,4209,800,5111,147,22507,7123,29777,21,622,1591,2234,432,177039,10709,188180,"2025-09-23 18:08:15"
1310,2023-12-01,221,66,10324,58,10448,53,393,43,489,92,4592,552,5236,14,55,100,169,225,15364,753,16342,"2025-09-23 18:08:15"
1311,2023-12-01,222,212,142299,2889,145400,177,3375,1009,4561,238,26851,2354,29443,31,472,429,932,658,172997,6681,180336,"2025-09-23 18:08:15"
1312,2023-12-01,223,73,24990,177,25240,72,1045,103,1220,95,10328,407,10830,10,141,65,216,250,36504,752,37506,"2025-09-23 18:08:15"
1313,2023-12-01,224,138,88638,1281,90057,67,1977,477,2521,133,10509,989,11631,11,154,154,319,349,101278,2901,104528,"2025-09-23 18:08:15"
1314,2023-12-01,225,66,92350,5135,97551,32,1936,435,2403,54,11060,1659,12773,4,188,225,417,156,105534,7454,113144,"2025-09-23 18:08:15"
1315,2023-12-01,226,242,156670,59442,216354,220,2119,1256,3595,142,10554,986,11682,12,204,179,395,616,169547,61863,232026,"2025-09-23 18:08:15"
1316,2023-12-01,227,189,99997,1753,101939,167,2254,267,2688,136,16615,1431,18182,16,291,335,642,508,119157,3786,123451,"2025-09-23 18:08:15"
1317,2023-12-01,228,93,86733,718,87544,37,1979,164,2180,91,7829,956,8876,9,266,255,530,230,96807,2093,99130,"2025-09-23 18:08:15"
1318,2023-12-01,229,98,42887,716,43701,85,1707,246,2038,118,8875,328,9321,14,144,72,230,315,53613,1362,55290,"2025-09-23 18:08:15"
1319,2023-12-01,230,60,16065,93,16218,68,547,39,654,103,7787,168,8058,11,72,84,167,242,24471,384,25097,"2025-09-23 18:08:15"
1320,2023-12-01,231,78,33387,34394,67859,57,1114,344,1515,75,10296,523,10894,6,247,235,488,216,45044,35496,80756,"2025-09-23 18:08:15"
1321,2023-12-01,232,58,13293,253,13604,54,489,86,629,116,6531,143,6790,11,68,26,105,239,20381,508,21128,"2025-09-23 18:08:15"
1322,2023-12-01,233,84,15548,90,15722,55,617,78,750,134,8191,397,8722,14,80,72,166,287,24436,637,25360,"2025-09-23 18:08:15"
1324,2023-12-01,235,243,77339,952,78534,140,2961,149,3250,344,27282,637,28263,39,234,142,415,766,107816,1880,110462,"2025-09-23 18:08:15"
1325,2023-12-01,236,599,248249,266757,515605,351,7276,6362,13989,695,57211,3552,61458,41,1193,543,1777,1686,313929,277214,592829,"2025-09-23 18:08:15"
1327,2023-12-01,238,166,92968,2574,95708,150,2598,508,3256,261,18196,1415,19872,36,402,418,856,613,114164,4915,119692,"2025-09-23 18:08:15"
1329,2023-12-01,240,112,39446,666,40224,77,1263,160,1500,126,6947,508,7581,14,159,219,392,329,47815,1553,49697,"2025-09-23 18:08:15"
1330,2023-12-01,241,123,26040,487,26650,105,854,132,1091,186,6761,179,7126,9,142,43,194,423,33797,841,35061,"2025-09-23 18:08:15"
1331,2023-12-01,242,109,34109,955,35173,91,1111,142,1344,110,5458,299,5867,7,145,99,251,317,40823,1495,42635,"2025-09-23 18:08:15"
1332,2023-12-01,243,55,8836,51,8942,52,317,27,396,111,3358,46,3515,10,53,13,76,228,12564,137,12929,"2025-09-23 18:08:15"
1333,2023-12-01,244,44,12346,172,12562,43,411,29,483,119,4153,77,4349,11,80,20,111,217,16990,298,17505,"2025-09-23 18:08:15"
1334,2023-12-01,245,135,15000,156,15291,81,652,57,790,123,6210,135,6468,11,107,52,170,350,21969,400,22719,"2025-09-23 18:08:15"
1335,2023-12-01,246,224,158062,2883,161169,172,4399,505,5076,231,26948,2247,29426,25,623,358,1006,652,190032,5993,196677,"2025-09-23 18:08:15"
1336,2023-12-01,247,54,14502,97,14653,55,473,62,590,118,4946,105,5169,7,86,28,121,234,20007,292,20533,"2025-09-23 18:08:15"
1337,2023-12-01,248,110,14219,250,14579,95,572,73,740,141,6174,164,6479,19,91,35,145,365,21056,522,21943,"2025-09-23 18:08:15"
1338,2023-12-01,249,53,16988,122,17163,68,691,37,796,135,7011,158,7304,14,78,20,112,270,24768,337,25375,"2025-09-23 18:08:15"
1339,2023-12-01,250,310,120195,2539,123044,272,3168,620,4060,274,18796,2729,21799,20,508,404,932,876,142667,6292,149835,"2025-09-23 18:08:15"
1340,2023-12-01,251,60,16152,377,16589,62,615,121,798,116,3377,128,3621,10,118,41,169,248,20262,667,21177,"2025-09-23 18:08:15"
1341,2023-12-01,252,101,17520,351,17972,86,799,97,982,123,8770,142,9035,18,89,66,173,328,27178,656,28162,"2025-09-23 18:08:15"
1342,2023-12-01,253,127,27794,255,28176,114,1225,267,1606,185,11769,441,12395,25,142,63,230,451,40930,1026,42407,"2025-09-23 18:08:15"
1343,2023-12-01,254,57,9654,61,9772,61,302,50,413,101,3310,49,3460,11,57,24,92,230,13323,184,13737,"2025-09-23 18:08:15"
1344,2023-12-01,255,83,19157,532,19772,66,870,75,1011,124,8597,266,8987,13,116,50,179,286,28740,923,29949,"2025-09-23 18:08:15"
1346,2024-01-01,1,154,215268,17940,233362,57,4024,543,4624,179,13704,2398,16281,19,357,160,536,409,233353,21041,254803,"2025-09-23 18:08:22"
1347,2024-01-01,2,114,129486,5041,134641,41,3357,800,4198,148,12102,2545,14795,8,212,224,444,311,145157,8610,154078,"2025-09-23 18:08:22"
1348,2024-01-01,3,105,60527,2098,62730,67,2221,718,3006,132,7024,1310,8466,14,147,114,275,318,69919,4240,74477,"2025-09-23 18:08:22"
1349,2024-01-01,4,120,66938,1948,69006,44,4338,1332,5714,170,16444,4369,20983,18,399,267,684,367,189321,15841,205529,"2025-09-23 18:08:22"
1350,2024-01-01,5,91,99635,3079,102805,47,3122,347,3516,145,9211,2225,11581,12,184,180,376,295,112152,5831,118278,"2025-09-23 18:08:22"
1351,2024-01-01,6,93,80891,3064,84048,45,2206,331,2582,175,8876,1652,10703,11,125,105,241,324,92098,5152,97574,"2025-09-23 18:08:22"
1352,2024-01-01,7,107,115687,9885,125679,62,4234,533,4829,129,13959,2696,16784,7,319,163,489,305,134199,13277,147781,"2025-09-23 18:08:22"
1353,2024-01-01,8,55,71729,3480,75264,31,2774,450,3255,74,10848,2322,13244,12,181,103,296,172,85532,6355,92059,"2025-09-23 18:08:22"
1354,2024-01-01,9,83,129730,5464,135277,56,3430,785,4271,175,9989,2167,12331,12,258,259,529,326,143407,8675,152408,"2025-09-23 18:08:22"
1355,2024-01-01,10,92,76748,4656,81496,48,2382,582,3012,125,8036,2060,10221,13,174,168,355,278,87340,7466,95084,"2025-09-23 18:08:22"
1356,2024-01-01,11,103,84309,2897,87309,55,2666,154,2875,138,9861,2204,12203,10,198,100,308,306,97034,5355,102695,"2025-09-23 18:08:22"
1357,2024-01-01,12,111,94545,1174,95830,47,2311,135,2493,122,6515,1206,7843,17,139,195,351,297,103510,2710,106517,"2025-09-23 18:08:22"
1358,2024-01-01,13,95,101936,4264,106295,54,2623,625,3302,172,9353,2276,11801,20,235,549,804,341,114147,7714,122202,"2025-09-23 18:08:22"
1359,2024-01-01,14,196,77579,3215,80990,99,2074,401,2574,129,5860,1814,7803,8,139,106,253,432,85652,5536,91620,"2025-09-23 18:08:22"
1360,2024-01-01,15,178,152590,4051,156819,134,3008,662,3804,181,10781,4841,15803,18,277,167,462,511,166656,9721,176888,"2025-09-23 18:08:22"
1361,2024-01-01,16,131,82331,8751,91213,50,1861,953,2864,178,8416,1869,10463,19,198,98,315,378,92806,11671,104855,"2025-09-23 18:08:22"
1362,2024-01-01,17,95,105347,2047,107489,50,2942,1112,4104,144,8589,1722,10455,9,188,104,301,298,117066,4985,122349,"2025-09-23 18:08:22"
1363,2024-01-01,18,127,207007,7248,214382,101,4120,1631,5852,165,17816,5003,22984,16,379,385,780,409,229322,14267,243998,"2025-09-23 18:08:22"
1364,2024-01-01,19,128,128184,4401,132713,60,3169,755,3984,140,11176,2946,14262,8,275,429,712,336,142804,8531,151671,"2025-09-23 18:08:22"
1365,2024-01-01,20,125,118489,2955,121569,58,3821,173,4052,166,13475,4424,18065,14,450,628,1092,363,136235,8180,144778,"2025-09-23 18:08:22"
1366,2024-01-01,21,251,64717,1303,66271,122,1859,65,2046,154,5131,776,6061,12,132,28,172,539,71839,2172,74550,"2025-09-23 18:08:22"
1367,2024-01-01,22,99,114501,4057,118657,44,3107,730,3881,139,9947,2070,12156,18,183,189,390,300,127738,7046,135084,"2025-09-23 18:08:22"
1368,2024-01-01,23,1649,39483,550,41682,1534,1506,262,3302,346,3656,1567,5569,105,85,95,285,3634,44730,2474,50838,"2025-09-23 18:08:22"
1369,2024-01-01,63,127,90388,1170,91685,862,1810,222,2894,178,5330,1209,6717,18,286,102,406,1356,50038,3040,54434,"2025-09-23 18:08:22"
1370,2024-01-01,25,83,91639,5934,97656,32,3120,558,3710,121,11685,2829,14635,15,212,326,553,251,106656,9647,116554,"2025-09-23 18:08:22"
1371,2024-01-01,146,1933,749229,13624,764786,3800,72085,14859,90744,3925,247784,60500,312209,433,5732,5244,11409,12856,2978711,199537,3191104,"2025-09-23 18:08:22"
1373,2024-01-01,28,103,65684,2427,68214,64,2079,824,2967,106,9589,3305,13000,14,178,677,869,287,77530,7233,85050,"2025-09-23 18:08:22"
1374,2024-01-01,29,81,73537,810,74428,52,2097,548,2697,118,10829,1329,12276,12,244,210,466,263,86707,2897,89867,"2025-09-23 18:08:22"
1375,2024-01-01,77,293,137838,2865,140996,60,2105,498,2663,57,8974,4425,13456,3,310,1449,1762,231,91746,9672,101649,"2025-09-23 18:08:22"
1376,2024-01-01,57,70,58050,731,58851,48,876,180,1104,60,3626,2344,6030,4,99,1042,1145,190,46264,5401,51855,"2025-09-23 18:08:22"
1377,2024-01-01,32,74,85056,1603,86733,28,1942,356,2326,64,9968,1483,11515,1,199,259,459,167,97165,3701,101033,"2025-09-23 18:08:22"
1378,2024-01-01,33,128,115461,20114,135703,62,2797,518,3377,169,13079,2315,15563,11,199,540,750,370,131536,23487,155393,"2025-09-23 18:08:22"
1379,2024-01-01,79,87,108878,1507,110472,55,2197,305,2557,104,12026,1635,13765,8,197,228,433,274,102087,3708,106069,"2025-09-23 18:08:22"
1380,2024-01-01,35,98,67127,2473,69698,59,2120,246,2425,102,14370,2326,16798,9,216,321,546,268,83833,5366,89467,"2025-09-23 18:08:22"
1381,2024-01-01,36,108,92406,3443,95957,50,2735,341,3126,104,12927,1993,15024,9,207,288,504,271,108275,6065,114611,"2025-09-23 18:08:22"
1382,2024-01-01,60,287,186809,14504,201600,36,894,21,951,41,3632,899,4572,1,54,86,141,138,30449,1411,31998,"2025-09-23 18:08:22"
1383,2024-01-01,38,51,57319,58280,115650,24,1449,886,2359,81,5606,1206,6893,11,151,359,521,167,64525,60731,125423,"2025-09-23 18:08:22"
1384,2024-01-01,39,327,103119,12785,116231,491,1594,626,2711,186,8362,2290,10838,31,189,700,920,1035,113264,16401,130700,"2025-09-23 18:08:22"
1385,2024-01-01,40,86,26696,1384,28166,51,982,293,1326,83,4145,382,4610,9,51,52,112,229,31874,2111,34214,"2025-09-23 18:08:22"
1387,2024-01-01,42,142,149516,10937,160595,57,3101,254,3412,128,13177,2190,15495,9,309,491,809,336,166103,13872,180311,"2025-09-23 18:08:22"
1389,2024-01-01,44,0,20,2,22,37,392,21,450,42,5313,138,5493,2,67,20,89,129,15759,244,16132,"2025-09-23 18:08:22"
1391,2024-01-01,46,191,240464,11288,251943,113,4849,727,5689,187,29435,5543,35165,14,576,573,1163,505,275324,18131,293960,"2025-09-23 18:08:22"
1392,2024-01-01,47,121,118138,1541,119800,121,2958,510,3589,299,19710,2876,22885,60,389,288,737,601,141195,5215,147011,"2025-09-23 18:08:22"
1396,2024-01-01,51,176,195466,3241,198883,191,3024,626,3841,215,15986,1342,17543,12,458,161,631,594,214934,5370,220898,"2025-09-23 18:08:22"
1399,2024-01-01,54,134,26925,12741,39800,52,1132,354,1538,151,10273,771,11195,9,152,86,247,346,38482,13952,52780,"2025-09-23 18:08:22"
1400,2024-01-01,55,112,94007,137296,231415,63,3169,1949,5181,119,26071,2792,28982,17,560,326,903,311,123807,142363,266481,"2025-09-23 18:08:22"
1401,2024-01-01,56,351,222262,25173,247786,415,5246,897,6558,171,29614,3562,33347,23,532,483,1038,960,257654,30115,288729,"2025-09-23 18:08:22"
1403,2024-01-01,58,189,142770,3536,146495,99,4240,53,4392,137,16999,4780,21916,20,415,869,1304,445,164424,9238,174107,"2025-09-23 18:08:22"
1404,2024-01-01,59,157,206213,36471,242841,82,4750,1043,5875,104,21087,3184,24375,11,403,321,735,354,232453,41019,273826,"2025-09-23 18:08:22"
1406,2024-01-01,61,176,202441,5299,207916,100,3203,711,4014,150,12309,3387,15846,10,384,519,913,436,218337,9916,228689,"2025-09-23 18:08:22"
1407,2024-01-01,62,70,8737,139,8946,56,507,69,632,127,3916,62,4105,3,48,14,65,256,13208,284,13748,"2025-09-23 18:08:22"
1410,2024-01-01,65,198,172970,3798,176966,149,4394,406,4949,188,26873,8080,35141,28,699,912,1639,563,204936,13196,218695,"2025-09-23 18:08:22"
1416,2024-01-01,71,83,71507,2515,74105,47,2151,556,2754,106,13916,3970,17992,10,326,450,786,246,87900,7491,95637,"2025-09-23 18:08:22"
1419,2024-01-01,74,130,175018,2965,178113,98,3208,362,3668,426,15709,2419,18554,23,578,295,896,677,194513,6041,201231,"2025-09-23 18:08:22"
1425,2024-01-01,80,174,106959,1183,108316,95,2571,667,3333,171,20554,4182,24907,12,396,1013,1421,452,130480,7045,137977,"2025-09-23 18:08:22"
1428,2024-01-01,83,354,174856,1129,176339,247,3347,502,4096,261,15084,1965,17310,65,606,168,839,927,193893,3764,198584,"2025-09-23 18:08:22"
1430,2024-01-01,85,143,25202,238,25583,86,1161,135,1382,158,6642,204,7004,22,125,46,193,409,33130,623,34162,"2025-09-23 18:08:22"
1431,2024-01-01,86,302,173627,1852,175781,157,4234,338,4729,194,19488,2664,22346,22,412,290,724,675,197761,5144,203580,"2025-09-23 18:08:22"
1432,2024-01-01,87,105,112981,3412,116498,76,2537,641,3254,79,13139,2247,15465,10,339,164,513,270,128996,6464,135730,"2025-09-23 18:08:22"
1433,2024-01-01,88,72,105782,2500,108354,22,2218,640,2880,36,9477,1502,11015,1,213,131,345,131,117690,4773,122594,"2025-09-23 18:08:22"
1434,2024-01-01,89,459,28832,300,29591,107,536,37,680,121,1866,404,2391,12,69,11,92,699,31303,752,32754,"2025-09-23 18:08:22"
1435,2024-01-01,90,123,88119,1802,90044,72,2417,447,2936,105,10420,2334,12859,11,201,198,410,311,101157,4781,106249,"2025-09-23 18:08:22"
1436,2024-01-01,91,181,168983,833,169997,98,4951,2505,7554,128,30650,5468,36246,15,656,361,1032,422,205240,9167,214829,"2025-09-23 18:08:22"
1437,2024-01-01,92,87,61027,1156,62270,76,1629,277,1982,99,8440,1429,9968,12,178,160,350,274,71274,3022,74570,"2025-09-23 18:08:22"
1438,2024-01-01,93,129,88006,1018,89153,74,2175,175,2424,93,9102,3905,13100,10,175,260,445,306,99458,5358,105122,"2025-09-23 18:08:22"
1439,2024-01-01,94,252,200543,2548,203343,114,5223,1544,6881,202,30969,4454,35625,8,674,681,1363,576,237409,9227,247212,"2025-09-23 18:08:22"
1440,2024-01-01,95,361,267326,2169,269856,201,7526,1074,8801,219,43172,6318,49709,27,1066,481,1574,808,319090,10042,329940,"2025-09-23 18:08:22"
1441,2024-01-01,96,89,31990,719,32798,43,1247,76,1366,84,5411,712,6207,11,89,52,152,227,38737,1559,40523,"2025-09-23 18:08:22"
1442,2024-01-01,97,8,131,101,240,13,43,48,104,1,154,108,263,0,0,6,6,22,328,263,613,"2025-09-23 18:08:22"
1443,2024-01-01,98,47,73029,1738,74814,19,2224,79,2322,19,8342,1228,9589,0,159,170,329,85,83754,3215,87054,"2025-09-23 18:08:22"
1444,2024-01-01,99,37,52414,899,53350,28,1983,460,2471,36,9996,1659,11691,4,156,187,347,105,64549,3205,67859,"2025-09-23 18:08:22"
1445,2024-01-01,100,194,128799,2909,131902,144,3662,589,4395,155,16039,3270,19464,25,302,205,532,518,148802,6973,156293,"2025-09-23 18:08:22"
1446,2024-01-01,101,190,178578,4603,183371,60,2490,1381,3931,108,7775,1945,9828,10,344,217,571,368,189187,8146,197701,"2025-09-23 18:08:22"
1447,2024-01-01,102,167,71431,1061,72659,61,2178,226,2465,76,7664,1548,9288,3,195,158,356,307,81468,2993,84768,"2025-09-23 18:08:22"
1448,2024-01-01,103,217,63417,2000,65634,59,2196,250,2505,105,8909,1622,10636,17,164,137,318,398,74686,4009,79093,"2025-09-23 18:08:22"
1449,2024-01-01,104,133,180608,4559,185300,155,4804,1544,6503,161,20572,3110,23843,26,547,561,1134,475,206531,9774,216780,"2025-09-23 18:08:22"
1450,2024-01-01,105,295,142516,1936,144747,104,2174,104,2382,65,6790,1499,8354,3,250,137,390,467,151730,3676,155873,"2025-09-23 18:08:22"
1451,2024-01-01,106,221,95707,973,96901,154,2802,556,3512,100,8240,2129,10469,14,217,123,354,489,106966,3781,111236,"2025-09-23 18:08:22"
1452,2024-01-01,107,129,73093,1218,74440,92,2511,63,2666,91,6644,1836,8571,21,162,101,284,333,82410,3218,85961,"2025-09-23 18:08:22"
1453,2024-01-01,108,175,224546,1784,226505,110,6647,454,7211,154,37603,6423,44180,22,686,478,1186,461,269482,9139,279082,"2025-09-23 18:08:22"
1454,2024-01-01,109,198,135550,2566,138314,158,5195,1144,6497,225,22919,3949,27093,13,384,319,716,594,164048,7978,172620,"2025-09-23 18:08:22"
1455,2024-01-01,110,77,122174,2321,124572,40,4102,672,4814,35,18576,2614,21225,3,414,378,795,155,145266,5985,151406,"2025-09-23 18:08:22"
1456,2024-01-01,111,159,91020,744,91923,99,3129,484,3712,133,19071,3289,22493,14,974,297,1285,405,114194,4814,119413,"2025-09-23 18:08:22"
1457,2024-01-01,112,149,112921,2371,115441,119,2229,592,2940,123,9968,3818,13909,11,338,173,522,402,125456,6954,132812,"2025-09-23 18:08:22"
1458,2024-01-01,113,97,73790,1297,75184,28,2269,914,3211,38,9186,1630,10854,0,186,131,317,163,85431,3972,89566,"2025-09-23 18:08:22"
1459,2024-01-01,114,175,108688,690,109553,90,3800,457,4347,167,19499,2985,22651,13,478,231,722,445,132465,4363,137273,"2025-09-23 18:08:22"
1460,2024-01-01,115,248,52355,428,53031,102,1760,557,2419,261,12205,884,13350,12,271,86,369,623,66591,1955,69169,"2025-09-23 18:08:22"
1461,2024-01-01,116,186,52559,466,53211,84,2037,678,2799,199,14205,6206,20610,8,289,356,653,477,69090,7706,77273,"2025-09-23 18:08:22"
1462,2024-01-01,117,93,17544,86,17723,72,740,189,1001,159,6351,4178,10688,8,133,493,634,332,24768,4946,30046,"2025-09-23 18:08:22"
1463,2024-01-01,118,92,100572,1151,101815,59,2827,547,3433,71,10400,2453,12924,10,288,170,468,232,114087,4321,118640,"2025-09-23 18:08:22"
1464,2024-01-01,119,54,183188,3181,186423,26,3564,702,4292,36,11694,3764,15494,8,486,176,670,124,198932,7823,206879,"2025-09-23 18:08:22"
1465,2024-01-01,120,21,143934,733,144688,16,1954,192,2162,23,4962,1415,6400,0,223,40,263,60,151073,2380,153513,"2025-09-23 18:08:22"
1466,2024-01-01,121,383,116779,1575,118737,189,4013,1314,5516,257,21407,4830,26494,21,654,436,1111,850,142853,8155,151858,"2025-09-23 18:08:22"
1467,2024-01-01,122,117,59340,386,59843,95,1343,177,1615,87,5871,2119,8077,9,145,310,464,308,66699,2992,69999,"2025-09-23 18:08:22"
1468,2024-01-01,123,263,151314,2064,153641,262,4607,452,5321,200,18312,2942,21454,29,514,270,813,754,174747,5728,181229,"2025-09-23 18:08:22"
1469,2024-01-01,124,203,100721,1037,101961,93,3446,720,4259,126,18999,4279,23404,16,438,545,999,438,123604,6581,130623,"2025-09-23 18:08:22"
1470,2024-01-01,125,264,206506,2835,209605,98,5647,2677,8422,180,30893,6351,37424,19,636,307,962,561,243682,12170,256413,"2025-09-23 18:08:22"
1471,2024-01-01,126,353,284265,3755,288373,166,7961,2208,10335,249,35737,7355,43341,24,930,1020,1974,792,328893,14338,344023,"2025-09-23 18:08:22"
1472,2024-01-01,127,184,65823,5605,71612,75,2829,781,3685,156,20899,2755,23810,13,339,379,731,428,89890,9520,99838,"2025-09-23 18:08:22"
1473,2024-01-01,128,197,121810,977,122984,91,2609,354,3054,149,15776,2297,18222,10,329,157,496,447,140524,3785,144756,"2025-09-23 18:08:22"
1474,2024-01-01,129,392,440627,3086,444105,233,10447,2715,13395,293,63516,7984,71793,75,1619,676,2370,993,516209,14461,531663,"2025-09-23 18:08:22"
1476,2024-01-01,131,77,15335,131,15543,56,774,52,882,79,7961,265,8305,11,87,29,127,223,24157,477,24857,"2025-09-23 18:08:22"
1477,2024-01-01,132,73,10970,151,11194,45,465,93,603,115,4883,383,5381,4,83,226,313,237,16401,853,17491,"2025-09-23 18:08:22"
1478,2024-01-01,133,69,12018,121,12208,58,618,89,765,104,6322,621,7047,16,68,71,155,247,19026,902,20175,"2025-09-23 18:08:22"
1479,2024-01-01,134,86,17261,118,17465,58,696,96,850,111,8205,184,8500,11,85,41,137,266,26247,439,26952,"2025-09-23 18:08:22"
1480,2024-01-01,135,71,19909,236,20216,56,828,93,977,79,7984,681,8744,12,173,85,270,218,28894,1095,30207,"2025-09-23 18:08:22"
1481,2024-01-01,136,82,46589,299,46970,69,2123,214,2406,111,13766,1398,15275,14,225,144,383,276,62703,2055,65034,"2025-09-23 18:08:22"
1482,2024-01-01,137,101,54257,708,55066,81,1756,179,2016,157,13787,1723,15667,11,344,890,1245,350,70144,3500,73994,"2025-09-23 18:08:22"
1483,2024-01-01,138,35,17123,157,17315,28,562,35,625,30,3248,581,3859,8,65,49,122,101,20998,822,21921,"2025-09-23 18:08:22"
1484,2024-01-01,139,72,44085,294,44451,66,1538,84,1688,85,9215,1075,10375,6,202,81,289,229,55040,1534,56803,"2025-09-23 18:08:22"
1485,2024-01-01,140,1,8,0,9,0,3,0,3,0,8,0,8,0,0,0,0,1,19,0,20,"2025-09-23 18:08:22"
1486,2024-01-01,141,211,87557,1045,88813,112,2238,370,2720,174,12128,1121,13423,16,317,259,592,513,102240,2795,105548,"2025-09-23 18:08:22"
1487,2024-01-01,142,55,85812,1758,87625,130,2078,857,3065,62,11170,1794,13026,4,309,207,520,251,99369,4616,104236,"2025-09-23 18:08:22"
1488,2024-01-01,143,170,90721,2131,93022,118,2448,538,3104,128,14617,2084,16829,9,386,205,600,425,108172,4958,113555,"2025-09-23 18:08:22"
1489,2024-01-01,144,134,123790,4650,128574,90,3066,662,3818,133,15640,2357,18130,13,516,317,846,370,143012,7986,151368,"2025-09-23 18:08:22"
1490,2024-01-01,145,204,93430,6128,99762,154,2908,404,3466,255,20110,1784,22149,28,413,284,725,641,116861,8600,126102,"2025-09-23 18:08:22"
1492,2024-01-01,147,73,23128,62,23263,38,596,105,739,53,2267,409,2729,9,79,37,125,173,26070,613,26856,"2025-09-23 18:08:22"
1493,2024-01-01,148,232,41821,1459,43512,125,1586,377,2088,226,12854,675,13755,26,194,126,346,609,56455,2637,59701,"2025-09-23 18:08:22"
1494,2024-01-01,149,70,20402,1484,21956,43,1031,238,1312,92,8668,605,9365,6,114,72,192,211,30215,2399,32825,"2025-09-23 18:08:22"
1495,2024-01-01,150,152,45267,832,46251,92,2073,369,2534,143,15183,1087,16413,30,184,79,293,417,62707,2367,65491,"2025-09-23 18:08:22"
1496,2024-01-01,151,151,83833,763,84747,81,2469,356,2906,179,18970,2340,21489,17,451,797,1265,428,105723,4256,110407,"2025-09-23 18:08:22"
1497,2024-01-01,152,132,40001,536,40669,75,1410,178,1663,184,12803,539,13526,33,187,150,370,424,54401,1403,56228,"2025-09-23 18:08:22"
1498,2024-01-01,153,97,22947,193,23237,71,1131,336,1538,145,11235,393,11773,13,86,55,154,326,35399,977,36702,"2025-09-23 18:08:22"
1499,2024-01-01,154,168,80813,966,81947,89,2492,489,3070,164,19012,1863,21039,22,376,428,826,443,102693,3746,106882,"2025-09-23 18:08:22"
1500,2024-01-01,155,76,19489,150,19715,42,747,111,900,106,7737,455,8298,14,87,80,181,238,28060,796,29094,"2025-09-23 18:08:22"
1501,2024-01-01,156,186,167177,2497,169860,143,4856,520,5519,182,24077,3765,28024,43,634,378,1055,554,196744,7160,204458,"2025-09-23 18:08:22"
1502,2024-01-01,157,127,33904,291,34322,119,1396,324,1839,182,11548,735,12465,16,198,114,328,444,47046,1464,48954,"2025-09-23 18:08:22"
1503,2024-01-01,158,103,116664,1768,118535,72,3840,673,4585,123,19659,2770,22552,10,499,402,911,308,140662,5613,146583,"2025-09-23 18:08:22"
1504,2024-01-01,159,175,179770,1945,181890,149,4512,837,5498,218,20818,2468,23504,24,566,277,867,566,205666,5527,211759,"2025-09-23 18:08:22"
1505,2024-01-01,160,77,11393,67,11537,54,491,61,606,120,5989,507,6616,16,61,73,150,267,17934,708,18909,"2025-09-23 18:08:22"
1506,2024-01-01,161,82,24390,196,24668,46,1004,81,1131,195,10727,256,11178,19,126,52,197,342,36247,585,37174,"2025-09-23 18:08:22"
1507,2024-01-01,162,158,41651,327,42136,93,1404,203,1700,143,12264,770,13177,22,215,144,381,416,55534,1444,57394,"2025-09-23 18:08:22"
1509,2024-01-01,164,85,12265,173,12523,62,524,83,669,98,6618,733,7449,10,83,42,135,255,19490,1031,20776,"2025-09-23 18:08:22"
1510,2024-01-01,165,101,20494,160,20755,77,1043,94,1214,133,12602,260,12995,9,116,42,167,320,34255,556,35131,"2025-09-23 18:08:22"
1511,2024-01-01,166,68,10410,113,10591,41,430,64,535,71,5026,397,5494,6,50,65,121,186,15916,639,16741,"2025-09-23 18:08:22"
1512,2024-01-01,167,92,75394,861,76347,70,2201,280,2551,86,14439,3472,17997,15,524,1648,2187,263,92558,6261,99082,"2025-09-23 18:08:22"
1513,2024-01-01,168,58,9122,433,9613,40,406,55,501,74,3944,206,4224,4,65,23,92,176,13537,717,14430,"2025-09-23 18:08:22"
1514,2024-01-01,169,150,52137,814,53101,119,1889,380,2388,210,15577,1707,17494,19,343,271,633,498,69946,3172,73616,"2025-09-23 18:08:22"
1515,2024-01-01,170,81,20036,379,20496,49,797,257,1103,79,7912,1000,8991,11,121,147,279,220,28866,1783,30869,"2025-09-23 18:08:22"
1516,2024-01-01,171,125,82591,2300,85016,120,2719,420,3259,165,13108,2369,15642,11,315,346,672,421,98733,5435,104589,"2025-09-23 18:08:22"
1517,2024-01-01,172,231,38853,152,39236,202,1508,70,1780,155,11772,909,12836,16,178,130,324,604,52311,1261,54176,"2025-09-23 18:08:22"
1518,2024-01-01,173,81,13828,150,14059,54,718,69,841,100,7895,360,8355,12,82,48,142,247,22523,627,23397,"2025-09-23 18:08:22"
1519,2024-01-01,174,174,122370,1821,124365,133,3028,609,3770,194,22834,2084,25112,20,445,911,1376,521,148677,5425,154623,"2025-09-23 18:08:22"
1520,2024-01-01,175,114,13615,97946,111675,66,642,2151,2859,200,9380,445,10025,5,143,40,188,385,23780,100582,124747,"2025-09-23 18:08:22"
1521,2024-01-01,176,198,112514,2376,115088,153,3268,712,4133,201,21803,3464,25468,16,414,849,1279,568,137999,7401,145968,"2025-09-23 18:08:22"
1522,2024-01-01,177,79,20741,144,20964,47,811,91,949,107,8099,505,8711,7,101,52,160,240,29752,792,30784,"2025-09-23 18:08:22"
1523,2024-01-01,178,92,24059,129,24280,61,1194,78,1333,119,11209,766,12094,8,206,135,349,280,36668,1108,38056,"2025-09-23 18:08:22"
1524,2024-01-01,179,127,16064,170,16361,58,718,107,883,108,9679,208,9995,11,88,30,129,304,26549,515,27368,"2025-09-23 18:08:22"
1525,2024-01-01,180,82,18956,209,19247,44,750,72,866,87,8196,916,9199,3,120,88,211,216,28022,1285,29523,"2025-09-23 18:08:22"
1526,2024-01-01,181,92,13118,84,13294,75,566,48,689,107,7066,284,7457,7,55,35,97,281,20805,451,21537,"2025-09-23 18:08:22"
1527,2024-01-01,182,78,10998,92,11168,49,525,58,632,92,6293,133,6518,8,58,21,87,227,17874,304,18405,"2025-09-23 18:08:22"
1528,2024-01-01,183,71,12154,7710,19935,53,533,186,772,87,6549,199,6835,12,82,23,117,223,19318,8118,27659,"2025-09-23 18:08:22"
1529,2024-01-01,184,114,24167,80946,105227,85,1624,1251,2960,142,15572,231,15945,10,115,44,169,351,41478,82472,124301,"2025-09-23 18:08:22"
1530,2024-01-01,185,98,25315,454,25867,54,957,950,1961,100,8088,504,8692,8,145,149,302,260,34505,2057,36822,"2025-09-23 18:08:22"
1532,2024-01-01,187,144,118274,947,119365,98,3058,389,3545,134,22241,2733,25108,13,392,384,789,389,143965,4453,148807,"2025-09-23 18:08:22"
1533,2024-01-01,188,219,117870,1670,119759,149,3803,556,4508,223,25869,1955,28047,19,531,380,930,610,148073,4561,153244,"2025-09-23 18:08:22"
1534,2024-01-01,189,61,14025,37,14123,36,658,53,747,71,6488,684,7243,17,82,48,147,185,21253,822,22260,"2025-09-23 18:08:22"
1535,2024-01-01,190,199,189853,2536,192588,115,5046,799,5960,229,25950,3655,29834,19,618,458,1095,562,221467,7448,229477,"2025-09-23 18:08:22"
1537,2024-01-01,192,146,58190,627,58963,89,2048,270,2407,160,17956,1071,19187,16,232,170,418,411,78426,2138,80975,"2025-09-23 18:08:22"
1538,2024-01-01,193,98,27025,387,27510,59,1194,120,1373,135,10357,285,10777,11,143,96,250,303,38719,888,39910,"2025-09-23 18:08:22"
1539,2024-01-01,194,100,11111,53,11264,51,432,42,525,91,7026,88,7205,15,46,14,75,257,18615,197,19069,"2025-09-23 18:08:22"
1540,2024-01-01,195,120,36778,409,37307,89,1635,243,1967,190,17319,1044,18553,16,196,163,375,415,55928,1859,58202,"2025-09-23 18:08:22"
1541,2024-01-01,196,72,20022,163,20257,47,791,43,881,96,11304,991,12391,10,126,150,286,225,32243,1347,33815,"2025-09-23 18:08:22"
1542,2024-01-01,197,243,63722,907,64872,224,2160,309,2693,266,19375,1183,20824,49,317,225,591,782,85574,2624,88980,"2025-09-23 18:08:22"
1543,2024-01-01,198,74,12901,111,13086,53,601,53,707,121,6055,113,6289,14,78,27,119,262,19635,304,20201,"2025-09-23 18:08:22"
1544,2024-01-01,199,55,6032,35,6122,31,281,27,339,60,3878,46,3984,2,34,8,44,148,10225,116,10489,"2025-09-23 18:08:22"
1545,2024-01-01,200,130,40904,492,41526,78,1599,144,1821,137,14746,729,15612,27,217,156,400,372,57466,1521,59359,"2025-09-23 18:08:22"
1546,2024-01-01,201,129,45075,388,45592,83,1760,242,2085,132,16351,1524,18007,17,233,361,611,361,63419,2515,66295,"2025-09-23 18:08:22"
1547,2024-01-01,202,98,22787,168,23053,61,716,78,855,106,8558,199,8863,20,110,44,174,285,32171,489,32945,"2025-09-23 18:08:22"
1548,2024-01-01,203,58,4196,365,4619,21,261,192,474,65,1400,31,1496,8,21,2,31,152,5878,590,6620,"2025-09-23 18:08:22"
1549,2024-01-01,204,132,20215,119,20466,61,646,83,790,129,6634,126,6889,15,119,39,173,337,27614,367,28318,"2025-09-23 18:08:22"
1550,2024-01-01,205,84,19558,90,19732,81,849,81,1011,130,12314,854,13298,10,109,101,220,305,32830,1126,34261,"2025-09-23 18:08:22"
1551,2024-01-01,206,80,17704,155,17939,45,638,50,733,88,7798,590,8476,13,96,165,274,226,26236,960,27422,"2025-09-23 18:08:22"
1552,2024-01-01,207,62,9875,40,9977,70,462,44,576,86,5989,114,6189,10,75,12,97,228,16401,210,16839,"2025-09-23 18:08:22"
1553,2024-01-01,208,135,56166,270,56571,69,1878,343,2290,104,13008,1549,14661,10,240,310,560,318,71292,2472,74082,"2025-09-23 18:08:22"
1554,2024-01-01,209,140,105573,1391,107104,88,2995,762,3845,206,18064,4315,22585,13,442,1730,2185,447,127074,8198,135719,"2025-09-23 18:08:22"
1555,2024-01-01,210,166,124213,1982,126361,92,2923,307,3322,101,18085,1039,19225,27,415,303,745,386,145636,3631,149653,"2025-09-23 18:08:22"
1557,2024-01-01,212,129,94583,1004,95716,92,2936,459,3487,128,11964,487,12579,15,297,156,468,364,109780,2106,112250,"2025-09-23 18:08:22"
1558,2024-01-01,213,104,24212,194,24510,72,870,171,1113,104,9355,255,9714,12,74,175,261,292,34511,795,35598,"2025-09-23 18:08:22"
1559,2024-01-01,214,49,11719,78,11846,68,736,86,890,94,7375,210,7679,10,115,69,194,235,28061,559,28855,"2025-09-23 18:08:22"
1560,2024-01-01,215,252,241518,2305,244075,168,6302,530,7000,233,41011,4673,45917,33,778,576,1387,686,289609,8084,298379,"2025-09-23 18:08:22"
1561,2024-01-01,216,107,14073,145,14325,59,546,115,720,131,6194,162,6487,9,68,32,109,306,20881,454,21641,"2025-09-23 18:08:22"
1562,2024-01-01,217,113,43289,484,43886,95,1417,184,1696,108,13734,2617,16459,14,179,635,828,330,58619,3920,62869,"2025-09-23 18:08:22"
1563,2024-01-01,218,102,47372,669,48143,84,1473,229,1786,138,10520,538,11196,14,177,114,305,338,59542,1550,61430,"2025-09-23 18:08:22"
1564,2024-01-01,219,97,13596,65,13758,60,515,58,633,95,7194,486,7775,8,142,147,297,260,21447,756,22463,"2025-09-23 18:08:22"
1565,2024-01-01,220,162,150031,1197,151390,99,4206,794,5099,147,22459,7170,29776,21,635,1586,2242,429,177331,10747,188507,"2025-09-23 18:08:22"
1566,2024-01-01,221,66,10357,57,10480,53,397,43,493,91,4603,558,5252,14,55,102,171,224,15412,760,16396,"2025-09-23 18:08:22"
1567,2024-01-01,222,218,142589,2878,145685,175,3373,1010,4558,239,26853,2366,29458,31,478,427,936,663,173293,6681,180637,"2025-09-23 18:08:22"
1568,2024-01-01,223,73,24997,177,25247,70,1050,102,1222,94,10334,405,10833,10,140,68,218,247,36521,752,37520,"2025-09-23 18:08:22"
1569,2024-01-01,224,138,88583,1278,89999,67,1977,476,2520,133,10506,996,11635,11,154,153,318,349,101220,2903,104472,"2025-09-23 18:08:22"
1570,2024-01-01,225,66,93014,5094,98174,32,1956,434,2422,54,11102,1657,12813,4,190,224,418,156,106262,7409,113827,"2025-09-23 18:08:22"
1571,2024-01-01,226,242,157030,60217,217489,220,2106,1231,3557,141,10571,992,11704,12,208,180,400,615,169915,62620,233150,"2025-09-23 18:08:22"
1572,2024-01-01,227,215,99986,1751,101952,166,2248,265,2679,137,16602,1437,18176,16,287,340,643,534,119123,3793,123450,"2025-09-23 18:08:22"
1573,2024-01-01,228,93,86829,719,87641,37,1972,163,2172,91,7836,974,8901,9,264,257,530,230,96901,2113,99244,"2025-09-23 18:08:22"
1574,2024-01-01,229,99,42931,710,43740,87,1707,247,2041,118,8896,332,9346,14,143,72,229,318,53677,1361,55356,"2025-09-23 18:08:22"
1575,2024-01-01,230,59,16082,93,16234,66,547,39,652,103,7801,168,8072,11,74,85,170,239,24504,385,25128,"2025-09-23 18:08:22"
1576,2024-01-01,231,78,33309,33493,66880,58,1102,361,1521,75,10318,523,10916,6,246,232,484,217,44975,34609,79801,"2025-09-23 18:08:22"
1577,2024-01-01,232,58,13341,256,13655,54,494,88,636,116,6530,145,6791,11,67,27,105,239,20432,516,21187,"2025-09-23 18:08:22"
1578,2024-01-01,233,85,15541,89,15715,57,613,79,749,134,8198,399,8731,14,81,72,167,290,24433,639,25362,"2025-09-23 18:08:22"
1580,2024-01-01,235,248,77315,949,78512,140,2955,149,3244,346,27298,644,28288,39,233,143,415,773,107801,1885,110459,"2025-09-23 18:08:22"
1581,2024-01-01,236,608,248704,266365,515677,351,7258,6347,13956,690,57342,3569,61601,41,1206,546,1793,1690,314510,276827,593027,"2025-09-23 18:08:22"
1583,2024-01-01,238,167,93138,2568,95873,150,2596,507,3253,260,18256,1422,19938,36,400,418,854,613,114390,4915,119918,"2025-09-23 18:08:22"
1585,2024-01-01,240,114,39499,664,40277,77,1254,152,1483,126,6954,506,7586,14,160,220,394,331,47867,1542,49740,"2025-09-23 18:08:22"
1586,2024-01-01,241,123,26017,492,26632,106,845,129,1080,184,6793,179,7156,9,143,44,196,422,33798,844,35064,"2025-09-23 18:08:22"
1587,2024-01-01,242,109,34183,947,35239,92,1093,144,1329,110,5445,299,5854,7,146,99,252,318,40867,1489,42674,"2025-09-23 18:08:22"
1588,2024-01-01,243,55,8789,51,8895,52,316,27,395,112,3363,47,3522,10,53,13,76,229,12521,138,12888,"2025-09-23 18:08:22"
1589,2024-01-01,244,45,12359,169,12573,43,411,25,479,119,4170,76,4365,11,78,20,109,218,17018,290,17526,"2025-09-23 18:08:22"
1590,2024-01-01,245,135,15041,156,15332,81,647,57,785,124,6208,135,6467,11,109,52,172,351,22005,400,22756,"2025-09-23 18:08:22"
1591,2024-01-01,246,220,158586,2854,161660,171,4395,511,5077,231,26975,2259,29465,25,631,360,1016,647,190587,5984,197218,"2025-09-23 18:08:22"
1592,2024-01-01,247,54,14534,93,14681,53,475,63,591,117,4955,106,5178,8,85,28,121,232,20049,290,20571,"2025-09-23 18:08:22"
1593,2024-01-01,248,108,14206,250,14564,94,570,74,738,138,6186,166,6490,19,91,34,144,359,21053,524,21936,"2025-09-23 18:08:22"
1594,2024-01-01,249,53,16996,166,17215,69,689,43,801,138,7033,159,7330,14,82,20,116,274,24800,388,25462,"2025-09-23 18:08:22"
1595,2024-01-01,250,319,120342,2529,123190,272,3164,625,4061,270,18828,2730,21828,21,510,407,938,882,142844,6291,150017,"2025-09-23 18:08:22"
1596,2024-01-01,251,60,16180,377,16617,63,614,121,798,116,3391,127,3634,11,122,41,174,250,20307,666,21223,"2025-09-23 18:08:22"
1597,2024-01-01,252,102,17590,333,18025,83,802,96,981,123,8768,142,9033,18,90,96,204,326,27250,667,28243,"2025-09-23 18:08:22"
1598,2024-01-01,253,127,27912,255,28294,113,1223,268,1604,186,11764,443,12393,25,142,64,231,451,41041,1030,42522,"2025-09-23 18:08:22"
1599,2024-01-01,254,57,9678,61,9796,61,299,50,410,101,3304,49,3454,10,56,24,90,229,13337,184,13750,"2025-09-23 18:08:22"
1600,2024-01-01,255,83,19183,511,19777,66,862,76,1004,123,8610,267,9000,13,119,50,182,285,28774,904,29963,"2025-09-23 18:08:22"
1602,2024-01-01,257,107,19912,167,20186,70,1270,101,1441,150,10660,270,11080,14,102,50,166,341,31944,588,32873,"2025-09-23 18:08:22"
1603,2024-01-01,258,205,114785,2098,117088,129,3154,527,3810,206,19368,3110,22684,18,453,698,1169,558,137760,6433,144751,"2025-09-23 18:08:22"
1604,2024-01-01,259,118,33369,595,34082,71,1513,162,1746,141,13538,1055,14734,8,248,158,414,338,48668,1970,50976,"2025-09-23 18:08:22"
1605,2024-01-01,260,143,29066,655,29864,96,1182,171,1449,179,12527,438,13144,19,164,67,250,437,42939,1331,44707,"2025-09-23 18:08:22"
1606,2024-01-01,261,71,8809,61,8941,45,461,58,564,101,4429,252,4782,6,43,39,88,223,13742,410,14375,"2025-09-23 18:08:22"
1607,2024-01-01,262,91,18806,181,19078,61,841,120,1022,125,8694,256,9075,12,108,52,172,289,28449,609,29347,"2025-09-23 18:08:22"
1608,2024-01-01,263,70,10036,57,10163,63,407,21,491,96,5223,61,5380,9,45,16,70,238,15711,155,16104,"2025-09-23 18:08:22"
1609,2024-01-01,264,117,45168,230,45515,123,1651,417,2191,201,12324,2318,14843,26,248,201,475,467,59391,3166,63024,"2025-09-23 18:08:22"
1610,2024-01-01,265,184,112713,1899,114796,144,3974,473,4591,218,24356,3109,27683,16,391,429,836,562,141434,5910,147906,"2025-09-23 18:08:22"
1611,2024-01-01,266,78,9592,59,9729,55,422,70,547,118,4951,269,5338,8,61,27,96,259,15026,425,15710,"2025-09-23 18:08:22"
1612,2024-01-01,267,74,7815,33,7922,40,362,21,423,114,4420,75,4609,6,50,18,74,234,12647,147,13028,"2025-09-23 18:08:22"
1613,2024-01-01,268,153,152619,3240,156012,103,3510,965,4578,130,19609,2567,22306,14,498,396,908,400,176236,7168,183804,"2025-09-23 18:08:22"
1614,2024-01-01,269,311,136434,2001,138746,227,3192,563,3982,198,15958,1507,17663,27,319,239,585,763,155903,4310,160976,"2025-09-23 18:08:22"
1615,2024-01-01,270,108,40691,2307,43106,112,1626,206,1944,159,15072,849,16080,7,230,131,368,386,57619,3493,61498,"2025-09-23 18:08:22"
1616,2024-01-01,271,103,9414,41,9558,57,433,88,578,109,5032,106,5247,14,54,19,87,283,14933,254,15470,"2025-09-23 18:08:22"
1618,2024-02-01,1,154,217167,17423,234744,57,4019,535,4611,178,13694,2433,16305,19,353,157,529,408,235233,20548,256189,"2025-09-23 18:08:29"
1619,2024-02-01,2,107,129782,5016,134905,41,3357,803,4201,148,12099,2553,14800,8,212,222,442,304,145450,8594,154348,"2025-09-23 18:08:29"
1620,2024-02-01,3,106,60478,2093,62677,67,2212,718,2997,132,7014,1305,8451,14,146,113,273,319,69850,4229,74398,"2025-09-23 18:08:29"
1621,2024-02-01,4,119,66956,1932,69007,43,4326,1334,5703,168,16443,4377,20988,16,405,260,681,362,188689,15737,204788,"2025-09-23 18:08:29"
1622,2024-02-01,5,91,99507,3060,102658,46,3109,346,3501,144,9185,2235,11564,12,182,182,376,293,111983,5823,118099,"2025-09-23 18:08:29"
1623,2024-02-01,6,93,80763,3031,83887,45,2202,331,2578,175,8841,1650,10666,11,124,106,241,324,91930,5118,97372,"2025-09-23 18:08:29"
1624,2024-02-01,7,107,115571,9868,125546,62,4213,532,4807,129,13963,2682,16774,7,320,163,490,305,134067,13245,147617,"2025-09-23 18:08:29"
1625,2024-02-01,8,58,71702,3476,75236,31,2758,450,3239,72,10861,2310,13243,12,185,102,299,173,85506,6338,92017,"2025-09-23 18:08:29"
1626,2024-02-01,9,84,129689,5463,135236,58,3413,780,4251,175,9960,2167,12302,12,261,258,531,329,143323,8668,152320,"2025-09-23 18:08:29"
1627,2024-02-01,10,92,76705,4643,81440,48,2370,591,3009,125,8066,2054,10245,12,171,167,350,277,87312,7455,95044,"2025-09-23 18:08:29"
1628,2024-02-01,11,102,84302,2894,87298,55,2664,154,2873,132,9868,2194,12194,10,201,100,311,299,97035,5342,102676,"2025-09-23 18:08:29"
1629,2024-02-01,12,111,94422,1139,95672,47,2305,132,2484,122,6527,1208,7857,16,138,196,350,296,103392,2675,106363,"2025-09-23 18:08:29"
1630,2024-02-01,13,95,101740,4212,106047,54,2612,624,3290,172,9366,2253,11791,20,239,544,803,341,113957,7633,121931,"2025-09-23 18:08:29"
1631,2024-02-01,14,196,77623,3216,81035,99,2079,404,2582,131,5866,1809,7806,7,147,107,261,433,85715,5536,91684,"2025-09-23 18:08:29"
1632,2024-02-01,15,173,152578,3949,156700,130,2992,663,3785,181,10779,4822,15782,18,273,167,458,502,166622,9601,176725,"2025-09-23 18:08:29"
1633,2024-02-01,16,131,82260,8753,91144,49,1867,962,2878,176,8394,1878,10448,19,197,98,314,375,92718,11691,104784,"2025-09-23 18:08:29"
1634,2024-02-01,17,95,105227,2041,107363,49,2929,1111,4089,143,8578,1724,10445,9,188,104,301,296,116922,4980,122198,"2025-09-23 18:08:29"
1635,2024-02-01,18,127,207281,7280,214688,101,4101,1645,5847,163,17852,4937,22952,16,383,379,778,407,229617,14241,244265,"2025-09-23 18:08:29"
1636,2024-02-01,19,130,128393,4374,132897,60,3180,756,3996,140,11195,2948,14283,8,277,429,714,338,143045,8507,151890,"2025-09-23 18:08:29"
1637,2024-02-01,20,126,118454,2930,121510,58,3802,177,4037,166,13481,4435,18082,14,460,625,1099,364,136197,8167,144728,"2025-09-23 18:08:29"
1638,2024-02-01,21,248,64540,1294,66082,121,1846,71,2038,153,5080,779,6012,12,131,27,170,534,71597,2171,74302,"2025-09-23 18:08:29"
1639,2024-02-01,22,99,114406,4061,118566,45,3087,729,3861,139,9951,2072,12162,17,182,186,385,300,127626,7048,134974,"2025-09-23 18:08:29"
1640,2024-02-01,23,1652,39459,547,41658,1535,1500,257,3292,347,3659,1566,5572,105,85,95,285,3639,44703,2465,50807,"2025-09-23 18:08:29"
1641,2024-02-01,63,140,90468,1173,91781,861,1803,217,2881,176,5347,1210,6733,18,286,102,406,1351,49864,3011,54226,"2025-09-23 18:08:29"
1642,2024-02-01,25,83,91711,5919,97713,32,3108,559,3699,122,11708,2818,14648,15,210,328,553,252,106737,9624,116613,"2025-09-23 18:08:29"
1643,2024-02-01,146,1940,750499,13492,765931,3794,71854,14881,90529,3909,247777,60419,312105,427,5756,5217,11400,12821,2979090,198447,3190358,"2025-09-23 18:08:29"
1645,2024-02-01,28,103,65497,2434,68034,62,2076,842,2980,105,9566,3144,12815,14,175,665,854,284,77314,7085,84683,"2025-09-23 18:08:29"
1646,2024-02-01,29,82,73556,845,74483,50,2077,546,2673,119,10861,1333,12313,12,246,209,467,263,86740,2933,89936,"2025-09-23 18:08:29"
1647,2024-02-01,77,294,137872,2861,141027,58,2102,498,2658,57,8972,4428,13457,3,325,1447,1775,229,91998,9461,101688,"2025-09-23 18:08:29"
1648,2024-02-01,57,70,58110,730,58910,47,880,179,1106,60,3625,2341,6026,4,99,1048,1151,190,46403,5404,51997,"2025-09-23 18:08:29"
1649,2024-02-01,32,73,84985,1623,86681,27,1921,362,2310,63,9935,1479,11477,1,199,260,460,164,97040,3724,100928,"2025-09-23 18:08:29"
1650,2024-02-01,33,128,115861,20260,136249,62,2775,512,3349,170,13118,2324,15612,11,200,544,755,371,131954,23640,155965,"2025-09-23 18:08:29"
1651,2024-02-01,79,87,109003,1510,110600,52,2192,306,2550,104,12012,1625,13741,8,197,230,435,304,102024,3683,106011,"2025-09-23 18:08:29"
1652,2024-02-01,35,98,67044,2465,69607,58,2113,246,2417,102,14379,2327,16808,9,217,323,549,267,83753,5361,89381,"2025-09-23 18:08:29"
1653,2024-02-01,36,108,92372,3418,95898,49,2733,340,3122,104,12928,1993,15025,9,206,287,502,270,108239,6038,114547,"2025-09-23 18:08:29"
1654,2024-02-01,60,304,187054,15631,202989,35,899,21,955,41,3619,900,4560,1,53,86,140,136,30415,1407,31958,"2025-09-23 18:08:29"
1655,2024-02-01,38,51,57184,58566,115801,24,1440,875,2339,82,5590,1368,7040,11,151,369,531,168,64365,61178,125711,"2025-09-23 18:08:29"
1656,2024-02-01,39,329,103814,13279,117422,510,1614,630,2754,183,8355,2285,10823,31,192,701,924,1053,113975,16895,131923,"2025-09-23 18:08:29"
1657,2024-02-01,40,85,26761,1380,28226,48,981,292,1321,83,4129,380,4592,9,50,53,112,225,31921,2105,34251,"2025-09-23 18:08:29"
1659,2024-02-01,42,142,149156,10872,160170,57,3082,255,3394,128,13157,2175,15460,9,309,489,807,336,165704,13791,179831,"2025-09-23 18:08:29"
1661,2024-02-01,44,0,19,2,21,37,389,21,447,43,5322,138,5503,2,67,21,90,130,15747,246,16123,"2025-09-23 18:08:29"
1663,2024-02-01,46,191,240245,11422,251858,112,4831,724,5667,181,29367,5558,35106,14,582,577,1173,498,275025,18281,293804,"2025-09-23 18:08:29"
1664,2024-02-01,47,121,118172,1534,119827,122,2956,511,3589,301,19739,2881,22921,61,391,288,740,605,141258,5214,147077,"2025-09-23 18:08:29"
1668,2024-02-01,51,189,196071,3114,199374,197,3019,623,3839,214,15995,1337,17546,12,461,161,634,612,215546,5235,221393,"2025-09-23 18:08:29"
1671,2024-02-01,54,127,26999,12159,39285,52,1130,342,1524,154,10305,767,11226,9,152,87,248,342,38586,13355,52283,"2025-09-23 18:08:29"
1672,2024-02-01,55,109,93999,137166,231274,63,3171,1974,5208,118,25954,2794,28866,17,554,321,892,307,123678,142255,266240,"2025-09-23 18:08:29"
1673,2024-02-01,56,344,222521,24983,247848,415,5241,884,6540,170,29615,3556,33341,23,544,483,1050,952,257921,29906,288779,"2025-09-23 18:08:29"
1675,2024-02-01,58,182,142912,3693,146787,99,4220,53,4372,138,17013,4759,21910,19,415,857,1291,438,164560,9362,174360,"2025-09-23 18:08:29"
1676,2024-02-01,59,148,206267,36123,242538,81,4750,1048,5879,110,21105,3191,24406,11,403,324,738,350,232525,40686,273561,"2025-09-23 18:08:29"
1678,2024-02-01,61,172,203317,5220,208709,99,3188,706,3993,150,12293,3406,15849,13,387,522,922,434,219185,9854,229473,"2025-09-23 18:08:29"
1679,2024-02-01,62,67,8783,140,8990,54,512,69,635,125,3921,62,4108,3,50,14,67,249,13266,285,13800,"2025-09-23 18:08:29"
1682,2024-02-01,65,212,173305,3800,177317,154,4371,400,4925,188,26868,8084,35140,28,705,911,1644,582,205249,13195,219026,"2025-09-23 18:08:29"
1688,2024-02-01,71,83,71565,2011,73659,46,2154,541,2741,106,13929,3918,17953,9,330,442,781,244,87978,6912,95134,"2025-09-23 18:08:29"
1691,2024-02-01,74,130,175083,2802,178015,94,3235,362,3691,432,15749,2450,18631,23,580,293,896,679,194647,5907,201233,"2025-09-23 18:08:29"
1697,2024-02-01,80,172,107357,1177,108706,94,2563,665,3322,170,20628,4196,24994,12,396,1021,1429,448,130944,7059,138451,"2025-09-23 18:08:29"
1700,2024-02-01,83,353,175327,1127,176807,248,3346,512,4106,261,15078,1977,17316,65,610,170,845,927,194361,3786,199074,"2025-09-23 18:08:29"
1702,2024-02-01,85,142,25260,237,25639,86,1154,134,1374,162,6642,206,7010,22,125,46,193,412,33181,623,34216,"2025-09-23 18:08:29"
1703,2024-02-01,86,303,173558,1867,175728,157,4216,338,4711,194,19474,2671,22339,22,419,293,734,676,197667,5169,203512,"2025-09-23 18:08:29"
1704,2024-02-01,87,105,113056,3389,116550,76,2522,672,3270,81,13155,2233,15469,10,339,163,512,272,129072,6457,135801,"2025-09-23 18:08:29"
1705,2024-02-01,88,71,105850,2500,108421,22,2201,625,2848,36,9507,1503,11046,1,213,132,346,130,117771,4760,122661,"2025-09-23 18:08:29"
1706,2024-02-01,89,458,29026,300,29784,107,531,37,675,122,1865,406,2393,12,68,11,91,699,31490,754,32943,"2025-09-23 18:08:29"
1707,2024-02-01,90,122,88135,1800,90057,71,2405,446,2922,107,10406,2345,12858,11,204,199,414,311,101150,4790,106251,"2025-09-23 18:08:29"
1708,2024-02-01,91,181,169389,833,170403,98,4905,2481,7484,127,30622,5482,36231,15,665,362,1042,421,205581,9158,215160,"2025-09-23 18:08:29"
1709,2024-02-01,92,87,61097,1146,62330,76,1612,267,1955,98,8444,1429,9971,12,180,156,348,273,71333,2998,74604,"2025-09-23 18:08:29"
1710,2024-02-01,93,126,87965,1016,89107,74,2176,175,2425,93,9112,3907,13112,10,175,259,444,303,99428,5357,105088,"2025-09-23 18:08:30"
1711,2024-02-01,94,251,200619,2567,203437,113,5211,1531,6855,203,30985,4430,35618,8,676,687,1371,575,237491,9215,247281,"2025-09-23 18:08:30"
1712,2024-02-01,95,361,267779,2176,270316,201,7488,1055,8744,221,43258,6315,49794,27,1076,484,1587,810,319601,10030,330441,"2025-09-23 18:08:30"
1713,2024-02-01,96,87,32004,710,32801,43,1246,76,1365,82,5424,713,6219,11,88,51,150,223,38762,1550,40535,"2025-09-23 18:08:30"
1714,2024-02-01,97,8,129,101,238,13,43,48,104,1,151,104,256,0,0,6,6,22,323,259,604,"2025-09-23 18:08:30"
1715,2024-02-01,98,46,73087,1742,74875,19,2209,79,2307,19,8379,1230,9628,0,163,172,335,84,83838,3223,87145,"2025-09-23 18:08:30"
1716,2024-02-01,99,36,52035,898,52969,32,1960,460,2452,36,9982,1657,11675,4,159,184,347,108,64136,3199,67443,"2025-09-23 18:08:30"
1717,2024-02-01,100,190,128678,2871,131739,142,3646,589,4377,154,16045,3281,19480,25,304,204,533,511,148673,6945,156129,"2025-09-23 18:08:30"
1718,2024-02-01,101,198,178653,4615,183466,58,2476,1388,3922,106,7762,1956,9824,10,347,218,575,372,189238,8177,197787,"2025-09-23 18:08:30"
1719,2024-02-01,102,169,71564,1354,73087,61,2170,224,2455,75,7660,1550,9285,3,198,158,359,308,81592,3286,85186,"2025-09-23 18:08:30"
1720,2024-02-01,103,213,63374,1999,65586,58,2194,260,2512,105,8887,1618,10610,17,170,137,324,393,74625,4014,79032,"2025-09-23 18:08:30"
1721,2024-02-01,104,132,178760,4583,183475,154,4788,1527,6469,158,20542,3105,23805,22,545,560,1127,466,204635,9775,214876,"2025-09-23 18:08:30"
1722,2024-02-01,105,284,142732,1929,144945,103,2182,105,2390,64,6801,1491,8356,3,249,141,393,454,151964,3666,156084,"2025-09-23 18:08:30"
1723,2024-02-01,106,230,95963,965,97158,155,2798,532,3485,103,8247,2129,10479,14,217,117,348,502,107225,3743,111470,"2025-09-23 18:08:30"
1724,2024-02-01,107,129,73126,1339,74594,91,2483,66,2640,91,6643,1917,8651,21,163,101,285,332,82415,3423,86170,"2025-09-23 18:08:30"
1725,2024-02-01,108,175,224639,1756,226570,109,6609,451,7169,153,37540,6411,44104,22,682,480,1184,459,269470,9098,279027,"2025-09-23 18:08:30"
1726,2024-02-01,109,194,135465,2552,138211,157,5160,1139,6456,226,22976,3954,27156,12,395,321,728,589,163996,7966,172551,"2025-09-23 18:08:30"
1727,2024-02-01,110,89,122008,2289,124386,39,4058,673,4770,34,18496,2611,21141,3,420,375,798,165,144982,5948,151095,"2025-09-23 18:08:30"
1728,2024-02-01,111,164,91286,748,92198,99,3118,493,3710,134,19103,3327,22564,14,982,296,1292,411,114489,4864,119764,"2025-09-23 18:08:30"
1729,2024-02-01,112,145,113302,2378,115825,119,2219,595,2933,123,9961,3810,13894,11,339,172,522,398,125821,6955,133174,"2025-09-23 18:08:30"
1730,2024-02-01,113,91,73802,1253,75146,28,2244,913,3185,38,9194,1626,10858,0,190,130,320,157,85430,3922,89509,"2025-09-23 18:08:30"
1731,2024-02-01,114,176,109897,686,110759,90,3800,457,4347,167,19606,2989,22762,13,485,235,733,446,133788,4367,138601,"2025-09-23 18:08:30"
1732,2024-02-01,115,248,52592,426,53266,102,1757,557,2416,262,12230,884,13376,13,275,86,374,625,66854,1953,69432,"2025-09-23 18:08:30"
1733,2024-02-01,116,186,52675,383,53244,84,2036,674,2794,199,14239,6267,20705,8,290,352,650,477,69240,7676,77393,"2025-09-23 18:08:30"
1734,2024-02-01,117,93,17529,87,17709,72,741,223,1036,159,6348,4174,10681,8,134,491,633,332,24752,4975,30059,"2025-09-23 18:08:30"
1735,2024-02-01,118,93,101417,1155,102665,62,2820,552,3434,67,10405,2462,12934,10,292,172,474,232,114934,4341,119507,"2025-09-23 18:08:30"
1736,2024-02-01,119,54,183050,3200,186304,26,3533,699,4258,36,11674,3746,15456,8,493,176,677,124,198750,7821,206695,"2025-09-23 18:08:30"
1737,2024-02-01,120,22,144154,740,144916,12,1944,189,2145,22,4947,1417,6386,0,224,40,264,56,151269,2386,153711,"2025-09-23 18:08:30"
1738,2024-02-01,121,382,117478,1578,119438,190,4011,1317,5518,256,21420,4837,26513,21,660,435,1116,849,143569,8167,152585,"2025-09-23 18:08:30"
1739,2024-02-01,122,116,59282,384,59782,94,1336,176,1606,88,5864,2101,8053,9,145,312,466,307,66627,2973,69907,"2025-09-23 18:08:30"
1740,2024-02-01,123,283,151287,2066,153636,262,4618,459,5339,200,18385,2938,21523,29,517,270,816,774,174807,5733,181314,"2025-09-23 18:08:30"
1741,2024-02-01,124,203,100855,1033,102091,92,3436,710,4238,128,19033,4277,23438,16,443,545,1004,439,123767,6565,130771,"2025-09-23 18:08:30"
1742,2024-02-01,125,264,207832,2767,210863,98,5618,2681,8397,171,30932,6353,37456,19,641,312,972,552,245023,12113,257688,"2025-09-23 18:08:30"
1743,2024-02-01,126,354,284945,3764,289063,165,7934,2221,10320,250,35784,7329,43363,24,946,1030,2000,793,329609,14344,344746,"2025-09-23 18:08:30"
1744,2024-02-01,127,183,65848,5428,71459,75,2829,783,3687,157,20945,2615,23717,13,345,375,733,428,89967,9201,99596,"2025-09-23 18:08:30"
1745,2024-02-01,128,198,121989,961,123148,89,2606,354,3049,150,15763,2281,18194,11,321,153,485,448,140679,3749,144876,"2025-09-23 18:08:30"
1746,2024-02-01,129,392,441958,2965,445315,232,10417,2723,13372,290,63670,8003,71963,75,1615,681,2371,989,517660,14372,533021,"2025-09-23 18:08:30"
1748,2024-02-01,131,76,15377,131,15584,56,767,53,876,80,7963,267,8310,11,87,29,127,223,24194,480,24897,"2025-09-23 18:08:30"
1749,2024-02-01,132,72,10988,151,11211,45,466,93,604,115,4894,384,5393,4,83,229,316,236,16431,857,17524,"2025-09-23 18:08:30"
1750,2024-02-01,133,67,12058,120,12245,57,620,89,766,105,6324,620,7049,16,66,68,150,245,19068,897,20210,"2025-09-23 18:08:30"
1751,2024-02-01,134,86,17272,117,17475,57,693,96,846,112,8216,182,8510,11,86,40,137,266,26267,435,26968,"2025-09-23 18:08:30"
1752,2024-02-01,135,71,19958,224,20253,57,825,87,969,80,7999,684,8763,12,171,84,267,220,28953,1079,30252,"2025-09-23 18:08:30"
1753,2024-02-01,136,81,46643,298,47022,68,2116,207,2391,110,13759,1399,15268,14,225,144,383,273,62743,2048,65064,"2025-09-23 18:08:30"
1754,2024-02-01,137,103,54338,710,55151,80,1766,181,2027,158,13782,1724,15664,11,347,886,1244,352,70233,3501,74086,"2025-09-23 18:08:30"
1755,2024-02-01,138,35,17162,159,17356,28,557,35,620,30,3244,581,3855,8,69,50,127,101,21032,825,21958,"2025-09-23 18:08:30"
1756,2024-02-01,139,71,44164,295,44530,67,1531,85,1683,87,9251,1076,10414,6,202,81,289,231,55148,1537,56916,"2025-09-23 18:08:30"
1757,2024-02-01,140,1,8,0,9,0,3,0,3,0,8,0,8,0,0,0,0,1,19,0,20,"2025-09-23 18:08:30"
1758,2024-02-01,141,210,87777,1042,89029,112,2238,374,2724,175,12137,1115,13427,16,319,261,596,513,102471,2792,105776,"2025-09-23 18:08:30"
1759,2024-02-01,142,55,85563,1751,87369,126,2064,838,3028,62,11145,1797,13004,4,303,208,515,247,99075,4594,103916,"2025-09-23 18:08:30"
1760,2024-02-01,143,170,90855,2120,93145,118,2455,537,3110,126,14648,2091,16865,9,386,202,597,423,108344,4950,113717,"2025-09-23 18:08:30"
1761,2024-02-01,144,134,124170,4663,128967,89,3039,674,3802,132,15663,2343,18138,13,528,318,859,368,143400,7998,151766,"2025-09-23 18:08:30"
1762,2024-02-01,145,207,93564,6041,99812,155,2919,404,3478,258,20140,1787,22185,28,414,282,724,648,117037,8514,126199,"2025-09-23 18:08:30"
1764,2024-02-01,147,72,23283,62,23417,38,600,104,742,54,2265,409,2728,9,85,37,131,173,26233,612,27018,"2025-09-23 18:08:30"
1765,2024-02-01,148,232,41904,1456,43592,125,1582,374,2081,226,12878,676,13780,25,192,127,344,608,56556,2633,59797,"2025-09-23 18:08:30"
1766,2024-02-01,149,70,20410,1489,21969,43,1028,235,1306,91,8679,599,9369,6,113,72,191,210,30230,2395,32835,"2025-09-23 18:08:30"
1767,2024-02-01,150,151,45366,833,46350,92,2056,376,2524,144,15205,1071,16420,28,189,80,297,415,62816,2360,65591,"2025-09-23 18:08:30"
1768,2024-02-01,151,151,83884,762,84797,81,2469,342,2892,185,19047,2335,21567,17,462,797,1276,434,105862,4236,110532,"2025-09-23 18:08:30"
1769,2024-02-01,152,131,40048,535,40714,75,1419,176,1670,184,12831,535,13550,32,189,149,370,422,54487,1395,56304,"2025-09-23 18:08:30"
1770,2024-02-01,153,97,22948,193,23238,70,1129,336,1535,145,11274,393,11812,11,88,54,153,323,35439,976,36738,"2025-09-23 18:08:30"
1771,2024-02-01,154,168,81016,968,82152,91,2493,487,3071,162,19038,1863,21063,22,377,430,829,443,102924,3748,107115,"2025-09-23 18:08:30"
1772,2024-02-01,155,76,19504,151,19731,42,743,114,899,106,7754,454,8314,14,85,82,181,238,28086,801,29125,"2025-09-23 18:08:30"
1773,2024-02-01,156,186,168224,2464,170874,143,4854,493,5490,184,24158,3775,28117,43,653,377,1073,556,197889,7109,205554,"2025-09-23 18:08:30"
1774,2024-02-01,157,138,33913,289,34340,119,1405,321,1845,182,11557,725,12464,16,199,115,330,455,47074,1450,48979,"2025-09-23 18:08:30"
1775,2024-02-01,158,104,117340,1777,119221,70,3881,641,4592,123,19724,2773,22620,10,501,400,911,307,141446,5591,147344,"2025-09-23 18:08:30"
1776,2024-02-01,159,175,179654,1961,181790,148,4487,870,5505,213,20831,2461,23505,24,563,280,867,560,205535,5572,211667,"2025-09-23 18:08:30"
1777,2024-02-01,160,77,11390,67,11534,54,491,61,606,120,6001,508,6629,16,62,72,150,267,17944,708,18919,"2025-09-23 18:08:30"
1778,2024-02-01,161,82,24427,196,24705,46,1001,105,1152,194,10765,256,11215,19,127,52,198,341,36320,609,37270,"2025-09-23 18:08:30"
1779,2024-02-01,162,158,41885,326,42369,92,1408,202,1702,143,12293,769,13205,20,218,140,378,413,55804,1437,57654,"2025-09-23 18:08:30"
1781,2024-02-01,164,83,12271,174,12528,62,521,82,665,98,6616,733,7447,10,86,41,137,253,19494,1030,20777,"2025-09-23 18:08:30"
1782,2024-02-01,165,97,20522,160,20779,76,1048,95,1219,133,12628,263,13024,9,115,42,166,315,34313,560,35188,"2025-09-23 18:08:30"
1783,2024-02-01,166,67,10430,112,10609,41,426,64,531,71,5041,395,5507,6,51,65,122,185,15948,636,16769,"2025-09-23 18:08:30"
1784,2024-02-01,167,89,75663,857,76609,70,2197,275,2542,86,14468,3454,18008,15,523,1647,2185,260,92851,6233,99344,"2025-09-23 18:08:30"
1785,2024-02-01,168,57,9130,430,9617,40,409,53,502,74,3953,207,4234,4,65,23,92,175,13557,713,14445,"2025-09-23 18:08:30"
1786,2024-02-01,169,142,52242,814,53198,119,1888,380,2387,210,15574,1713,17497,19,344,277,640,490,70048,3184,73722,"2025-09-23 18:08:30"
1787,2024-02-01,170,80,20044,383,20507,49,795,256,1100,79,7948,1005,9032,11,121,148,280,219,28908,1792,30919,"2025-09-23 18:08:30"
1788,2024-02-01,171,121,82766,2305,85192,120,2714,423,3257,163,13121,2367,15651,11,314,344,669,415,98915,5439,104769,"2025-09-23 18:08:30"
1789,2024-02-01,172,237,38863,152,39252,204,1504,69,1777,155,11777,860,12792,16,182,123,321,612,52326,1204,54142,"2025-09-23 18:08:30"
1790,2024-02-01,173,77,13842,152,14071,53,711,70,834,100,7908,358,8366,12,83,49,144,242,22544,629,23415,"2025-09-23 18:08:30"
1791,2024-02-01,174,167,122533,1825,124525,130,3024,608,3762,194,22817,2114,25125,20,452,919,1391,511,148826,5466,154803,"2025-09-23 18:08:30"
1792,2024-02-01,175,113,13727,98609,112449,66,647,2146,2859,199,9415,444,10058,5,146,40,191,383,23935,101239,125557,"2025-09-23 18:08:30"
1793,2024-02-01,176,194,112737,2369,115300,151,3261,719,4131,199,21867,3493,25559,16,417,847,1280,560,138282,7428,146270,"2025-09-23 18:08:30"
1794,2024-02-01,177,78,20808,144,21030,47,808,91,946,107,8114,505,8726,7,103,52,162,239,29833,792,30864,"2025-09-23 18:08:30"
1795,2024-02-01,178,87,24124,129,24340,61,1194,76,1331,120,11236,770,12126,8,207,135,350,276,36761,1110,38147,"2025-09-23 18:08:30"
1796,2024-02-01,179,124,16057,168,16349,58,713,107,878,108,9690,207,10005,11,90,31,132,301,26550,513,27364,"2025-09-23 18:08:30"
1797,2024-02-01,180,80,18996,171,19247,44,747,78,869,87,8227,919,9233,3,124,88,215,214,28094,1256,29564,"2025-09-23 18:08:30"
1798,2024-02-01,181,90,13156,84,13330,75,564,48,687,107,7110,285,7502,7,55,35,97,279,20885,452,21616,"2025-09-23 18:08:30"
1799,2024-02-01,182,78,11029,91,11198,49,531,58,638,90,6307,136,6533,8,59,22,89,225,17926,307,18458,"2025-09-23 18:08:30"
1800,2024-02-01,183,67,12173,7077,19317,53,526,163,742,87,6561,199,6847,12,83,23,118,219,19343,7462,27024,"2025-09-23 18:08:30"
1801,2024-02-01,184,110,24209,81039,105358,82,1619,1202,2903,142,15592,231,15965,10,113,44,167,344,41533,82516,124393,"2025-09-23 18:08:30"
1802,2024-02-01,185,96,25349,455,25900,55,960,953,1968,100,8101,505,8706,8,147,150,305,259,34557,2063,36879,"2025-09-23 18:08:30"
1804,2024-02-01,187,145,118326,939,119410,97,3053,392,3542,133,22064,2728,24925,13,396,386,795,388,143839,4445,148672,"2025-09-23 18:08:30"
1805,2024-02-01,188,218,118064,1682,119964,147,3802,549,4498,224,25920,1955,28099,19,535,378,932,608,148321,4564,153493,"2025-09-23 18:08:30"
1806,2024-02-01,189,61,14056,37,14154,35,661,53,749,73,6475,684,7232,17,82,49,148,186,21274,823,22283,"2025-09-23 18:08:30"
1807,2024-02-01,190,197,190373,2529,193099,114,5049,779,5942,228,26020,3646,29894,19,620,461,1100,558,222062,7415,230035,"2025-09-23 18:08:30"
1809,2024-02-01,192,145,58196,624,58965,87,2042,273,2402,162,17979,1071,19212,17,234,181,432,411,78451,2149,81011,"2025-09-23 18:08:30"
1810,2024-02-01,193,98,27007,386,27491,59,1195,120,1374,130,10393,283,10806,11,146,96,253,298,38741,885,39924,"2025-09-23 18:08:30"
1811,2024-02-01,194,100,11129,53,11282,51,429,42,522,91,7033,88,7212,14,46,14,74,256,18637,197,19090,"2025-09-23 18:08:30"
1812,2024-02-01,195,120,36813,408,37341,88,1636,253,1977,190,17353,1049,18592,16,199,166,381,414,56001,1876,58291,"2025-09-23 18:08:30"
1813,2024-02-01,196,72,20067,161,20300,44,793,43,880,96,11333,990,12419,10,128,149,287,222,32321,1343,33886,"2025-09-23 18:08:30"
1814,2024-02-01,197,262,63875,901,65038,246,2157,309,2712,267,19435,1183,20885,50,320,226,596,825,85787,2619,89231,"2025-09-23 18:08:30"
1815,2024-02-01,198,73,12889,110,13072,52,599,57,708,121,6058,115,6294,15,78,27,120,261,19624,309,20194,"2025-09-23 18:08:30"
1816,2024-02-01,199,55,6038,34,6127,31,280,27,338,60,3886,46,3992,2,33,8,43,148,10237,115,10500,"2025-09-23 18:08:30"
1817,2024-02-01,200,133,40966,490,41589,76,1606,144,1826,139,14778,732,15649,26,219,157,402,374,57569,1523,59466,"2025-09-23 18:08:30"
1818,2024-02-01,201,128,45247,386,45761,83,1764,246,2093,132,16417,1525,18074,17,237,363,617,360,63665,2520,66545,"2025-09-23 18:08:30"
1819,2024-02-01,202,99,22865,167,23131,61,723,77,861,106,8591,198,8895,20,109,44,173,286,32288,486,33060,"2025-09-23 18:08:30"
1820,2024-02-01,203,58,4237,333,4628,21,257,194,472,65,1408,31,1504,8,21,2,31,152,5923,560,6635,"2025-09-23 18:08:30"
1821,2024-02-01,204,134,20225,120,20479,59,646,83,788,131,6656,126,6913,15,119,38,172,339,27646,367,28352,"2025-09-23 18:08:30"
1822,2024-02-01,205,84,19590,89,19763,81,847,84,1012,128,12339,852,13319,10,109,101,220,303,32885,1126,34314,"2025-09-23 18:08:30"
1823,2024-02-01,206,80,17744,154,17978,44,628,51,723,89,7826,588,8503,13,96,172,281,226,26294,965,27485,"2025-09-23 18:08:30"
1824,2024-02-01,207,61,9896,40,9997,70,464,43,577,85,6014,113,6212,10,72,13,95,226,16446,209,16881,"2025-09-23 18:08:30"
1825,2024-02-01,208,134,56238,269,56641,67,1872,343,2282,105,12996,1552,14653,10,247,315,572,316,71353,2479,74148,"2025-09-23 18:08:30"
1826,2024-02-01,209,140,105784,1325,107249,87,2992,771,3850,209,18103,4317,22629,13,453,1726,2192,449,127332,8139,135920,"2025-09-23 18:08:30"
1827,2024-02-01,210,166,124482,2067,126715,89,2930,309,3328,101,18108,1034,19243,27,418,301,746,383,145938,3711,150032,"2025-09-23 18:08:30"
1829,2024-02-01,212,125,94761,1003,95889,91,2928,463,3482,128,11989,488,12605,15,295,157,467,359,109973,2111,112443,"2025-09-23 18:08:30"
1830,2024-02-01,213,104,24275,195,24574,72,868,173,1113,104,9396,253,9753,12,75,175,262,292,34614,796,35702,"2025-09-23 18:08:30"
1831,2024-02-01,214,48,11768,77,11893,66,733,88,887,94,7383,206,7683,10,115,69,194,232,28071,557,28860,"2025-09-23 18:08:30"
1832,2024-02-01,215,246,242233,2298,244777,162,6307,507,6976,234,41177,4678,46089,33,780,577,1390,675,290497,8060,299232,"2025-09-23 18:08:30"
1833,2024-02-01,216,107,14057,145,14309,56,547,112,715,131,6202,161,6494,9,68,32,109,303,20874,450,21627,"2025-09-23 18:08:30"
1834,2024-02-01,217,108,43402,485,43995,92,1418,186,1696,106,13771,2616,16493,14,178,631,823,320,58769,3918,63007,"2025-09-23 18:08:30"
1835,2024-02-01,218,100,47490,666,48256,81,1472,229,1782,134,10544,537,11215,14,178,114,306,329,59684,1546,61559,"2025-09-23 18:08:30"
1836,2024-02-01,219,94,13581,65,13740,59,516,56,631,95,7195,488,7778,8,143,148,299,256,21435,757,22448,"2025-09-23 18:08:30"
1837,2024-02-01,220,161,150419,1188,151768,99,4220,787,5106,147,22490,7152,29789,21,644,1584,2249,428,177773,10711,188912,"2025-09-23 18:08:30"
1838,2024-02-01,221,64,10404,57,10525,54,399,44,497,90,4608,561,5259,14,56,103,173,222,15467,765,16454,"2025-09-23 18:08:30"
1839,2024-02-01,222,214,142760,2856,145830,173,3372,1007,4552,236,26899,2370,29505,31,483,430,944,654,173514,6663,180831,"2025-09-23 18:08:30"
1840,2024-02-01,223,70,24995,177,25242,69,1047,106,1222,94,10350,406,10850,10,143,68,221,243,36535,757,37535,"2025-09-23 18:08:30"
1841,2024-02-01,224,137,88636,1286,90059,65,1980,472,2517,133,10519,993,11645,11,158,153,322,346,101293,2904,104543,"2025-09-23 18:08:30"
1842,2024-02-01,225,64,93463,5081,98608,32,1953,433,2418,53,11119,1658,12830,4,194,227,425,153,106729,7399,114281,"2025-09-23 18:08:30"
1843,2024-02-01,226,239,157110,60808,218157,220,2112,1220,3552,139,10609,994,11742,13,208,180,401,611,170039,63202,233852,"2025-09-23 18:08:30"
1844,2024-02-01,227,219,100233,1744,102196,181,2248,267,2696,137,16636,1443,18216,16,294,339,649,553,119411,3793,123757,"2025-09-23 18:08:30"
1845,2024-02-01,228,92,86814,719,87625,36,1961,162,2159,91,7869,973,8933,9,265,257,531,228,96909,2111,99248,"2025-09-23 18:08:30"
1846,2024-02-01,229,99,42898,701,43698,83,1703,242,2028,118,8874,333,9325,15,150,73,238,315,53625,1349,55289,"2025-09-23 18:08:30"
1847,2024-02-01,230,57,16072,92,16221,65,549,39,653,104,7829,168,8101,11,76,84,171,237,24526,383,25146,"2025-09-23 18:08:30"
1848,2024-02-01,231,78,33282,33958,67318,54,1089,358,1501,75,10333,525,10933,6,244,230,480,213,44948,35071,80232,"2025-09-23 18:08:30"
1849,2024-02-01,232,57,13369,256,13682,53,492,86,631,116,6541,144,6801,11,71,27,109,237,20473,513,21223,"2025-09-23 18:08:30"
1850,2024-02-01,233,84,15577,101,15762,56,613,79,748,133,8206,399,8738,14,82,73,169,287,24478,652,25417,"2025-09-23 18:08:30"
1852,2024-02-01,235,247,77401,947,78595,139,2945,150,3234,343,27321,641,28305,39,234,141,414,768,107901,1879,110548,"2025-09-23 18:08:30"
1853,2024-02-01,236,620,249252,265473,515345,350,7245,6335,13930,690,57415,3567,61672,39,1210,547,1796,1699,315122,275922,592743,"2025-09-23 18:08:30"
1855,2024-02-01,238,164,93413,2551,96128,148,2594,515,3257,261,18283,1419,19963,36,401,469,906,609,114691,4954,120254,"2025-09-23 18:08:30"
1857,2024-02-01,240,112,39561,661,40334,75,1253,155,1483,127,6963,506,7596,14,157,222,393,328,47934,1544,49806,"2025-09-23 18:08:30"
1858,2024-02-01,241,120,25983,493,26596,105,844,126,1075,183,6787,179,7149,10,144,44,198,418,33758,842,35018,"2025-09-23 18:08:30"
1859,2024-02-01,242,109,34180,945,35234,91,1086,144,1321,111,5461,295,5867,7,143,99,249,318,40870,1483,42671,"2025-09-23 18:08:30"
1860,2024-02-01,243,54,8836,50,8940,52,315,27,394,112,3361,47,3520,10,54,13,77,228,12566,137,12931,"2025-09-23 18:08:30"
1861,2024-02-01,244,45,12404,169,12618,42,413,24,479,121,4183,74,4378,11,80,20,111,219,17080,287,17586,"2025-09-23 18:08:30"
1862,2024-02-01,245,134,15077,154,15365,81,644,58,783,126,6225,131,6482,11,114,52,177,352,22060,395,22807,"2025-09-23 18:08:30"
1863,2024-02-01,246,220,158890,2848,161958,171,4363,517,5051,236,26919,2265,29420,25,629,366,1020,652,190801,5996,197449,"2025-09-23 18:08:30"
1864,2024-02-01,247,54,14522,91,14667,53,472,63,588,118,4959,108,5185,8,84,30,122,233,20037,292,20562,"2025-09-23 18:08:30"
1865,2024-02-01,248,108,14223,245,14576,93,573,74,740,138,6198,166,6502,19,93,34,146,358,21087,519,21964,"2025-09-23 18:08:30"
1866,2024-02-01,249,52,17001,173,17226,69,688,43,800,138,7040,160,7338,14,81,20,115,273,24810,396,25479,"2025-09-23 18:08:30"
1867,2024-02-01,250,321,120565,2509,123395,278,3164,625,4067,270,18836,2733,21839,21,512,408,941,890,143077,6275,150242,"2025-09-23 18:08:30"
1868,2024-02-01,251,60,16195,373,16628,62,614,121,797,116,3384,127,3627,10,123,41,174,248,20316,662,21226,"2025-09-23 18:08:30"
1869,2024-02-01,252,102,17605,360,18067,83,798,96,977,123,8799,142,9064,19,92,56,167,327,27294,654,28275,"2025-09-23 18:08:30"
1870,2024-02-01,253,126,27922,253,28301,113,1224,270,1607,181,11785,443,12409,23,144,65,232,443,41075,1031,42549,"2025-09-23 18:08:30"
1871,2024-02-01,254,57,9651,60,9768,61,299,49,409,102,3299,51,3452,10,58,24,92,230,13307,184,13721,"2025-09-23 18:08:30"
1872,2024-02-01,255,84,19232,503,19819,67,859,79,1005,121,8620,269,9010,13,119,50,182,285,28830,901,30016,"2025-09-23 18:08:30"
1874,2024-02-01,257,104,19977,167,20248,66,1270,101,1437,154,10674,268,11096,14,102,50,166,338,32023,586,32947,"2025-09-23 18:08:30"
1875,2024-02-01,258,204,114992,2094,117290,128,3145,527,3800,206,19403,3102,22711,18,458,701,1177,556,137998,6424,144978,"2025-09-23 18:08:30"
1876,2024-02-01,259,112,33497,594,34203,70,1507,161,1738,141,13596,1063,14800,9,248,157,414,332,48848,1975,51155,"2025-09-23 18:08:30"
1877,2024-02-01,260,139,29158,628,29925,96,1187,170,1453,179,12534,439,13152,19,166,66,251,433,43045,1303,44781,"2025-09-23 18:08:30"
1878,2024-02-01,261,71,8816,59,8946,44,457,60,561,101,4443,251,4795,6,45,38,89,222,13761,408,14391,"2025-09-23 18:08:30"
1879,2024-02-01,262,90,18838,179,19107,61,833,120,1014,125,8704,254,9083,13,109,52,174,289,28484,605,29378,"2025-09-23 18:08:30"
1880,2024-02-01,263,69,10080,57,10206,63,410,20,493,96,5233,61,5390,9,46,16,71,237,15769,154,16160,"2025-09-23 18:08:30"
1881,2024-02-01,264,115,45433,231,45779,119,1666,421,2206,200,12327,2319,14846,26,255,205,486,460,59681,3176,63317,"2025-09-23 18:08:30"
1882,2024-02-01,265,182,112846,1891,114919,144,3958,472,4574,217,24390,3104,27711,16,397,428,841,559,141591,5895,148045,"2025-09-23 18:08:30"
1883,2024-02-01,266,76,9596,59,9731,55,422,70,547,118,4959,269,5346,8,62,26,96,257,15039,424,15720,"2025-09-23 18:08:30"
1884,2024-02-01,267,74,7836,33,7943,40,363,21,424,115,4429,76,4620,6,50,18,74,235,12678,148,13061,"2025-09-23 18:08:30"
1885,2024-02-01,268,168,152613,3216,155997,99,3527,963,4589,130,19570,2566,22266,14,496,402,912,411,176206,7147,183764,"2025-09-23 18:08:30"
1886,2024-02-01,269,326,136585,1993,138904,235,3176,563,3974,196,15965,1503,17664,27,324,238,589,784,156050,4297,161131,"2025-09-23 18:08:30"
1887,2024-02-01,270,107,40770,2250,43127,112,1630,204,1946,159,15099,846,16104,7,231,130,368,385,57730,3430,61545,"2025-09-23 18:08:30"
1888,2024-02-01,271,103,9462,41,9606,57,435,91,583,109,5040,105,5254,14,56,19,89,283,14993,256,15532,"2025-09-23 18:08:30"
1890,2024-03-01,1,154,217524,17038,234716,58,3986,533,4577,178,13665,2426,16269,19,360,158,537,409,235535,20155,256099,"2025-09-23 18:08:36"
1891,2024-03-01,2,107,130110,4976,135193,41,3336,798,4175,147,12026,2539,14712,8,212,222,442,303,145684,8535,154522,"2025-09-23 18:08:36"
1892,2024-03-01,3,107,60324,2091,62522,67,2188,718,2973,132,6968,1298,8398,14,148,114,276,320,69628,4221,74169,"2025-09-23 18:08:36"
1893,2024-03-01,4,121,67078,1905,69104,43,4300,1332,5675,167,16369,4362,20898,16,413,270,699,361,188619,15620,204600,"2025-09-23 18:08:36"
1894,2024-03-01,5,89,99440,3053,102582,46,3083,346,3475,143,9139,2221,11503,12,184,180,376,290,111846,5800,117936,"2025-09-23 18:08:36"
1895,2024-03-01,6,92,80662,3013,83767,45,2190,334,2569,175,8813,1647,10635,11,127,109,247,323,91792,5103,97218,"2025-09-23 18:08:36"
1896,2024-03-01,7,106,115590,10017,125713,62,4154,538,4754,129,13933,2656,16718,7,324,162,493,304,134001,13373,147678,"2025-09-23 18:08:36"
1897,2024-03-01,8,58,71800,3440,75298,32,2709,451,3192,72,10805,2312,13189,12,185,99,296,174,85499,6302,91975,"2025-09-23 18:08:36"
1898,2024-03-01,9,85,129620,5453,135158,58,3391,773,4222,174,9908,2157,12239,12,263,261,536,329,143182,8644,152155,"2025-09-23 18:08:36"
1899,2024-03-01,10,91,76681,4623,81395,48,2352,575,2975,125,8049,2052,10226,12,172,166,350,276,87254,7416,94946,"2025-09-23 18:08:36"
1900,2024-03-01,11,101,84444,2900,87445,55,2642,154,2851,131,9824,2185,12140,10,201,102,313,297,97111,5341,102749,"2025-09-23 18:08:36"
1901,2024-03-01,12,111,94504,1122,95737,47,2268,131,2446,122,6507,1206,7835,16,136,192,344,296,103415,2651,106362,"2025-09-23 18:08:36"
1902,2024-03-01,13,93,101803,4188,106084,54,2595,620,3269,170,9374,2244,11788,21,238,543,802,338,114010,7595,121943,"2025-09-23 18:08:36"
1903,2024-03-01,14,197,77606,3225,81028,99,2065,401,2565,129,5865,1802,7796,7,145,109,261,432,85681,5537,91650,"2025-09-23 18:08:36"
1904,2024-03-01,15,172,152542,3972,156686,129,2974,665,3768,181,10718,4816,15715,18,273,168,459,500,166507,9621,176628,"2025-09-23 18:08:36"
1905,2024-03-01,16,131,82262,8640,91033,49,1863,956,2868,176,8367,1881,10424,19,198,99,316,375,92690,11576,104641,"2025-09-23 18:08:36"
1906,2024-03-01,17,94,105211,2043,107348,48,2910,1099,4057,143,8569,1721,10433,8,185,104,297,293,116875,4967,122135,"2025-09-23 18:08:36"
1907,2024-03-01,18,128,207115,7270,214513,100,4099,1654,5853,163,17820,4954,22937,16,380,380,776,407,229414,14258,244079,"2025-09-23 18:08:36"
1908,2024-03-01,19,129,127854,4361,132344,60,3114,756,3930,140,11116,2939,14195,7,282,431,720,336,142366,8487,151189,"2025-09-23 18:08:36"
1909,2024-03-01,20,126,118455,2950,121531,58,3793,179,4030,167,13407,4425,17999,14,466,625,1105,365,136121,8179,144665,"2025-09-23 18:08:36"
1910,2024-03-01,21,246,64323,1278,65847,121,1819,72,2012,153,5019,800,5972,12,130,28,170,532,71291,2178,74001,"2025-09-23 18:08:36"
1911,2024-03-01,22,99,114527,4047,118673,45,3054,730,3829,139,9951,2063,12153,17,185,190,392,300,127717,7030,135047,"2025-09-23 18:08:36"
1912,2024-03-01,23,1669,39450,245,41364,1537,1486,248,3271,346,3659,1558,5563,105,85,94,284,3657,44680,2145,50482,"2025-09-23 18:08:36"
1913,2024-03-01,63,141,90572,1163,91876,861,1793,228,2882,176,5326,1178,6680,18,285,102,405,1352,49708,3272,54332,"2025-09-23 18:08:36"
1914,2024-03-01,25,84,91698,5934,97716,32,3067,570,3669,122,11681,2829,14632,15,211,332,558,253,106657,9665,116575,"2025-09-23 18:08:36"
1915,2024-03-01,146,1929,751873,13377,767179,3795,71231,14861,89887,3900,246878,60271,311049,426,5788,5240,11454,12822,2977283,197671,3187776,"2025-09-23 18:08:36"
1917,2024-03-01,28,104,65479,2432,68015,62,2059,845,2966,105,9541,3130,12776,14,176,665,855,285,77255,7072,84612,"2025-09-23 18:08:36"
1918,2024-03-01,29,83,73671,843,74597,49,2055,545,2649,119,10847,1328,12294,12,244,208,464,263,86817,2924,90004,"2025-09-23 18:08:36"
1919,2024-03-01,77,296,137985,2854,141135,58,2079,497,2634,56,8929,4413,13398,3,319,1442,1764,228,92144,9443,101815,"2025-09-23 18:08:36"
1920,2024-03-01,57,70,58109,733,58912,47,872,178,1097,60,3608,2353,6021,4,101,1045,1150,191,46758,5390,52339,"2025-09-23 18:08:36"
1921,2024-03-01,32,73,84995,1666,86734,27,1906,362,2295,63,9909,1476,11448,1,196,262,459,164,97006,3766,100936,"2025-09-23 18:08:36"
1922,2024-03-01,33,127,116171,20537,136835,62,2754,510,3326,169,13077,2331,15577,11,200,540,751,369,132202,23918,156489,"2025-09-23 18:08:36"
1923,2024-03-01,79,87,109086,1508,110681,52,2180,305,2537,105,11983,1618,13706,8,196,232,436,311,102055,3688,106054,"2025-09-23 18:08:36"
1924,2024-03-01,35,98,67133,2470,69701,58,2101,245,2404,102,14351,2323,16776,9,219,323,551,267,83804,5361,89432,"2025-09-23 18:08:36"
1925,2024-03-01,36,108,92293,3381,95782,49,2707,339,3095,104,12905,1987,14996,9,208,285,502,270,108113,5992,114375,"2025-09-23 18:08:36"
1926,2024-03-01,60,301,187039,16253,203593,35,894,23,952,42,3635,891,4568,1,56,84,141,137,30419,1401,31957,"2025-09-23 18:08:36"
1927,2024-03-01,38,51,57144,58905,116100,24,1432,872,2328,82,5562,1385,7029,11,151,370,532,168,64289,61532,125989,"2025-09-23 18:08:36"
1928,2024-03-01,39,332,104229,13743,118304,508,1633,635,2776,183,8390,2288,10861,31,187,703,921,1054,114439,17369,132862,"2025-09-23 18:08:36"
1929,2024-03-01,40,84,26831,1383,28298,48,972,292,1312,83,4121,382,4586,9,51,53,113,224,31975,2110,34309,"2025-09-23 18:08:36"
1931,2024-03-01,42,141,149084,10772,159997,57,3064,255,3376,128,13098,2184,15410,9,302,492,803,335,165548,13703,179586,"2025-09-23 18:08:36"
1933,2024-03-01,44,0,19,2,21,37,389,21,447,43,5321,136,5500,2,67,21,90,128,15736,246,16110,"2025-09-23 18:08:36"
1935,2024-03-01,46,216,240251,11458,251925,112,4816,726,5654,183,29397,5560,35140,14,584,582,1180,525,275048,18326,293899,"2025-09-23 18:08:36"
1936,2024-03-01,47,120,118154,1491,119765,122,2935,511,3568,298,19725,2883,22906,61,397,285,743,601,141211,5170,146982,"2025-09-23 18:08:36"
1940,2024-03-01,51,191,196411,3059,199661,197,3003,621,3821,214,16070,1340,17624,12,457,162,631,614,215941,5182,221737,"2025-09-23 18:08:36"
1943,2024-03-01,54,131,27080,11303,38514,50,1126,330,1506,153,10316,771,11240,8,155,88,251,342,38677,12492,51511,"2025-09-23 18:08:36"
1944,2024-03-01,55,110,94319,138610,233039,62,3139,1979,5180,116,25855,2780,28751,17,551,321,889,305,123864,143690,267859,"2025-09-23 18:08:36"
1945,2024-03-01,56,344,222892,24694,247930,415,5180,891,6486,170,29484,3543,33197,23,555,487,1065,952,258111,29615,288678,"2025-09-23 18:08:36"
1947,2024-03-01,58,185,142842,3892,146919,99,4140,51,4290,139,16935,4750,21824,20,416,852,1288,443,164333,9545,174321,"2025-09-23 18:08:36"
1948,2024-03-01,59,151,205959,35766,241876,81,4678,1042,5801,110,20897,3198,24205,11,408,321,740,353,231942,40327,272622,"2025-09-23 18:08:36"
1950,2024-03-01,61,175,203970,5180,209325,97,3168,700,3965,150,12212,3414,15776,13,392,520,925,435,219742,9814,229991,"2025-09-23 18:08:36"
1951,2024-03-01,62,66,8775,143,8984,54,509,68,631,125,3906,65,4096,3,48,14,65,248,13238,290,13776,"2025-09-23 18:08:36"
1954,2024-03-01,65,214,173311,3761,177286,153,4341,401,4895,189,26901,8190,35280,28,703,908,1639,584,205256,13260,219100,"2025-09-23 18:08:36"
1960,2024-03-01,71,83,71912,2016,74011,44,2129,544,2717,106,13849,3951,17906,9,331,442,782,242,88221,6953,95416,"2025-09-23 18:08:36"
1963,2024-03-01,74,130,175120,2798,178048,93,3185,363,3641,434,15658,2436,18528,23,589,294,906,680,194552,5891,201123,"2025-09-23 18:08:36"
1969,2024-03-01,80,172,107647,1168,108987,95,2568,666,3329,170,20649,4218,25037,12,396,1021,1429,449,131260,7073,138782,"2025-09-23 18:08:36"
1972,2024-03-01,83,354,175912,1078,177344,251,3351,504,4106,259,15112,1968,17339,65,614,166,845,929,194989,3716,199634,"2025-09-23 18:08:36"
1974,2024-03-01,85,150,25331,237,25718,86,1150,134,1370,163,6635,205,7003,22,124,46,192,421,33240,622,34283,"2025-09-23 18:08:36"
1975,2024-03-01,86,307,173635,1854,175796,156,4161,383,4700,194,19418,2680,22292,22,422,296,740,679,197636,5213,203528,"2025-09-23 18:08:36"
1976,2024-03-01,87,105,113269,3348,116722,76,2500,629,3205,79,13100,2250,15429,10,344,161,515,270,129213,6388,135871,"2025-09-23 18:08:36"
1977,2024-03-01,88,72,105821,2506,108399,22,2155,625,2802,36,9488,1516,11040,1,211,134,346,131,117675,4781,122587,"2025-09-23 18:08:36"
1978,2024-03-01,89,458,29530,304,30292,106,540,37,683,122,1879,410,2411,12,75,10,97,698,32024,761,33483,"2025-09-23 18:08:36"
1979,2024-03-01,90,123,88327,1786,90236,71,2376,447,2894,107,10357,2346,12810,11,210,201,422,312,101270,4780,106362,"2025-09-23 18:08:36"
1980,2024-03-01,91,182,169897,837,170916,97,4881,2371,7349,129,30650,5480,36259,16,666,362,1044,424,206094,9050,215568,"2025-09-23 18:08:36"
1981,2024-03-01,92,87,61117,1147,62351,76,1599,277,1952,98,8451,1425,9974,12,178,159,349,273,71345,3008,74626,"2025-09-23 18:08:36"
1982,2024-03-01,93,125,88031,1011,89167,74,2177,175,2426,92,9090,3906,13088,10,183,260,453,301,99481,5352,105134,"2025-09-23 18:08:36"
1983,2024-03-01,94,252,201007,2520,203779,113,5169,1543,6825,202,30953,4431,35586,8,682,675,1365,575,237811,9169,247555,"2025-09-23 18:08:36"
1984,2024-03-01,95,362,268398,2139,270899,202,7437,1038,8677,221,43223,6301,49745,27,1068,483,1578,812,320126,9961,330899,"2025-09-23 18:08:36"
1985,2024-03-01,96,92,31892,702,32686,43,1222,75,1340,82,5406,686,6174,11,85,50,146,228,38605,1513,40346,"2025-09-23 18:08:36"
1986,2024-03-01,97,8,114,52,174,13,42,21,76,1,144,32,177,0,0,4,4,22,300,109,431,"2025-09-23 18:08:36"
1987,2024-03-01,98,47,73206,1737,74990,19,2192,79,2290,19,8330,1223,9572,0,165,172,337,85,83893,3211,87189,"2025-09-23 18:08:36"
1988,2024-03-01,99,37,51816,906,52759,32,1954,477,2463,36,9932,1693,11661,4,167,185,356,109,63869,3261,67239,"2025-09-23 18:08:36"
1989,2024-03-01,100,187,128632,2907,131726,142,3603,600,4345,160,15961,3314,19435,25,308,205,538,514,148504,7026,156044,"2025-09-23 18:08:36"
1990,2024-03-01,101,198,178852,4490,183540,58,2464,1377,3899,105,7778,1955,9838,10,353,217,580,371,189447,8039,197857,"2025-09-23 18:08:36"
1991,2024-03-01,102,168,71730,1368,73266,61,2160,221,2442,75,7668,1551,9294,3,207,161,371,307,81765,3301,85373,"2025-09-23 18:08:36"
1992,2024-03-01,103,212,63444,2016,65672,58,2182,264,2504,105,8873,1612,10590,17,172,141,330,392,74671,4033,79096,"2025-09-23 18:08:36"
1993,2024-03-01,104,131,178790,4546,183467,174,4741,1488,6403,159,20627,3106,23892,22,545,560,1127,486,204703,9700,214889,"2025-09-23 18:08:36"
1994,2024-03-01,105,283,143084,1924,145291,101,2181,125,2407,65,6806,1505,8376,3,253,139,395,452,152324,3693,156469,"2025-09-23 18:08:36"
1995,2024-03-01,106,228,96187,960,97375,153,2795,521,3469,103,8263,2147,10513,13,213,122,348,497,107458,3750,111705,"2025-09-23 18:08:36"
1996,2024-03-01,107,124,73103,1297,74524,60,2492,65,2617,91,6614,1914,8619,20,167,101,288,295,82376,3377,86048,"2025-09-23 18:08:36"
1997,2024-03-01,108,177,225435,1750,227362,107,6568,452,7127,152,37502,6416,44070,23,683,488,1194,459,270188,9106,279753,"2025-09-23 18:08:36"
1998,2024-03-01,109,193,135664,2533,138390,157,5104,1140,6401,225,22930,3969,27124,12,381,319,712,587,164079,7961,172627,"2025-09-23 18:08:36"
1999,2024-03-01,110,89,121962,2250,124301,39,4023,663,4725,33,18428,2616,21077,3,415,378,796,164,144828,5907,150899,"2025-09-23 18:08:36"
2000,2024-03-01,111,166,91668,739,92573,99,3114,491,3704,134,19101,3348,22583,14,988,299,1301,413,114871,4877,120161,"2025-09-23 18:08:36"
2001,2024-03-01,112,145,113664,2344,116153,119,2196,601,2916,123,9973,3801,13897,11,332,171,514,398,126165,6917,133480,"2025-09-23 18:08:36"
2002,2024-03-01,113,89,73783,1244,75116,27,2230,915,3172,38,9188,1622,10848,0,188,130,318,154,85389,3911,89454,"2025-09-23 18:08:36"
2003,2024-03-01,114,177,111427,684,112288,90,3799,445,4334,166,19676,3027,22869,13,490,238,741,446,135392,4394,140232,"2025-09-23 18:08:36"
2004,2024-03-01,115,249,52881,421,53551,102,1741,555,2398,266,12303,886,13455,13,281,85,379,630,67206,1947,69783,"2025-09-23 18:08:36"
2005,2024-03-01,116,187,52884,350,53421,83,2036,668,2787,199,14285,6419,20903,8,302,349,659,477,69507,7786,77770,"2025-09-23 18:08:36"
2006,2024-03-01,117,94,17535,87,17716,71,733,221,1025,158,6347,4162,10667,8,134,491,633,331,24749,4961,30041,"2025-09-23 18:08:36"
2007,2024-03-01,118,93,102473,1154,103720,62,2821,555,3438,64,10457,2467,12988,10,299,168,477,229,116050,4344,120623,"2025-09-23 18:08:36"
2008,2024-03-01,119,53,182978,3180,186211,26,3478,700,4204,36,11613,3747,15396,8,497,176,681,123,198566,7803,206492,"2025-09-23 18:08:36"
2009,2024-03-01,120,24,144207,749,144980,12,1918,187,2117,22,4949,1412,6383,0,230,40,270,58,151304,2388,153750,"2025-09-23 18:08:36"
2010,2024-03-01,121,386,118006,1567,119959,189,3953,1322,5464,257,21410,4845,26512,24,658,440,1122,856,144027,8174,153057,"2025-09-23 18:08:36"
2011,2024-03-01,122,117,59210,388,59715,98,1311,176,1585,88,5818,2098,8004,9,140,316,465,312,66479,2978,69769,"2025-09-23 18:08:36"
2012,2024-03-01,123,283,151380,2048,153711,261,4619,458,5338,198,18361,2934,21493,28,528,271,827,770,174888,5711,181369,"2025-09-23 18:08:36"
2013,2024-03-01,124,204,100949,1020,102173,87,3405,721,4213,129,19028,4307,23464,16,448,550,1014,436,123830,6598,130864,"2025-09-23 18:08:36"
2014,2024-03-01,125,268,208865,2705,211838,99,5586,2678,8363,180,30956,6385,37521,19,649,317,985,566,246056,12085,258707,"2025-09-23 18:08:36"
2015,2024-03-01,126,359,286108,3809,290276,165,7953,2206,10324,252,35853,7357,43462,24,952,1037,2013,800,330866,14409,346075,"2025-09-23 18:08:36"
2016,2024-03-01,127,182,65851,5226,71259,75,2800,775,3650,153,20925,2472,23550,13,347,375,735,423,89923,8848,99194,"2025-09-23 18:08:36"
2017,2024-03-01,128,198,122151,1029,123378,89,2612,360,3061,150,15746,2280,18176,11,330,155,496,448,140839,3824,145111,"2025-09-23 18:08:36"
2018,2024-03-01,129,402,443954,2964,447320,232,10366,2714,13312,291,63801,8023,72115,75,1649,676,2400,1000,519770,14377,535147,"2025-09-23 18:08:36"
2020,2024-03-01,131,74,15385,135,15594,56,766,53,875,79,7960,265,8304,11,88,29,128,220,24199,482,24901,"2025-09-23 18:08:36"
2021,2024-03-01,132,73,11003,150,11226,45,461,94,600,116,4905,386,5407,4,83,229,316,238,16452,859,17549,"2025-09-23 18:08:36"
2022,2024-03-01,133,68,12075,121,12264,57,615,89,761,107,6343,624,7074,16,69,68,153,248,19102,902,20252,"2025-09-23 18:08:36"
2023,2024-03-01,134,86,17354,117,17557,57,698,92,847,112,8224,180,8516,11,90,41,142,266,26366,430,27062,"2025-09-23 18:08:36"
2024,2024-03-01,135,72,20022,209,20303,57,815,87,959,81,7978,681,8740,11,168,85,264,221,28983,1062,30266,"2025-09-23 18:08:36"
2025,2024-03-01,136,79,46636,298,47013,68,2118,207,2393,108,13765,1405,15278,14,225,144,383,269,62744,2054,65067,"2025-09-23 18:08:36"
2026,2024-03-01,137,103,54445,704,55252,80,1762,184,2026,158,13783,1715,15656,11,355,885,1251,352,70345,3488,74185,"2025-09-23 18:08:36"
2027,2024-03-01,138,35,17201,159,17395,27,554,35,616,30,3247,578,3855,8,71,49,128,100,21073,821,21994,"2025-09-23 18:08:36"
2028,2024-03-01,139,70,44555,294,44919,66,1517,85,1668,88,9288,1087,10463,6,205,83,294,230,55565,1549,57344,"2025-09-23 18:08:36"
2029,2024-03-01,140,1,8,0,9,0,3,0,3,0,8,0,8,0,0,0,0,1,19,0,20,"2025-09-23 18:08:36"
2030,2024-03-01,141,210,88022,1034,89266,110,2219,371,2700,172,12165,1119,13456,16,323,264,603,508,102729,2788,106025,"2025-09-23 18:08:36"
2031,2024-03-01,142,55,85472,1727,87254,125,2078,843,3046,62,11174,1800,13036,4,308,208,520,246,99032,4578,103856,"2025-09-23 18:08:36"
2032,2024-03-01,143,166,91100,2127,93393,122,2461,538,3121,125,14649,2064,16838,9,388,198,595,422,108598,4927,113947,"2025-09-23 18:08:36"
2033,2024-03-01,144,159,124750,4627,129536,87,3016,675,3778,132,15694,2366,18192,13,533,323,869,391,143993,7991,152375,"2025-09-23 18:08:36"
2034,2024-03-01,145,203,93800,5950,99953,154,2911,406,3471,256,20163,1791,22210,28,416,283,727,641,117290,8430,126361,"2025-09-23 18:08:36"
2036,2024-03-01,147,72,23299,62,23433,38,591,103,732,54,2267,408,2729,9,83,36,128,173,26240,609,27022,"2025-09-23 18:08:36"
2037,2024-03-01,148,235,42000,1407,43642,125,1571,369,2065,225,12892,674,13791,25,196,126,347,610,56659,2576,59845,"2025-09-23 18:08:36"
2038,2024-03-01,149,70,20445,1495,22010,43,1028,231,1302,90,8667,597,9354,6,113,72,191,209,30253,2395,32857,"2025-09-23 18:08:36"
2039,2024-03-01,150,151,45490,846,46487,92,2060,373,2525,142,15224,1071,16437,28,192,79,299,413,62966,2369,65748,"2025-09-23 18:08:36"
2040,2024-03-01,151,152,84215,781,85148,81,2463,342,2886,187,19118,2335,21640,17,463,799,1279,437,106259,4257,110953,"2025-09-23 18:08:36"
2041,2024-03-01,152,132,40086,533,40751,75,1418,177,1670,182,12831,544,13557,32,197,151,380,421,54532,1405,56358,"2025-09-23 18:08:36"
2042,2024-03-01,153,96,22985,192,23273,69,1127,342,1538,149,11274,392,11815,11,86,54,151,325,35472,980,36777,"2025-09-23 18:08:36"
2043,2024-03-01,154,169,81168,970,82307,88,2495,485,3068,162,19054,1863,21079,22,379,431,832,441,103096,3749,107286,"2025-09-23 18:08:36"
2044,2024-03-01,155,78,19564,151,19793,42,738,115,895,107,7733,451,8291,14,87,83,184,241,28122,800,29163,"2025-09-23 18:08:36"
2045,2024-03-01,156,187,169424,2424,172035,142,4869,491,5502,184,24295,3775,28254,42,656,380,1078,555,199244,7070,206869,"2025-09-23 18:08:36"
2046,2024-03-01,157,138,33978,291,34407,124,1411,322,1857,182,11583,727,12492,16,193,115,324,460,47165,1455,49080,"2025-09-23 18:08:36"
2047,2024-03-01,158,106,117920,1783,119809,68,3858,638,4564,124,19813,2782,22719,10,503,402,915,308,142094,5605,148007,"2025-09-23 18:08:36"
2048,2024-03-01,159,177,179905,1929,182011,148,4457,876,5481,212,20902,2455,23569,24,572,278,874,561,205836,5538,211935,"2025-09-23 18:08:36"
2049,2024-03-01,160,77,11407,67,11551,55,488,61,604,118,6009,510,6637,15,63,72,150,265,17967,710,18942,"2025-09-23 18:08:36"
2050,2024-03-01,161,82,24473,195,24750,46,999,105,1150,194,10802,253,11249,19,129,52,200,341,36403,605,37349,"2025-09-23 18:08:36"
2051,2024-03-01,162,156,42268,327,42751,99,1404,200,1703,142,12337,753,13232,20,217,137,374,417,56226,1417,58060,"2025-09-23 18:08:36"
2053,2024-03-01,164,84,12272,172,12528,62,516,87,665,98,6586,731,7415,10,85,41,136,254,19459,1031,20744,"2025-09-23 18:08:36"
2054,2024-03-01,165,97,20610,160,20867,76,1047,95,1218,134,12678,261,13073,9,116,42,167,316,34451,558,35325,"2025-09-23 18:08:36"
2055,2024-03-01,166,68,10473,111,10652,41,431,63,535,71,5064,394,5529,6,52,65,123,186,16020,633,16839,"2025-09-23 18:08:36"
2056,2024-03-01,167,91,75967,858,76916,70,2194,278,2542,86,14504,3466,18056,15,529,1653,2197,262,93194,6255,99711,"2025-09-23 18:08:36"
2057,2024-03-01,168,58,9149,408,9615,40,402,53,495,75,3959,208,4242,4,65,22,91,177,13575,691,14443,"2025-09-23 18:08:36"
2058,2024-03-01,169,141,52327,764,53232,119,1901,366,2386,209,15604,1709,17522,19,350,276,645,488,70182,3115,73785,"2025-09-23 18:08:36"
2059,2024-03-01,170,81,20043,400,20524,49,788,259,1096,79,7951,1003,9033,11,120,148,279,220,28902,1810,30932,"2025-09-23 18:08:36"
2060,2024-03-01,171,122,82941,2289,85352,121,2686,411,3218,157,13095,2365,15617,11,316,345,672,411,99038,5410,104859,"2025-09-23 18:08:36"
2061,2024-03-01,172,240,38959,150,39349,204,1507,69,1780,155,11785,866,12806,16,182,126,324,615,52433,1211,54259,"2025-09-23 18:08:36"
2062,2024-03-01,173,77,13884,157,14118,53,714,69,836,104,7933,361,8398,12,83,49,144,246,22614,636,23496,"2025-09-23 18:08:36"
2063,2024-03-01,174,168,122883,1823,124874,130,3021,603,3754,193,22925,2105,25223,19,450,924,1393,510,149279,5455,155244,"2025-09-23 18:08:36"
2064,2024-03-01,175,113,13820,99282,113215,67,651,2131,2849,200,9461,444,10105,5,148,39,192,385,24080,101896,126361,"2025-09-23 18:08:36"
2065,2024-03-01,176,194,112974,2352,115520,150,3261,718,4129,199,21903,3511,25613,16,418,848,1282,559,138556,7429,146544,"2025-09-23 18:08:36"
2066,2024-03-01,177,79,20864,144,21087,47,805,93,945,107,8137,506,8750,7,104,51,162,240,29910,794,30944,"2025-09-23 18:08:36"
2067,2024-03-01,178,89,24246,128,24463,61,1198,77,1336,121,11268,771,12160,8,211,134,353,279,36923,1110,38312,"2025-09-23 18:08:36"
2068,2024-03-01,179,124,16043,173,16340,58,705,106,869,108,9666,206,9980,11,90,30,131,301,26504,515,27320,"2025-09-23 18:08:36"
2069,2024-03-01,180,81,19063,171,19315,44,749,77,870,90,8220,916,9226,3,123,88,214,218,28155,1252,29625,"2025-09-23 18:08:36"
2070,2024-03-01,181,91,13191,80,13362,75,554,48,677,107,7076,283,7466,7,56,35,98,280,20877,446,21603,"2025-09-23 18:08:36"
2071,2024-03-01,182,77,11090,90,11257,49,529,59,637,90,6300,138,6528,8,59,22,89,224,17978,309,18511,"2025-09-23 18:08:36"
2072,2024-03-01,183,69,12202,6710,18981,53,530,143,726,88,6564,202,6854,11,83,23,117,221,19379,7078,26678,"2025-09-23 18:08:36"
2073,2024-03-01,184,111,24278,80720,105109,81,1626,1160,2867,140,15615,227,15982,10,112,44,166,342,41631,82151,124124,"2025-09-23 18:08:36"
2074,2024-03-01,185,97,25402,424,25923,53,945,968,1966,101,8097,509,8707,8,149,151,308,259,34593,2052,36904,"2025-09-23 18:08:36"
2076,2024-03-01,187,141,118535,931,119607,100,3042,391,3533,131,22031,2736,24898,13,398,385,796,385,144006,4443,148834,"2025-09-23 18:08:36"
2077,2024-03-01,188,216,118344,1682,120242,146,3789,552,4487,224,26075,1948,28247,18,534,377,929,604,148742,4559,153905,"2025-09-23 18:08:36"
2078,2024-03-01,189,63,14133,37,14233,35,664,53,752,73,6483,684,7240,17,78,52,147,188,21358,826,22372,"2025-09-23 18:08:36"
2079,2024-03-01,190,194,191001,2524,193719,113,5048,772,5933,229,26045,3654,29928,20,616,461,1097,556,222710,7411,230677,"2025-09-23 18:08:36"
2081,2024-03-01,192,141,58261,621,59023,87,2035,273,2395,162,17987,1072,19221,18,238,178,434,408,78521,2144,81073,"2025-09-23 18:08:36"
2082,2024-03-01,193,96,27071,386,27553,59,1197,119,1375,131,10438,285,10854,11,150,98,259,297,38856,888,40041,"2025-09-23 18:08:36"
2083,2024-03-01,194,98,11137,53,11288,53,430,42,525,91,7046,89,7226,15,46,14,75,257,18659,198,19114,"2025-09-23 18:08:36"
2084,2024-03-01,195,117,36862,402,37381,88,1634,254,1976,192,17414,1049,18655,16,202,166,384,413,56112,1871,58396,"2025-09-23 18:08:36"
2085,2024-03-01,196,71,20125,160,20356,44,796,43,883,96,11332,989,12417,13,131,148,292,224,32384,1340,33948,"2025-09-23 18:08:36"
2086,2024-03-01,197,249,64007,899,65155,246,2145,309,2700,267,19378,1188,20833,49,323,228,600,811,85853,2624,89288,"2025-09-23 18:08:36"
2087,2024-03-01,198,73,12882,111,13066,51,600,56,707,122,6059,116,6297,15,77,27,119,261,19618,310,20189,"2025-09-23 18:08:36"
2088,2024-03-01,199,54,6041,35,6130,31,280,27,338,60,3894,46,4000,2,33,8,43,147,10248,116,10511,"2025-09-23 18:08:36"
2089,2024-03-01,200,131,41078,491,41700,76,1594,146,1816,144,14798,731,15673,26,217,157,400,377,57687,1525,59589,"2025-09-23 18:08:36"
2090,2024-03-01,201,128,45363,381,45872,83,1747,242,2072,133,16474,1521,18128,16,237,364,617,360,63821,2508,66689,"2025-09-23 18:08:36"
2091,2024-03-01,202,101,22963,165,23229,61,715,77,853,106,8612,196,8914,20,112,43,175,288,32402,481,33171,"2025-09-23 18:08:36"
2092,2024-03-01,203,58,4274,335,4667,21,263,196,480,65,1416,31,1512,8,22,2,32,152,5975,564,6691,"2025-09-23 18:08:36"
2093,2024-03-01,204,134,20235,119,20488,59,642,83,784,128,6643,125,6896,15,121,38,174,336,27641,365,28342,"2025-09-23 18:08:36"
2094,2024-03-01,205,81,19640,89,19810,81,847,84,1012,128,12348,850,13326,10,109,101,220,300,32944,1124,34368,"2025-09-23 18:08:36"
2095,2024-03-01,206,79,17795,156,18030,44,619,51,714,89,7836,590,8515,13,96,166,275,225,26346,963,27534,"2025-09-23 18:08:36"
2096,2024-03-01,207,62,9962,40,10064,70,463,43,576,85,6040,114,6239,10,72,13,95,227,16537,210,16974,"2025-09-23 18:08:36"
2097,2024-03-01,208,122,56239,268,56629,67,1879,345,2291,106,13005,1554,14665,11,254,315,580,306,71377,2482,74165,"2025-09-23 18:08:36"
2098,2024-03-01,209,136,105860,1338,107334,87,2969,775,3831,206,18152,4286,22644,13,456,1727,2196,442,127437,8126,136005,"2025-09-23 18:08:36"
2099,2024-03-01,210,164,125064,2067,127295,89,2920,309,3318,104,18171,1033,19308,28,418,302,748,385,146573,3711,150669,"2025-09-23 18:08:36"
2101,2024-03-01,212,123,95040,1000,96163,91,2909,462,3462,128,12043,495,12666,15,294,157,466,357,110286,2114,112757,"2025-09-23 18:08:36"
2102,2024-03-01,213,103,24427,195,24725,71,860,172,1103,104,9437,253,9794,12,78,176,266,290,34802,796,35888,"2025-09-23 18:08:36"
2103,2024-03-01,214,48,11795,77,11920,62,731,88,881,94,7412,206,7712,10,119,68,197,228,28100,557,28885,"2025-09-23 18:08:36"
2104,2024-03-01,215,247,242710,2291,245248,162,6211,508,6881,235,41024,4693,45952,35,793,576,1404,679,290738,8068,299485,"2025-09-23 18:08:36"
2105,2024-03-01,216,104,14082,144,14330,57,543,112,712,131,6229,160,6520,9,66,30,105,301,20920,446,21667,"2025-09-23 18:08:36"
2106,2024-03-01,217,109,43479,479,44067,92,1417,188,1697,106,13792,2612,16510,14,178,639,831,321,58866,3918,63105,"2025-09-23 18:08:36"
2107,2024-03-01,218,101,47645,661,48407,81,1472,236,1789,137,10507,537,11181,14,182,116,312,333,59806,1550,61689,"2025-09-23 18:08:36"
2108,2024-03-01,219,93,13610,66,13769,63,512,54,629,94,7180,486,7760,8,141,149,298,258,21443,755,22456,"2025-09-23 18:08:36"
2109,2024-03-01,220,164,150856,1126,152146,99,4195,786,5080,149,22436,7145,29730,21,640,1574,2235,433,178127,10631,189191,"2025-09-23 18:08:36"
2110,2024-03-01,221,64,10400,57,10521,53,393,44,490,91,4612,558,5261,14,56,102,172,222,15461,761,16444,"2025-09-23 18:08:36"
2111,2024-03-01,222,216,143081,2850,146147,174,3329,1013,4516,236,26931,2370,29537,32,486,433,951,658,173827,6666,181151,"2025-09-23 18:08:36"
2112,2024-03-01,223,70,25063,178,25311,70,1047,105,1222,94,10396,408,10898,10,144,69,223,244,36650,760,37654,"2025-09-23 18:08:36"
2113,2024-03-01,224,137,88761,1287,90185,65,1981,472,2518,134,10568,997,11699,11,159,154,324,347,101469,2910,104726,"2025-09-23 18:08:36"
2114,2024-03-01,225,65,93933,5098,99096,32,1957,430,2419,53,11145,1656,12854,4,198,228,430,154,107233,7412,114799,"2025-09-23 18:08:36"
2115,2024-03-01,226,240,157480,61341,219061,221,2096,1199,3516,139,10622,998,11759,13,212,182,407,613,170410,63720,234743,"2025-09-23 18:08:36"
2116,2024-03-01,227,219,100359,1749,102327,180,2249,272,2701,137,16750,1433,18320,16,294,338,648,552,119652,3792,123996,"2025-09-23 18:08:36"
2117,2024-03-01,228,92,86959,715,87766,36,1962,161,2159,91,7913,980,8984,9,266,255,530,228,97100,2111,99439,"2025-09-23 18:08:36"
2118,2024-03-01,229,100,42965,694,43759,84,1701,242,2027,117,8868,335,9320,15,158,74,247,316,53692,1345,55353,"2025-09-23 18:08:36"
2119,2024-03-01,230,57,16128,91,16276,66,547,41,654,104,7837,168,8109,11,76,84,171,238,24588,384,25210,"2025-09-23 18:08:36"
2120,2024-03-01,231,78,33265,34284,67627,55,1081,373,1509,77,10330,520,10927,6,245,231,482,216,44921,35408,80545,"2025-09-23 18:08:36"
2121,2024-03-01,232,57,13381,377,13815,53,494,86,633,116,6538,145,6799,11,73,27,111,237,20486,635,21358,"2025-09-23 18:08:36"
2122,2024-03-01,233,85,15637,100,15822,57,615,78,750,136,8207,400,8743,14,86,73,173,292,24545,651,25488,"2025-09-23 18:08:36"
2124,2024-03-01,235,254,77517,945,78716,141,2932,150,3223,341,27309,636,28286,40,235,144,419,776,107993,1875,110644,"2025-09-23 18:08:36"
2125,2024-03-01,236,624,249884,265920,516428,349,7207,6351,13907,691,57386,3581,61658,38,1201,578,1817,1702,315678,276430,593810,"2025-09-23 18:08:36"
2127,2024-03-01,238,163,93535,2545,96243,146,2581,522,3249,266,18293,1423,19982,36,404,454,894,611,114813,4944,120368,"2025-09-23 18:08:36"
2129,2024-03-01,240,112,39546,663,40321,75,1246,156,1477,129,6975,512,7616,14,160,220,394,330,47927,1551,49808,"2025-09-23 18:08:36"
2130,2024-03-01,241,120,26122,489,26731,103,835,124,1062,182,6784,181,7147,10,143,45,198,415,33884,839,35138,"2025-09-23 18:08:36"
2131,2024-03-01,242,108,34194,941,35243,91,1091,146,1328,112,5453,304,5869,7,148,97,252,318,40886,1488,42692,"2025-09-23 18:08:36"
2132,2024-03-01,243,54,8836,50,8940,52,325,27,404,112,3381,49,3542,10,54,13,77,228,12596,139,12963,"2025-09-23 18:08:36"
2133,2024-03-01,244,45,12423,169,12637,42,414,24,480,121,4187,74,4382,11,79,20,110,219,17103,287,17609,"2025-09-23 18:08:36"
2134,2024-03-01,245,132,15101,154,15387,81,645,59,785,124,6245,131,6500,12,119,52,183,349,22110,396,22855,"2025-09-23 18:08:36"
2135,2024-03-01,246,222,159154,2847,162223,170,4340,511,5021,236,26894,2268,29398,25,629,367,1021,653,191017,5993,197663,"2025-09-23 18:08:36"
2136,2024-03-01,247,53,14500,91,14644,52,468,63,583,118,4951,107,5176,8,85,30,123,231,20004,291,20526,"2025-09-23 18:08:36"
2137,2024-03-01,248,108,14214,243,14565,93,571,74,738,138,6215,165,6518,19,95,34,148,358,21095,516,21969,"2025-09-23 18:08:36"
2138,2024-03-01,249,55,17029,182,17266,69,681,43,793,138,7054,159,7351,14,81,20,115,276,24845,404,25525,"2025-09-23 18:08:36"
2139,2024-03-01,250,324,120653,2503,123480,278,3135,626,4039,270,18786,2740,21796,21,511,408,940,893,143085,6277,150255,"2025-09-23 18:08:36"
2140,2024-03-01,251,60,16211,368,16639,62,615,121,798,116,3371,128,3615,10,123,41,174,248,20320,658,21226,"2025-09-23 18:08:36"
2141,2024-03-01,252,102,17652,359,18113,83,799,94,976,122,8739,141,9002,19,95,56,170,326,27285,650,28261,"2025-09-23 18:08:36"
2142,2024-03-01,253,127,28019,247,28393,112,1234,268,1614,180,11783,449,12412,22,146,65,233,441,41182,1029,42652,"2025-09-23 18:08:36"
2143,2024-03-01,254,57,9680,58,9795,61,294,48,403,102,3284,52,3438,10,57,24,91,230,13315,182,13727,"2025-09-23 18:08:36"
2144,2024-03-01,255,84,19234,509,19827,67,836,79,982,121,8626,268,9015,13,119,50,182,285,28815,906,30006,"2025-09-23 18:08:36"
2146,2024-03-01,257,105,20069,166,20340,66,1273,102,1441,155,10709,268,11132,14,103,50,167,340,32154,586,33080,"2025-09-23 18:08:36"
2147,2024-03-01,258,205,115220,2076,117501,126,3123,527,3776,206,19475,3100,22781,19,467,699,1185,556,138285,6402,145243,"2025-09-23 18:08:36"
2148,2024-03-01,259,111,33569,591,34271,70,1507,168,1745,141,13593,1055,14789,9,251,157,417,331,48920,1971,51222,"2025-09-23 18:08:36"
2149,2024-03-01,260,141,29262,594,29997,95,1178,169,1442,179,12522,443,13144,18,169,67,254,433,43131,1273,44837,"2025-09-23 18:08:36"
2150,2024-03-01,261,71,8860,59,8990,42,455,59,556,101,4446,245,4792,6,46,38,90,220,13807,401,14428,"2025-09-23 18:08:36"
2151,2024-03-01,262,89,18868,181,19138,61,828,120,1009,126,8691,252,9069,12,108,53,173,288,28495,606,29389,"2025-09-23 18:08:36"
2152,2024-03-01,263,69,10116,57,10242,60,408,20,488,96,5216,65,5377,9,46,17,72,234,15786,159,16179,"2025-09-23 18:08:36"
2153,2024-03-01,264,114,45735,234,46083,119,1669,427,2215,198,12375,2324,14897,26,255,208,489,457,60034,3193,63684,"2025-09-23 18:08:36"
2154,2024-03-01,265,181,113077,1877,115135,144,3962,471,4577,214,24471,3107,27792,16,397,427,840,555,141907,5882,148344,"2025-09-23 18:08:36"
2155,2024-03-01,266,76,9610,58,9744,59,415,69,543,119,4958,271,5348,8,61,26,95,262,15044,424,15730,"2025-09-23 18:08:36"
2156,2024-03-01,267,74,7857,33,7964,42,357,21,420,115,4432,77,4624,6,50,18,74,237,12696,149,13082,"2025-09-23 18:08:36"
2157,2024-03-01,268,153,152632,3231,156016,98,3523,961,4582,129,19497,2618,22244,14,499,402,915,394,176151,7212,183757,"2025-09-23 18:08:36"
2158,2024-03-01,269,329,136766,1977,139072,236,3157,557,3950,196,15989,1505,17690,27,329,238,594,788,156241,4277,161306,"2025-09-23 18:08:36"
2159,2024-03-01,270,107,40730,2197,43034,112,1608,202,1922,162,14973,853,15988,8,226,131,365,389,57537,3383,61309,"2025-09-23 18:08:36"
2160,2024-03-01,271,104,9502,46,9652,58,431,92,581,109,5060,108,5277,14,58,16,88,285,15051,262,15598,"2025-09-23 18:08:36"
2162,2024-04-01,1,154,217733,16813,234700,58,3984,531,4573,179,13682,2421,16282,19,360,156,535,410,235759,19921,256090,"2025-09-23 18:08:43"
2163,2024-04-01,2,108,130444,4970,135522,41,3308,732,4081,147,12012,2532,14691,7,220,218,445,303,145984,8452,154739,"2025-09-23 18:08:43"
2164,2024-04-01,3,107,60285,2079,62471,67,2174,717,2958,132,6958,1295,8385,15,148,112,275,321,69565,4203,74089,"2025-09-23 18:08:43"
2165,2024-04-01,4,122,67315,1941,69378,43,4289,1323,5655,169,16357,4328,20854,16,419,262,697,363,188608,15396,204367,"2025-09-23 18:08:43"
2166,2024-04-01,5,90,99437,3034,102561,45,3060,347,3452,143,9112,2224,11479,12,181,177,370,290,111790,5782,117862,"2025-09-23 18:08:43"
2167,2024-04-01,6,92,80705,3034,83831,45,2172,334,2551,173,8793,1640,10606,11,125,109,245,321,91795,5117,97233,"2025-09-23 18:08:43"
2168,2024-04-01,7,106,115570,9992,125668,62,4110,584,4756,127,13905,2655,16687,7,325,165,497,302,133910,13396,147608,"2025-09-23 18:08:43"
2169,2024-04-01,8,58,71782,3414,75254,32,2698,451,3181,72,10798,2317,13187,12,183,100,295,174,85461,6282,91917,"2025-09-23 18:08:43"
2170,2024-04-01,9,83,129687,5446,135216,54,3388,771,4213,177,9885,2163,12225,12,264,259,535,326,143224,8639,152189,"2025-09-23 18:08:43"
2171,2024-04-01,10,92,76655,4619,81366,48,2330,635,3013,125,8021,2059,10205,12,175,168,355,277,87181,7481,94939,"2025-09-23 18:08:43"
2172,2024-04-01,11,100,84548,2887,87535,54,2629,142,2825,131,9793,2199,12123,10,196,97,303,295,97166,5325,102786,"2025-09-23 18:08:43"
2173,2024-04-01,12,111,94610,1114,95835,47,2248,132,2427,122,6498,1200,7820,17,136,189,342,297,103492,2635,106424,"2025-09-23 18:08:43"
2174,2024-04-01,13,93,101846,4186,106125,54,2578,623,3255,177,9367,2228,11772,21,238,543,802,345,114029,7580,121954,"2025-09-23 18:08:43"
2175,2024-04-01,14,197,77645,3260,81102,100,2052,400,2552,130,5861,1790,7781,7,146,110,263,434,85704,5560,91698,"2025-09-23 18:08:43"
2176,2024-04-01,15,172,152561,3918,156651,129,2968,666,3763,187,10724,4803,15714,16,274,169,459,504,166527,9556,176587,"2025-09-23 18:08:43"
2177,2024-04-01,16,131,82289,8711,91131,47,1851,960,2858,176,8355,1878,10409,19,191,100,310,373,92686,11649,104708,"2025-09-23 18:08:43"
2178,2024-04-01,17,94,105236,2042,107372,48,2894,1100,4042,138,8555,1718,10411,8,189,105,302,288,116874,4965,122127,"2025-09-23 18:08:43"
2179,2024-04-01,18,127,207155,7316,214598,98,4067,1622,5787,164,17742,4873,22779,16,380,382,778,405,229344,14193,243942,"2025-09-23 18:08:43"
2180,2024-04-01,19,129,127483,4353,131965,60,3114,760,3934,142,11056,2935,14133,7,275,435,717,338,141928,8483,150749,"2025-09-23 18:08:43"
2181,2024-04-01,20,129,118551,2927,121607,58,3758,179,3995,168,13409,4425,18002,14,469,633,1116,369,136187,8164,144720,"2025-09-23 18:08:43"
2182,2024-04-01,21,248,64049,1258,65555,118,1808,73,1999,153,4978,832,5963,12,129,28,169,531,70964,2191,73686,"2025-09-23 18:08:43"
2183,2024-04-01,22,100,114534,4053,118687,45,3035,743,3823,140,9903,2061,12104,16,186,189,391,301,127658,7046,135005,"2025-09-23 18:08:43"
2184,2024-04-01,23,1671,39381,239,41291,1536,1482,249,3267,347,3645,1562,5554,105,86,94,285,3659,44594,2144,50397,"2025-09-23 18:08:43"
2185,2024-04-01,63,141,90757,1165,92063,860,1791,232,2883,175,5317,1182,6674,18,274,101,393,1352,49474,3248,54074,"2025-09-23 18:08:43"
2186,2024-04-01,25,84,91736,5906,97726,33,3052,573,3658,122,11688,2826,14636,14,215,331,560,253,106691,9636,116580,"2025-09-23 18:08:43"
2187,2024-04-01,146,1921,752220,13315,767456,3782,70840,14879,89501,3916,246414,60146,310476,423,5784,5232,11439,12831,2976595,197044,3186470,"2025-09-23 18:08:43"
2189,2024-04-01,28,105,65402,2440,67947,62,2053,852,2967,105,9500,3121,12726,14,174,662,850,286,77129,7075,84490,"2025-09-23 18:08:43"
2190,2024-04-01,29,84,73735,841,74660,49,2034,544,2627,120,10806,1338,12264,12,242,208,462,265,86817,2931,90013,"2025-09-23 18:08:43"
2191,2024-04-01,77,299,137994,2837,141130,57,2062,499,2618,57,8913,4407,13377,3,310,1432,1745,229,92254,9427,101910,"2025-09-23 18:08:43"
2192,2024-04-01,57,68,58251,720,59039,47,867,180,1094,60,3624,2365,6049,4,100,1057,1161,192,47388,5402,52982,"2025-09-23 18:08:43"
2193,2024-04-01,32,73,85096,1670,86839,28,1882,362,2272,63,9918,1483,11464,1,198,266,465,165,97094,3781,101040,"2025-09-23 18:08:43"
2194,2024-04-01,33,127,116408,20904,137439,62,2747,515,3324,171,13021,2328,15520,11,207,538,756,371,132383,24285,157039,"2025-09-23 18:08:43"
2195,2024-04-01,79,87,109209,1515,110811,52,2167,305,2524,107,11941,1626,13674,8,197,233,438,306,102025,3705,106036,"2025-09-23 18:08:43"
2196,2024-04-01,35,98,67061,2442,69601,58,2076,246,2380,104,14302,2309,16715,9,222,327,558,269,83661,5324,89254,"2025-09-23 18:08:43"
2197,2024-04-01,36,108,92250,3365,95723,49,2687,338,3074,105,12902,1986,14993,9,211,288,508,271,108050,5977,114298,"2025-09-23 18:08:43"
2198,2024-04-01,60,298,186862,16856,204016,35,890,23,948,41,3634,886,4561,1,57,85,143,136,30432,1396,31964,"2025-09-23 18:08:43"
2199,2024-04-01,38,51,57021,59625,116697,24,1423,863,2310,82,5546,1365,6993,11,148,367,526,168,64138,62220,126526,"2025-09-23 18:08:43"
2200,2024-04-01,39,332,104283,14180,118795,508,1636,642,2786,186,8392,2288,10866,31,188,707,926,1057,114499,17817,133373,"2025-09-23 18:08:43"
2201,2024-04-01,40,82,26798,1397,28277,48,970,291,1309,83,4114,379,4576,9,49,53,111,222,31931,2120,34273,"2025-09-23 18:08:43"
2203,2024-04-01,42,142,149285,10589,160016,57,3017,254,3328,130,13088,2194,15412,9,301,490,800,338,165691,13527,179556,"2025-09-23 18:08:43"
2205,2024-04-01,44,0,19,2,21,36,385,20,441,43,5299,135,5477,2,64,21,87,129,15685,244,16058,"2025-09-23 18:08:43"
2207,2024-04-01,46,194,240059,11628,251881,110,4762,728,5600,183,29212,5574,34969,14,580,583,1177,501,274613,18513,293627,"2025-09-23 18:08:43"
2208,2024-04-01,47,119,117998,1476,119593,120,2914,511,3545,295,19683,2891,22869,61,395,290,746,595,140990,5168,146753,"2025-09-23 18:08:43"
2212,2024-04-01,51,188,196426,3176,199790,191,2985,623,3799,214,15996,1334,17544,12,461,162,635,605,215868,5295,221768,"2025-09-23 18:08:43"
2215,2024-04-01,54,132,27118,10391,37641,50,1118,325,1493,153,10319,759,11231,8,158,88,254,343,38713,11563,50619,"2025-09-23 18:08:43"
2216,2024-04-01,55,109,94766,139795,234670,61,3128,2002,5191,111,25937,2767,28815,16,555,323,894,297,124386,144887,269570,"2025-09-23 18:08:43"
2217,2024-04-01,56,343,223125,24374,247842,415,5139,886,6440,170,29394,3586,33150,23,561,488,1072,951,258219,29334,288504,"2025-09-23 18:08:43"
2219,2024-04-01,58,185,143235,4253,147673,98,4085,52,4235,138,16914,4785,21837,20,425,859,1304,441,164659,9949,175049,"2025-09-23 18:08:43"
2220,2024-04-01,59,151,205501,35333,240985,81,4615,1036,5732,110,20736,3200,24046,11,416,321,748,353,231268,39890,271511,"2025-09-23 18:08:43"
2222,2024-04-01,61,176,204633,5221,210030,97,3143,707,3947,150,12175,3419,15744,13,389,520,922,436,220340,9867,230643,"2025-09-23 18:08:43"
2223,2024-04-01,62,65,8753,143,8961,54,500,67,621,125,3910,65,4100,3,48,13,64,247,13211,288,13746,"2025-09-23 18:08:43"
2226,2024-04-01,65,213,173414,3746,177373,153,4301,407,4861,189,26783,8267,35239,28,704,912,1644,583,205202,13332,219117,"2025-09-23 18:08:43"
2232,2024-04-01,71,81,72281,2002,74364,44,2102,546,2692,106,13805,3923,17834,9,345,445,799,240,88533,6916,95689,"2025-09-23 18:08:43"
2235,2024-04-01,74,128,175159,2776,178063,93,3148,366,3607,434,15481,2431,18346,23,598,295,916,678,194386,5868,200932,"2025-09-23 18:08:43"
2241,2024-04-01,80,172,107906,1156,109234,95,2546,664,3305,170,20652,4218,25040,13,400,1021,1434,450,131504,7059,139013,"2025-09-23 18:08:43"
2244,2024-04-01,83,358,175988,1085,177431,248,3330,522,4100,259,15112,1973,17344,65,624,165,854,930,195054,3745,199729,"2025-09-23 18:08:43"
2246,2024-04-01,85,150,25374,238,25762,86,1149,134,1369,163,6616,203,6982,22,124,46,192,421,33263,621,34305,"2025-09-23 18:08:43"
2247,2024-04-01,86,314,173491,1849,175654,156,4130,384,4670,194,19417,2676,22287,22,429,293,744,686,197467,5202,203355,"2025-09-23 18:08:43"
2248,2024-04-01,87,106,114065,3250,117421,76,2500,626,3202,81,13131,2213,15425,10,346,160,516,273,130042,6249,136564,"2025-09-23 18:08:43"
2249,2024-04-01,88,72,105717,2507,108296,22,2146,623,2791,36,9394,1513,10943,1,212,133,346,131,117469,4776,122376,"2025-09-23 18:08:43"
2250,2024-04-01,89,458,29699,305,30462,106,535,37,678,122,1890,456,2468,12,78,10,100,698,32202,808,33708,"2025-09-23 18:08:43"
2251,2024-04-01,90,125,88309,1793,90227,71,2345,429,2845,108,10307,2340,12755,11,208,200,419,315,101169,4762,106246,"2025-09-23 18:08:43"
2252,2024-04-01,91,187,170332,838,171357,96,4850,2355,7301,131,30645,5458,36234,16,670,364,1050,430,206497,9015,215942,"2025-09-23 18:08:43"
2253,2024-04-01,92,87,61069,1134,62290,76,1561,278,1915,97,8423,1430,9950,12,179,158,349,272,71232,3000,74504,"2025-09-23 18:08:43"
2254,2024-04-01,93,126,88085,1015,89226,74,2159,174,2407,92,9053,3905,13050,10,181,256,447,302,99478,5350,105130,"2025-09-23 18:08:43"
2255,2024-04-01,94,250,200963,2493,203706,113,5107,1572,6792,201,30891,4436,35528,8,679,700,1387,572,237640,9201,247413,"2025-09-23 18:08:43"
2256,2024-04-01,95,365,268886,2201,271452,204,7319,1029,8552,220,43222,6279,49721,27,1076,485,1588,816,320503,9994,331313,"2025-09-23 18:08:43"
2257,2024-04-01,96,92,31909,698,32699,43,1220,74,1337,83,5361,688,6132,11,87,50,148,229,38577,1510,40316,"2025-09-23 18:08:43"
2258,2024-04-01,97,6,98,3,107,0,38,10,48,0,132,8,140,0,0,1,1,6,268,22,296,"2025-09-23 18:08:43"
2259,2024-04-01,98,47,73137,1740,74924,19,2177,79,2275,19,8311,1228,9558,0,164,172,336,85,83789,3219,87093,"2025-09-23 18:08:43"
2260,2024-04-01,99,38,51739,907,52684,32,1920,480,2432,36,9941,1718,11695,4,166,185,355,110,63766,3290,67166,"2025-09-23 18:08:43"
2261,2024-04-01,100,189,128667,2947,131803,155,3593,609,4357,160,15924,3304,19388,25,315,206,546,529,148499,7066,156094,"2025-09-23 18:08:43"
2262,2024-04-01,101,197,178751,4467,183415,55,2449,1371,3875,104,7743,1953,9800,10,353,213,576,366,189296,8004,197666,"2025-09-23 18:08:43"
2263,2024-04-01,102,170,71800,1369,73339,61,2148,224,2433,77,7665,1543,9285,3,203,160,366,311,81816,3296,85423,"2025-09-23 18:08:43"
2264,2024-04-01,103,213,63472,2013,65698,58,2173,264,2495,103,8837,1607,10547,17,174,142,333,391,74656,4026,79073,"2025-09-23 18:08:43"
2265,2024-04-01,104,130,178788,4583,183501,174,4631,1478,6283,158,20488,3095,23741,22,541,559,1122,484,204448,9715,214647,"2025-09-23 18:08:43"
2266,2024-04-01,105,283,142931,1930,145144,104,2149,124,2377,66,6757,1503,8326,3,258,139,400,456,152095,3696,156247,"2025-09-23 18:08:43"
2267,2024-04-01,106,227,97078,963,98268,153,2768,518,3439,104,8262,2147,10513,13,220,122,355,497,108328,3750,112575,"2025-09-23 18:08:43"
2268,2024-04-01,107,124,72983,1279,74386,60,2454,66,2580,91,6548,1932,8571,20,171,99,290,295,82156,3376,85827,"2025-09-23 18:08:43"
2269,2024-04-01,108,175,225505,1759,227439,108,6518,455,7081,151,37486,6414,44051,23,699,496,1218,457,270208,9124,279789,"2025-09-23 18:08:43"
2270,2024-04-01,109,190,135882,2541,138613,154,5064,1159,6377,225,22915,3971,27111,12,380,323,715,581,164241,7994,172816,"2025-09-23 18:08:43"
2271,2024-04-01,110,85,121985,2222,124292,39,3990,654,4683,33,18378,2598,21009,3,420,376,799,160,144773,5850,150783,"2025-09-23 18:08:43"
2272,2024-04-01,111,162,92224,716,93102,99,3114,487,3700,134,19088,3373,22595,14,986,298,1298,409,115412,4874,120695,"2025-09-23 18:08:43"
2273,2024-04-01,112,148,113775,2379,116302,119,2163,595,2877,127,9986,3798,13911,11,338,171,520,405,126262,6943,133610,"2025-09-23 18:08:43"
2274,2024-04-01,113,92,73756,1233,75081,27,2207,907,3141,40,9173,1608,10821,0,184,130,314,159,85320,3878,89357,"2025-09-23 18:08:43"
2275,2024-04-01,114,175,112216,681,113072,89,3763,446,4298,166,19686,2973,22825,13,492,240,745,443,136157,4340,140940,"2025-09-23 18:08:43"
2276,2024-04-01,115,243,53068,419,53730,102,1729,547,2378,265,12285,894,13444,13,280,84,377,623,67362,1944,69929,"2025-09-23 18:08:43"
2277,2024-04-01,116,183,52949,353,53485,83,2012,669,2764,199,14291,6467,20957,9,304,350,663,474,69556,7839,77869,"2025-09-23 18:08:43"
2278,2024-04-01,117,93,17533,74,17700,71,729,220,1020,159,6351,4131,10641,7,137,492,636,330,24750,4917,29997,"2025-09-23 18:08:43"
2279,2024-04-01,118,90,103492,1160,104742,62,2810,553,3425,64,10494,2480,13038,10,296,173,479,226,117092,4366,121684,"2025-09-23 18:08:43"
2280,2024-04-01,119,49,182897,3168,186114,26,3443,699,4168,36,11664,3748,15448,8,497,179,684,119,198501,7794,206414,"2025-09-23 18:08:43"
2281,2024-04-01,120,24,144167,738,144929,12,1896,185,2093,22,4904,1407,6333,0,231,40,271,58,151198,2370,153626,"2025-09-23 18:08:43"
2282,2024-04-01,121,388,118849,1584,120821,189,3925,1318,5432,248,21470,4845,26563,24,664,444,1132,849,144908,8191,153948,"2025-09-23 18:08:43"
2283,2024-04-01,122,114,59094,389,59597,98,1299,178,1575,88,5825,2093,8006,9,140,317,466,309,66358,2977,69644,"2025-09-23 18:08:43"
2284,2024-04-01,123,284,151253,2038,153575,264,4535,452,5251,196,18203,2973,21372,28,530,273,831,772,174521,5736,181029,"2025-09-23 18:08:43"
2285,2024-04-01,124,207,101116,1013,102336,87,3363,730,4180,130,18978,4311,23419,16,454,549,1019,440,123911,6603,130954,"2025-09-23 18:08:43"
2286,2024-04-01,125,268,209876,2634,212778,99,5542,2695,8336,176,31019,6290,37485,19,653,296,968,562,247090,11915,259567,"2025-09-23 18:08:43"
2287,2024-04-01,126,355,286463,3811,290629,162,7848,2208,10218,254,35736,7364,43354,24,969,1053,2046,795,331016,14436,346247,"2025-09-23 18:08:43"
2288,2024-04-01,127,182,65919,5006,71107,75,2784,781,3640,153,20846,2465,23464,14,349,379,742,424,89898,8631,98953,"2025-09-23 18:08:43"
2289,2024-04-01,128,196,122344,902,123442,90,2588,357,3035,150,15697,2269,18116,10,339,154,503,446,140968,3682,145096,"2025-09-23 18:08:43"
2290,2024-04-01,129,397,445486,2998,448881,226,10312,2731,13269,295,63868,8059,72222,75,1652,673,2400,993,521318,14461,536772,"2025-09-23 18:08:43"
2292,2024-04-01,131,75,15372,133,15580,56,758,53,867,78,7957,260,8295,11,88,29,128,220,24175,475,24870,"2025-09-23 18:08:43"
2293,2024-04-01,132,72,11049,148,11269,46,459,94,599,115,4884,386,5385,4,89,231,324,237,16481,859,17577,"2025-09-23 18:08:43"
2294,2024-04-01,133,68,12093,119,12280,57,610,89,756,107,6341,620,7068,16,70,65,151,248,19114,893,20255,"2025-09-23 18:08:43"
2295,2024-04-01,134,86,17367,120,17573,56,693,91,840,111,8211,179,8501,11,90,41,142,264,26361,431,27056,"2025-09-23 18:08:43"
2296,2024-04-01,135,72,20034,202,20308,57,811,85,953,81,8013,679,8773,11,184,85,280,221,29042,1051,30314,"2025-09-23 18:08:43"
2297,2024-04-01,136,79,46685,299,47063,71,2115,207,2393,108,13810,1400,15318,14,230,144,388,272,62840,2050,65162,"2025-09-23 18:08:43"
2298,2024-04-01,137,103,54468,700,55271,79,1726,183,1988,160,13714,1729,15603,11,351,884,1246,353,70259,3496,74108,"2025-09-23 18:08:43"
2299,2024-04-01,138,34,17192,159,17385,25,549,35,609,30,3212,579,3821,7,70,48,125,96,21023,821,21940,"2025-09-23 18:08:43"
2300,2024-04-01,139,70,44794,297,45161,66,1508,84,1658,89,9245,1090,10424,6,206,84,296,231,55753,1555,57539,"2025-09-23 18:08:43"
2301,2024-04-01,140,1,8,0,9,0,3,0,3,0,8,0,8,0,0,0,0,1,19,0,20,"2025-09-23 18:08:43"
2302,2024-04-01,141,210,88061,1032,89303,110,2210,369,2689,173,12143,1123,13439,16,326,261,603,509,102740,2785,106034,"2025-09-23 18:08:43"
2303,2024-04-01,142,55,85278,1724,87057,125,2081,839,3045,64,11173,1794,13031,4,301,209,514,248,98833,4566,103647,"2025-09-23 18:08:43"
2304,2024-04-01,143,166,91145,2360,93671,122,2442,543,3107,124,14613,2059,16796,9,391,192,592,421,108591,5154,114166,"2025-09-23 18:08:43"
2305,2024-04-01,144,148,125711,4362,130221,86,3013,687,3786,134,15745,2369,18248,13,539,325,877,381,145008,7743,153132,"2025-09-23 18:08:43"
2306,2024-04-01,145,196,93941,5833,99970,156,2897,405,3458,259,20099,1792,22150,29,427,277,733,640,117364,8307,126311,"2025-09-23 18:08:43"
2308,2024-04-01,147,72,23303,62,23437,37,586,103,726,57,2266,411,2734,9,83,36,128,175,26238,612,27025,"2025-09-23 18:08:43"
2309,2024-04-01,148,235,42046,1384,43665,123,1560,367,2050,221,12861,673,13755,24,201,127,352,603,56668,2551,59822,"2025-09-23 18:08:43"
2310,2024-04-01,149,70,20505,1513,22088,43,1025,231,1299,90,8647,601,9338,6,114,72,192,209,30291,2417,32917,"2025-09-23 18:08:43"
2311,2024-04-01,150,151,45524,830,46505,91,2057,374,2522,143,15236,1072,16451,29,194,81,304,414,63011,2357,65782,"2025-09-23 18:08:43"
2312,2024-04-01,151,152,84392,783,85327,79,2463,338,2880,189,19072,2331,21592,17,463,797,1277,437,106390,4249,111076,"2025-09-23 18:08:43"
2313,2024-04-01,152,132,40179,531,40842,74,1408,178,1660,182,12821,543,13546,32,196,152,380,420,54604,1404,56428,"2025-09-23 18:08:43"
2314,2024-04-01,153,96,22968,193,23257,69,1110,339,1518,152,11240,391,11783,12,85,53,150,329,35403,976,36708,"2025-09-23 18:08:43"
2315,2024-04-01,154,172,81436,1012,82620,88,2470,486,3044,162,19077,1865,21104,24,382,429,835,446,103365,3792,107603,"2025-09-23 18:08:43"
2316,2024-04-01,155,79,19573,149,19801,40,737,116,893,107,7697,445,8249,14,89,82,185,240,28096,792,29128,"2025-09-23 18:08:43"
2317,2024-04-01,156,189,170185,2408,172782,142,4811,488,5441,186,24228,3774,28188,42,664,383,1089,559,199888,7053,207500,"2025-09-23 18:08:43"
2318,2024-04-01,157,139,34138,288,34565,124,1400,319,1843,185,11538,723,12446,16,193,112,321,464,47269,1442,49175,"2025-09-23 18:08:43"
2319,2024-04-01,158,106,118235,1774,120115,67,3812,644,4523,124,19667,2789,22580,10,503,406,919,307,142217,5613,148137,"2025-09-23 18:08:43"
2320,2024-04-01,159,177,180338,1935,182450,146,4456,873,5475,214,20921,2465,23600,24,580,281,885,561,206295,5554,212410,"2025-09-23 18:08:43"
2321,2024-04-01,160,79,11409,67,11555,55,484,61,600,119,6013,509,6641,15,63,73,151,268,17969,710,18947,"2025-09-23 18:08:43"
2322,2024-04-01,161,85,24540,195,24820,45,993,109,1147,194,10807,253,11254,19,131,53,203,343,36471,610,37424,"2025-09-23 18:08:43"
2323,2024-04-01,162,160,42426,326,42912,91,1396,199,1686,145,12296,759,13200,20,220,138,378,416,56338,1422,58176,"2025-09-23 18:08:43"
2325,2024-04-01,164,83,12264,170,12517,64,507,78,649,99,6578,737,7414,10,85,41,136,256,19434,1026,20716,"2025-09-23 18:08:43"
2326,2024-04-01,165,99,20659,160,20918,73,1033,93,1199,137,12607,260,13004,9,117,42,168,318,34416,555,35289,"2025-09-23 18:08:43"
2327,2024-04-01,166,68,10509,104,10681,41,426,63,530,71,5027,392,5490,6,51,65,122,186,16013,624,16823,"2025-09-23 18:08:43"
2328,2024-04-01,167,93,76043,862,76998,70,2163,278,2511,86,14464,3471,18021,14,515,1653,2182,263,93185,6264,99712,"2025-09-23 18:08:43"
2329,2024-04-01,168,58,9158,409,9625,40,403,51,494,74,3948,206,4228,4,66,22,92,176,13575,688,14439,"2025-09-23 18:08:43"
2330,2024-04-01,169,142,52362,766,53270,119,1896,372,2387,210,15547,1713,17470,19,344,276,639,490,70149,3127,73766,"2025-09-23 18:08:43"
2331,2024-04-01,170,80,20113,400,20593,48,778,265,1091,78,7919,1010,9007,11,118,147,276,217,28928,1822,30967,"2025-09-23 18:08:43"
2332,2024-04-01,171,117,83086,2271,85474,120,2667,411,3198,156,13104,2364,15624,11,314,342,667,404,99171,5388,104963,"2025-09-23 18:08:43"
2333,2024-04-01,172,249,39058,151,39458,211,1509,69,1789,155,11813,855,12823,16,185,120,321,631,52565,1195,54391,"2025-09-23 18:08:43"
2334,2024-04-01,173,77,13909,152,14138,53,718,69,840,104,7928,365,8397,14,83,50,147,248,22638,636,23522,"2025-09-23 18:08:43"
2335,2024-04-01,174,168,122960,1824,124952,130,2984,606,3720,194,22811,2112,25117,19,452,925,1396,511,149207,5467,155185,"2025-09-23 18:08:43"
2336,2024-04-01,175,113,13845,100270,114228,67,656,2360,3083,199,9429,445,10073,5,147,38,190,384,24077,103113,127574,"2025-09-23 18:08:43"
2337,2024-04-01,176,195,113158,2348,115701,146,3237,719,4102,200,21828,3515,25543,16,416,848,1280,557,138639,7430,146626,"2025-09-23 18:08:43"
2338,2024-04-01,177,79,20895,143,21117,47,801,93,941,109,8150,505,8764,7,109,50,166,242,29955,791,30988,"2025-09-23 18:08:43"
2339,2024-04-01,178,88,24318,127,24533,61,1200,78,1339,122,11278,777,12177,8,208,135,351,279,37004,1117,38400,"2025-09-23 18:08:43"
2340,2024-04-01,179,124,16085,172,16381,57,703,106,866,108,9674,207,9989,11,92,30,133,300,26554,515,27369,"2025-09-23 18:08:43"
2341,2024-04-01,180,82,19093,233,19408,44,731,78,853,90,8190,911,9191,3,121,90,214,219,28135,1312,29666,"2025-09-23 18:08:43"
2342,2024-04-01,181,90,13223,93,13406,75,556,48,679,107,7072,282,7461,7,57,36,100,279,20908,459,21646,"2025-09-23 18:08:43"
2343,2024-04-01,182,77,11100,90,11267,48,525,60,633,93,6317,142,6552,8,59,22,89,226,18001,314,18541,"2025-09-23 18:08:43"
2344,2024-04-01,183,68,12230,6435,18733,52,526,134,712,87,6556,198,6841,11,83,23,117,218,19395,6790,26403,"2025-09-23 18:08:43"
2345,2024-04-01,184,111,24333,81440,105884,80,1630,1111,2821,140,15587,230,15957,10,119,44,173,341,41669,82825,124835,"2025-09-23 18:08:43"
2346,2024-04-01,185,97,25465,415,25977,53,926,935,1914,101,8084,510,8695,8,151,151,310,259,34626,2011,36896,"2025-09-23 18:08:43"
2348,2024-04-01,187,143,118678,923,119744,96,3005,387,3488,132,21988,2730,24850,13,398,388,799,384,144069,4428,148881,"2025-09-23 18:08:43"
2349,2024-04-01,188,217,118384,1679,120280,148,3772,547,4467,224,25984,1956,28164,18,540,374,932,607,148680,4556,153843,"2025-09-23 18:08:43"
2350,2024-04-01,189,61,14292,37,14390,35,666,53,754,72,6493,674,7239,16,79,54,149,184,21530,818,22532,"2025-09-23 18:08:43"
2351,2024-04-01,190,194,191275,2551,194020,111,5002,774,5887,227,25974,3658,29859,20,622,462,1104,552,222873,7445,230870,"2025-09-23 18:08:43"
2353,2024-04-01,192,143,58284,620,59047,87,2035,272,2394,163,17965,1065,19193,18,235,179,432,411,78519,2136,81066,"2025-09-23 18:08:43"
2354,2024-04-01,193,95,27128,385,27608,56,1193,118,1367,135,10401,284,10820,11,146,96,253,297,38868,883,40048,"2025-09-23 18:08:43"
2355,2024-04-01,194,96,11141,53,11290,50,425,42,517,88,7035,90,7213,15,46,15,76,249,18647,200,19096,"2025-09-23 18:08:43"
2356,2024-04-01,195,117,36872,401,37390,88,1623,255,1966,191,17323,1053,18567,16,202,167,385,412,56020,1876,58308,"2025-09-23 18:08:43"
2357,2024-04-01,196,70,20193,119,20382,44,796,44,884,96,11345,986,12427,13,132,147,292,223,32466,1296,33985,"2025-09-23 18:08:43"
2358,2024-04-01,197,250,64103,904,65257,244,2137,310,2691,266,19337,1191,20794,50,323,228,601,810,85900,2633,89343,"2025-09-23 18:08:43"
2359,2024-04-01,198,72,12859,110,13041,50,600,56,706,122,5982,117,6221,15,77,27,119,259,19518,310,20087,"2025-09-23 18:08:43"
2360,2024-04-01,199,54,6032,35,6121,31,282,27,340,60,3882,46,3988,2,33,8,43,147,10229,116,10492,"2025-09-23 18:08:43"
2361,2024-04-01,200,132,41111,493,41736,76,1583,147,1806,148,14727,734,15609,27,216,158,401,383,57637,1532,59552,"2025-09-23 18:08:43"
2362,2024-04-01,201,127,45400,412,45939,83,1732,249,2064,134,16399,1519,18052,17,231,364,612,361,63762,2544,66667,"2025-09-23 18:08:43"
2363,2024-04-01,202,100,22977,166,23243,61,707,77,845,106,8637,199,8942,20,112,44,176,287,32433,486,33206,"2025-09-23 18:08:43"
2364,2024-04-01,203,57,4297,333,4687,21,265,196,482,64,1415,31,1510,8,22,2,32,150,5999,562,6711,"2025-09-23 18:08:43"
2365,2024-04-01,204,134,20280,119,20533,58,640,83,781,128,6644,124,6896,14,122,38,174,334,27686,364,28384,"2025-09-23 18:08:43"
2366,2024-04-01,205,79,19601,89,19769,80,846,84,1010,127,12248,849,13224,10,108,102,220,296,32803,1124,34223,"2025-09-23 18:08:43"
2367,2024-04-01,206,78,17823,158,18059,42,618,51,711,90,7817,585,8492,13,97,169,279,223,26355,963,27541,"2025-09-23 18:08:43"
2368,2024-04-01,207,61,9956,40,10057,70,457,43,570,84,5992,113,6189,10,71,13,94,225,16476,209,16910,"2025-09-23 18:08:43"
2369,2024-04-01,208,123,56166,267,56556,67,1868,344,2279,110,12948,1558,14616,14,249,313,576,314,71231,2482,74027,"2025-09-23 18:08:43"
2370,2024-04-01,209,135,105318,1349,106802,87,2933,782,3802,207,18113,4279,22599,13,453,1723,2189,442,126817,8133,135392,"2025-09-23 18:08:43"
2371,2024-04-01,210,165,126060,2070,128295,89,2909,310,3308,104,18068,1046,19218,27,425,306,758,385,147462,3732,151579,"2025-09-23 18:08:43"
2373,2024-04-01,212,123,95106,997,96226,91,2883,465,3439,136,11965,496,12597,15,299,160,474,365,110253,2118,112736,"2025-09-23 18:08:43"
2374,2024-04-01,213,103,24469,192,24764,69,856,169,1094,104,9354,252,9710,12,80,176,268,288,34759,789,35836,"2025-09-23 18:08:43"
2375,2024-04-01,214,48,11821,79,11948,62,729,88,879,97,7382,206,7685,10,118,70,198,231,28082,560,28873,"2025-09-23 18:08:43"
2376,2024-04-01,215,260,243002,2284,245546,171,6181,509,6861,235,41016,4607,45858,35,813,574,1422,701,291012,7974,299687,"2025-09-23 18:08:43"
2377,2024-04-01,216,105,14066,145,14316,57,544,112,713,131,6183,160,6474,9,65,30,104,302,20858,447,21607,"2025-09-23 18:08:43"
2378,2024-04-01,217,110,43515,478,44103,92,1401,193,1686,107,13725,2609,16441,14,183,636,833,323,58824,3916,63063,"2025-09-23 18:08:43"
2379,2024-04-01,218,102,47742,659,48503,81,1459,230,1770,144,10526,532,11202,14,183,116,313,341,59910,1537,61788,"2025-09-23 18:08:43"
2380,2024-04-01,219,92,13646,65,13803,62,513,55,630,94,7205,482,7781,8,140,149,297,256,21504,751,22511,"2025-09-23 18:08:43"
2381,2024-04-01,220,171,151119,1128,152418,99,4188,795,5082,150,22394,7148,29692,21,648,1565,2234,441,178349,10636,189426,"2025-09-23 18:08:43"
2382,2024-04-01,221,64,10430,58,10552,53,390,44,487,90,4598,556,5244,14,56,102,172,221,15474,760,16455,"2025-09-23 18:08:43"
2383,2024-04-01,222,217,143088,2850,146155,174,3288,1013,4475,244,26806,2370,29420,32,492,433,957,667,173674,6666,181007,"2025-09-23 18:08:43"
2384,2024-04-01,223,70,25006,178,25254,70,1047,105,1222,94,10340,413,10847,10,143,68,221,244,36536,764,37544,"2025-09-23 18:08:43"
2385,2024-04-01,224,137,89143,1279,90559,65,1958,472,2495,136,10544,992,11672,16,162,152,330,354,101807,2895,105056,"2025-09-23 18:08:43"
2386,2024-04-01,225,66,94113,5140,99319,32,1926,431,2389,53,11055,1651,12759,4,199,227,430,155,107293,7449,114897,"2025-09-23 18:08:43"
2387,2024-04-01,226,242,157691,61609,219542,219,2085,1188,3492,141,10553,987,11681,15,213,183,411,617,170542,63967,235126,"2025-09-23 18:08:43"
2388,2024-04-01,227,220,100382,1754,102356,179,2233,274,2686,138,16701,1448,18287,18,295,341,654,555,119611,3817,123983,"2025-09-23 18:08:43"
2389,2024-04-01,228,92,87009,715,87816,36,1952,161,2149,93,7893,969,8955,13,263,252,528,234,97117,2097,99448,"2025-09-23 18:08:43"
2390,2024-04-01,229,102,43023,691,43816,82,1692,242,2016,117,8882,336,9335,15,159,74,248,316,53756,1343,55415,"2025-09-23 18:08:43"
2391,2024-04-01,230,57,16135,91,16283,65,547,43,655,103,7827,171,8101,11,75,85,171,236,24584,390,25210,"2025-09-23 18:08:43"
2392,2024-04-01,231,82,33163,34103,67348,55,1063,397,1515,83,10263,524,10870,6,243,229,478,226,44732,35253,80211,"2025-09-23 18:08:43"
2393,2024-04-01,232,59,13438,376,13873,53,489,86,628,119,6534,144,6797,11,75,27,113,242,20536,633,21411,"2025-09-23 18:08:43"
2394,2024-04-01,233,88,15643,101,15832,56,605,77,738,135,8207,403,8745,14,85,74,173,293,24540,655,25488,"2025-09-23 18:08:43"
2396,2024-04-01,235,252,77497,942,78691,141,2898,151,3190,343,27195,636,28174,42,238,142,422,778,107828,1871,110477,"2025-09-23 18:08:43"
2397,2024-04-01,236,624,250430,267408,518462,349,7179,6375,13903,693,57487,3573,61753,38,1195,583,1816,1704,316291,277939,595934,"2025-09-23 18:08:43"
2399,2024-04-01,238,163,93574,2541,96278,149,2567,523,3239,270,18277,1425,19972,36,411,455,902,618,114829,4944,120391,"2025-09-23 18:08:43"
2401,2024-04-01,240,111,39650,667,40428,75,1224,157,1456,129,6956,512,7597,14,166,223,403,329,47996,1559,49884,"2025-09-23 18:08:43"
2402,2024-04-01,241,119,26187,491,26797,103,828,122,1053,186,6772,183,7141,10,142,47,199,418,33929,843,35190,"2025-09-23 18:08:43"
2403,2024-04-01,242,109,34189,939,35237,91,1091,147,1329,113,5391,306,5810,7,146,96,249,320,40817,1488,42625,"2025-09-23 18:08:43"
2404,2024-04-01,243,54,8816,50,8920,52,319,27,398,110,3377,50,3537,10,53,14,77,226,12565,141,12932,"2025-09-23 18:08:43"
2405,2024-04-01,244,45,12411,169,12625,42,412,25,479,121,4180,73,4374,11,78,20,109,219,17081,287,17587,"2025-09-23 18:08:43"
2406,2024-04-01,245,132,15104,154,15390,81,642,59,782,124,6221,132,6477,12,121,51,184,349,22088,396,22833,"2025-09-23 18:08:43"
2407,2024-04-01,246,221,159380,2830,162431,167,4320,512,4999,238,26836,2268,29342,25,640,366,1031,651,191176,5976,197803,"2025-09-23 18:08:43"
2408,2024-04-01,247,53,14547,88,14688,51,460,63,574,119,4978,106,5203,9,84,30,123,232,20069,287,20588,"2025-09-23 18:08:43"
2409,2024-04-01,248,109,14225,234,14568,93,573,74,740,143,6204,160,6507,19,98,34,151,364,21100,502,21966,"2025-09-23 18:08:43"
2410,2024-04-01,249,55,17045,191,17291,72,681,43,796,138,7051,140,7329,14,85,20,119,279,24862,394,25535,"2025-09-23 18:08:43"
2411,2024-04-01,250,335,120836,2489,123660,279,3123,617,4019,269,18748,2736,21753,21,517,410,948,904,143224,6252,150380,"2025-09-23 18:08:43"
2412,2024-04-01,251,61,16190,370,16621,62,613,121,796,116,3356,131,3603,10,127,41,178,249,20286,663,21198,"2025-09-23 18:08:43"
2413,2024-04-01,252,102,17644,300,18046,84,792,90,966,123,8693,142,8958,20,95,56,171,329,27224,588,28141,"2025-09-23 18:08:43"
2414,2024-04-01,253,122,28049,248,28419,112,1227,270,1609,179,11780,447,12406,22,148,66,236,435,41204,1031,42670,"2025-09-23 18:08:43"
2415,2024-04-01,254,57,9719,58,9834,61,292,46,399,102,3290,52,3444,10,58,23,91,230,13359,179,13768,"2025-09-23 18:08:43"
2416,2024-04-01,255,85,19277,507,19869,69,828,82,979,123,8622,270,9015,13,123,50,186,290,28850,909,30049,"2025-09-23 18:08:43"
2418,2024-04-01,257,104,20069,165,20338,65,1272,103,1440,155,10682,268,11105,14,103,50,167,338,32126,586,33050,"2025-09-23 18:08:43"
2419,2024-04-01,258,207,115326,2063,117596,127,3086,522,3735,208,19360,3100,22668,18,476,702,1196,560,138248,6387,145195,"2025-09-23 18:08:43"
2420,2024-04-01,259,111,33620,580,34311,68,1494,160,1722,141,13574,1056,14771,8,251,156,415,328,48939,1952,51219,"2025-09-23 18:08:43"
2421,2024-04-01,260,142,29306,571,30019,95,1170,168,1433,182,12507,447,13136,18,169,67,254,437,43152,1253,44842,"2025-09-23 18:08:43"
2422,2024-04-01,261,71,8847,59,8977,42,454,59,555,101,4431,247,4779,6,47,37,90,220,13779,402,14401,"2025-09-23 18:08:43"
2423,2024-04-01,262,89,18890,181,19160,61,820,116,997,127,8673,265,9065,12,108,53,173,289,28491,615,29395,"2025-09-23 18:08:43"
2424,2024-04-01,263,68,10167,69,10304,60,403,27,490,96,5193,65,5354,9,47,17,73,233,15810,178,16221,"2025-09-23 18:08:43"
2425,2024-04-01,264,113,45874,236,46223,120,1661,425,2206,200,12386,2331,14917,26,256,209,491,459,60177,3201,63837,"2025-09-23 18:08:43"
2426,2024-04-01,265,181,113225,1875,115281,144,3930,494,4568,215,24373,3112,27700,16,405,425,846,556,141933,5906,148395,"2025-09-23 18:08:43"
2427,2024-04-01,266,76,9625,58,9759,59,416,68,543,119,4955,272,5346,8,62,26,96,262,15058,424,15744,"2025-09-23 18:08:43"
2428,2024-04-01,267,75,7860,33,7968,42,357,21,420,114,4433,76,4623,6,52,18,76,237,12702,148,13087,"2025-09-23 18:08:43"
2429,2024-04-01,268,146,152316,3248,155710,99,3457,959,4515,125,19315,2616,22056,14,501,404,919,384,175589,7227,183200,"2025-09-23 18:08:43"
2430,2024-04-01,269,327,136806,1989,139122,236,3113,543,3892,195,15965,1509,17669,27,332,236,595,785,156216,4277,161278,"2025-09-23 18:08:43"
2431,2024-04-01,270,106,40747,2134,42987,110,1608,199,1917,161,14986,854,16001,7,230,131,368,384,57571,3318,61273,"2025-09-23 18:08:43"
2432,2024-04-01,271,105,9542,54,9701,56,426,95,577,111,5063,106,5280,14,58,17,89,286,15089,272,15647,"2025-09-23 18:08:43"
2434,2024-05-01,1,153,218216,16595,234964,58,3957,534,4549,179,13661,2436,16276,19,365,160,544,409,236199,19725,256333,"2025-09-23 18:08:51"
2435,2024-05-01,2,108,130717,4948,135773,41,3284,730,4055,146,11977,2533,14656,7,219,215,441,302,146197,8426,154925,"2025-09-23 18:08:51"
2436,2024-05-01,3,108,60247,2080,62435,68,2157,716,2941,132,6981,1287,8400,15,153,110,278,323,69538,4193,74054,"2025-09-23 18:08:51"
2437,2024-05-01,4,122,67571,2082,69775,43,4274,1323,5640,167,16384,4298,20849,16,421,259,696,359,188839,15171,204369,"2025-09-23 18:08:51"
2438,2024-05-01,5,90,99475,3040,102605,45,3049,346,3440,143,9093,2216,11452,12,182,177,371,290,111799,5779,117868,"2025-09-23 18:08:51"
2439,2024-05-01,6,92,80732,3039,83863,45,2153,336,2534,172,8726,1636,10534,11,125,108,244,320,91736,5119,97175,"2025-09-23 18:08:51"
2440,2024-05-01,7,107,115550,9830,125487,62,4076,585,4723,127,13875,2653,16655,7,328,167,502,303,133829,13235,147367,"2025-09-23 18:08:51"
2441,2024-05-01,8,58,71786,3389,75233,32,2672,452,3156,72,10767,2335,13174,12,186,99,297,174,85411,6275,91860,"2025-09-23 18:08:51"
2442,2024-05-01,9,83,129619,5452,135154,54,3374,770,4198,177,9890,2163,12230,12,267,259,538,326,143150,8644,152120,"2025-09-23 18:08:51"
2443,2024-05-01,10,92,76631,4603,81326,48,2316,631,2995,124,7974,2057,10155,12,180,164,356,276,87101,7455,94832,"2025-09-23 18:08:51"
2444,2024-05-01,11,100,84564,2917,87581,53,2608,146,2807,131,9760,2204,12095,10,199,98,307,294,97131,5365,102790,"2025-09-23 18:08:51"
2445,2024-05-01,12,111,94712,1107,95930,46,2237,131,2414,124,6545,1189,7858,17,134,184,335,298,103628,2611,106537,"2025-09-23 18:08:51"
2446,2024-05-01,13,94,101911,4197,106202,55,2556,637,3248,179,9344,2220,11743,21,242,542,805,349,114053,7596,121998,"2025-09-23 18:08:51"
2447,2024-05-01,14,200,77698,3298,81196,106,2047,402,2555,141,5879,1793,7813,7,148,109,264,454,85772,5602,91828,"2025-09-23 18:08:51"
2448,2024-05-01,15,206,152523,3880,156609,129,2948,671,3748,182,10715,4788,15685,16,279,180,475,533,166465,9519,176517,"2025-09-23 18:08:51"
2449,2024-05-01,16,131,82350,8778,91259,46,1838,953,2837,179,8318,1879,10376,19,192,100,311,375,92698,11710,104783,"2025-09-23 18:08:51"
2450,2024-05-01,17,94,105272,2022,107388,48,2860,1101,4009,138,8550,1711,10399,8,189,103,300,288,116871,4937,122096,"2025-09-23 18:08:51"
2451,2024-05-01,18,126,207215,7376,214717,97,4063,1633,5793,163,17698,4801,22662,16,382,381,779,402,229358,14191,243951,"2025-09-23 18:08:51"
2452,2024-05-01,19,129,127459,4328,131916,60,3092,762,3914,143,11066,2952,14161,7,273,434,714,339,141890,8476,150705,"2025-09-23 18:08:51"
2453,2024-05-01,20,130,118614,2940,121684,58,3714,178,3950,168,13344,4434,17946,15,470,637,1122,371,136142,8189,144702,"2025-09-23 18:08:51"
2454,2024-05-01,21,255,63874,1276,65405,118,1787,73,1978,154,4960,844,5958,12,137,27,176,539,70758,2220,73517,"2025-09-23 18:08:51"
2455,2024-05-01,22,100,114579,4053,118732,46,3014,741,3801,139,9880,2076,12095,16,186,189,391,301,127659,7059,135019,"2025-09-23 18:08:51"
2456,2024-05-01,23,1672,39383,240,41295,1535,1479,248,3262,347,3642,1557,5546,104,87,95,286,3658,44591,2140,50389,"2025-09-23 18:08:51"
2457,2024-05-01,63,138,90860,1164,92162,858,1779,231,2868,176,5311,1183,6670,18,270,101,389,1351,49231,3224,53806,"2025-09-23 18:08:51"
2458,2024-05-01,25,78,91873,5903,97854,33,3051,571,3655,121,11674,2816,14611,14,216,328,558,246,106814,9618,116678,"2025-09-23 18:08:51"
2459,2024-05-01,146,1920,752997,13233,768150,3784,70385,14901,89070,3924,246014,60061,309999,423,5830,5226,11479,12880,2976860,196479,3186219,"2025-09-23 18:08:51"
2461,2024-05-01,28,105,65256,2449,67810,62,2038,857,2957,105,9523,3119,12747,14,180,660,854,286,76997,7085,84368,"2025-09-23 18:08:51"
2462,2024-05-01,29,84,73868,846,74798,49,2033,540,2622,119,10860,1294,12273,12,237,211,460,264,86998,2891,90153,"2025-09-23 18:08:51"
2463,2024-05-01,77,299,138089,2840,141228,57,2074,499,2630,57,8861,4387,13305,3,302,1433,1738,229,92348,9458,102035,"2025-09-23 18:08:51"
2464,2024-05-01,57,68,58309,724,59101,47,856,168,1071,60,3607,2372,6039,4,105,1058,1167,193,48183,5217,53593,"2025-09-23 18:08:51"
2465,2024-05-01,32,73,85087,1661,86821,27,1877,361,2265,64,9919,1493,11476,1,198,266,465,165,97081,3781,101027,"2025-09-23 18:08:51"
2466,2024-05-01,33,126,116651,21236,138013,61,2733,518,3312,170,13023,2338,15531,11,205,538,754,368,132612,24630,157610,"2025-09-23 18:08:51"
2467,2024-05-01,79,87,109421,1517,111025,52,2145,307,2504,108,11912,1618,13638,9,200,231,440,295,101974,3701,105970,"2025-09-23 18:08:51"
2468,2024-05-01,35,97,67144,2442,69683,56,2088,245,2389,103,14253,2315,16671,9,223,323,555,265,83708,5325,89298,"2025-09-23 18:08:51"
2469,2024-05-01,36,108,92301,3376,95785,49,2673,337,3059,106,12856,1992,14954,9,213,288,510,272,108043,5993,114308,"2025-09-23 18:08:51"
2470,2024-05-01,60,295,186643,17600,204538,34,885,22,941,41,3633,884,4558,1,57,86,144,135,30439,1394,31968,"2025-09-23 18:08:51"
2471,2024-05-01,38,50,56971,60652,117673,24,1420,854,2298,80,5525,1365,6970,11,149,368,528,165,64065,63239,127469,"2025-09-23 18:08:51"
2472,2024-05-01,39,332,104478,14558,119368,507,1622,644,2773,186,8388,2288,10862,30,187,707,924,1055,114675,18197,133927,"2025-09-23 18:08:51"
2473,2024-05-01,40,82,26769,1303,28154,48,968,290,1306,83,4101,375,4559,9,48,53,110,222,31886,2021,34129,"2025-09-23 18:08:51"
2475,2024-05-01,42,142,149268,10327,159737,57,2999,252,3308,130,13068,2187,15385,9,308,486,803,338,165643,13252,179233,"2025-09-23 18:08:51"
2477,2024-05-01,44,0,19,2,21,36,381,20,437,44,5282,137,5463,2,62,21,85,130,15695,246,16071,"2025-09-23 18:08:51"
2479,2024-05-01,46,189,239711,11866,251766,110,4726,729,5565,174,29153,5560,34887,14,571,580,1165,487,274161,18735,293383,"2025-09-23 18:08:51"
2480,2024-05-01,47,118,117821,1481,119420,120,2892,515,3527,297,19643,2887,22827,61,396,289,746,596,140752,5172,146520,"2025-09-23 18:08:51"
2484,2024-05-01,51,188,196224,3156,199568,191,2966,611,3768,212,15971,1333,17516,12,461,165,638,603,215622,5265,221490,"2025-09-23 18:08:51"
2487,2024-05-01,54,133,27117,9746,36996,51,1120,324,1495,153,10341,758,11252,8,157,86,251,345,38735,10914,49994,"2025-09-23 18:08:51"
2488,2024-05-01,55,110,95010,142844,237964,61,3110,2023,5194,113,26051,2785,28949,16,571,324,911,300,124742,147976,273018,"2025-09-23 18:08:51"
2489,2024-05-01,56,345,223107,22563,246015,415,5101,882,6398,171,29354,3595,33120,23,566,491,1080,954,258128,27531,286613,"2025-09-23 18:08:51"
2491,2024-05-01,58,182,143434,5761,149377,98,4065,71,4234,139,16930,4818,21887,20,423,857,1300,439,164852,11507,176798,"2025-09-23 18:08:51"
2492,2024-05-01,59,150,205264,35041,240455,81,4588,1031,5700,110,21259,3209,24578,11,474,318,803,352,231585,39599,271536,"2025-09-23 18:08:51"
2494,2024-05-01,61,177,205381,5282,210840,96,3124,707,3927,150,12169,3458,15777,13,393,503,909,436,221067,9950,231453,"2025-09-23 18:08:51"
2495,2024-05-01,62,65,8726,146,8937,54,500,67,621,125,3919,65,4109,3,47,13,63,247,13192,291,13730,"2025-09-23 18:08:51"
2498,2024-05-01,65,207,173734,3785,177726,152,4255,406,4813,189,26685,8272,35146,28,708,910,1646,576,205382,13373,219331,"2025-09-23 18:08:51"
2504,2024-05-01,71,80,72379,1993,74452,44,2081,546,2671,106,13765,3906,17777,9,346,444,799,239,88571,6889,95699,"2025-09-23 18:08:51"
2507,2024-05-01,74,120,176029,2713,178862,93,3148,365,3606,434,15453,2435,18322,23,607,297,927,670,195237,5810,201717,"2025-09-23 18:08:51"
2513,2024-05-01,80,173,108114,1154,109441,94,2543,664,3301,170,20638,4196,25004,13,403,1013,1429,450,131698,7027,139175,"2025-09-23 18:08:51"
2516,2024-05-01,83,358,176253,1095,177706,253,3285,547,4085,267,15059,1976,17302,65,630,171,866,943,195227,3789,199959,"2025-09-23 18:08:51"
2518,2024-05-01,85,149,25471,239,25859,86,1141,134,1361,163,6617,201,6981,22,125,45,192,420,33354,619,34393,"2025-09-23 18:08:51"
2519,2024-05-01,86,310,173589,1842,175741,167,4095,386,4648,195,19353,2670,22218,22,442,287,751,694,197479,5185,203358,"2025-09-23 18:08:51"
2520,2024-05-01,87,103,114578,3248,117929,76,2478,616,3170,81,13092,2208,15381,10,348,163,521,270,130496,6235,137001,"2025-09-23 18:08:51"
2521,2024-05-01,88,71,105631,2463,108165,21,2133,621,2775,36,9347,1518,10901,1,219,135,355,129,117330,4737,122196,"2025-09-23 18:08:51"
2522,2024-05-01,89,466,30115,308,30889,106,534,37,677,123,1909,458,2490,13,80,10,103,708,32638,813,34159,"2025-09-23 18:08:51"
2523,2024-05-01,90,125,88351,1783,90259,71,2327,429,2827,106,10275,2348,12729,11,210,202,423,313,101163,4762,106238,"2025-09-23 18:08:51"
2524,2024-05-01,91,191,170428,847,171466,96,4810,2350,7256,131,30586,5457,36174,16,678,363,1057,434,206502,9017,215953,"2025-09-23 18:08:51"
2525,2024-05-01,92,91,61090,1129,62310,75,1543,280,1898,98,8387,1428,9913,12,187,160,359,276,71207,2997,74480,"2025-09-23 18:08:51"
2526,2024-05-01,93,127,88048,1018,89193,75,2146,170,2391,92,9039,3870,13001,10,178,254,442,304,99411,5312,105027,"2025-09-23 18:08:51"
2527,2024-05-01,94,255,201410,2484,204149,114,5045,1551,6710,201,30945,4427,35573,9,679,698,1386,579,238079,9160,247818,"2025-09-23 18:08:51"
2528,2024-05-01,95,359,269035,2210,271604,200,7235,1030,8465,219,43071,6335,49625,27,1078,490,1595,805,320419,10065,331289,"2025-09-23 18:08:51"
2529,2024-05-01,96,90,31856,707,32653,43,1222,74,1339,84,5345,687,6116,11,87,51,149,228,38510,1519,40257,"2025-09-23 18:08:51"
2530,2024-05-01,97,6,98,3,107,0,38,10,48,0,131,8,139,0,0,1,1,6,267,22,295,"2025-09-23 18:08:51"
2531,2024-05-01,98,47,73132,1749,74928,19,2163,79,2261,19,8326,1232,9577,0,169,172,341,85,83790,3232,87107,"2025-09-23 18:08:51"
2532,2024-05-01,99,38,51717,912,52667,32,1928,480,2440,37,9945,1727,11709,5,170,183,358,112,63760,3302,67174,"2025-09-23 18:08:51"
2533,2024-05-01,100,189,128757,2948,131894,155,3554,611,4320,161,15887,3312,19360,24,323,207,554,529,148521,7078,156128,"2025-09-23 18:08:51"
2534,2024-05-01,101,197,178696,4486,183379,54,2423,1360,3837,104,7728,1941,9773,10,358,209,577,365,189205,7996,197566,"2025-09-23 18:08:51"
2535,2024-05-01,102,168,71913,1387,73468,61,2126,223,2410,77,7661,1574,9312,3,206,159,368,309,81906,3343,85558,"2025-09-23 18:08:51"
2536,2024-05-01,103,215,63449,2010,65674,58,2156,262,2476,103,8829,1602,10534,17,173,140,330,393,74607,4014,79014,"2025-09-23 18:08:51"
2537,2024-05-01,104,129,179769,4650,184548,173,4620,1508,6301,160,20506,3109,23775,22,539,561,1122,484,205434,9828,215746,"2025-09-23 18:08:51"
2538,2024-05-01,105,282,142997,1922,145201,105,2132,124,2361,66,6741,1489,8296,3,262,138,403,456,152132,3673,156261,"2025-09-23 18:08:51"
2539,2024-05-01,106,230,97823,972,99025,149,2752,513,3414,103,8262,2202,10567,13,223,119,355,495,109060,3806,113361,"2025-09-23 18:08:51"
2540,2024-05-01,107,127,73000,1233,74360,60,2451,65,2576,91,6523,1943,8557,20,169,98,287,298,82143,3339,85780,"2025-09-23 18:08:51"
2541,2024-05-01,108,168,225685,1759,227612,108,6499,463,7070,151,37393,6426,43970,23,708,500,1231,450,270285,9148,279883,"2025-09-23 18:08:51"
2542,2024-05-01,109,199,136354,2555,139108,154,5044,1107,6305,227,22960,3981,27168,12,395,319,726,592,164753,7962,173307,"2025-09-23 18:08:51"
2543,2024-05-01,110,85,122071,2194,124350,39,3965,652,4656,33,18355,2603,20991,3,419,375,797,160,144810,5824,150794,"2025-09-23 18:08:51"
2544,2024-05-01,111,161,92588,715,93464,99,3089,500,3688,134,19102,3366,22602,15,985,297,1297,409,115764,4878,121051,"2025-09-23 18:08:51"
2545,2024-05-01,112,148,113880,2381,116409,117,2144,593,2854,122,9935,3775,13832,11,343,176,530,398,126302,6925,133625,"2025-09-23 18:08:51"
2546,2024-05-01,113,92,73830,1245,75167,27,2192,907,3126,38,9153,1603,10794,0,187,131,318,157,85362,3886,89405,"2025-09-23 18:08:51"
2547,2024-05-01,114,180,113054,704,113938,89,3749,448,4286,169,19666,2991,22826,13,497,239,749,451,136966,4382,141799,"2025-09-23 18:08:51"
2548,2024-05-01,115,243,53192,422,53857,101,1720,546,2367,263,12276,889,13428,13,286,84,383,620,67474,1941,70035,"2025-09-23 18:08:51"
2549,2024-05-01,116,186,53079,348,53613,84,1998,672,2754,202,14268,6500,20970,9,310,348,667,481,69655,7868,78004,"2025-09-23 18:08:51"
2550,2024-05-01,117,90,17515,73,17678,70,721,230,1021,160,6345,4125,10630,7,137,490,634,327,24718,4918,29963,"2025-09-23 18:08:51"
2551,2024-05-01,118,91,104013,1170,105274,62,2799,543,3404,64,10485,2488,13037,10,305,176,491,227,117602,4377,122206,"2025-09-23 18:08:51"
2552,2024-05-01,119,49,183335,3180,186564,25,3411,702,4138,36,11597,3717,15350,8,500,179,687,118,198843,7778,206739,"2025-09-23 18:08:51"
2553,2024-05-01,120,24,144171,727,144922,13,1871,169,2053,22,4888,1411,6321,0,235,40,275,59,151165,2347,153571,"2025-09-23 18:08:51"
2554,2024-05-01,121,389,119850,1576,121815,189,3920,1360,5469,250,21522,4856,26628,24,662,446,1132,852,145954,8238,155044,"2025-09-23 18:08:51"
2555,2024-05-01,122,115,58984,392,59491,98,1276,178,1552,88,5783,2084,7955,9,139,319,467,310,66182,2973,69465,"2025-09-23 18:08:51"
2556,2024-05-01,123,280,151328,2049,153657,268,4522,454,5244,196,18184,2971,21351,29,540,270,839,773,174574,5744,181091,"2025-09-23 18:08:51"
2557,2024-05-01,124,209,101460,1004,102673,87,3356,751,4194,130,18961,4319,23410,16,456,549,1021,442,124233,6623,131298,"2025-09-23 18:08:51"
2558,2024-05-01,125,267,210473,2569,213309,99,5503,2696,8298,175,30960,6298,37433,19,654,296,969,560,247590,11859,260009,"2025-09-23 18:08:51"
2559,2024-05-01,126,359,286697,3788,290844,162,7790,2197,10149,254,35719,7404,43377,24,982,1049,2055,799,331188,14438,346425,"2025-09-23 18:08:51"
2560,2024-05-01,127,178,65972,4777,70927,75,2760,780,3615,153,20803,2456,23412,14,352,383,749,420,89887,8396,98703,"2025-09-23 18:08:51"
2561,2024-05-01,128,201,122554,893,123648,90,2568,350,3008,149,15656,2274,18079,10,337,150,497,450,141115,3667,145232,"2025-09-23 18:08:51"
2562,2024-05-01,129,398,446385,3066,449849,226,10242,2743,13211,294,63975,8112,72381,75,1642,674,2391,993,522244,14595,537832,"2025-09-23 18:08:51"
2564,2024-05-01,131,76,15365,132,15573,56,754,53,863,79,7947,262,8288,11,86,28,125,222,24152,475,24849,"2025-09-23 18:08:51"
2565,2024-05-01,132,71,11091,146,11308,49,453,94,596,114,4878,392,5384,4,89,230,323,238,16511,862,17611,"2025-09-23 18:08:51"
2566,2024-05-01,133,68,12127,119,12314,57,613,90,760,109,6351,615,7075,16,72,64,152,250,19163,888,20301,"2025-09-23 18:08:51"
2567,2024-05-01,134,85,17415,119,17619,56,695,91,842,112,8216,177,8505,11,89,41,141,264,26415,428,27107,"2025-09-23 18:08:51"
2568,2024-05-01,135,71,20034,192,20297,59,811,83,953,83,8097,684,8864,11,187,86,284,224,29129,1045,30398,"2025-09-23 18:08:51"
2569,2024-05-01,136,78,46700,299,47077,71,2095,206,2372,108,13740,1420,15268,14,226,145,385,271,62761,2070,65102,"2025-09-23 18:08:51"
2570,2024-05-01,137,102,54543,698,55343,82,1707,183,1972,157,13710,1727,15594,11,346,886,1243,352,70306,3494,74152,"2025-09-23 18:08:51"
2571,2024-05-01,138,34,17235,158,17427,25,538,35,598,30,3229,579,3838,7,71,50,128,96,21073,822,21991,"2025-09-23 18:08:51"
2572,2024-05-01,139,72,44998,297,45367,66,1495,85,1646,88,9263,1092,10443,6,210,82,298,232,55966,1556,57754,"2025-09-23 18:08:51"
2573,2024-05-01,140,1,8,0,9,0,3,0,3,0,8,0,8,0,0,0,0,1,19,0,20,"2025-09-23 18:08:51"
2574,2024-05-01,141,208,87861,1056,89125,111,2165,368,2644,173,12087,1118,13378,16,324,267,607,508,102437,2809,105754,"2025-09-23 18:08:51"
2575,2024-05-01,142,55,84853,1723,86631,125,2068,844,3037,64,11026,1784,12874,4,299,208,511,248,98246,4559,103053,"2025-09-23 18:08:51"
2576,2024-05-01,143,165,91002,2365,93532,122,2423,547,3092,126,14425,2059,16610,9,396,192,597,422,108246,5163,113831,"2025-09-23 18:08:51"
2577,2024-05-01,144,133,126809,4325,131267,86,2970,682,3738,132,15707,2375,18214,13,547,329,889,364,146033,7711,154108,"2025-09-23 18:08:51"
2578,2024-05-01,145,193,94067,5718,99978,154,2869,415,3438,258,20029,1786,22073,29,424,279,732,634,117389,8198,126221,"2025-09-23 18:08:51"
2580,2024-05-01,147,72,23335,62,23469,37,577,104,718,59,2250,412,2721,9,87,36,132,177,26249,614,27040,"2025-09-23 18:08:51"
2581,2024-05-01,148,234,42151,1338,43723,120,1563,370,2053,223,12850,675,13748,24,200,128,352,601,56764,2511,59876,"2025-09-23 18:08:51"
2582,2024-05-01,149,70,20540,1541,22151,43,1019,232,1294,90,8627,604,9321,6,114,71,191,209,30300,2448,32957,"2025-09-23 18:08:51"
2583,2024-05-01,150,151,45586,836,46573,91,2045,377,2513,144,15246,1072,16462,29,197,84,310,415,63074,2369,65858,"2025-09-23 18:08:51"
2584,2024-05-01,151,153,84645,782,85580,78,2444,354,2876,186,19081,2337,21604,17,470,798,1285,434,106640,4271,111345,"2025-09-23 18:08:51"
2585,2024-05-01,152,130,40195,534,40859,74,1396,178,1648,182,12822,540,13544,32,197,152,381,418,54610,1404,56432,"2025-09-23 18:08:51"
2586,2024-05-01,153,96,22978,194,23268,69,1099,336,1504,151,11250,392,11793,12,83,53,148,328,35410,975,36713,"2025-09-23 18:08:51"
2587,2024-05-01,154,171,81559,1051,82781,88,2466,494,3048,161,19034,1868,21063,24,387,431,842,444,103446,3844,107734,"2025-09-23 18:08:51"
2588,2024-05-01,155,79,19629,149,19857,40,733,115,888,107,7703,454,8264,14,87,83,184,240,28152,801,29193,"2025-09-23 18:08:51"
2589,2024-05-01,156,190,170692,2397,173279,144,4769,488,5401,185,24234,3769,28188,44,679,376,1099,563,200374,7030,207967,"2025-09-23 18:08:51"
2590,2024-05-01,157,142,34282,281,34705,124,1391,317,1832,186,11515,725,12426,16,196,113,325,468,47384,1436,49288,"2025-09-23 18:08:51"
2591,2024-05-01,158,106,118550,1788,120444,67,3766,649,4482,125,19703,2796,22624,10,504,402,916,308,142523,5635,148466,"2025-09-23 18:08:51"
2592,2024-05-01,159,169,180788,1900,182857,146,4432,865,5443,218,20946,2471,23635,24,570,280,874,557,206736,5516,212809,"2025-09-23 18:08:51"
2593,2024-05-01,160,79,11414,66,11559,55,478,61,594,120,6021,495,6636,15,64,73,152,269,17977,695,18941,"2025-09-23 18:08:51"
2594,2024-05-01,161,86,24628,195,24909,45,995,109,1149,194,10798,255,11247,19,136,52,207,344,36557,611,37512,"2025-09-23 18:08:51"
2595,2024-05-01,162,159,42506,320,42985,91,1386,195,1672,147,12264,757,13168,20,221,135,376,417,56377,1407,58201,"2025-09-23 18:08:51"
2597,2024-05-01,164,82,12280,167,12529,63,504,76,643,100,6602,734,7436,10,83,41,134,255,19469,1018,20742,"2025-09-23 18:08:51"
2598,2024-05-01,165,99,20707,159,20965,72,1026,93,1191,137,12622,258,13017,10,117,42,169,318,34472,552,35342,"2025-09-23 18:08:51"
2599,2024-05-01,166,68,10534,102,10704,41,425,62,528,71,5023,396,5490,6,51,65,122,186,16033,625,16844,"2025-09-23 18:08:51"
2600,2024-05-01,167,93,76258,845,77196,69,2146,279,2494,87,14465,3462,18014,14,517,1651,2182,263,93386,6237,99886,"2025-09-23 18:08:51"
2601,2024-05-01,168,59,9191,405,9655,40,399,52,491,75,3947,206,4228,4,65,23,92,178,13602,686,14466,"2025-09-23 18:08:51"
2602,2024-05-01,169,142,52355,779,53276,119,1897,373,2389,210,15547,1711,17468,19,346,272,637,490,70145,3135,73770,"2025-09-23 18:08:51"
2603,2024-05-01,170,80,20154,407,20641,48,775,265,1088,78,7908,1006,8992,11,120,148,279,217,28957,1826,31000,"2025-09-23 18:08:51"
2604,2024-05-01,171,117,83241,2283,85641,119,2657,413,3189,155,13095,2357,15607,10,319,343,672,401,99312,5396,105109,"2025-09-23 18:08:51"
2605,2024-05-01,172,249,39122,151,39522,208,1499,69,1776,153,11812,853,12818,14,184,120,318,624,52617,1193,54434,"2025-09-23 18:08:51"
2606,2024-05-01,173,76,13945,149,14170,52,719,69,840,104,7925,361,8390,14,87,49,150,246,22676,628,23550,"2025-09-23 18:08:51"
2607,2024-05-01,174,168,123167,1833,125168,130,2963,602,3695,194,22799,2116,25109,19,453,930,1402,511,149382,5481,155374,"2025-09-23 18:08:51"
2608,2024-05-01,175,113,13880,100750,114743,69,657,2454,3180,200,9432,449,10081,5,147,36,188,387,24116,103689,128192,"2025-09-23 18:08:51"
2609,2024-05-01,176,197,113274,2399,115870,148,3210,717,4075,201,21762,3515,25478,16,417,848,1281,562,138663,7479,146704,"2025-09-23 18:08:51"
2610,2024-05-01,177,79,20848,142,21069,47,793,97,937,113,8137,504,8754,7,108,50,165,246,29886,793,30925,"2025-09-23 18:08:51"
2611,2024-05-01,178,87,24343,127,24557,63,1198,79,1340,122,11257,774,12153,8,207,133,348,280,37005,1113,38398,"2025-09-23 18:08:51"
2612,2024-05-01,179,124,16091,165,16380,57,699,105,861,108,9690,209,10007,11,93,31,135,300,26573,510,27383,"2025-09-23 18:08:51"
2613,2024-05-01,180,82,19065,219,19366,44,729,75,848,91,8178,908,9177,3,117,91,211,220,28089,1293,29602,"2025-09-23 18:08:51"
2614,2024-05-01,181,90,13247,92,13429,74,552,48,674,106,7063,283,7452,7,58,35,100,277,20920,458,21655,"2025-09-23 18:08:51"
2615,2024-05-01,182,76,11106,90,11272,49,521,60,630,93,6322,141,6556,8,60,22,90,226,18009,313,18548,"2025-09-23 18:08:51"
2616,2024-05-01,183,68,12253,6335,18656,53,524,132,709,88,6581,196,6865,11,85,24,120,220,19443,6687,26350,"2025-09-23 18:08:51"
2617,2024-05-01,184,111,24333,82181,106625,80,1631,1091,2802,140,15589,229,15958,10,120,45,175,341,41673,83546,125560,"2025-09-23 18:08:51"
2618,2024-05-01,185,97,25508,444,26049,54,928,918,1900,101,8077,512,8690,8,153,152,313,260,34666,2026,36952,"2025-09-23 18:08:51"
2620,2024-05-01,187,143,118854,923,119920,96,2986,385,3467,131,21977,2743,24851,13,406,388,807,383,144223,4439,149045,"2025-09-23 18:08:51"
2621,2024-05-01,188,218,118563,1674,120455,148,3757,541,4446,225,25969,1963,28157,15,539,374,928,606,148828,4552,153986,"2025-09-23 18:08:51"
2622,2024-05-01,189,61,14399,37,14497,32,663,53,748,71,6496,676,7243,17,81,54,152,181,21639,820,22640,"2025-09-23 18:08:51"
2623,2024-05-01,190,191,191442,2548,194181,112,4953,775,5840,227,25897,3650,29774,20,628,465,1113,550,222920,7438,230908,"2025-09-23 18:08:51"
2625,2024-05-01,192,142,58329,618,59089,87,2025,273,2385,163,17946,1069,19178,18,236,179,433,410,78536,2139,81085,"2025-09-23 18:08:51"
2626,2024-05-01,193,95,27126,385,27606,55,1190,118,1363,134,10420,283,10837,11,144,96,251,295,38880,882,40057,"2025-09-23 18:08:51"
2627,2024-05-01,194,96,11131,54,11281,51,422,42,515,86,7018,89,7193,15,47,15,77,248,18618,200,19066,"2025-09-23 18:08:51"
2628,2024-05-01,195,117,36928,402,37447,88,1618,253,1959,190,17291,1053,18534,16,200,167,383,411,56037,1875,58323,"2025-09-23 18:08:51"
2629,2024-05-01,196,70,20161,120,20351,43,790,45,878,85,11357,982,12424,11,131,146,288,209,32439,1293,33941,"2025-09-23 18:08:51"
2630,2024-05-01,197,253,64275,908,65436,244,2125,311,2680,262,19284,1186,20732,47,328,227,602,806,86012,2632,89450,"2025-09-23 18:08:51"
2631,2024-05-01,198,72,12884,110,13066,50,597,56,703,119,5989,117,6225,15,76,27,118,256,19546,310,20112,"2025-09-23 18:08:51"
2632,2024-05-01,199,54,6051,35,6140,31,285,27,343,60,3878,47,3985,2,33,8,43,147,10247,117,10511,"2025-09-23 18:08:51"
2633,2024-05-01,200,132,41160,493,41785,76,1588,146,1810,147,14702,744,15593,26,219,158,403,381,57669,1541,59591,"2025-09-23 18:08:51"
2634,2024-05-01,201,127,45440,413,45980,83,1725,245,2053,133,16409,1511,18053,17,231,365,613,360,63805,2534,66699,"2025-09-23 18:08:51"
2635,2024-05-01,202,103,22995,166,23264,62,706,77,845,111,8639,199,8949,20,111,44,175,296,32451,486,33233,"2025-09-23 18:08:51"
2636,2024-05-01,203,57,4344,341,4742,21,263,196,480,64,1427,31,1522,8,24,2,34,150,6058,570,6778,"2025-09-23 18:08:51"
2637,2024-05-01,204,133,20305,119,20557,58,632,83,773,126,6645,125,6896,14,122,38,174,331,27704,365,28400,"2025-09-23 18:08:51"
2638,2024-05-01,205,79,19600,90,19769,80,841,85,1006,127,12186,848,13161,10,109,101,220,296,32736,1124,34156,"2025-09-23 18:08:51"
2639,2024-05-01,206,78,17809,158,18045,42,620,52,714,93,7803,586,8482,13,98,170,281,226,26330,966,27522,"2025-09-23 18:08:51"
2640,2024-05-01,207,60,9927,40,10027,70,451,42,563,84,5982,115,6181,10,73,13,96,224,16433,210,16867,"2025-09-23 18:08:51"
2641,2024-05-01,208,123,56199,269,56591,66,1855,346,2267,111,12995,1559,14665,14,255,312,581,314,71304,2486,74104,"2025-09-23 18:08:51"
2642,2024-05-01,209,133,104985,1357,106475,86,2906,780,3772,211,18071,4268,22550,13,449,1723,2185,443,126411,8128,134982,"2025-09-23 18:08:51"
2643,2024-05-01,210,163,126721,2064,128948,90,2909,309,3308,104,18085,1056,19245,26,441,309,776,383,148156,3738,152277,"2025-09-23 18:08:51"
2645,2024-05-01,212,123,95228,1014,96365,92,2862,466,3420,136,11981,499,12616,15,305,160,480,366,110376,2139,112881,"2025-09-23 18:08:51"
2646,2024-05-01,213,103,24504,191,24798,69,861,171,1101,106,9361,255,9722,12,81,176,269,290,34807,793,35890,"2025-09-23 18:08:51"
2647,2024-05-01,214,50,11835,77,11962,62,733,89,884,98,7365,205,7668,10,118,70,198,232,28041,558,28831,"2025-09-23 18:08:51"
2648,2024-05-01,215,259,243445,2307,246011,171,6155,517,6843,235,40996,4609,45840,35,814,574,1423,700,291410,8007,300117,"2025-09-23 18:08:51"
2649,2024-05-01,216,106,14059,146,14311,56,536,112,704,132,6187,158,6477,9,65,30,104,303,20847,446,21596,"2025-09-23 18:08:51"
2650,2024-05-01,217,110,43539,482,44131,92,1401,192,1685,108,13675,2594,16377,14,182,638,834,324,58797,3906,63027,"2025-09-23 18:08:51"
2651,2024-05-01,218,102,47862,679,48643,81,1445,229,1755,142,10508,534,11184,16,187,116,319,341,60002,1558,61901,"2025-09-23 18:08:51"
2652,2024-05-01,219,91,13662,65,13818,62,508,55,625,94,7196,485,7775,8,140,147,295,255,21506,752,22513,"2025-09-23 18:08:51"
2653,2024-05-01,220,170,151547,1129,152846,99,4189,797,5085,149,22414,7168,29731,21,647,1560,2228,439,178797,10654,189890,"2025-09-23 18:08:51"
2654,2024-05-01,221,66,10453,59,10578,52,386,45,483,89,4584,555,5228,14,56,103,173,221,15479,762,16462,"2025-09-23 18:08:51"
2655,2024-05-01,222,214,143168,2881,146263,174,3285,1018,4477,246,26809,2368,29423,33,494,427,954,667,173756,6694,181117,"2025-09-23 18:08:51"
2656,2024-05-01,223,70,25032,179,25281,71,1046,106,1223,94,10366,410,10870,10,141,70,221,245,36585,765,37595,"2025-09-23 18:08:51"
2657,2024-05-01,224,137,89195,1273,90605,65,1943,474,2482,135,10543,994,11672,16,160,152,328,353,101841,2893,105087,"2025-09-23 18:08:51"
2658,2024-05-01,225,66,94358,5455,99879,32,1904,423,2359,53,11025,1656,12734,4,199,226,429,155,107486,7760,115401,"2025-09-23 18:08:51"
2659,2024-05-01,226,240,158160,59999,218399,220,2076,1149,3445,141,10558,980,11679,15,213,179,407,616,171007,62307,233930,"2025-09-23 18:08:51"
2660,2024-05-01,227,218,100560,1747,102525,178,2216,276,2670,137,16654,1443,18234,18,301,346,665,551,119731,3812,124094,"2025-09-23 18:08:51"
2661,2024-05-01,228,92,87057,716,87865,36,1940,161,2137,90,7859,974,8923,13,264,254,531,231,97120,2105,99456,"2025-09-23 18:08:51"
2662,2024-05-01,229,101,43043,696,43840,82,1688,245,2015,118,8884,342,9344,15,161,74,250,316,53776,1357,55449,"2025-09-23 18:08:51"
2663,2024-05-01,230,59,16144,89,16292,65,545,43,653,104,7814,170,8088,11,75,85,171,239,24578,387,25204,"2025-09-23 18:08:51"
2664,2024-05-01,231,81,33396,34959,68436,54,1063,410,1527,82,10275,524,10881,6,245,229,480,223,44979,36122,81324,"2025-09-23 18:08:51"
2665,2024-05-01,232,59,13469,376,13904,53,486,86,625,122,6535,146,6803,11,75,27,113,245,20565,635,21445,"2025-09-23 18:08:51"
2666,2024-05-01,233,86,15657,110,15853,56,607,77,740,139,8169,403,8711,14,86,75,175,295,24519,665,25479,"2025-09-23 18:08:51"
2668,2024-05-01,235,252,77526,940,78718,140,2866,151,3157,343,27078,637,28058,42,238,142,422,777,107708,1870,110355,"2025-09-23 18:08:51"
2669,2024-05-01,236,623,250591,267221,518435,348,7156,6395,13899,692,57761,3573,62026,38,1196,586,1820,1701,316704,277775,596180,"2025-09-23 18:08:51"
2671,2024-05-01,238,162,93747,2503,96412,147,2559,515,3221,267,18226,1430,19923,37,411,455,903,613,114943,4903,120459,"2025-09-23 18:08:51"
2673,2024-05-01,240,110,39758,680,40548,75,1216,154,1445,129,6965,512,7606,14,167,222,403,328,48106,1568,50002,"2025-09-23 18:08:51"
2674,2024-05-01,241,119,26227,490,26836,103,819,123,1045,184,6751,181,7116,10,142,45,197,416,33939,839,35194,"2025-09-23 18:08:51"
2675,2024-05-01,242,110,34180,938,35228,90,1088,149,1327,113,5376,309,5798,7,147,95,249,320,40791,1491,42602,"2025-09-23 18:08:51"
2676,2024-05-01,243,54,8807,49,8910,53,316,28,397,108,3372,50,3530,10,53,15,78,225,12548,142,12915,"2025-09-23 18:08:51"
2677,2024-05-01,244,45,12415,167,12627,42,416,24,482,120,4170,69,4359,12,78,20,110,219,17079,280,17578,"2025-09-23 18:08:51"
2678,2024-05-01,245,134,15120,154,15408,81,641,59,781,126,6222,132,6480,12,120,54,186,353,22103,399,22855,"2025-09-23 18:08:51"
2679,2024-05-01,246,220,159558,2825,162603,167,4280,526,4973,237,26784,2263,29284,25,650,371,1046,649,191272,5985,197906,"2025-09-23 18:08:51"
2680,2024-05-01,247,54,14600,86,14740,53,460,63,576,119,4994,104,5217,9,84,30,123,235,20138,283,20656,"2025-09-23 18:08:51"
2681,2024-05-01,248,112,14204,234,14550,93,567,74,734,144,6190,155,6489,19,99,35,153,368,21060,498,21926,"2025-09-23 18:08:51"
2682,2024-05-01,249,55,17082,195,17332,71,673,43,787,138,7035,140,7313,14,85,20,119,278,24875,398,25551,"2025-09-23 18:08:51"
2683,2024-05-01,250,331,120950,2501,123782,279,3105,606,3990,265,18696,2741,21702,21,513,412,946,896,143264,6260,150420,"2025-09-23 18:08:51"
2684,2024-05-01,251,61,16190,370,16621,62,608,121,791,117,3349,131,3597,10,127,41,178,250,20274,663,21187,"2025-09-23 18:08:51"
2685,2024-05-01,252,103,17688,334,18125,84,789,90,963,123,8690,144,8957,20,95,56,171,330,27262,624,28216,"2025-09-23 18:08:51"
2686,2024-05-01,253,122,28112,242,28476,113,1222,275,1610,179,11796,449,12424,22,146,68,236,436,41276,1034,42746,"2025-09-23 18:08:51"
2687,2024-05-01,254,58,9756,58,9872,61,290,48,399,102,3289,51,3442,10,59,23,92,231,13394,180,13805,"2025-09-23 18:08:51"
2688,2024-05-01,255,87,19289,506,19882,69,826,82,977,125,8624,271,9020,13,124,50,187,294,28863,909,30066,"2025-09-23 18:08:51"
2690,2024-05-01,257,105,20130,166,20401,65,1273,101,1439,155,10659,266,11080,14,105,50,169,339,32167,583,33089,"2025-09-23 18:08:51"
2691,2024-05-01,258,208,115428,2061,117697,127,3069,524,3720,210,19353,3113,22676,18,476,702,1196,563,138326,6400,145289,"2025-09-23 18:08:51"
2692,2024-05-01,259,111,33647,584,34342,68,1481,142,1691,144,13594,1033,14771,8,250,155,413,331,48972,1914,51217,"2025-09-23 18:08:51"
2693,2024-05-01,260,143,29351,556,30050,95,1161,170,1426,182,12510,447,13139,18,171,67,256,438,43193,1240,44871,"2025-09-23 18:08:51"
2694,2024-05-01,261,71,8879,59,9009,41,456,59,556,100,4433,248,4781,6,46,37,89,218,13814,403,14435,"2025-09-23 18:08:51"
2695,2024-05-01,262,89,18905,181,19175,61,819,115,995,127,8685,265,9077,12,108,51,171,289,28517,612,29418,"2025-09-23 18:08:51"
2696,2024-05-01,263,68,10209,78,10355,60,402,28,490,97,5211,65,5373,9,47,17,73,234,15869,188,16291,"2025-09-23 18:08:51"
2697,2024-05-01,264,113,45936,237,46286,120,1646,424,2190,203,12326,2342,14871,26,257,209,492,462,60165,3212,63839,"2025-09-23 18:08:51"
2698,2024-05-01,265,182,113271,1870,115323,144,3898,495,4537,215,24377,3107,27699,16,406,428,850,557,141952,5900,148409,"2025-09-23 18:08:51"
2699,2024-05-01,266,77,9676,58,9811,59,417,69,545,119,4954,276,5349,8,63,25,96,263,15110,428,15801,"2025-09-23 18:08:51"
2700,2024-05-01,267,75,7862,33,7970,41,355,22,418,115,4440,77,4632,6,53,18,77,237,12710,150,13097,"2025-09-23 18:08:51"
2701,2024-05-01,268,138,152536,3230,155904,98,3430,931,4459,126,19336,2627,22089,14,505,410,929,376,175807,7198,183381,"2025-09-23 18:08:51"
2702,2024-05-01,269,328,136781,1973,139082,236,3096,541,3873,194,15956,1508,17658,28,334,241,603,786,156167,4263,161216,"2025-09-23 18:08:51"
2703,2024-05-01,270,107,40817,2092,43016,110,1607,199,1916,164,14978,873,16015,7,229,138,374,388,57631,3302,61321,"2025-09-23 18:08:51"
2704,2024-05-01,271,105,9569,55,9729,56,426,95,577,110,5056,103,5269,14,58,17,89,285,15109,270,15664,"2025-09-23 18:08:51"
2706,2024-06-01,1,152,218463,17319,235934,58,3934,562,4554,180,13708,2423,16311,19,369,159,547,409,236474,20463,257346,"2025-09-23 18:08:58"
2707,2024-06-01,2,108,131107,4945,136160,41,3260,705,4006,146,11945,2536,14627,7,223,214,444,302,146535,8400,155237,"2025-09-23 18:08:58"
2708,2024-06-01,3,106,60200,2063,62369,69,2136,713,2918,132,6932,1291,8355,15,154,109,278,322,69422,4176,73920,"2025-09-23 18:08:58"
2709,2024-06-01,4,122,67645,2075,69842,43,4261,1311,5615,167,16383,4275,20825,16,421,257,694,362,188982,15131,204475,"2025-09-23 18:08:58"
2710,2024-06-01,5,90,99428,3022,102540,45,3021,346,3412,143,9075,2239,11457,12,181,176,369,290,111705,5783,117778,"2025-09-23 18:08:58"
2711,2024-06-01,6,92,80620,3084,83796,44,2139,341,2524,172,8700,1646,10518,10,123,110,243,318,91582,5181,97081,"2025-09-23 18:08:58"
2712,2024-06-01,7,107,115548,9701,125356,62,4043,585,4690,127,13862,2649,16638,7,331,167,505,303,133784,13102,147189,"2025-09-23 18:08:58"
2713,2024-06-01,8,57,71715,3380,75152,32,2671,452,3155,72,10764,2330,13166,12,189,98,299,173,85339,6260,91772,"2025-09-23 18:08:58"
2714,2024-06-01,9,84,129587,5507,135178,54,3348,766,4168,176,9844,2164,12184,12,268,260,540,326,143047,8697,152070,"2025-09-23 18:08:58"
2715,2024-06-01,10,92,76579,4600,81271,48,2308,599,2955,125,7971,2053,10149,12,182,164,358,277,87040,7416,94733,"2025-09-23 18:08:58"
2716,2024-06-01,11,101,84549,2938,87588,54,2573,146,2773,131,9769,2204,12104,10,202,98,310,296,97093,5386,102775,"2025-09-23 18:08:58"
2717,2024-06-01,12,112,94797,1096,96005,46,2236,132,2414,125,6516,1184,7825,17,137,178,332,300,103686,2590,106576,"2025-09-23 18:08:58"
2718,2024-06-01,13,94,101896,4240,106230,55,2535,633,3223,180,9278,2220,11678,21,241,540,802,350,113950,7633,121933,"2025-09-23 18:08:58"
2719,2024-06-01,14,207,77745,3377,81329,105,2039,400,2544,140,5858,1806,7804,7,148,109,264,459,85790,5692,91941,"2025-09-23 18:08:58"
2720,2024-06-01,15,178,152864,3909,156951,130,2947,650,3727,182,10675,4763,15620,16,278,196,490,506,166764,9518,176788,"2025-09-23 18:08:58"
2721,2024-06-01,16,131,82495,8974,91600,46,1818,992,2856,177,8247,1876,10300,19,193,101,313,373,92753,11943,105069,"2025-09-23 18:08:58"
2722,2024-06-01,17,94,105340,2011,107445,49,2835,1100,3984,138,8521,1714,10373,8,189,102,299,289,116885,4927,122101,"2025-09-23 18:08:58"
2723,2024-06-01,18,124,207228,7458,214810,99,4047,1634,5780,161,17618,4808,22587,16,390,384,790,400,229283,14284,243967,"2025-09-23 18:08:58"
2724,2024-06-01,19,130,127359,4307,131796,60,3080,760,3900,144,11044,2940,14128,7,270,431,708,341,141753,8438,150532,"2025-09-23 18:08:58"
2725,2024-06-01,20,128,118767,2930,121825,59,3696,179,3934,168,13319,4434,17921,15,475,644,1134,370,136257,8187,144814,"2025-09-23 18:08:58"
2726,2024-06-01,21,258,63834,1276,65368,118,1783,73,1974,154,5010,904,6068,12,140,28,180,542,70767,2281,73590,"2025-09-23 18:08:58"
2727,2024-06-01,22,100,114409,4051,118560,46,2977,740,3763,139,9876,2066,12081,16,183,191,390,301,127445,7048,134794,"2025-09-23 18:08:58"
2728,2024-06-01,23,1626,39323,242,41191,1535,1463,247,3245,344,3627,1553,5524,106,85,96,287,3611,44498,2138,50247,"2025-09-23 18:08:58"
2729,2024-06-01,63,137,90940,1164,92241,859,1778,233,2870,176,5283,1186,6645,18,273,100,391,1352,49034,3211,53597,"2025-09-23 18:08:58"
2730,2024-06-01,25,78,91898,5959,97935,33,3032,571,3636,121,11665,2812,14598,14,219,328,561,246,106814,9670,116730,"2025-09-23 18:08:58"
2731,2024-06-01,146,1926,754068,13144,769138,3790,69960,14870,88620,3920,245490,60076,309486,424,5864,5240,11528,12818,2976682,197555,3187055,"2025-09-23 18:08:58"
2733,2024-06-01,28,104,65165,2450,67719,62,2029,858,2949,105,9489,3116,12710,14,180,657,851,285,76863,7081,84229,"2025-09-23 18:08:58"
2734,2024-06-01,29,82,74198,834,75114,49,2034,539,2622,120,10816,1302,12238,12,243,217,472,263,87291,2892,90446,"2025-09-23 18:08:58"
2735,2024-06-01,77,302,138297,2865,141464,57,2061,498,2616,58,8862,4378,13298,3,305,1447,1755,230,92593,9470,102293,"2025-09-23 18:08:58"
2736,2024-06-01,57,67,58360,727,59154,47,849,169,1065,60,3610,2373,6043,4,106,1061,1171,193,48683,5276,54152,"2025-09-23 18:08:58"
2737,2024-06-01,32,73,85236,1656,86965,27,1878,361,2266,64,9904,1497,11465,1,202,266,469,165,97220,3780,101165,"2025-09-23 18:08:58"
2738,2024-06-01,33,128,117138,21843,139109,60,2723,517,3300,170,13022,2339,15531,11,205,535,751,369,133088,25234,158691,"2025-09-23 18:08:58"
2739,2024-06-01,79,86,109619,1519,111224,52,2132,308,2492,107,11922,1610,13639,9,199,228,436,292,101920,3700,105912,"2025-09-23 18:08:58"
2740,2024-06-01,35,97,67157,2427,69681,56,2071,242,2369,103,14213,2311,16627,9,223,322,554,265,83664,5302,89231,"2025-09-23 18:08:58"
2741,2024-06-01,36,108,92304,3364,95776,49,2653,338,3040,105,12841,1991,14937,9,211,280,500,271,108009,5973,114253,"2025-09-23 18:08:58"
2742,2024-06-01,60,291,186495,18871,205657,34,877,21,932,41,3632,889,4562,1,57,87,145,137,30427,1395,31959,"2025-09-23 18:08:58"
2743,2024-06-01,38,51,56897,61313,118261,24,1412,847,2283,80,5520,1368,6968,11,152,367,530,166,63981,63895,128042,"2025-09-23 18:08:58"
2744,2024-06-01,39,330,104670,14792,119792,506,1624,649,2779,187,8380,2302,10869,28,183,709,920,1051,114857,18452,134360,"2025-09-23 18:08:58"
2745,2024-06-01,40,82,26714,1301,28097,48,974,293,1315,83,4093,367,4543,9,49,52,110,222,31830,2013,34065,"2025-09-23 18:08:58"
2747,2024-06-01,42,141,149513,10141,159795,57,2980,250,3287,130,13062,2180,15372,9,308,476,793,337,165863,13047,179247,"2025-09-23 18:08:58"
2749,2024-06-01,44,0,19,2,21,36,376,20,432,46,5282,136,5464,2,63,21,86,132,15660,245,16037,"2025-09-23 18:08:58"
2751,2024-06-01,46,190,239692,12120,252002,112,4712,731,5555,175,29184,5576,34935,14,580,578,1172,491,274168,19005,293664,"2025-09-23 18:08:58"
2752,2024-06-01,47,118,117758,1484,119360,121,2878,515,3514,297,19637,2872,22806,62,398,293,753,598,140671,5164,146433,"2025-09-23 18:08:58"
2756,2024-06-01,51,188,196225,3168,199581,192,2941,610,3743,212,15968,1331,17511,12,463,163,638,604,215597,5272,221473,"2025-09-23 18:08:58"
2759,2024-06-01,54,129,27143,9101,36373,51,1117,317,1485,157,10395,760,11312,8,159,88,255,345,38814,10266,49425,"2025-09-23 18:08:58"
2760,2024-06-01,55,111,95140,142839,238090,61,3114,2028,5203,112,26122,2783,29017,16,575,325,916,300,124951,147975,273226,"2025-09-23 18:08:58"
2761,2024-06-01,56,345,223559,22119,246023,414,5057,875,6346,176,29385,3602,33163,23,566,491,1080,958,258567,27087,286612,"2025-09-23 18:08:58"
2763,2024-06-01,58,185,143738,6058,149981,98,4045,77,4220,140,16956,4871,21967,20,425,860,1305,443,165164,11866,177473,"2025-09-23 18:08:58"
2764,2024-06-01,59,150,204134,34720,239004,81,4550,1030,5661,103,21047,3211,24361,11,477,315,803,345,230208,39276,269829,"2025-09-23 18:08:58"
2766,2024-06-01,61,166,206136,5363,211665,90,3127,714,3931,140,12151,3437,15728,13,390,505,908,409,221804,10019,232232,"2025-09-23 18:08:58"
2767,2024-06-01,62,66,8740,149,8955,53,505,67,625,125,3947,64,4136,3,47,13,63,247,13239,293,13779,"2025-09-23 18:08:58"
2770,2024-06-01,65,209,173920,3764,177893,153,4235,403,4791,185,26665,8265,35115,28,710,912,1650,575,205530,13344,219449,"2025-09-23 18:08:58"
2776,2024-06-01,71,82,72596,1999,74677,44,2079,546,2669,107,13746,3914,17767,9,348,447,804,242,88769,6906,95917,"2025-09-23 18:08:58"
2779,2024-06-01,74,121,176785,2737,179643,94,3143,368,3605,427,15433,2447,18307,23,612,298,933,665,195973,5850,202488,"2025-09-23 18:08:58"
2785,2024-06-01,80,167,108248,1148,109563,94,2528,664,3286,171,20702,4195,25068,13,412,1014,1439,445,131890,7021,139356,"2025-09-23 18:08:58"
2788,2024-06-01,83,356,176499,1205,178060,252,3258,574,4084,268,15079,1979,17326,65,634,173,872,941,195470,3931,200342,"2025-09-23 18:08:58"
2790,2024-06-01,85,150,25485,238,25873,86,1141,136,1363,165,6609,200,6974,22,124,44,190,423,33359,618,34400,"2025-09-23 18:08:58"
2791,2024-06-01,86,313,173804,1843,175960,158,4101,387,4646,196,19310,2664,22170,22,444,290,756,689,197659,5184,203532,"2025-09-23 18:08:58"
2792,2024-06-01,87,104,114833,3284,118221,76,2459,612,3147,82,13127,2170,15379,10,354,161,525,272,130773,6227,137272,"2025-09-23 18:08:58"
2793,2024-06-01,88,71,105565,2467,108103,21,2107,619,2747,36,9363,1512,10911,1,222,136,359,129,117257,4734,122120,"2025-09-23 18:08:58"
2794,2024-06-01,89,470,30391,308,31169,106,534,37,677,124,1928,460,2512,13,82,10,105,713,32935,815,34463,"2025-09-23 18:08:58"
2795,2024-06-01,90,128,88381,1789,90298,71,2300,428,2799,107,10233,2363,12703,11,211,203,425,317,101125,4783,106225,"2025-09-23 18:08:58"
2796,2024-06-01,91,191,170817,864,171872,96,4775,2343,7214,131,30562,5459,36152,16,678,363,1057,434,206832,9029,216295,"2025-09-23 18:08:58"
2797,2024-06-01,92,91,61261,1119,62471,75,1530,280,1885,98,8388,1413,9899,12,188,157,357,276,71367,2969,74612,"2025-09-23 18:08:58"
2798,2024-06-01,93,129,87939,1014,89082,75,2127,170,2372,92,9031,3906,13029,10,179,254,443,306,99276,5344,104926,"2025-09-23 18:08:58"
2799,2024-06-01,94,254,201865,2555,204674,114,5058,1595,6767,201,30933,4467,35601,9,687,703,1399,578,238543,9320,248441,"2025-09-23 18:08:58"
2800,2024-06-01,95,360,269286,2224,271870,200,7180,1012,8392,220,43092,6341,49653,27,1076,497,1600,807,320634,10074,331515,"2025-09-23 18:08:58"
2801,2024-06-01,96,92,31873,674,32639,43,1203,72,1318,83,5305,689,6077,11,88,50,149,229,38469,1485,40183,"2025-09-23 18:08:58"
2802,2024-06-01,97,6,100,3,109,0,38,10,48,0,129,8,137,0,0,1,1,6,267,22,295,"2025-09-23 18:08:58"
2803,2024-06-01,98,46,73182,1753,74981,19,2160,79,2258,31,8330,1234,9595,1,166,174,341,97,83838,3240,87175,"2025-09-23 18:08:58"
2804,2024-06-01,99,37,51827,918,52782,32,1927,478,2437,30,9891,1729,11650,4,173,185,362,103,63818,3310,67231,"2025-09-23 18:08:58"
2805,2024-06-01,100,188,129071,2917,132176,155,3520,611,4286,154,15861,3309,19324,24,327,206,557,521,148779,7043,156343,"2025-09-23 18:08:58"
2806,2024-06-01,101,200,178812,4471,183483,54,2404,1375,3833,104,7729,1921,9754,10,365,206,581,368,189310,7973,197651,"2025-09-23 18:08:58"
2807,2024-06-01,102,168,71933,1417,73518,61,2117,223,2401,76,7619,1583,9278,3,200,162,365,308,81869,3385,85562,"2025-09-23 18:08:58"
2808,2024-06-01,103,215,63463,2017,65695,58,2131,262,2451,103,8872,1596,10571,17,172,139,328,393,74638,4014,79045,"2025-09-23 18:08:58"
2809,2024-06-01,104,129,181227,4706,186062,172,4630,1501,6303,159,20498,3120,23777,22,542,559,1123,482,206897,9886,217265,"2025-09-23 18:08:58"
2810,2024-06-01,105,277,143066,1931,145274,105,2120,133,2358,66,6730,1479,8275,3,266,135,404,451,152182,3678,156311,"2025-09-23 18:08:58"
2811,2024-06-01,106,230,98091,978,99299,149,2747,513,3409,103,8279,2184,10566,13,218,121,352,495,109335,3796,113626,"2025-09-23 18:08:58"
2812,2024-06-01,107,126,72954,1267,74347,60,2446,65,2571,90,6507,1940,8537,20,172,99,291,296,82079,3371,85746,"2025-09-23 18:08:58"
2813,2024-06-01,108,167,226030,1767,227964,112,6488,456,7056,150,37428,6416,43994,23,708,504,1235,452,270654,9143,280249,"2025-09-23 18:08:58"
2814,2024-06-01,109,202,136975,2553,139730,153,5002,1104,6259,226,22957,3995,27178,12,389,327,728,593,165323,7979,173895,"2025-09-23 18:08:58"
2815,2024-06-01,110,85,122033,2163,124281,40,3947,654,4641,33,18331,2603,20967,3,418,371,792,161,144729,5791,150681,"2025-09-23 18:08:58"
2816,2024-06-01,111,166,93151,711,94028,99,3075,513,3687,134,19249,3369,22752,15,990,296,1301,414,116465,4889,121768,"2025-09-23 18:08:58"
2817,2024-06-01,112,148,114201,2328,116677,117,2137,596,2850,122,9918,3812,13852,11,341,174,526,398,126597,6910,133905,"2025-09-23 18:08:58"
2818,2024-06-01,113,93,73866,1249,75208,27,2177,907,3111,38,9165,1590,10793,0,191,128,319,158,85399,3874,89431,"2025-09-23 18:08:58"
2819,2024-06-01,114,181,113926,703,114810,89,3744,441,4274,172,19809,2951,22932,13,502,245,760,455,137981,4340,142776,"2025-09-23 18:08:58"
2820,2024-06-01,115,241,53360,418,54019,101,1714,546,2361,261,12250,897,13408,13,286,85,384,616,67610,1946,70172,"2025-09-23 18:08:58"
2821,2024-06-01,116,185,53177,349,53711,84,2005,650,2739,203,14270,6514,20987,9,310,347,666,481,69762,7860,78103,"2025-09-23 18:08:58"
2822,2024-06-01,117,90,17508,73,17671,70,723,231,1024,159,6353,4122,10634,7,137,495,639,326,24721,4921,29968,"2025-09-23 18:08:58"
2823,2024-06-01,118,92,104894,1174,106160,62,2775,545,3382,64,10538,2510,13112,10,313,179,502,228,118520,4408,123156,"2025-09-23 18:08:58"
2824,2024-06-01,119,53,184264,3171,187488,39,3402,700,4141,49,11593,3661,15303,13,495,204,712,154,199754,7736,207644,"2025-09-23 18:08:58"
2825,2024-06-01,120,27,144158,729,144914,13,1854,129,1996,22,4871,1412,6305,0,233,40,273,62,151116,2310,153488,"2025-09-23 18:08:58"
2826,2024-06-01,121,385,120292,1584,122261,175,3901,1407,5483,237,21533,4851,26621,19,669,443,1131,816,146395,8285,155496,"2025-09-23 18:08:58"
2827,2024-06-01,122,114,58967,397,59478,94,1268,176,1538,88,5750,2080,7918,9,137,324,470,305,66122,2977,69404,"2025-09-23 18:08:58"
2828,2024-06-01,123,278,151430,2040,153748,268,4496,450,5214,197,18127,2963,21287,29,539,270,838,772,174592,5723,181087,"2025-09-23 18:08:58"
2829,2024-06-01,124,207,101758,1000,102965,89,3376,753,4218,131,19011,4326,23468,16,460,546,1022,443,124605,6625,131673,"2025-09-23 18:08:58"
2830,2024-06-01,125,267,211057,2557,213881,99,5483,2684,8266,172,31010,6306,37488,20,667,294,981,558,248217,11841,260616,"2025-09-23 18:08:58"
2831,2024-06-01,126,358,287169,3789,291316,162,7756,2234,10152,255,35749,7455,43459,24,975,1029,2028,799,331649,14507,346955,"2025-09-23 18:08:58"
2832,2024-06-01,127,178,66086,4578,70842,75,2745,780,3600,154,20805,2449,23408,14,358,382,754,421,89994,8189,98604,"2025-09-23 18:08:58"
2833,2024-06-01,128,204,122766,887,123857,90,2561,348,2999,150,15656,2289,18095,12,339,152,503,456,141322,3676,145454,"2025-09-23 18:08:58"
2834,2024-06-01,129,396,447547,3075,451018,226,10234,2725,13185,291,63997,8127,72415,75,1651,674,2400,988,523429,14601,539018,"2025-09-23 18:08:58"
2836,2024-06-01,131,76,15383,127,15586,57,762,53,872,79,7949,259,8287,11,86,29,126,223,24180,468,24871,"2025-09-23 18:08:58"
2837,2024-06-01,132,71,11130,145,11346,50,456,94,600,114,4874,385,5373,4,89,230,323,239,16549,854,17642,"2025-09-23 18:08:58"
2838,2024-06-01,133,69,12083,119,12271,57,613,89,759,109,6354,615,7078,16,74,64,154,251,19124,887,20262,"2025-09-23 18:08:58"
2839,2024-06-01,134,86,17458,117,17661,58,690,89,837,115,8226,180,8521,13,88,41,142,272,26462,427,27161,"2025-09-23 18:08:58"
2840,2024-06-01,135,71,20084,188,20343,59,806,83,948,83,8081,684,8848,11,173,86,270,224,29144,1041,30409,"2025-09-23 18:08:58"
2841,2024-06-01,136,78,46804,299,47181,72,2080,207,2359,112,13753,1427,15292,14,224,143,381,276,62861,2076,65213,"2025-09-23 18:08:58"
2842,2024-06-01,137,103,54574,702,55379,82,1697,181,1960,157,13703,1724,15584,11,346,892,1249,353,70320,3499,74172,"2025-09-23 18:08:58"
2843,2024-06-01,138,34,17250,164,17448,25,536,35,596,31,3224,583,3838,7,67,50,124,97,21077,832,22006,"2025-09-23 18:08:58"
2844,2024-06-01,139,75,45112,297,45484,67,1494,85,1646,87,9294,1086,10467,6,215,82,303,235,56115,1550,57900,"2025-09-23 18:08:58"
2845,2024-06-01,140,1,8,0,9,0,3,0,3,0,8,0,8,0,0,0,0,1,19,0,20,"2025-09-23 18:08:58"
2846,2024-06-01,141,207,87796,1061,89064,115,2150,368,2633,176,12076,1109,13361,16,330,265,611,514,102352,2803,105669,"2025-09-23 18:08:58"
2847,2024-06-01,142,55,84433,1724,86212,125,2049,842,3016,65,10953,1790,12808,4,301,211,516,249,97736,4567,102552,"2025-09-23 18:08:58"
2848,2024-06-01,143,165,91061,2376,93602,122,2430,547,3099,128,14462,2058,16648,9,398,190,597,424,108351,5171,113946,"2025-09-23 18:08:58"
2849,2024-06-01,144,133,128046,4301,132480,87,2975,679,3741,131,15801,2342,18274,13,547,334,894,364,147369,7656,155389,"2025-09-23 18:08:58"
2850,2024-06-01,145,193,94244,5606,100043,154,2844,417,3415,259,20036,1790,22085,29,426,279,734,635,117550,8092,126277,"2025-09-23 18:08:58"
2852,2024-06-01,147,77,23374,62,23513,38,579,98,715,55,2268,416,2739,9,90,33,132,179,26311,609,27099,"2025-09-23 18:08:58"
2853,2024-06-01,148,229,42199,1344,43772,120,1557,372,2049,224,12853,671,13748,24,200,129,353,597,56809,2516,59922,"2025-09-23 18:08:58"
2854,2024-06-01,149,70,20581,1573,22224,45,1011,233,1289,94,8622,600,9316,7,111,74,192,216,30325,2480,33021,"2025-09-23 18:08:58"
2855,2024-06-01,150,151,45585,831,46567,91,2039,377,2507,145,15249,1079,16473,29,200,86,315,416,63073,2373,65862,"2025-09-23 18:08:58"
2856,2024-06-01,151,156,84797,791,85744,78,2439,358,2875,188,19095,2328,21611,17,473,798,1288,439,106804,4275,111518,"2025-09-23 18:08:58"
2857,2024-06-01,152,132,40295,528,40955,73,1401,180,1654,183,12841,545,13569,32,195,155,382,420,54732,1408,56560,"2025-09-23 18:08:58"
2858,2024-06-01,153,95,23013,194,23302,69,1089,336,1494,149,11231,395,11775,13,85,53,151,326,35418,978,36722,"2025-09-23 18:08:58"
2859,2024-06-01,154,172,81761,1011,82944,88,2457,489,3034,162,19043,1861,21066,25,396,432,853,447,103657,3793,107897,"2025-09-23 18:08:58"
2860,2024-06-01,155,78,19621,148,19847,40,726,115,881,109,7706,436,8251,15,87,81,183,242,28140,780,29162,"2025-09-23 18:08:58"
2861,2024-06-01,156,189,171220,2383,173792,144,4750,484,5378,189,24300,3760,28249,46,686,379,1111,568,200956,7006,208530,"2025-09-23 18:08:58"
2862,2024-06-01,157,140,34412,281,34833,124,1400,315,1839,188,11511,722,12421,16,195,116,327,468,47518,1434,49420,"2025-09-23 18:08:58"
2863,2024-06-01,158,110,118908,1792,120810,67,3805,657,4529,126,19752,2808,22686,10,519,405,934,313,142984,5662,148959,"2025-09-23 18:08:58"
2864,2024-06-01,159,167,181048,1748,182963,146,4431,867,5444,214,20937,2474,23625,23,577,282,882,550,206993,5371,212914,"2025-09-23 18:08:58"
2865,2024-06-01,160,77,11440,66,11583,55,478,61,594,120,6019,491,6630,17,65,72,154,269,18002,690,18961,"2025-09-23 18:08:58"
2866,2024-06-01,161,83,24621,194,24898,45,989,114,1148,196,10795,259,11250,19,137,53,209,343,36542,620,37505,"2025-09-23 18:08:58"
2867,2024-06-01,162,175,42678,319,43172,91,1379,196,1666,142,12247,759,13148,20,226,129,375,428,56530,1403,58361,"2025-09-23 18:08:58"
2869,2024-06-01,164,83,12298,166,12547,64,503,76,643,100,6611,735,7446,10,83,40,133,257,19495,1017,20769,"2025-09-23 18:08:58"
2870,2024-06-01,165,101,20762,160,21023,74,1024,93,1191,139,12652,261,13052,10,117,42,169,324,34555,556,35435,"2025-09-23 18:08:58"
2871,2024-06-01,166,68,10548,102,10718,42,424,61,527,73,5025,392,5490,6,52,65,123,189,16049,620,16858,"2025-09-23 18:08:58"
2872,2024-06-01,167,92,76615,837,77544,69,2148,277,2494,88,14521,3456,18065,14,527,1662,2203,263,93811,6232,100306,"2025-09-23 18:08:58"
2873,2024-06-01,168,59,9220,402,9681,40,396,52,488,77,3949,205,4231,4,66,23,93,180,13631,682,14493,"2025-09-23 18:08:58"
2874,2024-06-01,169,142,52409,784,53335,122,1887,375,2384,212,15544,1709,17465,19,350,267,636,495,70190,3135,73820,"2025-09-23 18:08:58"
2875,2024-06-01,170,80,20201,400,20681,49,772,264,1085,78,7913,1048,9039,11,119,147,277,218,29005,1859,31082,"2025-09-23 18:08:58"
2876,2024-06-01,171,117,83194,2271,85582,117,2659,409,3185,154,13051,2347,15552,10,325,339,674,398,99229,5366,104993,"2025-09-23 18:08:58"
2877,2024-06-01,172,245,39371,151,39767,211,1480,69,1760,157,11812,848,12817,14,188,120,322,627,52851,1188,54666,"2025-09-23 18:08:58"
2878,2024-06-01,173,76,13961,153,14190,52,717,69,838,106,7931,364,8401,14,85,50,149,248,22694,636,23578,"2025-09-23 18:08:58"
2879,2024-06-01,174,168,123335,1848,125351,133,2947,600,3680,194,22762,2122,25078,19,453,932,1404,514,149497,5502,155513,"2025-09-23 18:08:58"
2880,2024-06-01,175,113,13949,100572,114634,69,652,2479,3200,204,9418,388,10010,5,147,36,188,391,24166,103475,128032,"2025-09-23 18:08:58"
2881,2024-06-01,176,198,113467,2440,116105,146,3195,722,4063,202,21771,3523,25496,16,412,850,1278,562,138845,7535,146942,"2025-09-23 18:08:58"
2882,2024-06-01,177,79,20894,142,21115,47,791,94,932,115,8145,509,8769,7,112,50,169,248,29942,795,30985,"2025-09-23 18:08:58"
2883,2024-06-01,178,87,24357,124,24568,64,1201,79,1344,120,11284,779,12183,8,209,134,351,279,37051,1116,38446,"2025-09-23 18:08:58"
2884,2024-06-01,179,124,16111,165,16400,57,704,105,866,106,9693,207,10006,11,95,31,137,298,26603,508,27409,"2025-09-23 18:08:58"
2885,2024-06-01,180,82,19088,229,19399,45,726,83,854,94,8201,908,9203,3,117,91,211,224,28132,1311,29667,"2025-09-23 18:08:58"
2886,2024-06-01,181,90,13251,93,13434,74,545,48,667,106,7099,282,7487,7,60,34,101,277,20955,457,21689,"2025-09-23 18:08:58"
2887,2024-06-01,182,77,11094,90,11261,50,521,60,631,93,6309,143,6545,8,60,22,90,228,17984,315,18527,"2025-09-23 18:08:58"
2888,2024-06-01,183,69,12307,6186,18562,53,517,126,696,91,6565,199,6855,11,88,25,124,224,19477,6536,26237,"2025-09-23 18:08:58"
2889,2024-06-01,184,112,24349,82562,107023,81,1614,1070,2765,139,15542,233,15914,10,120,44,174,342,41625,83909,125876,"2025-09-23 18:08:58"
2890,2024-06-01,185,97,25561,451,26109,52,923,925,1900,101,8054,506,8661,9,155,151,315,259,34693,2033,36985,"2025-09-23 18:08:58"
2892,2024-06-01,187,143,119217,925,120285,98,2993,376,3467,132,22001,2760,24893,13,411,387,811,386,144622,4448,149456,"2025-09-23 18:08:58"
2893,2024-06-01,188,212,118705,1717,120634,148,3746,540,4434,228,25939,1974,28141,15,540,374,929,603,148930,4605,154138,"2025-09-23 18:08:58"
2894,2024-06-01,189,62,14399,37,14498,32,661,55,748,70,6483,675,7228,17,80,53,150,181,21623,820,22624,"2025-09-23 18:08:58"
2895,2024-06-01,190,191,191797,2532,194520,108,4949,773,5830,227,25899,3637,29763,20,632,465,1117,546,223277,7407,231230,"2025-09-23 18:08:58"
2897,2024-06-01,192,143,58294,621,59058,87,2018,266,2371,161,17931,1074,19166,18,239,179,436,409,78482,2140,81031,"2025-09-23 18:08:58"
2898,2024-06-01,193,95,27172,384,27651,55,1190,118,1363,134,10423,281,10838,11,143,96,250,295,38928,879,40102,"2025-09-23 18:08:58"
2899,2024-06-01,194,96,11149,53,11298,51,425,41,517,87,7001,88,7176,16,49,14,79,250,18624,196,19070,"2025-09-23 18:08:58"
2900,2024-06-01,195,117,36971,401,37489,88,1620,253,1961,192,17286,1052,18530,16,202,168,386,413,56079,1874,58366,"2025-09-23 18:08:58"
2901,2024-06-01,196,70,20214,127,20411,43,790,46,879,86,11355,980,12421,15,128,145,288,214,32487,1298,33999,"2025-09-23 18:08:58"
2902,2024-06-01,197,253,64400,910,65563,244,2137,312,2693,262,19292,1195,20749,48,330,227,605,807,86159,2644,89610,"2025-09-23 18:08:58"
2903,2024-06-01,198,72,12884,110,13066,50,599,56,705,122,6012,116,6250,16,77,27,120,260,19572,309,20141,"2025-09-23 18:08:58"
2904,2024-06-01,199,54,6065,36,6155,31,285,27,343,60,3877,47,3984,2,34,7,43,147,10261,117,10525,"2025-09-23 18:08:58"
2905,2024-06-01,200,134,41243,481,41858,77,1579,145,1801,148,14709,745,15602,26,220,160,406,385,57751,1531,59667,"2025-09-23 18:08:58"
2906,2024-06-01,201,127,45499,408,46034,83,1718,245,2046,130,16435,1508,18073,17,231,355,603,357,63883,2516,66756,"2025-09-23 18:08:58"
2907,2024-06-01,202,103,23013,166,23282,62,704,77,843,113,8644,201,8958,20,110,44,174,298,32471,488,33257,"2025-09-23 18:08:58"
2908,2024-06-01,203,58,4366,340,4764,21,264,196,481,63,1419,31,1513,8,26,2,36,150,6075,569,6794,"2025-09-23 18:08:58"
2909,2024-06-01,204,134,20333,118,20585,58,624,83,765,122,6638,127,6887,15,118,38,171,329,27713,366,28408,"2025-09-23 18:08:58"
2910,2024-06-01,205,79,19629,87,19795,80,841,84,1005,125,12208,848,13181,10,113,101,224,294,32791,1120,34205,"2025-09-23 18:08:58"
2911,2024-06-01,206,78,17819,158,18055,42,620,52,714,92,7809,593,8494,14,94,168,276,226,26342,971,27539,"2025-09-23 18:08:58"
2912,2024-06-01,207,60,9927,40,10027,67,453,42,562,83,5984,114,6181,10,72,13,95,220,16436,209,16865,"2025-09-23 18:08:58"
2913,2024-06-01,208,123,56166,272,56561,66,1836,341,2243,111,12966,1573,14650,14,257,310,581,314,71225,2496,74035,"2025-09-23 18:08:58"
2914,2024-06-01,209,133,104860,1363,106356,85,2915,769,3769,212,18117,4261,22590,13,449,1733,2195,443,126341,8126,134910,"2025-09-23 18:08:58"
2915,2024-06-01,210,163,127260,2107,129530,92,2905,321,3318,100,18104,1055,19259,26,444,303,773,381,148713,3786,152880,"2025-09-23 18:08:58"
2917,2024-06-01,212,123,95358,1021,96502,90,2866,470,3426,138,12024,500,12662,15,309,161,485,366,110557,2152,113075,"2025-09-23 18:08:58"
2918,2024-06-01,213,102,24516,190,24808,70,850,169,1089,106,9354,252,9712,12,80,177,269,290,34800,788,35878,"2025-09-23 18:08:58"
2919,2024-06-01,214,49,11872,78,11999,62,729,89,880,98,7377,206,7681,10,119,69,198,233,28043,559,28835,"2025-09-23 18:08:58"
2920,2024-06-01,215,258,243710,2299,246267,171,6118,530,6819,236,40914,4619,45769,36,824,576,1436,701,291566,8024,300291,"2025-09-23 18:08:58"
2921,2024-06-01,216,106,14076,146,14328,54,535,111,700,136,6186,157,6479,9,63,30,102,305,20860,444,21609,"2025-09-23 18:08:58"
2922,2024-06-01,217,110,43604,482,44196,92,1401,193,1686,108,13677,2599,16384,14,192,630,836,324,58874,3904,63102,"2025-09-23 18:08:58"
2923,2024-06-01,218,101,47955,678,48734,79,1438,239,1756,138,10497,536,11171,17,182,116,315,335,60072,1569,61976,"2025-09-23 18:08:58"
2924,2024-06-01,219,91,13678,65,13834,62,510,55,627,97,7185,487,7769,8,141,149,298,258,21514,756,22528,"2025-09-23 18:08:58"
2925,2024-06-01,220,168,152216,1123,153507,98,4188,794,5080,148,22398,7172,29718,21,653,1549,2223,435,179455,10638,190528,"2025-09-23 18:08:58"
2926,2024-06-01,221,65,10453,56,10574,52,385,45,482,89,4571,549,5209,14,58,104,176,220,15467,754,16441,"2025-09-23 18:08:58"
2927,2024-06-01,222,212,143539,2870,146621,174,3282,1018,4474,240,26847,2369,29456,34,494,428,956,660,174162,6685,181507,"2025-09-23 18:08:58"
2928,2024-06-01,223,70,25028,180,25278,73,1039,111,1223,95,10361,412,10868,10,142,66,218,248,36570,769,37587,"2025-09-23 18:08:58"
2929,2024-06-01,224,139,89391,1269,90799,65,1937,475,2477,136,10541,985,11662,16,156,152,324,356,102025,2881,105262,"2025-09-23 18:08:58"
2930,2024-06-01,225,66,94580,5533,100179,32,1888,409,2329,53,10944,1660,12657,4,206,229,439,155,107618,7831,115604,"2025-09-23 18:08:58"
2931,2024-06-01,226,238,159217,60311,219766,220,2094,1135,3449,143,10563,990,11696,15,208,178,401,616,172082,62614,235312,"2025-09-23 18:08:58"
2932,2024-06-01,227,218,100343,1753,102314,178,2207,277,2662,137,16665,1449,18251,18,297,348,663,551,119512,3827,123890,"2025-09-23 18:08:58"
2933,2024-06-01,228,92,87126,720,87938,36,1928,168,2132,90,7874,973,8937,14,270,262,546,232,97198,2123,99553,"2025-09-23 18:08:58"
2934,2024-06-01,229,100,43091,695,43886,82,1676,232,1990,120,8870,345,9335,16,160,73,249,318,53797,1345,55460,"2025-09-23 18:08:58"
2935,2024-06-01,230,60,16165,88,16313,65,543,43,651,105,7826,166,8097,11,78,85,174,241,24612,382,25235,"2025-09-23 18:08:58"
2936,2024-06-01,231,81,33375,35333,68789,54,1059,386,1499,82,10265,527,10874,6,248,229,483,223,44947,36475,81645,"2025-09-23 18:08:58"
2937,2024-06-01,232,59,13489,374,13922,53,486,85,624,122,6553,152,6827,11,75,27,113,245,20603,638,21486,"2025-09-23 18:08:58"
2938,2024-06-01,233,85,15696,111,15892,58,603,77,738,139,8156,405,8700,14,86,76,176,296,24541,669,25506,"2025-09-23 18:08:58"
2940,2024-06-01,235,253,77476,943,78672,137,2851,150,3138,344,27045,641,28030,42,241,142,425,776,107613,1876,110265,"2025-09-23 18:08:58"
2941,2024-06-01,236,622,251300,268194,520116,354,7131,6401,13886,695,57939,3568,62202,38,1213,595,1846,1709,317583,278758,598050,"2025-09-23 18:08:58"
2943,2024-06-01,238,156,93912,2521,96589,147,2554,520,3221,269,18225,1429,19923,38,407,455,900,610,115098,4925,120633,"2025-09-23 18:08:58"
2945,2024-06-01,240,107,39760,680,40547,75,1218,153,1446,130,6937,511,7578,13,172,221,406,325,48087,1565,49977,"2025-09-23 18:08:58"
2946,2024-06-01,241,118,26273,483,26874,103,816,122,1041,184,6771,181,7136,10,141,44,195,415,34001,830,35246,"2025-09-23 18:08:58"
2947,2024-06-01,242,110,34184,948,35242,89,1079,149,1317,111,5385,307,5803,7,146,95,248,317,40794,1499,42610,"2025-09-23 18:08:58"
2948,2024-06-01,243,52,8811,63,8926,53,314,30,397,109,3361,50,3520,10,53,16,79,224,12539,159,12922,"2025-09-23 18:08:58"
2949,2024-06-01,244,45,12450,167,12662,42,414,24,480,122,4167,71,4360,12,80,20,112,221,17111,282,17614,"2025-09-23 18:08:58"
2950,2024-06-01,245,132,15146,151,15429,80,635,59,774,127,6244,129,6500,13,123,54,190,352,22148,393,22893,"2025-09-23 18:08:58"
2951,2024-06-01,246,217,160007,2843,163067,167,4284,513,4964,235,26814,2281,29330,25,661,372,1058,644,191766,6009,198419,"2025-09-23 18:08:58"
2952,2024-06-01,247,56,14625,92,14773,54,456,63,573,119,4994,109,5222,9,83,30,122,238,20158,294,20690,"2025-09-23 18:08:58"
2953,2024-06-01,248,111,14197,230,14538,93,566,74,733,144,6182,153,6479,19,99,35,153,367,21044,492,21903,"2025-09-23 18:08:58"
2954,2024-06-01,249,55,17050,201,17306,67,670,53,790,139,7022,142,7303,14,83,21,118,275,24825,417,25517,"2025-09-23 18:08:58"
2955,2024-06-01,250,358,121032,2500,123890,279,3100,607,3986,266,18671,2748,21685,21,511,412,944,924,143314,6267,150505,"2025-09-23 18:08:58"
2956,2024-06-01,251,61,16166,385,16612,63,609,121,793,117,3343,133,3593,10,127,39,176,251,20245,678,21174,"2025-09-23 18:08:58"
2957,2024-06-01,252,102,17704,281,18087,84,784,97,965,123,8674,143,8940,20,95,57,172,329,27257,578,28164,"2025-09-23 18:08:58"
2958,2024-06-01,253,121,28132,259,28512,114,1220,267,1601,179,11791,450,12420,22,147,68,237,436,41290,1044,42770,"2025-09-23 18:08:58"
2959,2024-06-01,254,57,9855,59,9971,61,287,45,393,103,3300,52,3455,10,58,23,91,231,13500,179,13910,"2025-09-23 18:08:58"
2960,2024-06-01,255,89,19339,505,19933,67,820,81,968,127,8636,272,9035,13,125,50,188,296,28920,908,30124,"2025-09-23 18:08:58"
2962,2024-06-01,257,105,20163,166,20434,66,1263,99,1428,155,10668,274,11097,14,104,48,166,340,32198,587,33125,"2025-09-23 18:08:58"
2963,2024-06-01,258,210,115647,2055,117912,129,3052,525,3706,211,19334,3125,22670,18,475,704,1197,568,138508,6409,145485,"2025-09-23 18:08:58"
2964,2024-06-01,259,115,33776,584,34475,69,1472,132,1673,145,13604,1033,14782,8,251,152,411,337,49103,1901,51341,"2025-09-23 18:08:58"
2965,2024-06-01,260,138,29381,539,30058,103,1154,172,1429,182,12504,449,13135,18,176,67,261,441,43215,1227,44883,"2025-09-23 18:08:58"
2966,2024-06-01,261,71,8895,59,9025,41,458,58,557,100,4440,246,4786,7,46,38,91,219,13839,401,14459,"2025-09-23 18:08:58"
2967,2024-06-01,262,88,18906,182,19176,61,818,115,994,129,8685,270,9084,12,105,52,169,290,28514,619,29423,"2025-09-23 18:08:58"
2968,2024-06-01,263,68,10245,79,10392,61,393,28,482,99,5214,64,5377,9,47,18,74,237,15899,189,16325,"2025-09-23 18:08:58"
2969,2024-06-01,264,111,46045,236,46392,122,1637,424,2183,206,12323,2337,14866,26,255,209,490,465,60260,3206,63931,"2025-09-23 18:08:58"
2970,2024-06-01,265,181,113414,1869,115464,144,3892,494,4530,215,24404,3106,27725,16,413,431,860,556,142123,5900,148579,"2025-09-23 18:08:58"
2971,2024-06-01,266,79,9724,58,9861,57,422,70,549,120,4956,273,5349,8,64,25,97,264,15166,426,15856,"2025-09-23 18:08:58"
2972,2024-06-01,267,75,7865,34,7974,41,352,22,415,114,4433,77,4624,6,52,18,76,236,12702,151,13089,"2025-09-23 18:08:58"
2973,2024-06-01,268,139,152806,3203,156148,100,3411,939,4450,125,19348,2629,22102,14,515,406,935,378,176080,7177,183635,"2025-09-23 18:08:58"
2974,2024-06-01,269,332,136769,1975,139076,238,3087,545,3870,206,15989,1512,17707,28,337,246,611,804,156182,4278,161264,"2025-09-23 18:08:58"
2975,2024-06-01,270,109,40871,2049,43029,110,1601,200,1911,164,14994,878,16036,7,230,135,372,390,57696,3262,61348,"2025-09-23 18:08:58"
2976,2024-06-01,271,105,9561,56,9722,56,421,95,572,110,5049,104,5263,14,57,17,88,285,15088,272,15645,"2025-09-23 18:08:58"
2978,2024-07-01,1,151,218439,17130,235720,59,3927,573,4559,179,13676,2456,16311,19,369,160,548,408,236411,20319,257138,"2025-09-23 18:09:05"
2979,2024-07-01,2,110,131523,4941,136574,41,3272,684,3997,145,11918,2534,14597,7,223,210,440,303,146936,8369,155608,"2025-09-23 18:09:05"
2980,2024-07-01,3,107,60126,2085,62318,69,2109,713,2891,130,6878,1282,8290,14,155,110,279,320,69268,4190,73778,"2025-09-23 18:09:05"
2981,2024-07-01,4,117,67856,2166,70139,44,4190,1310,5544,167,16296,4276,20739,16,430,260,706,362,188529,15128,204019,"2025-09-23 18:09:05"
2982,2024-07-01,5,89,99321,3029,102439,45,2993,345,3383,143,9047,2223,11413,12,183,176,371,289,111544,5773,117606,"2025-09-23 18:09:05"
2983,2024-07-01,6,92,80537,3091,83720,46,2105,330,2481,172,8617,1633,10422,10,124,109,243,320,91383,5163,96866,"2025-09-23 18:09:05"
2984,2024-07-01,7,108,115501,9627,125236,62,3972,586,4620,127,13825,2640,16592,7,338,165,510,304,133636,13018,146958,"2025-09-23 18:09:05"
2985,2024-07-01,8,60,71801,3388,75249,32,2646,452,3130,73,10755,2308,13136,12,186,99,297,177,85388,6247,91812,"2025-09-23 18:09:05"
2986,2024-07-01,9,84,129615,5612,135311,56,3311,766,4133,175,9797,2166,12138,12,271,259,542,327,142994,8803,152124,"2025-09-23 18:09:05"
2987,2024-07-01,10,92,76504,4643,81239,48,2274,588,2910,129,7931,2055,10115,12,187,162,361,281,86896,7448,94625,"2025-09-23 18:09:05"
2988,2024-07-01,11,102,84586,2909,87597,54,2564,132,2750,131,9748,2202,12081,10,200,99,309,297,97098,5342,102737,"2025-09-23 18:09:05"
2989,2024-07-01,12,114,94843,1067,96024,44,2208,130,2382,135,6481,1183,7799,17,135,174,326,310,103667,2554,106531,"2025-09-23 18:09:05"
2990,2024-07-01,13,94,101922,4255,106271,55,2516,635,3206,182,9262,2212,11656,21,242,539,802,352,113942,7641,121935,"2025-09-23 18:09:05"
2991,2024-07-01,14,210,77718,3414,81342,105,2003,401,2509,140,5821,1802,7763,7,148,107,262,462,85690,5724,91876,"2025-09-23 18:09:05"
2992,2024-07-01,15,186,153036,3849,157071,137,2938,647,3722,184,10638,4751,15573,16,266,205,487,523,166878,9452,176853,"2025-09-23 18:09:05"
2993,2024-07-01,16,131,82387,8886,91404,46,1806,988,2840,177,8208,1875,10260,19,191,102,312,373,92592,11851,104816,"2025-09-23 18:09:05"
2994,2024-07-01,17,96,105373,2005,107474,50,2795,1102,3947,138,8496,1712,10346,8,196,101,305,292,116860,4920,122072,"2025-09-23 18:09:05"
2995,2024-07-01,18,131,207074,7539,214744,99,3999,1642,5740,160,17509,4784,22453,16,391,388,795,406,228973,14353,243732,"2025-09-23 18:09:05"
2996,2024-07-01,19,131,127355,4366,131852,61,3066,734,3861,145,11022,2930,14097,7,272,429,708,344,141715,8459,150518,"2025-09-23 18:09:05"
2997,2024-07-01,20,128,118726,2920,121774,62,3652,177,3891,167,13240,4442,17849,15,481,637,1133,372,136099,8176,144647,"2025-09-23 18:09:05"
2998,2024-07-01,21,258,63715,1273,65246,118,1768,72,1958,153,4986,938,6077,12,144,28,184,541,70613,2311,73465,"2025-09-23 18:09:05"
2999,2024-07-01,22,100,114333,4044,118477,46,2949,740,3735,140,9817,2066,12023,16,188,193,397,302,127287,7043,134632,"2025-09-23 18:09:05"
3000,2024-07-01,23,1654,39418,237,41309,1533,1447,249,3229,339,3632,1561,5532,107,88,95,290,3633,44585,2142,50360,"2025-09-23 18:09:05"
3001,2024-07-01,63,140,91054,1140,92334,856,1753,229,2838,176,5238,1189,6603,18,275,101,394,1351,48799,3174,53324,"2025-09-23 18:09:05"
3002,2024-07-01,25,78,91962,5976,98016,33,2999,570,3602,122,11610,2801,14533,14,218,328,560,247,106789,9675,116711,"2025-09-23 18:09:05"
3003,2024-07-01,146,1959,754947,13126,770032,3801,69262,14795,87858,3929,244448,60021,308398,424,5901,5236,11561,12896,2974572,197275,3184743,"2025-09-23 18:09:05"
3005,2024-07-01,28,98,65081,2454,67633,62,2024,856,2942,103,9457,3107,12667,14,183,658,855,277,76745,7075,84097,"2025-09-23 18:09:05"
3006,2024-07-01,29,80,74239,832,75151,49,2029,540,2618,121,10815,1298,12234,12,243,215,470,262,87326,2885,90473,"2025-09-23 18:09:05"
3007,2024-07-01,77,298,138466,2894,141658,57,2063,496,2616,58,8826,4372,13256,3,313,1441,1757,224,92637,9467,102328,"2025-09-23 18:09:05"
3008,2024-07-01,57,67,58413,744,59224,47,849,172,1068,60,3595,2384,6039,5,104,1056,1165,194,48862,5279,54335,"2025-09-23 18:09:05"
3009,2024-07-01,32,71,85318,1641,87030,27,1876,365,2268,65,9867,1509,11441,1,207,270,478,164,97268,3785,101217,"2025-09-23 18:09:05"
3010,2024-07-01,33,126,117332,22396,139854,63,2701,516,3280,168,13017,2344,15529,10,204,536,750,367,133254,25792,159413,"2025-09-23 18:09:05"
3011,2024-07-01,79,86,109766,1522,111374,52,2118,308,2478,108,11901,1613,13622,9,198,231,438,288,101827,3704,105819,"2025-09-23 18:09:05"
3012,2024-07-01,35,94,67114,2424,69632,57,2074,242,2373,102,14269,2311,16682,9,222,322,553,262,83679,5299,89240,"2025-09-23 18:09:05"
3013,2024-07-01,36,107,92325,3382,95814,49,2632,338,3019,103,12823,1992,14918,9,211,279,499,268,107991,5991,114250,"2025-09-23 18:09:05"
3014,2024-07-01,60,298,186402,19445,206145,32,876,21,929,41,3619,890,4550,1,55,87,143,137,30443,1399,31979,"2025-09-23 18:09:05"
3015,2024-07-01,38,51,56727,62134,118912,24,1407,839,2270,81,5496,1366,6943,11,154,366,531,167,63784,64705,128656,"2025-09-23 18:09:05"
3016,2024-07-01,39,328,104788,15050,120166,506,1639,656,2801,191,8412,2297,10900,27,183,716,926,1052,115022,18719,134793,"2025-09-23 18:09:05"
3017,2024-07-01,40,82,26672,1310,28064,48,974,293,1315,83,4096,367,4546,9,50,51,110,222,31792,2021,34035,"2025-09-23 18:09:05"
3019,2024-07-01,42,136,149839,9942,159917,56,2972,249,3277,129,13059,2175,15363,9,311,473,793,330,166181,12839,179350,"2025-09-23 18:09:05"
3021,2024-07-01,44,0,19,2,21,36,373,21,430,46,5279,137,5462,2,65,21,88,131,15673,247,16051,"2025-09-23 18:09:05"
3023,2024-07-01,46,191,239828,12412,252431,111,4706,730,5547,177,29196,5563,34936,14,588,575,1177,493,274318,19280,294091,"2025-09-23 18:09:05"
3024,2024-07-01,47,127,117792,1484,119403,121,2872,518,3511,294,19630,2878,22802,62,404,292,758,604,140698,5172,146474,"2025-09-23 18:09:05"
3028,2024-07-01,51,191,196173,3160,199524,193,2950,608,3751,212,15905,1333,17450,12,459,160,631,608,215487,5261,221356,"2025-09-23 18:09:05"
3031,2024-07-01,54,136,27201,8361,35698,51,1122,308,1481,158,10410,753,11321,8,169,89,266,353,38902,9511,48766,"2025-09-23 18:09:05"
3032,2024-07-01,55,111,95284,142132,237527,61,3116,2000,5177,112,26146,2758,29016,15,578,331,924,299,125124,147221,272644,"2025-09-23 18:09:05"
3033,2024-07-01,56,349,223879,21323,245551,413,5031,875,6319,175,29321,3623,33119,23,573,499,1095,960,258804,26320,286084,"2025-09-23 18:09:05"
3035,2024-07-01,58,186,144103,7747,152036,99,4043,80,4222,134,16945,4852,21931,18,434,831,1283,437,165525,13510,179472,"2025-09-23 18:09:05"
3036,2024-07-01,59,151,203964,34327,238442,84,4514,1030,5628,105,20944,3213,24262,11,474,314,799,351,229896,38884,269131,"2025-09-23 18:09:05"
3038,2024-07-01,61,170,207262,5334,212766,90,3116,710,3916,141,12227,3441,15809,13,395,505,913,414,223000,9990,233404,"2025-09-23 18:09:05"
3039,2024-07-01,62,71,8797,144,9012,53,506,67,626,124,3974,63,4161,3,46,13,62,251,13323,287,13861,"2025-09-23 18:09:05"
3042,2024-07-01,65,214,174191,3699,178104,152,4234,371,4757,184,26632,8241,35057,28,717,915,1660,578,205774,13226,219578,"2025-09-23 18:09:05"
3048,2024-07-01,71,82,72584,1946,74612,45,2069,544,2658,109,13698,3883,17690,9,344,448,801,245,88695,6821,95761,"2025-09-23 18:09:05"
3051,2024-07-01,74,123,177056,2722,179901,93,3137,368,3598,441,15494,2446,18381,23,612,297,932,680,196299,5833,202812,"2025-09-23 18:09:05"
3057,2024-07-01,80,169,108501,1151,109821,95,2518,666,3279,171,20720,4197,25088,14,417,1019,1450,449,132156,7033,139638,"2025-09-23 18:09:05"
3060,2024-07-01,83,362,176829,1192,178383,252,3243,585,4080,268,15098,1978,17344,65,634,172,871,947,195804,3927,200678,"2025-09-23 18:09:05"
3062,2024-07-01,85,152,25491,238,25881,85,1139,136,1360,160,6617,202,6979,23,125,44,192,420,33372,620,34412,"2025-09-23 18:09:05"
3063,2024-07-01,86,312,173964,1853,176129,158,4073,380,4611,196,19305,2674,22175,22,449,287,758,688,197791,5194,203673,"2025-09-23 18:09:05"
3064,2024-07-01,87,105,115064,3279,118448,76,2442,614,3132,82,13100,2177,15359,10,357,160,527,273,130963,6230,137466,"2025-09-23 18:09:05"
3065,2024-07-01,88,70,105451,2461,107982,21,2075,610,2706,36,9373,1516,10925,1,222,136,359,128,117121,4723,121972,"2025-09-23 18:09:05"
3066,2024-07-01,89,471,30484,309,31264,103,531,35,669,123,1924,458,2505,15,83,10,108,712,33022,812,34546,"2025-09-23 18:09:05"
3067,2024-07-01,90,128,88267,1768,90163,71,2285,426,2782,107,10207,2371,12685,11,214,202,427,317,100973,4767,106057,"2025-09-23 18:09:05"
3068,2024-07-01,91,191,171202,871,172264,96,4742,2356,7194,128,30581,5473,36182,16,693,362,1071,431,207218,9062,216711,"2025-09-23 18:09:05"
3069,2024-07-01,92,92,61374,1118,62584,75,1524,279,1878,98,8378,1434,9910,12,187,152,351,277,71463,2983,74723,"2025-09-23 18:09:05"
3070,2024-07-01,93,130,87915,829,88874,76,2118,171,2365,92,9023,3904,13019,10,180,254,444,308,99236,5158,104702,"2025-09-23 18:09:05"
3071,2024-07-01,94,256,202176,2544,204976,114,5045,1625,6784,201,30908,4489,35598,9,694,699,1402,580,238823,9357,248760,"2025-09-23 18:09:05"
3072,2024-07-01,95,362,269625,2200,272187,200,7140,1019,8359,222,42998,6383,49603,27,1081,502,1610,811,320844,10104,331759,"2025-09-23 18:09:05"
3073,2024-07-01,96,90,31845,670,32605,43,1195,72,1310,82,5308,693,6083,11,93,50,154,226,38441,1485,40152,"2025-09-23 18:09:05"
3074,2024-07-01,97,6,99,3,108,0,38,10,48,0,129,8,137,0,0,1,1,6,266,22,294,"2025-09-23 18:09:05"
3075,2024-07-01,98,47,73163,1763,74973,19,2145,116,2280,31,8295,1236,9562,1,169,174,344,98,83772,3289,87159,"2025-09-23 18:09:05"
3076,2024-07-01,99,38,51760,919,52717,32,1923,443,2398,30,9899,1724,11653,4,171,179,354,104,63753,3265,67122,"2025-09-23 18:09:05"
3077,2024-07-01,100,194,129040,2886,132120,150,3479,599,4228,156,15793,3292,19241,24,330,203,557,524,148642,6980,156146,"2025-09-23 18:09:05"
3078,2024-07-01,101,200,178860,4377,183437,56,2388,1380,3824,104,7696,1914,9714,10,360,204,574,370,189304,7875,197549,"2025-09-23 18:09:05"
3079,2024-07-01,102,170,71997,1518,73685,61,2104,223,2388,77,7603,1588,9268,3,200,160,363,311,81904,3489,85704,"2025-09-23 18:09:05"
3080,2024-07-01,103,217,63511,2048,65776,58,2116,270,2444,103,8855,1596,10554,17,178,140,335,395,74660,4054,79109,"2025-09-23 18:09:05"
3081,2024-07-01,104,131,181584,4803,186518,172,4632,1508,6312,159,20521,3111,23791,22,548,559,1129,484,207285,9981,217750,"2025-09-23 18:09:05"
3082,2024-07-01,105,285,143139,1943,145367,106,2088,130,2324,66,6716,1485,8267,3,265,136,404,460,152208,3694,156362,"2025-09-23 18:09:05"
3083,2024-07-01,106,247,98387,996,99630,149,2738,513,3400,103,8309,2170,10582,13,222,120,355,512,109656,3799,113967,"2025-09-23 18:09:05"
3084,2024-07-01,107,126,72993,1352,74471,59,2443,66,2568,90,6501,1962,8553,20,169,99,288,295,82106,3479,85880,"2025-09-23 18:09:05"
3085,2024-07-01,108,173,226069,1825,228067,112,6445,460,7017,155,37399,6402,43956,23,717,509,1249,463,270630,9196,280289,"2025-09-23 18:09:05"
3086,2024-07-01,109,203,137315,2581,140099,152,5016,1120,6288,227,22904,4008,27139,12,400,331,743,594,165635,8040,174269,"2025-09-23 18:09:05"
3087,2024-07-01,110,85,122168,2149,124402,41,3924,650,4615,33,18346,2608,20987,3,429,362,794,162,144867,5769,150798,"2025-09-23 18:09:05"
3088,2024-07-01,111,166,93637,705,94508,99,3062,516,3677,134,19291,3379,22804,15,997,297,1309,414,116987,4897,122298,"2025-09-23 18:09:05"
3089,2024-07-01,112,148,115053,2285,117486,117,2117,591,2825,122,9970,3823,13915,11,336,171,518,398,127476,6870,134744,"2025-09-23 18:09:05"
3090,2024-07-01,113,93,73810,1275,75178,27,2174,908,3109,38,9086,1595,10719,0,193,128,321,158,85263,3906,89327,"2025-09-23 18:09:05"
3091,2024-07-01,114,185,114875,698,115758,89,3758,441,4288,173,19838,2973,22984,13,509,245,767,460,138980,4357,143797,"2025-09-23 18:09:05"
3092,2024-07-01,115,241,53555,425,54221,101,1707,535,2343,259,12241,892,13392,13,292,85,390,614,67795,1937,70346,"2025-09-23 18:09:05"
3093,2024-07-01,116,191,53330,343,53864,86,2015,649,2750,203,14255,6520,20978,9,313,344,666,489,69913,7856,78258,"2025-09-23 18:09:05"
3094,2024-07-01,117,89,17502,73,17664,71,722,235,1028,156,6345,4118,10619,7,139,491,637,323,24708,4917,29948,"2025-09-23 18:09:05"
3095,2024-07-01,118,92,105533,1172,106797,62,2776,545,3383,64,10494,2528,13086,10,311,184,505,228,119114,4429,123771,"2025-09-23 18:09:05"
3096,2024-07-01,119,53,184959,3319,188331,39,3392,705,4136,49,11677,3658,15384,13,503,207,723,154,200531,7889,208574,"2025-09-23 18:09:05"
3097,2024-07-01,120,27,144238,724,144989,13,1849,128,1990,23,5027,1411,6461,0,236,41,277,63,151350,2304,153717,"2025-09-23 18:09:05"
3098,2024-07-01,121,383,120569,1571,122523,175,3892,1430,5497,237,21522,4863,26622,19,672,446,1137,814,146655,8310,155779,"2025-09-23 18:09:05"
3099,2024-07-01,122,116,58929,400,59445,94,1248,179,1521,88,5724,2072,7884,9,137,324,470,307,66038,2975,69320,"2025-09-23 18:09:05"
3100,2024-07-01,123,284,151580,2037,153901,269,4481,451,5201,196,18120,2955,21271,29,543,271,843,778,174724,5714,181216,"2025-09-23 18:09:05"
3101,2024-07-01,124,208,101940,990,103138,90,3365,755,4210,130,19046,4338,23514,16,469,548,1033,444,124820,6631,131895,"2025-09-23 18:09:05"
3102,2024-07-01,125,270,212033,2512,214815,98,5477,2687,8262,171,31053,6303,37527,20,682,295,997,559,249245,11797,261601,"2025-09-23 18:09:05"
3103,2024-07-01,126,361,287714,3786,291861,163,7723,2224,10110,255,35778,7462,43495,25,976,1030,2031,804,332191,14502,347497,"2025-09-23 18:09:05"
3104,2024-07-01,127,183,66170,4341,70694,76,2721,771,3568,156,20776,2458,23390,14,366,383,763,429,90033,7953,98415,"2025-09-23 18:09:05"
3105,2024-07-01,128,206,122932,942,124080,90,2521,352,2963,150,15676,2285,18111,12,338,154,504,458,141467,3733,145658,"2025-09-23 18:09:05"
3106,2024-07-01,129,404,449154,2876,452434,226,10201,2719,13146,294,64183,8208,72685,75,1664,683,2422,999,525202,14486,540687,"2025-09-23 18:09:05"
3108,2024-07-01,131,75,15389,125,15589,57,762,54,873,78,7968,257,8303,11,90,29,130,221,24209,465,24895,"2025-09-23 18:09:05"
3109,2024-07-01,132,71,11115,144,11330,51,455,94,600,115,4878,384,5377,4,92,227,323,241,16540,849,17630,"2025-09-23 18:09:05"
3110,2024-07-01,133,71,12091,115,12277,58,611,89,758,109,6379,616,7104,16,73,63,152,254,19154,883,20291,"2025-09-23 18:09:05"
3111,2024-07-01,134,90,17427,116,17633,61,687,90,838,115,8201,182,8498,13,90,42,145,279,26405,430,27114,"2025-09-23 18:09:05"
3112,2024-07-01,135,72,20104,186,20362,59,809,84,952,82,8145,685,8912,11,150,89,250,224,29208,1044,30476,"2025-09-23 18:09:05"
3113,2024-07-01,136,78,46959,298,47335,71,2083,205,2359,114,13789,1420,15323,14,231,141,386,277,63062,2064,65403,"2025-09-23 18:09:05"
3114,2024-07-01,137,104,54604,700,55408,82,1690,181,1953,156,13682,1724,15562,11,342,892,1245,353,70318,3497,74168,"2025-09-23 18:09:05"
3115,2024-07-01,138,34,17220,160,17414,26,530,35,591,31,3230,590,3851,7,66,50,123,98,21046,835,21979,"2025-09-23 18:09:05"
3116,2024-07-01,139,78,45243,297,45618,66,1487,84,1637,87,9263,1089,10439,6,223,84,313,237,56216,1554,58007,"2025-09-23 18:09:05"
3117,2024-07-01,140,1,8,0,9,0,3,0,3,0,8,0,8,0,0,0,0,1,19,0,20,"2025-09-23 18:09:05"
3118,2024-07-01,141,207,87777,1099,89083,117,2141,370,2628,178,12082,1120,13380,16,340,267,623,518,102340,2856,105714,"2025-09-23 18:09:05"
3119,2024-07-01,142,56,84023,1687,85766,127,2045,842,3014,67,10863,1792,12722,4,307,211,522,254,97238,4532,102024,"2025-09-23 18:09:05"
3120,2024-07-01,143,169,91364,2383,93916,123,2437,547,3107,129,14536,2077,16742,9,405,193,607,430,108742,5200,114372,"2025-09-23 18:09:05"
3121,2024-07-01,144,133,129023,4387,133543,89,2970,691,3750,132,15793,2363,18288,13,554,339,906,367,148340,7780,156487,"2025-09-23 18:09:05"
3122,2024-07-01,145,198,94318,5395,99911,155,2842,415,3412,258,20045,1800,22103,29,428,280,737,640,117633,7890,126163,"2025-09-23 18:09:05"
3124,2024-07-01,147,78,23397,61,23536,38,576,99,713,56,2268,423,2747,9,91,34,134,181,26332,617,27130,"2025-09-23 18:09:05"
3125,2024-07-01,148,230,42220,1277,43727,122,1550,369,2041,225,12826,668,13719,24,200,130,354,601,56796,2444,59841,"2025-09-23 18:09:05"
3126,2024-07-01,149,70,20584,1644,22298,45,1010,233,1288,95,8643,596,9334,7,112,73,192,217,30349,2546,33112,"2025-09-23 18:09:05"
3127,2024-07-01,150,150,45604,828,46582,91,2018,366,2475,143,15250,1079,16472,30,198,86,314,414,63070,2359,65843,"2025-09-23 18:09:05"
3128,2024-07-01,151,157,85154,787,86098,79,2429,353,2861,190,19121,2339,21650,17,474,796,1287,443,107178,4275,111896,"2025-09-23 18:09:05"
3129,2024-07-01,152,131,40330,519,40980,73,1397,177,1647,183,12830,543,13556,32,192,155,379,419,54749,1394,56562,"2025-09-23 18:09:05"
3130,2024-07-01,153,95,23058,193,23346,69,1086,335,1490,151,11270,390,11811,14,92,53,159,329,35506,971,36806,"2025-09-23 18:09:05"
3131,2024-07-01,154,176,81866,1029,83071,88,2454,497,3039,162,19026,1874,21062,25,403,437,865,451,103749,3837,108037,"2025-09-23 18:09:05"
3132,2024-07-01,155,75,19549,148,19772,40,712,112,864,109,7689,439,8237,16,86,82,184,240,28036,781,29057,"2025-09-23 18:09:05"
3133,2024-07-01,156,188,172167,2357,174712,144,4714,482,5340,190,24335,3738,28263,48,701,380,1129,570,201917,6957,209444,"2025-09-23 18:09:05"
3134,2024-07-01,157,140,34486,279,34905,125,1383,318,1826,186,11494,721,12401,15,194,119,328,466,47557,1437,49460,"2025-09-23 18:09:05"
3135,2024-07-01,158,115,118739,1805,120659,68,3788,671,4527,126,19615,2823,22564,12,520,405,937,321,142662,5704,148687,"2025-09-23 18:09:05"
3136,2024-07-01,159,169,181408,1747,183324,158,4392,878,5428,215,20963,2493,23671,24,582,284,890,566,207345,5402,213313,"2025-09-23 18:09:05"
3137,2024-07-01,160,76,11429,66,11571,55,472,61,588,119,6023,495,6637,17,70,71,158,267,17994,693,18954,"2025-09-23 18:09:05"
3138,2024-07-01,161,83,24637,192,24912,47,988,114,1149,196,10813,258,11267,20,140,50,210,346,36578,614,37538,"2025-09-23 18:09:05"
3139,2024-07-01,162,176,42798,317,43291,93,1387,198,1678,143,12243,761,13147,20,228,128,376,432,56656,1404,58492,"2025-09-23 18:09:05"
3141,2024-07-01,164,83,12327,164,12574,64,503,76,643,100,6621,728,7449,11,84,40,135,258,19535,1008,20801,"2025-09-23 18:09:05"
3142,2024-07-01,165,106,20783,159,21048,74,1024,93,1191,143,12670,266,13079,10,115,42,167,333,34592,560,35485,"2025-09-23 18:09:05"
3143,2024-07-01,166,67,10580,101,10748,44,421,61,526,72,5016,397,5485,6,53,63,122,189,16070,622,16881,"2025-09-23 18:09:05"
3144,2024-07-01,167,93,76968,819,77880,70,2149,278,2497,88,14576,3443,18107,14,538,1659,2211,265,94231,6199,100695,"2025-09-23 18:09:05"
3145,2024-07-01,168,58,9223,397,9678,40,395,52,487,77,3946,205,4228,4,66,23,93,179,13630,677,14486,"2025-09-23 18:09:05"
3146,2024-07-01,169,138,52461,785,53384,123,1876,374,2373,216,15548,1710,17474,20,352,270,642,497,70237,3139,73873,"2025-09-23 18:09:05"
3147,2024-07-01,170,79,20215,399,20693,49,775,269,1093,78,7907,1081,9066,11,119,148,278,217,29016,1897,31130,"2025-09-23 18:09:05"
3148,2024-07-01,171,122,83248,2256,85626,116,2640,409,3165,153,13042,2335,15530,10,330,347,687,401,99260,5347,105008,"2025-09-23 18:09:05"
3149,2024-07-01,172,250,39643,152,40045,210,1474,69,1753,157,11813,853,12823,14,191,122,327,631,53121,1196,54948,"2025-09-23 18:09:05"
3150,2024-07-01,173,77,13964,157,14198,49,711,69,829,106,7908,356,8370,14,86,50,150,246,22669,632,23547,"2025-09-23 18:09:05"
3151,2024-07-01,174,168,123652,1856,125676,132,2944,600,3676,194,22738,2115,25047,19,456,930,1405,513,149790,5501,155804,"2025-09-23 18:09:05"
3152,2024-07-01,175,114,13999,100136,114249,69,648,2410,3127,206,9429,385,10020,5,146,36,187,394,24222,102967,127583,"2025-09-23 18:09:05"
3153,2024-07-01,176,197,113486,2437,116120,152,3184,724,4060,206,21757,3527,25490,16,416,844,1276,571,138843,7532,146946,"2025-09-23 18:09:05"
3154,2024-07-01,177,80,20979,143,21202,47,782,89,918,115,8161,507,8783,7,112,53,172,249,30034,792,31075,"2025-09-23 18:09:05"
3155,2024-07-01,178,87,24427,100,24614,64,1196,80,1340,121,11286,781,12188,8,210,139,357,280,37119,1100,38499,"2025-09-23 18:09:05"
3156,2024-07-01,179,125,16154,165,16444,57,698,106,861,106,9696,208,10010,11,94,31,136,299,26642,510,27451,"2025-09-23 18:09:05"
3157,2024-07-01,180,81,19178,230,19489,45,724,83,852,94,8231,909,9234,3,116,90,209,223,28249,1312,29784,"2025-09-23 18:09:05"
3158,2024-07-01,181,91,13266,93,13450,74,547,48,669,106,7084,288,7478,7,59,34,100,278,20956,463,21697,"2025-09-23 18:09:05"
3159,2024-07-01,182,78,11112,88,11278,50,514,60,624,97,6296,143,6536,8,60,23,91,233,17982,314,18529,"2025-09-23 18:09:05"
3160,2024-07-01,183,69,12307,6010,18386,51,510,120,681,91,6549,201,6841,11,85,25,121,222,19451,6356,26029,"2025-09-23 18:09:05"
3161,2024-07-01,184,115,24341,83950,108406,82,1612,1115,2809,141,15525,233,15899,10,122,44,176,348,41600,85342,127290,"2025-09-23 18:09:05"
3162,2024-07-01,185,96,25590,454,26140,53,918,922,1893,101,8034,510,8645,9,155,151,315,259,34697,2037,36993,"2025-09-23 18:09:05"
3164,2024-07-01,187,141,119380,913,120434,100,2983,395,3478,132,22046,2768,24946,13,408,386,807,386,144817,4462,149665,"2025-09-23 18:09:05"
3165,2024-07-01,188,213,118950,1735,120898,149,3727,540,4416,225,25945,1977,28147,15,548,380,943,602,149170,4632,154404,"2025-09-23 18:09:05"
3166,2024-07-01,189,62,14486,38,14586,32,658,55,745,70,6476,676,7222,17,83,52,152,181,21703,821,22705,"2025-09-23 18:09:05"
3167,2024-07-01,190,192,192117,2559,194868,110,4928,775,5813,227,25884,3635,29746,20,644,466,1130,549,223573,7435,231557,"2025-09-23 18:09:05"
3169,2024-07-01,192,145,58405,630,59180,87,2011,266,2364,163,17913,1075,19151,18,242,182,442,413,78571,2153,81137,"2025-09-23 18:09:05"
3170,2024-07-01,193,97,27175,386,27658,55,1190,118,1363,133,10391,282,10806,12,145,97,254,297,38901,883,40081,"2025-09-23 18:09:05"
3171,2024-07-01,194,96,11151,48,11295,51,426,41,518,86,7008,88,7182,16,50,14,80,249,18635,191,19075,"2025-09-23 18:09:05"
3172,2024-07-01,195,118,37060,408,37586,88,1614,255,1957,196,17343,1044,18583,16,204,168,388,418,56221,1875,58514,"2025-09-23 18:09:05"
3173,2024-07-01,196,70,20206,127,20403,43,789,46,878,86,11364,976,12426,15,132,147,294,214,32491,1296,34001,"2025-09-23 18:09:05"
3174,2024-07-01,197,272,64467,912,65651,243,2139,315,2697,260,19295,1199,20754,48,328,229,605,823,86229,2655,89707,"2025-09-23 18:09:05"
3175,2024-07-01,198,73,12874,110,13057,50,598,56,704,123,6010,116,6249,16,76,27,119,262,19558,309,20129,"2025-09-23 18:09:05"
3176,2024-07-01,199,54,6055,36,6145,31,284,27,342,60,3890,47,3997,2,34,7,43,147,10263,117,10527,"2025-09-23 18:09:05"
3177,2024-07-01,200,139,41301,480,41920,78,1582,144,1804,150,14739,745,15634,27,217,161,405,394,57839,1530,59763,"2025-09-23 18:09:05"
3178,2024-07-01,201,128,45433,403,45964,83,1720,242,2045,131,16423,1513,18067,17,236,356,609,359,63812,2514,66685,"2025-09-23 18:09:05"
3179,2024-07-01,202,104,23041,165,23310,63,700,80,843,112,8658,202,8972,20,109,44,173,299,32508,491,33298,"2025-09-23 18:09:05"
3180,2024-07-01,203,59,4375,342,4776,21,263,197,481,63,1426,31,1520,8,27,2,37,151,6091,572,6814,"2025-09-23 18:09:05"
3181,2024-07-01,204,133,20402,117,20652,58,625,84,767,122,6638,127,6887,16,117,38,171,329,27782,366,28477,"2025-09-23 18:09:05"
3182,2024-07-01,205,79,19628,88,19795,80,831,82,993,125,12272,848,13245,10,115,99,224,294,32846,1117,34257,"2025-09-23 18:09:05"
3183,2024-07-01,206,79,17827,160,18066,42,625,52,719,92,7824,593,8509,14,95,175,284,227,26371,980,27578,"2025-09-23 18:09:05"
3184,2024-07-01,207,56,9915,39,10010,68,456,42,566,83,5998,113,6194,10,73,13,96,217,16442,207,16866,"2025-09-23 18:09:05"
3185,2024-07-01,208,126,56215,270,56611,66,1832,345,2243,112,12973,1574,14659,14,265,308,587,318,71285,2497,74100,"2025-09-23 18:09:05"
3186,2024-07-01,209,132,104804,1336,106272,86,2910,772,3768,213,18098,4254,22565,13,453,1743,2209,444,126265,8105,134814,"2025-09-23 18:09:05"
3187,2024-07-01,210,164,127698,2187,130049,93,2894,321,3308,103,18108,1047,19258,26,441,301,768,386,149141,3856,153383,"2025-09-23 18:09:05"
3189,2024-07-01,212,125,95587,1021,96733,90,2843,472,3405,147,12010,499,12656,14,308,163,485,376,110748,2155,113279,"2025-09-23 18:09:05"
3190,2024-07-01,213,101,24568,190,24859,71,850,168,1089,106,9355,257,9718,13,80,177,270,291,34853,792,35936,"2025-09-23 18:09:05"
3191,2024-07-01,214,51,11865,78,11994,62,726,88,876,98,7381,210,7689,10,119,67,196,233,28053,561,28847,"2025-09-23 18:09:05"
3192,2024-07-01,215,267,244260,2294,246821,161,6117,530,6808,234,40995,4622,45851,36,827,577,1440,698,292199,8023,300920,"2025-09-23 18:09:05"
3193,2024-07-01,216,107,14137,146,14390,54,535,111,700,136,6194,156,6486,9,63,29,101,306,20929,442,21677,"2025-09-23 18:09:05"
3194,2024-07-01,217,108,43628,483,44219,92,1394,195,1681,107,13720,2610,16437,15,198,631,844,322,58940,3919,63181,"2025-09-23 18:09:05"
3195,2024-07-01,218,101,48076,678,48855,79,1440,241,1760,136,10524,541,11201,17,181,117,315,333,60221,1577,62131,"2025-09-23 18:09:05"
3196,2024-07-01,219,92,13688,65,13845,62,503,56,621,97,7204,484,7785,8,142,148,298,259,21537,753,22549,"2025-09-23 18:09:05"
3197,2024-07-01,220,169,152883,1119,154171,98,4158,794,5050,148,22418,7186,29752,22,652,1551,2225,437,180111,10650,191198,"2025-09-23 18:09:05"
3198,2024-07-01,221,65,10476,54,10595,52,378,45,475,91,4571,555,5217,13,57,106,176,221,15482,760,16463,"2025-09-23 18:09:05"
3199,2024-07-01,222,213,143742,2860,146815,175,3271,1017,4463,240,26802,2368,29410,33,494,431,958,661,174309,6676,181646,"2025-09-23 18:09:05"
3200,2024-07-01,223,70,25094,183,25347,73,1034,110,1217,96,10312,420,10828,10,142,67,219,249,36582,780,37611,"2025-09-23 18:09:05"
3201,2024-07-01,224,140,89211,1273,90624,66,1920,474,2460,137,10533,985,11655,16,163,154,333,359,101827,2886,105072,"2025-09-23 18:09:05"
3202,2024-07-01,225,66,94912,5927,100905,32,1859,403,2294,53,10933,1654,12640,4,204,228,436,155,107908,8212,116275,"2025-09-23 18:09:05"
3203,2024-07-01,226,242,160079,59520,219841,222,2100,1114,3436,143,10588,998,11729,15,211,180,406,622,172978,61812,235412,"2025-09-23 18:09:05"
3204,2024-07-01,227,228,100169,1746,102143,179,2197,279,2655,133,16639,1459,18231,18,293,348,659,558,119298,3832,123688,"2025-09-23 18:09:05"
3205,2024-07-01,228,95,87223,721,88039,36,1930,160,2126,89,7863,987,8939,13,271,267,551,233,97287,2135,99655,"2025-09-23 18:09:05"
3206,2024-07-01,229,103,43089,690,43882,82,1673,230,1985,121,8864,346,9331,15,160,74,249,321,53786,1340,55447,"2025-09-23 18:09:05"
3207,2024-07-01,230,60,16202,88,16350,67,543,42,652,106,7826,166,8098,10,78,84,172,243,24649,380,25272,"2025-09-23 18:09:05"
3208,2024-07-01,231,87,33328,36548,69963,54,1049,394,1497,82,10285,527,10894,6,250,229,485,229,44912,37698,82839,"2025-09-23 18:09:05"
3209,2024-07-01,232,60,13486,374,13920,54,486,87,627,122,6566,152,6840,12,71,29,112,248,20609,642,21499,"2025-09-23 18:09:05"
3210,2024-07-01,233,86,15741,116,15943,60,601,75,736,139,8174,404,8717,15,87,77,179,300,24603,672,25575,"2025-09-23 18:09:05"
3212,2024-07-01,235,250,77475,944,78669,137,2836,150,3123,343,27006,648,27997,42,248,143,433,772,107565,1885,110222,"2025-09-23 18:09:05"
3213,2024-07-01,236,628,251749,269043,521420,354,7103,6397,13854,692,58261,3577,62530,38,1255,598,1891,1712,318368,279615,599695,"2025-09-23 18:09:05"
3215,2024-07-01,238,158,93981,2531,96670,148,2543,521,3212,267,18185,1430,19882,38,403,446,887,611,115112,4928,120651,"2025-09-23 18:09:05"
3217,2024-07-01,240,110,39712,686,40508,76,1209,154,1439,130,6906,518,7554,13,175,224,412,329,48002,1582,49913,"2025-09-23 18:09:05"
3218,2024-07-01,241,122,26362,478,26962,102,814,121,1037,183,6766,184,7133,10,143,45,198,417,34085,828,35330,"2025-09-23 18:09:05"
3219,2024-07-01,242,113,34280,957,35350,89,1068,144,1301,113,5390,310,5813,7,146,94,247,322,40884,1505,42711,"2025-09-23 18:09:05"
3220,2024-07-01,243,53,8831,61,8945,53,313,30,396,109,3352,51,3512,10,53,16,79,225,12549,158,12932,"2025-09-23 18:09:05"
3221,2024-07-01,244,45,12487,164,12696,42,413,24,479,122,4157,71,4350,12,80,20,112,221,17137,279,17637,"2025-09-23 18:09:05"
3222,2024-07-01,245,133,15159,149,15441,80,630,59,769,127,6228,128,6483,13,125,53,191,353,22142,389,22884,"2025-09-23 18:09:05"
3223,2024-07-01,246,218,160402,2821,163441,165,4262,513,4940,236,26772,2262,29270,25,674,371,1070,644,192110,5967,198721,"2025-09-23 18:09:05"
3224,2024-07-01,247,57,14624,92,14773,53,452,64,569,123,4993,110,5226,9,81,30,120,242,20150,296,20688,"2025-09-23 18:09:05"
3225,2024-07-01,248,112,14200,233,14545,100,559,74,733,150,6161,152,6463,19,99,35,153,381,21019,494,21894,"2025-09-23 18:09:05"
3226,2024-07-01,249,55,17032,202,17289,70,670,53,793,137,7019,143,7299,14,86,21,121,276,24807,419,25502,"2025-09-23 18:09:05"
3227,2024-07-01,250,330,121140,2500,123970,280,3080,607,3967,266,18644,2759,21669,21,515,415,951,897,143379,6281,150557,"2025-09-23 18:09:05"
3228,2024-07-01,251,62,16191,379,16632,64,608,121,793,117,3343,133,3593,10,128,39,177,253,20270,672,21195,"2025-09-23 18:09:05"
3229,2024-07-01,252,103,17700,280,18083,87,773,97,957,123,8667,143,8933,21,97,56,174,334,27237,576,28147,"2025-09-23 18:09:05"
3230,2024-07-01,253,123,28168,261,28552,117,1212,273,1602,181,11812,455,12448,22,147,67,236,443,41339,1056,42838,"2025-09-23 18:09:05"
3231,2024-07-01,254,57,9902,59,10018,61,287,44,392,103,3306,52,3461,10,58,23,91,231,13553,178,13962,"2025-09-23 18:09:05"
3232,2024-07-01,255,88,19393,505,19986,66,820,81,967,126,8628,271,9025,14,128,49,191,294,28969,906,30169,"2025-09-23 18:09:05"
3234,2024-07-01,257,108,20188,165,20461,66,1267,98,1431,155,10684,272,11111,14,105,49,168,343,32244,584,33171,"2025-09-23 18:09:05"
3235,2024-07-01,258,211,115730,2051,117992,129,3036,528,3693,212,19353,3134,22699,18,477,703,1198,570,138596,6416,145582,"2025-09-23 18:09:05"
3236,2024-07-01,259,122,33834,570,34526,70,1468,131,1669,141,13611,1029,14781,8,254,152,414,341,49167,1882,51390,"2025-09-23 18:09:05"
3237,2024-07-01,260,140,29433,531,30104,100,1153,170,1423,178,12500,449,13127,18,173,67,258,436,43259,1217,44912,"2025-09-23 18:09:05"
3238,2024-07-01,261,71,8910,59,9040,41,465,59,565,100,4444,248,4792,7,47,38,92,219,13866,404,14489,"2025-09-23 18:09:05"
3239,2024-07-01,262,91,18968,181,19240,62,810,115,987,129,8692,271,9092,12,104,51,167,294,28574,618,29486,"2025-09-23 18:09:05"
3240,2024-07-01,263,69,10307,79,10455,62,398,30,490,98,5235,65,5398,9,48,18,75,238,15988,192,16418,"2025-09-23 18:09:05"
3241,2024-07-01,264,113,46214,235,46562,119,1631,423,2173,206,12393,2337,14936,26,251,206,483,464,60489,3201,64154,"2025-09-23 18:09:05"
3242,2024-07-01,265,184,113541,1862,115587,144,3888,492,4524,215,24429,3121,27765,16,411,432,859,559,142269,5907,148735,"2025-09-23 18:09:05"
3243,2024-07-01,266,80,9721,57,9858,59,423,70,552,119,4952,272,5343,8,64,25,97,266,15160,424,15850,"2025-09-23 18:09:05"
3244,2024-07-01,267,75,7884,33,7992,41,351,22,414,114,4433,79,4626,6,55,18,79,236,12723,152,13111,"2025-09-23 18:09:05"
3245,2024-07-01,268,142,152781,3284,156207,101,3394,975,4470,125,19411,2621,22157,14,531,406,951,382,176117,7286,183785,"2025-09-23 18:09:05"
3246,2024-07-01,269,338,136875,1980,139193,239,3086,515,3840,242,15980,1516,17738,28,339,250,617,847,156280,4261,161388,"2025-09-23 18:09:05"
3247,2024-07-01,270,109,40946,1981,43036,110,1591,197,1898,165,14994,885,16044,7,231,135,373,391,57762,3198,61351,"2025-09-23 18:09:05"
3248,2024-07-01,271,106,9615,58,9779,58,413,95,566,109,5054,104,5267,14,57,17,88,287,15139,274,15700,"2025-09-23 18:09:05"
3250,2024-08-01,1,160,218724,16964,235848,61,3923,570,4554,189,13621,2423,16233,21,369,159,549,431,236637,20116,257184,"2025-09-23 18:09:12"
3251,2024-08-01,2,110,132052,4939,137101,41,3258,679,3978,145,11902,2544,14591,7,220,212,439,303,147432,8374,156109,"2025-09-23 18:09:12"
3252,2024-08-01,3,107,60092,2088,62287,69,2092,714,2875,130,6834,1288,8252,14,158,111,283,320,69176,4201,73697,"2025-09-23 18:09:12"
3253,2024-08-01,4,117,68089,2114,70320,45,4178,1308,5531,167,16212,4265,20644,16,426,259,701,364,187971,15046,203381,"2025-09-23 18:09:12"
3254,2024-08-01,5,89,99193,3024,102306,45,2978,345,3368,139,9047,2232,11418,11,183,174,368,284,111401,5775,117460,"2025-09-23 18:09:12"
3255,2024-08-01,6,91,80461,3105,83657,45,2085,326,2456,172,8570,1599,10341,11,127,108,246,319,91243,5138,96700,"2025-09-23 18:09:12"
3256,2024-08-01,7,108,115461,9532,125101,62,3941,578,4581,128,13832,2637,16597,7,340,166,513,305,133574,12913,146792,"2025-09-23 18:09:12"
3257,2024-08-01,8,60,71811,3385,75256,32,2619,451,3102,74,10747,2299,13120,12,190,99,301,178,85367,6234,91779,"2025-09-23 18:09:12"
3258,2024-08-01,9,84,129663,5611,135358,54,3289,770,4113,175,9783,2161,12119,11,281,260,552,324,143016,8802,152142,"2025-09-23 18:09:12"
3259,2024-08-01,10,92,76344,4639,81075,48,2252,578,2878,129,7926,2050,10105,12,191,157,360,281,86713,7424,94418,"2025-09-23 18:09:12"
3260,2024-08-01,11,106,84542,2912,87560,55,2541,131,2727,131,9722,2196,12049,11,204,97,312,303,97009,5336,102648,"2025-09-23 18:09:12"
3261,2024-08-01,12,115,94686,1119,95920,45,2189,130,2364,135,6452,1196,7783,16,130,177,323,311,103457,2622,106390,"2025-09-23 18:09:12"
3262,2024-08-01,13,95,101855,4234,106184,55,2493,639,3187,177,9240,2174,11591,21,246,531,798,348,113834,7578,121760,"2025-09-23 18:09:12"
3263,2024-08-01,14,209,77691,3436,81336,106,1983,402,2491,134,5821,1805,7760,7,152,107,266,456,85647,5750,91853,"2025-09-23 18:09:12"
3264,2024-08-01,15,176,153184,3805,157165,134,2940,646,3720,183,10618,4727,15528,16,269,210,495,509,167011,9388,176908,"2025-09-23 18:09:12"
3265,2024-08-01,16,132,82131,9166,91429,46,1792,982,2820,179,8169,1872,10220,19,189,104,312,376,92281,12124,104781,"2025-09-23 18:09:12"
3266,2024-08-01,17,96,105369,2005,107470,50,2781,1103,3934,138,8507,1714,10359,8,196,102,306,292,116853,4924,122069,"2025-09-23 18:09:12"
3267,2024-08-01,18,130,206948,7592,214670,101,3962,1635,5698,160,17466,4777,22403,16,395,393,804,407,228771,14397,243575,"2025-09-23 18:09:12"
3268,2024-08-01,19,131,127351,4393,131875,61,3036,730,3827,147,11012,2928,14087,7,271,431,709,346,141670,8482,150498,"2025-09-23 18:09:12"
3269,2024-08-01,20,128,118418,2918,121464,61,3621,180,3862,168,13208,4470,17846,15,474,641,1130,372,135721,8209,144302,"2025-09-23 18:09:12"
3270,2024-08-01,21,260,63683,1279,65222,118,1767,77,1962,154,4983,962,6099,11,142,29,182,543,70575,2347,73465,"2025-09-23 18:09:12"
3271,2024-08-01,22,101,114108,4038,118247,47,2931,743,3721,143,9809,2063,12015,15,187,191,393,306,127035,7035,134376,"2025-09-23 18:09:12"
3272,2024-08-01,23,1654,39397,236,41287,1540,1432,249,3221,340,3645,1564,5549,108,88,96,292,3642,44562,2145,50349,"2025-09-23 18:09:12"
3273,2024-08-01,63,140,91223,1138,92501,857,1747,231,2835,177,5226,1194,6597,18,273,101,392,1353,48581,3131,53065,"2025-09-23 18:09:12"
3274,2024-08-01,25,78,91894,5967,97939,33,2968,580,3581,125,11565,2792,14482,14,222,326,562,250,106649,9665,116564,"2025-09-23 18:09:12"
3275,2024-08-01,146,1974,755428,13038,770440,3811,68798,14777,87386,3939,243917,59932,307788,424,5923,5241,11588,12923,2972186,197156,3182265,"2025-09-23 18:09:12"
3277,2024-08-01,28,99,65067,2448,67614,62,2008,870,2940,103,9437,3101,12641,14,183,656,853,278,76695,7075,84048,"2025-09-23 18:09:12"
3278,2024-08-01,29,80,74323,832,75235,49,2008,549,2606,120,10767,1284,12171,13,242,215,470,262,87340,2880,90482,"2025-09-23 18:09:12"
3279,2024-08-01,77,290,138587,2892,141769,58,2062,497,2617,58,8801,4353,13212,4,315,1442,1761,228,92535,9358,102121,"2025-09-23 18:09:12"
3280,2024-08-01,57,67,58357,798,59222,47,844,172,1063,60,3593,2387,6040,6,104,1062,1172,195,49029,5329,54553,"2025-09-23 18:09:12"
3281,2024-08-01,32,71,85429,1642,87142,27,1865,371,2263,65,9887,1509,11461,1,210,271,482,164,97391,3793,101348,"2025-09-23 18:09:12"
3282,2024-08-01,33,128,117480,22800,140408,62,2698,517,3277,168,13020,2350,15538,10,205,538,753,368,133403,26205,159976,"2025-09-23 18:09:12"
3283,2024-08-01,79,86,109707,1525,111318,56,2111,307,2474,106,11857,1613,13576,9,201,234,444,291,101686,3712,105689,"2025-09-23 18:09:12"
3284,2024-08-01,35,94,66987,2428,69509,60,2078,245,2383,99,14236,2279,16614,9,224,322,555,262,83525,5274,89061,"2025-09-23 18:09:12"
3285,2024-08-01,36,107,92169,3398,95674,49,2611,338,2998,104,12819,2032,14955,9,213,280,502,269,107812,6048,114129,"2025-09-23 18:09:12"
3286,2024-08-01,60,323,185945,19863,206131,32,885,20,937,41,3614,890,4545,0,57,87,144,135,30517,1397,32049,"2025-09-23 18:09:12"
3287,2024-08-01,38,51,56656,63200,119907,24,1407,832,2263,80,5461,1363,6904,11,153,365,529,166,63677,65760,129603,"2025-09-23 18:09:12"
3288,2024-08-01,39,328,104905,15344,120577,506,1623,662,2791,188,8404,2298,10890,26,189,716,931,1048,115121,19020,135189,"2025-09-23 18:09:12"
3289,2024-08-01,40,82,26625,1300,28007,48,975,294,1317,86,4091,368,4545,9,50,51,110,225,31741,2013,33979,"2025-09-23 18:09:12"
3291,2024-08-01,42,135,149906,9781,159822,56,2959,244,3259,129,13009,2170,15308,9,315,471,795,329,166189,12666,179184,"2025-09-23 18:09:12"
3293,2024-08-01,44,0,19,2,21,36,373,21,430,46,5276,139,5461,2,65,20,87,130,15653,249,16032,"2025-09-23 18:09:12"
3295,2024-08-01,46,215,239655,12583,252453,111,4686,728,5525,177,29154,5577,34908,14,599,569,1182,517,274094,19457,294068,"2025-09-23 18:09:12"
3296,2024-08-01,47,123,117814,1500,119437,120,2864,519,3503,292,19621,2880,22793,62,401,294,757,597,140700,5193,146490,"2025-09-23 18:09:12"
3300,2024-08-01,51,188,196309,3179,199676,192,2949,607,3748,212,15865,1346,17423,13,462,160,635,605,215585,5292,221482,"2025-09-23 18:09:12"
3303,2024-08-01,54,136,27215,7789,35140,54,1119,311,1484,159,10391,770,11320,9,170,88,267,358,38895,8958,48211,"2025-09-23 18:09:12"
3304,2024-08-01,55,108,95319,142982,238409,62,3095,2041,5198,113,25982,2761,28856,15,582,332,929,298,124978,148116,273392,"2025-09-23 18:09:12"
3305,2024-08-01,56,352,223905,20724,244981,415,4950,880,6245,174,29177,3630,32981,23,583,497,1103,964,258615,25731,285310,"2025-09-23 18:09:12"
3307,2024-08-01,58,187,143900,8189,152276,103,4018,80,4201,136,16884,4871,21891,18,429,834,1281,444,165231,13974,179649,"2025-09-23 18:09:12"
3308,2024-08-01,59,147,203776,33939,237862,81,4454,1026,5561,104,20790,3214,24108,10,472,312,794,342,229492,38491,268325,"2025-09-23 18:09:12"
3310,2024-08-01,61,169,207807,5361,213337,91,3100,708,3899,141,12192,3441,15774,14,400,501,915,415,223499,10011,233925,"2025-09-23 18:09:12"
3311,2024-08-01,62,71,8803,142,9016,56,503,69,628,123,3970,63,4156,3,48,13,64,253,13324,287,13864,"2025-09-23 18:09:12"
3314,2024-08-01,65,214,174119,3731,178064,155,4207,370,4732,187,26602,8225,35014,28,728,916,1672,584,205656,13242,219482,"2025-09-23 18:09:12"
3320,2024-08-01,71,83,72560,1941,74584,45,2056,545,2646,110,13716,3890,17716,9,346,444,799,247,88678,6820,95745,"2025-09-23 18:09:12"
3323,2024-08-01,74,123,176745,2719,179587,93,3117,363,3573,455,15470,2446,18371,23,623,299,945,694,195955,5827,202476,"2025-09-23 18:09:12"
3329,2024-08-01,80,169,108711,1147,110027,97,2539,666,3302,173,20721,4198,25092,14,416,1015,1445,453,132387,7026,139866,"2025-09-23 18:09:12"
3332,2024-08-01,83,361,177118,1183,178662,253,3236,636,4125,268,15130,1989,17387,65,637,170,872,947,196121,3978,201046,"2025-09-23 18:09:12"
3334,2024-08-01,85,152,25555,238,25945,82,1136,138,1356,161,6643,202,7006,23,128,44,195,418,33462,622,34502,"2025-09-23 18:09:12"
3335,2024-08-01,86,313,173947,1853,176113,156,4048,380,4584,196,19249,2682,22127,22,442,286,750,687,197686,5201,203574,"2025-09-23 18:09:12"
3336,2024-08-01,87,107,115188,3418,118713,77,2435,625,3137,82,13105,2166,15353,10,359,159,528,276,131087,6368,137731,"2025-09-23 18:09:12"
3337,2024-08-01,88,70,105475,2460,108005,21,2064,598,2683,36,9308,1529,10873,1,223,139,363,128,117070,4726,121924,"2025-09-23 18:09:12"
3338,2024-08-01,89,473,30613,308,31394,103,530,35,668,126,1937,458,2521,15,80,10,105,717,33160,811,34688,"2025-09-23 18:09:12"
3339,2024-08-01,90,125,88151,1763,90039,71,2263,425,2759,107,10187,2368,12662,11,218,204,433,314,100819,4760,105893,"2025-09-23 18:09:12"
3340,2024-08-01,91,191,171659,870,172720,96,4741,2336,7173,129,30649,5497,36275,16,688,359,1063,432,207737,9062,217231,"2025-09-23 18:09:12"
3341,2024-08-01,92,92,61473,1118,62683,75,1515,282,1872,98,8350,1401,9849,13,189,153,355,278,71527,2954,74759,"2025-09-23 18:09:12"
3342,2024-08-01,93,131,87795,839,88765,76,2107,171,2354,92,8998,3895,12985,10,180,256,446,309,99080,5161,104550,"2025-09-23 18:09:12"
3343,2024-08-01,94,255,202319,2639,205213,114,4991,1624,6729,200,30927,4488,35615,9,699,699,1407,578,238936,9450,248964,"2025-09-23 18:09:12"
3344,2024-08-01,95,366,269742,2198,272306,201,7109,1023,8333,222,42973,6408,49603,27,1091,502,1620,816,320915,10131,331862,"2025-09-23 18:09:12"
3345,2024-08-01,96,91,31735,667,32493,43,1185,72,1300,82,5318,689,6089,11,95,51,157,227,38333,1479,40039,"2025-09-23 18:09:12"
3346,2024-08-01,97,6,99,3,108,0,38,10,48,0,128,8,136,0,0,1,1,6,265,22,293,"2025-09-23 18:09:12"
3347,2024-08-01,98,47,73286,1760,75093,19,2128,116,2263,32,8314,1246,9592,1,169,172,342,99,83897,3294,87290,"2025-09-23 18:09:12"
3348,2024-08-01,99,37,51397,897,52331,31,1927,445,2403,32,9872,1721,11625,4,178,177,359,104,63374,3240,66718,"2025-09-23 18:09:12"
3349,2024-08-01,100,194,128851,2893,131938,151,3475,599,4225,156,15745,3296,19197,24,330,200,554,525,148401,6988,155914,"2025-09-23 18:09:12"
3350,2024-08-01,101,200,178787,4329,183316,58,2366,1379,3803,104,7704,1910,9718,10,358,201,569,372,189215,7819,197406,"2025-09-23 18:09:12"
3351,2024-08-01,102,170,72001,1553,73724,61,2078,222,2361,77,7611,1584,9272,3,199,158,360,311,81889,3517,85717,"2025-09-23 18:09:12"
3352,2024-08-01,103,217,63450,2044,65711,58,2108,270,2436,101,8817,1595,10513,17,180,141,338,393,74555,4050,78998,"2025-09-23 18:09:12"
3353,2024-08-01,104,134,180794,4846,185774,173,4649,1500,6322,159,20280,3133,23572,22,544,558,1124,488,206267,10037,216792,"2025-09-23 18:09:12"
3354,2024-08-01,105,282,143098,1979,145359,107,2076,130,2313,66,6716,1489,8271,3,260,135,398,458,152150,3733,156341,"2025-09-23 18:09:12"
3355,2024-08-01,106,247,98658,1011,99916,150,2742,514,3406,103,8310,2172,10585,14,228,120,362,514,109938,3817,114269,"2025-09-23 18:09:12"
3356,2024-08-01,107,126,72917,1345,74388,59,2431,66,2556,90,6482,1958,8530,20,170,97,287,295,82000,3466,85761,"2025-09-23 18:09:12"
3357,2024-08-01,108,174,226371,1839,228384,112,6415,460,6987,156,37396,6414,43966,23,721,510,1254,465,270903,9223,280591,"2025-09-23 18:09:12"
3358,2024-08-01,109,202,137062,2573,139837,152,4965,1118,6235,226,22945,3996,27167,12,407,331,750,592,165379,8018,173989,"2025-09-23 18:09:12"
3359,2024-08-01,110,86,122145,2135,124366,42,3919,639,4600,33,18354,2611,20998,3,430,367,800,164,144848,5752,150764,"2025-09-23 18:09:12"
3360,2024-08-01,111,167,93618,701,94486,97,3044,521,3662,134,19417,3382,22933,15,996,296,1307,413,117075,4900,122388,"2025-09-23 18:09:12"
3361,2024-08-01,112,148,116012,2231,118391,116,2110,597,2823,121,9992,3830,13943,11,336,173,520,396,128450,6831,135677,"2025-09-23 18:09:12"
3362,2024-08-01,113,93,73564,1332,74989,27,2151,913,3091,38,9042,1596,10676,0,192,128,320,158,84949,3969,89076,"2025-09-23 18:09:12"
3363,2024-08-01,114,186,115883,699,116768,90,3761,459,4310,172,19948,2947,23067,13,507,243,763,461,140099,4348,144908,"2025-09-23 18:09:12"
3364,2024-08-01,115,240,53654,428,54322,100,1699,533,2332,256,12249,899,13404,13,294,83,390,609,67896,1943,70448,"2025-09-23 18:09:12"
3365,2024-08-01,116,193,53475,341,54009,86,2005,646,2737,203,14270,6499,20972,9,317,354,680,491,70067,7840,78398,"2025-09-23 18:09:12"
3366,2024-08-01,117,89,17500,74,17663,70,721,233,1024,156,6333,4107,10596,7,138,488,633,322,24692,4902,29916,"2025-09-23 18:09:12"
3367,2024-08-01,118,92,105973,1173,107238,61,2777,545,3383,64,10528,2540,13132,10,319,184,513,227,119597,4442,124266,"2025-09-23 18:09:12"
3368,2024-08-01,119,53,185007,3315,188375,39,3395,712,4146,50,11588,3649,15287,13,507,305,825,155,200497,7981,208633,"2025-09-23 18:09:12"
3369,2024-08-01,120,26,144267,725,145018,14,1828,128,1970,22,5025,1405,6452,0,238,42,280,62,151358,2300,153720,"2025-09-23 18:09:12"
3370,2024-08-01,121,388,120934,1572,122894,175,3883,1441,5499,237,21515,4863,26615,19,680,350,1049,819,147012,8226,156057,"2025-09-23 18:09:12"
3371,2024-08-01,122,116,58912,401,59429,95,1243,191,1529,88,5744,2065,7897,9,141,324,474,308,66040,2981,69329,"2025-09-23 18:09:12"
3372,2024-08-01,123,285,151498,2036,153819,268,4478,449,5195,196,18110,2980,21286,29,545,271,845,778,174631,5736,181145,"2025-09-23 18:09:12"
3373,2024-08-01,124,213,101897,971,103081,87,3338,789,4214,129,19012,4336,23477,16,467,550,1033,445,124714,6646,131805,"2025-09-23 18:09:12"
3374,2024-08-01,125,273,212510,2428,215211,99,5447,2687,8233,171,31073,6292,37536,20,691,295,1006,563,249721,11702,261986,"2025-09-23 18:09:12"
3375,2024-08-01,126,362,288276,3783,292421,164,7701,2223,10088,255,35872,7445,43572,25,985,1031,2041,806,332834,14482,348122,"2025-09-23 18:09:12"
3376,2024-08-01,127,185,66128,4134,70447,75,2709,772,3556,155,20789,2459,23403,14,367,379,760,429,89993,7744,98166,"2025-09-23 18:09:12"
3377,2024-08-01,128,206,122939,942,124087,90,2516,360,2966,148,15578,2311,18037,12,338,153,503,456,141371,3766,145593,"2025-09-23 18:09:12"
3378,2024-08-01,129,403,450591,2863,453857,228,10149,2708,13085,290,64247,8210,72747,75,1669,679,2423,996,526656,14460,542112,"2025-09-23 18:09:12"
3380,2024-08-01,131,75,15391,130,15596,56,760,54,870,78,7985,256,8319,11,91,29,131,220,24227,469,24916,"2025-09-23 18:09:12"
3381,2024-08-01,132,72,11140,144,11356,52,452,95,599,118,4895,387,5400,4,91,227,322,246,16578,853,17677,"2025-09-23 18:09:12"
3382,2024-08-01,133,71,12079,115,12265,58,609,89,756,108,6382,611,7101,17,77,64,158,254,19147,879,20280,"2025-09-23 18:09:12"
3383,2024-08-01,134,90,17449,116,17655,61,680,91,832,116,8206,183,8505,13,91,42,146,280,26426,432,27138,"2025-09-23 18:09:12"
3384,2024-08-01,135,71,20044,183,20298,59,808,84,951,82,8107,687,8876,11,137,89,237,223,29096,1043,30362,"2025-09-23 18:09:12"
3385,2024-08-01,136,77,47143,296,47516,71,2096,204,2371,113,13780,1417,15310,14,228,141,383,275,63247,2058,65580,"2025-09-23 18:09:12"
3386,2024-08-01,137,103,54647,702,55452,82,1682,182,1946,155,13671,1716,15542,11,345,893,1249,351,70345,3493,74189,"2025-09-23 18:09:12"
3387,2024-08-01,138,34,17199,159,17392,26,531,35,592,31,3220,588,3839,7,67,48,122,98,21017,830,21945,"2025-09-23 18:09:12"
3388,2024-08-01,139,75,45266,295,45636,65,1474,84,1623,87,9265,1096,10448,6,222,84,312,233,56227,1559,58019,"2025-09-23 18:09:12"
3389,2024-08-01,140,1,8,0,9,0,3,0,3,0,8,0,8,0,0,0,0,1,19,0,20,"2025-09-23 18:09:12"
3390,2024-08-01,141,207,87836,1099,89142,113,2134,370,2617,179,12069,1126,13374,16,342,268,626,515,102381,2863,105759,"2025-09-23 18:09:12"
3391,2024-08-01,142,55,83633,1694,85382,126,2016,845,2987,67,10872,1829,12768,4,310,215,529,252,96831,4583,101666,"2025-09-23 18:09:12"
3392,2024-08-01,143,171,91387,2397,93955,126,2438,548,3112,128,14584,2086,16798,9,406,194,609,434,108815,5225,114474,"2025-09-23 18:09:12"
3393,2024-08-01,144,135,129611,4360,134106,89,2982,692,3763,131,15805,2385,18321,13,553,347,913,368,148951,7784,157103,"2025-09-23 18:09:12"
3394,2024-08-01,145,198,94438,5258,99894,157,2838,417,3412,256,19999,1806,22061,29,431,281,741,640,117706,7762,126108,"2025-09-23 18:09:12"
3396,2024-08-01,147,79,23386,62,23527,38,581,99,718,55,2290,427,2772,9,92,34,135,181,26349,622,27152,"2025-09-23 18:09:12"
3397,2024-08-01,148,219,42277,1226,43722,122,1548,373,2043,225,12851,674,13750,24,206,132,362,590,56882,2405,59877,"2025-09-23 18:09:12"
3398,2024-08-01,149,70,20589,1717,22376,45,1003,221,1269,94,8636,596,9326,8,111,72,191,217,30339,2606,33162,"2025-09-23 18:09:12"
3399,2024-08-01,150,150,45651,811,46612,91,2015,354,2460,143,15254,1079,16476,28,200,88,316,412,63120,2332,65864,"2025-09-23 18:09:12"
3400,2024-08-01,151,154,85456,787,86397,78,2419,353,2850,187,19095,2337,21619,16,476,798,1290,435,107446,4275,112156,"2025-09-23 18:09:12"
3401,2024-08-01,152,131,40312,521,40964,73,1396,174,1643,180,12827,542,13549,33,189,157,379,417,54724,1394,56535,"2025-09-23 18:09:12"
3402,2024-08-01,153,98,23041,193,23332,69,1087,333,1489,150,11267,391,11808,14,91,53,158,331,35486,970,36787,"2025-09-23 18:09:12"
3403,2024-08-01,154,177,81969,914,83060,89,2438,487,3014,162,18963,1865,20990,24,406,438,868,452,103776,3704,107932,"2025-09-23 18:09:12"
3404,2024-08-01,155,78,19598,148,19824,40,715,115,870,108,7704,436,8248,16,89,84,189,242,28106,783,29131,"2025-09-23 18:09:12"
3405,2024-08-01,156,190,172855,2336,175381,145,4686,485,5316,188,24430,3715,28333,48,712,379,1139,571,202683,6915,210169,"2025-09-23 18:09:12"
3406,2024-08-01,157,149,34547,277,34973,125,1375,317,1817,185,11493,726,12404,14,194,119,327,473,47609,1439,49521,"2025-09-23 18:09:12"
3407,2024-08-01,158,113,118739,1799,120651,67,3748,677,4492,128,19621,2821,22570,11,529,397,937,319,142637,5694,148650,"2025-09-23 18:09:12"
3408,2024-08-01,159,170,181592,1739,183501,164,4375,878,5417,212,20957,2505,23674,24,583,293,900,570,207507,5415,213492,"2025-09-23 18:09:12"
3409,2024-08-01,160,76,11428,65,11569,55,463,61,579,119,6019,495,6633,17,70,69,156,267,17980,690,18937,"2025-09-23 18:09:12"
3410,2024-08-01,161,85,24631,193,24909,48,986,112,1146,194,10806,257,11257,19,138,50,207,346,36561,612,37519,"2025-09-23 18:09:12"
3411,2024-08-01,162,157,42836,314,43307,93,1390,199,1682,143,12250,769,13162,20,230,128,378,413,56706,1410,58529,"2025-09-23 18:09:12"
3413,2024-08-01,164,83,12314,162,12559,64,496,76,636,100,6605,731,7436,11,83,40,134,258,19498,1009,20765,"2025-09-23 18:09:12"
3414,2024-08-01,165,108,20823,158,21089,74,1018,93,1185,141,12668,261,13070,10,114,42,166,333,34623,554,35510,"2025-09-23 18:09:12"
3415,2024-08-01,166,67,10590,101,10758,44,418,59,521,71,5026,392,5489,6,54,63,123,188,16088,615,16891,"2025-09-23 18:09:12"
3416,2024-08-01,167,93,77381,805,78279,69,2160,280,2509,88,14637,3451,18176,14,541,1666,2221,264,94719,6202,101185,"2025-09-23 18:09:12"
3417,2024-08-01,168,59,9210,399,9668,40,391,52,483,78,3942,204,4224,4,67,23,94,181,13610,678,14469,"2025-09-23 18:09:12"
3418,2024-08-01,169,138,52579,787,53504,123,1870,373,2366,217,15572,1704,17493,20,356,265,641,498,70377,3129,74004,"2025-09-23 18:09:12"
3419,2024-08-01,170,79,20227,398,20704,48,768,269,1085,78,7912,1084,9074,11,122,148,281,216,29029,1899,31144,"2025-09-23 18:09:12"
3420,2024-08-01,171,119,82948,2271,85338,116,2627,407,3150,152,13018,2319,15489,10,331,347,688,397,98924,5344,104665,"2025-09-23 18:09:12"
3421,2024-08-01,172,252,40135,152,40539,209,1469,69,1747,158,11833,864,12855,14,190,122,326,633,53627,1207,55467,"2025-09-23 18:09:12"
3422,2024-08-01,173,77,13952,154,14183,51,710,69,830,106,7902,355,8363,14,86,61,161,248,22650,639,23537,"2025-09-23 18:09:12"
3423,2024-08-01,174,171,123675,1859,125705,133,2930,601,3664,192,22697,2106,24995,19,453,930,1402,515,149755,5496,155766,"2025-09-23 18:09:12"
3424,2024-08-01,175,116,14037,100150,114303,68,653,2329,3050,206,9428,386,10020,5,135,36,176,395,24253,102901,127549,"2025-09-23 18:09:12"
3425,2024-08-01,176,198,113398,2459,116055,151,3170,722,4043,206,21755,3549,25510,16,416,850,1282,571,138739,7580,146890,"2025-09-23 18:09:12"
3426,2024-08-01,177,79,21060,143,21282,47,783,89,919,114,8165,506,8785,7,111,53,171,247,30119,791,31157,"2025-09-23 18:09:12"
3427,2024-08-01,178,87,24440,99,24626,64,1196,80,1340,121,11309,778,12208,8,210,139,357,280,37155,1096,38531,"2025-09-23 18:09:12"
3428,2024-08-01,179,127,16160,166,16453,57,695,103,855,106,9680,208,9994,11,94,31,136,301,26629,508,27438,"2025-09-23 18:09:12"
3429,2024-08-01,180,81,19178,181,19440,45,728,84,857,91,8237,884,9212,3,121,90,214,220,28264,1239,29723,"2025-09-23 18:09:12"
3430,2024-08-01,181,89,13269,94,13452,74,550,48,672,106,7072,290,7468,7,61,34,102,276,20952,466,21694,"2025-09-23 18:09:12"
3431,2024-08-01,182,78,11153,89,11320,50,516,61,627,96,6315,142,6553,8,60,24,92,232,18044,316,18592,"2025-09-23 18:09:12"
3432,2024-08-01,183,70,12280,5899,18249,50,514,116,680,90,6553,201,6844,11,87,25,123,221,19434,6241,25896,"2025-09-23 18:09:12"
3433,2024-08-01,184,115,24341,84624,109080,80,1608,1054,2742,141,15530,231,15902,10,122,44,176,346,41601,85953,127900,"2025-09-23 18:09:12"
3434,2024-08-01,185,95,25658,468,26221,51,916,907,1874,99,8027,500,8626,10,157,144,311,255,34758,2019,37032,"2025-09-23 18:09:12"
3436,2024-08-01,187,140,119615,922,120677,98,2978,407,3483,132,22067,2764,24963,13,416,385,814,383,145076,4478,149937,"2025-09-23 18:09:12"
3437,2024-08-01,188,214,118999,1727,120940,150,3717,539,4406,225,25928,1969,28122,15,550,382,947,604,149194,4617,154415,"2025-09-23 18:09:12"
3438,2024-08-01,189,62,14455,38,14555,33,657,55,745,70,6488,678,7236,17,86,54,157,182,21686,825,22693,"2025-09-23 18:09:12"
3439,2024-08-01,190,191,192341,2559,195091,109,4923,769,5801,227,25912,3605,29744,20,645,466,1131,547,223821,7399,231767,"2025-09-23 18:09:12"
3441,2024-08-01,192,142,58465,627,59234,87,2006,267,2360,161,17893,1078,19132,18,246,182,446,408,78610,2154,81172,"2025-09-23 18:09:12"
3442,2024-08-01,193,97,27171,388,27656,55,1180,118,1353,133,10388,285,10806,12,146,97,255,297,38885,888,40070,"2025-09-23 18:09:12"
3443,2024-08-01,194,97,11144,48,11289,51,426,41,518,86,7012,90,7188,16,52,14,82,250,18634,193,19077,"2025-09-23 18:09:12"
3444,2024-08-01,195,118,37102,405,37625,88,1612,256,1956,196,17374,1043,18613,16,204,168,388,418,56292,1872,58582,"2025-09-23 18:09:12"
3445,2024-08-01,196,70,20202,129,20401,44,787,46,877,86,11369,981,12436,15,132,147,294,215,32490,1303,34008,"2025-09-23 18:09:12"
3446,2024-08-01,197,277,64467,909,65653,246,2125,314,2685,258,19318,1199,20775,48,334,228,610,829,86244,2650,89723,"2025-09-23 18:09:12"
3447,2024-08-01,198,73,12869,106,13048,50,596,55,701,123,6006,117,6246,16,76,27,119,262,19547,305,20114,"2025-09-23 18:09:12"
3448,2024-08-01,199,54,6048,36,6138,31,285,27,343,60,3898,49,4007,2,35,7,44,147,10266,119,10532,"2025-09-23 18:09:12"
3449,2024-08-01,200,139,41332,480,41951,78,1587,143,1808,151,14738,747,15636,27,220,162,409,395,57877,1532,59804,"2025-09-23 18:09:12"
3450,2024-08-01,201,129,45358,403,45890,84,1731,243,2058,130,16443,1504,18077,17,239,357,613,360,63771,2507,66638,"2025-09-23 18:09:12"
3451,2024-08-01,202,103,23119,167,23389,62,699,79,840,110,8654,204,8968,20,111,44,175,295,32583,494,33372,"2025-09-23 18:09:12"
3452,2024-08-01,203,61,4401,342,4804,21,262,198,481,63,1427,31,1521,8,27,2,37,153,6117,573,6843,"2025-09-23 18:09:12"
3453,2024-08-01,204,134,20420,114,20668,58,624,84,766,122,6633,127,6882,16,118,38,172,330,27795,363,28488,"2025-09-23 18:09:12"
3454,2024-08-01,205,79,19598,88,19765,80,823,83,986,125,12259,847,13231,10,116,99,225,294,32796,1117,34207,"2025-09-23 18:09:12"
3455,2024-08-01,206,79,17827,161,18067,42,622,52,716,92,7820,593,8505,14,98,171,283,227,26367,977,27571,"2025-09-23 18:09:12"
3456,2024-08-01,207,56,9925,39,10020,67,456,42,565,83,5998,115,6196,10,73,13,96,216,16452,209,16877,"2025-09-23 18:09:12"
3457,2024-08-01,208,126,56218,269,56613,65,1836,348,2249,112,12926,1559,14597,14,265,317,596,317,71245,2493,74055,"2025-09-23 18:09:12"
3458,2024-08-01,209,136,104682,1349,106167,86,2895,768,3749,212,18062,4236,22510,13,455,1738,2206,447,126094,8091,134632,"2025-09-23 18:09:12"
3459,2024-08-01,210,162,127942,2186,130290,94,2887,321,3302,102,18106,1048,19256,26,444,297,767,384,149379,3852,153615,"2025-09-23 18:09:12"
3461,2024-08-01,212,126,95725,1021,96872,90,2833,474,3397,147,12013,496,12656,14,315,165,494,377,110886,2156,113419,"2025-09-23 18:09:12"
3462,2024-08-01,213,101,24581,189,24871,71,853,171,1095,105,9353,256,9714,13,80,176,269,290,34867,792,35949,"2025-09-23 18:09:12"
3463,2024-08-01,214,51,11852,76,11979,62,722,91,875,98,7379,211,7688,10,118,66,194,233,28017,565,28815,"2025-09-23 18:09:12"
3464,2024-08-01,215,268,244611,2336,247215,164,6095,531,6790,234,41014,4619,45867,36,832,577,1445,702,292552,8063,301317,"2025-09-23 18:09:12"
3465,2024-08-01,216,107,14121,146,14374,54,536,111,701,135,6188,155,6478,9,62,30,101,305,20907,442,21654,"2025-09-23 18:09:12"
3466,2024-08-01,217,108,43671,480,44259,92,1390,193,1675,108,13697,2593,16398,15,194,633,842,323,58952,3899,63174,"2025-09-23 18:09:12"
3467,2024-08-01,218,101,48112,682,48895,80,1439,233,1752,134,10506,544,11184,17,185,114,316,332,60242,1573,62147,"2025-09-23 18:09:12"
3468,2024-08-01,219,92,13703,64,13859,62,496,56,614,96,7208,484,7788,8,142,148,298,258,21549,752,22559,"2025-09-23 18:09:12"
3469,2024-08-01,220,169,153173,1135,154477,97,4128,792,5017,146,22391,7206,29743,22,658,1555,2235,434,180350,10688,191472,"2025-09-23 18:09:12"
3470,2024-08-01,221,65,10466,54,10585,52,376,44,472,90,4596,550,5236,13,59,104,176,220,15497,752,16469,"2025-09-23 18:09:12"
3471,2024-08-01,222,214,143997,2868,147079,174,3244,1029,4447,238,26757,2354,29349,34,499,431,964,660,174497,6682,181839,"2025-09-23 18:09:12"
3472,2024-08-01,223,70,25046,182,25298,73,1029,111,1213,96,10301,417,10814,10,143,66,219,249,36519,776,37544,"2025-09-23 18:09:12"
3473,2024-08-01,224,139,89225,1265,90629,66,1914,473,2453,137,10555,992,11684,16,164,151,331,358,101858,2881,105097,"2025-09-23 18:09:12"
3474,2024-08-01,225,66,95007,6134,101207,32,1851,404,2287,53,10884,1661,12598,4,208,228,440,155,107950,8427,116532,"2025-09-23 18:09:12"
3475,2024-08-01,226,242,160440,59984,220666,222,2085,1103,3410,141,10576,996,11713,15,215,182,412,620,173316,62265,236201,"2025-09-23 18:09:12"
3476,2024-08-01,227,232,100114,1737,102083,181,2181,275,2637,133,16633,1453,18219,18,293,349,660,564,119221,3814,123599,"2025-09-23 18:09:12"
3477,2024-08-01,228,94,87339,719,88152,37,1931,160,2128,89,7872,991,8952,13,273,267,553,233,97415,2137,99785,"2025-09-23 18:09:12"
3478,2024-08-01,229,102,43105,691,43898,83,1665,231,1979,121,8847,344,9312,15,159,73,247,321,53776,1339,55436,"2025-09-23 18:09:12"
3479,2024-08-01,230,60,16246,92,16398,67,537,42,646,105,7811,168,8084,10,79,84,173,242,24673,386,25301,"2025-09-23 18:09:12"
3480,2024-08-01,231,87,33270,36655,70012,54,1048,399,1501,83,10250,528,10861,6,251,228,485,230,44819,37810,82859,"2025-09-23 18:09:12"
3481,2024-08-01,232,60,13490,367,13917,54,485,86,625,120,6549,152,6821,12,71,29,112,246,20595,634,21475,"2025-09-23 18:09:12"
3482,2024-08-01,233,87,15736,131,15954,59,596,74,729,141,8182,403,8726,15,88,77,180,302,24602,685,25589,"2025-09-23 18:09:12"
3484,2024-08-01,235,250,77545,944,78739,137,2835,150,3122,343,26998,667,28008,42,250,144,436,772,107628,1905,110305,"2025-09-23 18:09:12"
3485,2024-08-01,236,627,252415,268143,521185,356,7104,6362,13822,688,58457,3596,62741,38,1310,594,1942,1709,319286,278695,599690,"2025-09-23 18:09:12"
3487,2024-08-01,238,158,94029,2514,96701,148,2521,520,3189,266,18178,1425,19869,37,407,443,887,609,115135,4902,120646,"2025-09-23 18:09:12"
3489,2024-08-01,240,111,39729,688,40528,77,1206,157,1440,129,6923,522,7574,13,176,222,411,330,48034,1589,49953,"2025-09-23 18:09:12"
3490,2024-08-01,241,123,26357,480,26960,100,810,120,1030,183,6766,184,7133,10,146,45,201,416,34079,829,35324,"2025-09-23 18:09:12"
3491,2024-08-01,242,113,34244,957,35314,88,1070,145,1303,113,5375,311,5799,7,146,94,247,321,40835,1507,42663,"2025-09-23 18:09:12"
3492,2024-08-01,243,52,8832,61,8945,53,315,30,398,109,3347,51,3507,10,54,15,79,224,12548,157,12929,"2025-09-23 18:09:12"
3493,2024-08-01,244,44,12510,164,12718,42,412,24,478,122,4173,71,4366,12,81,21,114,220,17176,280,17676,"2025-09-23 18:09:12"
3494,2024-08-01,245,131,15159,151,15441,80,627,59,766,127,6222,128,6477,13,123,53,189,351,22131,391,22873,"2025-09-23 18:09:12"
3495,2024-08-01,246,220,160748,2701,163669,166,4259,511,4936,236,26732,2264,29232,25,678,373,1076,647,192417,5849,198913,"2025-09-23 18:09:12"
3496,2024-08-01,247,58,14652,91,14801,52,447,63,562,123,4985,110,5218,9,82,30,121,242,20166,294,20702,"2025-09-23 18:09:12"
3497,2024-08-01,248,111,14216,235,14562,99,557,74,730,148,6153,152,6453,19,104,35,158,377,21030,496,21903,"2025-09-23 18:09:12"
3498,2024-08-01,249,55,17014,202,17271,71,669,53,793,137,7037,140,7314,14,87,21,122,277,24807,416,25500,"2025-09-23 18:09:12"
3499,2024-08-01,250,332,121177,2490,123999,292,3062,610,3964,267,18632,2765,21664,21,511,414,946,912,143382,6279,150573,"2025-09-23 18:09:12"
3500,2024-08-01,251,64,16215,379,16658,64,600,121,785,117,3347,133,3597,10,125,39,174,255,20287,672,21214,"2025-09-23 18:09:12"
3501,2024-08-01,252,105,17685,279,18069,86,771,94,951,123,8670,143,8936,21,98,58,177,335,27224,574,28133,"2025-09-23 18:09:12"
3502,2024-08-01,253,130,28177,256,28563,114,1211,272,1597,182,11826,452,12460,22,147,67,236,448,41361,1047,42856,"2025-09-23 18:09:12"
3503,2024-08-01,254,57,9890,59,10006,60,286,42,388,103,3310,51,3464,10,59,23,92,230,13545,175,13950,"2025-09-23 18:09:12"
3504,2024-08-01,255,87,19405,503,19995,66,813,81,960,125,8639,271,9035,14,127,49,190,292,28984,904,30180,"2025-09-23 18:09:12"
3506,2024-08-01,257,108,20178,165,20451,66,1266,97,1429,155,10678,271,11104,14,107,49,170,343,32229,582,33154,"2025-09-23 18:09:12"
3507,2024-08-01,258,212,115907,2061,118180,127,3009,518,3654,211,19387,3126,22724,18,480,702,1200,568,138783,6407,145758,"2025-09-23 18:09:12"
3508,2024-08-01,259,121,33927,571,34619,63,1467,132,1662,142,13647,1026,14815,8,262,154,424,334,49303,1883,51520,"2025-09-23 18:09:12"
3509,2024-08-01,260,141,29436,508,30085,103,1154,168,1425,178,12491,447,13116,18,170,68,256,440,43251,1191,44882,"2025-09-23 18:09:12"
3510,2024-08-01,261,71,8901,59,9031,41,467,62,570,100,4448,250,4798,7,46,39,92,219,13862,410,14491,"2025-09-23 18:09:12"
3511,2024-08-01,262,95,18960,181,19236,61,808,114,983,131,8668,269,9068,12,103,53,168,299,28539,617,29455,"2025-09-23 18:09:12"
3512,2024-08-01,263,70,10334,80,10484,61,392,29,482,98,5238,65,5401,9,50,18,77,238,16014,192,16444,"2025-09-23 18:09:12"
3513,2024-08-01,264,113,46414,235,46762,118,1613,424,2155,203,12386,2346,14935,27,254,209,490,461,60667,3214,64342,"2025-09-23 18:09:12"
3514,2024-08-01,265,188,113706,1863,115757,144,3894,491,4529,214,24471,3124,27809,16,424,430,870,562,142495,5908,148965,"2025-09-23 18:09:12"
3515,2024-08-01,266,83,9706,57,9846,59,422,70,551,119,4953,270,5342,8,61,26,95,269,15142,423,15834,"2025-09-23 18:09:12"
3516,2024-08-01,267,75,7909,33,8017,41,351,22,414,114,4448,79,4641,6,55,18,79,236,12763,152,13151,"2025-09-23 18:09:12"
3517,2024-08-01,268,143,152484,3267,155894,106,3387,969,4462,124,19404,2602,22130,14,539,406,959,387,175814,7244,183445,"2025-09-23 18:09:12"
3518,2024-08-01,269,339,136992,1978,139309,239,3081,518,3838,242,15996,1517,17755,28,339,250,617,848,156408,4263,161519,"2025-09-23 18:09:12"
3519,2024-08-01,270,109,40979,1922,43010,111,1577,196,1884,164,14991,883,16038,7,232,134,373,391,57779,3135,61305,"2025-09-23 18:09:12"
3520,2024-08-01,271,106,9595,58,9759,58,410,95,563,109,5051,105,5265,14,57,17,88,287,15113,275,15675,"2025-09-23 18:09:12"
3522,2024-09-01,1,162,218929,16437,235528,63,3909,561,4533,188,13625,2427,16240,20,369,159,548,433,236832,19584,256849,"2025-09-23 18:09:19"
3523,2024-09-01,2,110,132178,5162,137450,41,3232,662,3935,144,11866,2571,14581,7,220,213,440,302,147496,8608,156406,"2025-09-23 18:09:19"
3524,2024-09-01,3,109,60227,2087,62423,69,2077,714,2860,128,6801,1290,8219,14,157,111,282,320,69262,4202,73784,"2025-09-23 18:09:19"
3525,2024-09-01,4,119,68183,2098,70400,45,4139,1311,5495,167,16103,4272,20542,16,431,259,706,365,187808,15012,203185,"2025-09-23 18:09:19"
3526,2024-09-01,5,89,99155,3016,102260,45,2952,345,3342,138,9018,2235,11391,11,184,175,370,283,111309,5771,117363,"2025-09-23 18:09:19"
3527,2024-09-01,6,91,80388,3136,83615,45,2064,332,2441,172,8573,1577,10322,10,127,107,244,318,91152,5152,96622,"2025-09-23 18:09:19"
3528,2024-09-01,7,109,115569,9473,125151,62,3917,575,4554,129,13788,2630,16547,7,340,164,511,307,133614,12842,146763,"2025-09-23 18:09:19"
3529,2024-09-01,8,60,71817,3335,75212,33,2580,450,3063,74,10754,2301,13129,12,195,99,306,179,85346,6185,91710,"2025-09-23 18:09:19"
3530,2024-09-01,9,84,129603,5619,135306,54,3275,766,4095,176,9755,2148,12079,11,285,262,558,325,142918,8795,152038,"2025-09-23 18:09:19"
3531,2024-09-01,10,92,76305,4620,81017,48,2240,578,2866,128,7930,2041,10099,12,192,156,360,280,86667,7395,94342,"2025-09-23 18:09:19"
3532,2024-09-01,11,106,84719,2945,87770,58,2521,132,2711,130,9722,2195,12047,11,204,98,313,305,97166,5370,102841,"2025-09-23 18:09:19"
3533,2024-09-01,12,117,94781,1117,96015,45,2176,129,2350,135,6437,1176,7748,16,132,177,325,313,103526,2599,106438,"2025-09-23 18:09:19"
3534,2024-09-01,13,96,101909,4242,106247,56,2468,647,3171,175,9254,2175,11604,21,252,533,806,348,113883,7597,121828,"2025-09-23 18:09:19"
3535,2024-09-01,14,210,77678,3441,81329,106,1968,402,2476,133,5836,1798,7767,7,148,106,261,456,85630,5747,91833,"2025-09-23 18:09:19"
3536,2024-09-01,15,177,153500,3817,157494,131,2930,648,3709,184,10629,4730,15543,16,274,220,510,508,167333,9415,177256,"2025-09-23 18:09:19"
3537,2024-09-01,16,132,82049,9179,91360,46,1766,977,2789,178,8137,1871,10186,18,192,105,315,374,92144,12132,104650,"2025-09-23 18:09:19"
3538,2024-09-01,17,95,105355,2001,107451,50,2753,1104,3907,140,8466,1702,10308,8,194,102,304,293,116768,4909,121970,"2025-09-23 18:09:19"
3539,2024-09-01,18,130,207076,7567,214773,106,3950,1622,5678,160,17470,4774,22404,17,393,389,799,413,228889,14352,243654,"2025-09-23 18:09:19"
3540,2024-09-01,19,130,127384,4417,131931,61,3024,733,3818,146,11011,2924,14081,7,269,430,706,344,141688,8504,150536,"2025-09-23 18:09:19"
3541,2024-09-01,20,127,118575,2906,121608,62,3598,182,3842,170,13094,4460,17724,15,478,635,1128,374,135745,8183,144302,"2025-09-23 18:09:19"
3542,2024-09-01,21,262,63707,1275,65244,118,1753,76,1947,155,4967,978,6100,11,146,29,186,546,70573,2358,73477,"2025-09-23 18:09:19"
3543,2024-09-01,22,101,114103,4030,118234,47,2916,743,3706,141,9806,2058,12005,15,189,188,392,304,127014,7019,134337,"2025-09-23 18:09:19"
3544,2024-09-01,23,1640,39412,240,41292,1516,1425,249,3190,340,3626,1564,5530,108,87,97,292,3604,44550,2150,50304,"2025-09-23 18:09:19"
3545,2024-09-01,63,140,91341,1139,92620,858,1745,232,2835,176,5191,1191,6558,18,273,102,393,1350,48502,3087,52939,"2025-09-23 18:09:19"
3546,2024-09-01,25,78,91897,5957,97932,33,2948,580,3561,125,11534,2785,14444,14,223,326,563,250,106602,9648,116500,"2025-09-23 18:09:19"
3547,2024-09-01,146,1973,756346,12937,771256,3798,68326,14750,86874,3932,243393,59873,307198,422,5954,5242,11618,12894,2972417,196616,3181927,"2025-09-23 18:09:19"
3549,2024-09-01,28,99,65084,2446,67629,62,1995,874,2931,103,9468,3097,12668,14,188,654,856,278,76735,7071,84084,"2025-09-23 18:09:19"
3550,2024-09-01,29,81,74619,834,75534,49,2014,549,2612,119,10763,1228,12110,13,244,206,463,262,87640,2817,90719,"2025-09-23 18:09:19"
3551,2024-09-01,77,294,138821,2891,142006,58,2061,497,2616,58,8777,4354,13189,4,315,1452,1771,228,92578,9375,102181,"2025-09-23 18:09:19"
3552,2024-09-01,57,67,58372,794,59233,47,845,173,1065,60,3578,2389,6027,6,105,1062,1173,195,49435,5328,54958,"2025-09-23 18:09:19"
3553,2024-09-01,32,71,85538,1642,87251,27,1860,377,2264,65,9866,1568,11499,1,206,281,488,164,97470,3868,101502,"2025-09-23 18:09:19"
3554,2024-09-01,33,128,117652,23395,141175,61,2682,516,3259,169,12991,2366,15526,10,204,540,754,368,133529,26817,160714,"2025-09-23 18:09:19"
3555,2024-09-01,79,87,109911,1518,111516,56,2112,307,2475,106,11834,1615,13555,9,200,235,444,287,101634,3710,105631,"2025-09-23 18:09:19"
3556,2024-09-01,35,95,66680,2432,69207,59,2068,245,2372,99,14194,2276,16569,9,222,323,554,262,83164,5276,88702,"2025-09-23 18:09:19"
3557,2024-09-01,36,107,92221,3500,95828,51,2622,338,3011,103,12834,2027,14964,9,211,281,501,270,107888,6146,114304,"2025-09-23 18:09:19"
3558,2024-09-01,60,324,185646,20273,206243,32,879,21,932,41,3626,888,4555,0,61,87,148,135,30691,1403,32229,"2025-09-23 18:09:19"
3559,2024-09-01,38,51,56593,64113,120757,24,1396,820,2240,80,5440,1358,6878,11,149,364,524,166,63578,66655,130399,"2025-09-23 18:09:19"
3560,2024-09-01,39,328,108018,23032,131378,508,1645,678,2831,185,8496,2297,10978,26,190,715,931,1047,118349,26722,146118,"2025-09-23 18:09:19"
3561,2024-09-01,40,83,26548,1315,27946,48,968,295,1311,86,4096,369,4551,9,48,53,110,226,31660,2032,33918,"2025-09-23 18:09:19"
3563,2024-09-01,42,137,147420,2233,149790,57,2921,231,3209,124,12841,2189,15154,9,320,475,804,327,163502,5128,168957,"2025-09-23 18:09:19"
3565,2024-09-01,44,0,19,2,21,36,371,21,428,46,5289,139,5474,2,63,20,85,131,15675,249,16055,"2025-09-23 18:09:19"
3567,2024-09-01,46,208,239498,12858,252564,113,4669,732,5514,179,29109,5573,34861,14,603,570,1187,514,273879,19733,294126,"2025-09-23 18:09:19"
3568,2024-09-01,47,123,117831,1500,119454,120,2860,515,3495,292,19604,2888,22784,62,408,293,763,597,140703,5196,146496,"2025-09-23 18:09:19"
3572,2024-09-01,51,189,196527,3172,199888,192,2943,606,3741,210,15837,1350,17397,13,463,163,639,604,215770,5291,221665,"2025-09-23 18:09:19"
3575,2024-09-01,54,137,27324,7379,34840,54,1129,308,1491,161,10405,780,11346,9,185,83,277,361,39043,8550,47954,"2025-09-23 18:09:19"
3576,2024-09-01,55,108,95394,143418,238920,62,3069,2090,5221,113,25938,2759,28810,16,547,334,897,299,124948,148601,273848,"2025-09-23 18:09:19"
3577,2024-09-01,56,354,224350,20306,245010,411,4925,877,6213,174,29129,3626,32929,23,586,499,1108,962,258990,25308,285260,"2025-09-23 18:09:19"
3579,2024-09-01,58,187,143892,8510,152589,103,4015,81,4199,136,16877,4892,21905,18,427,830,1275,444,165211,14313,179968,"2025-09-23 18:09:19"
3580,2024-09-01,59,146,203927,33599,237672,80,4423,1020,5523,104,20718,3207,24029,11,477,311,799,341,229545,38137,268023,"2025-09-23 18:09:19"
3582,2024-09-01,61,171,208473,5432,214076,93,3093,720,3906,141,12229,3475,15845,14,404,509,927,419,224199,10136,234754,"2025-09-23 18:09:19"
3583,2024-09-01,62,71,8790,144,9005,56,506,69,631,124,3974,64,4162,3,48,13,64,254,13318,290,13862,"2025-09-23 18:09:19"
3586,2024-09-01,65,216,174270,3821,178307,159,4193,368,4720,187,26619,8190,34996,28,726,919,1673,590,205808,13298,219696,"2025-09-23 18:09:19"
3592,2024-09-01,71,84,72434,1945,74463,46,2039,545,2630,110,13663,3889,17662,9,348,448,805,249,88484,6827,95560,"2025-09-23 18:09:19"
3595,2024-09-01,74,124,176685,2758,179567,93,3103,362,3558,455,15458,2446,18359,25,628,298,951,697,195874,5864,202435,"2025-09-23 18:09:19"
3601,2024-09-01,80,170,108871,1120,110161,98,2540,663,3301,173,20666,4206,25045,14,420,1016,1450,455,132497,7005,139957,"2025-09-23 18:09:19"
3604,2024-09-01,83,361,177396,1177,178934,251,3232,640,4123,269,15128,1989,17386,80,645,171,896,961,196401,3977,201339,"2025-09-23 18:09:19"
3606,2024-09-01,85,152,25623,238,26013,82,1123,139,1344,160,6659,203,7022,23,128,44,195,417,33533,624,34574,"2025-09-23 18:09:19"
3607,2024-09-01,86,313,174207,1861,176381,155,4027,384,4566,196,19201,2690,22087,22,445,289,756,686,197880,5224,203790,"2025-09-23 18:09:19"
3608,2024-09-01,87,108,115247,3418,118773,80,2416,622,3118,82,13138,2166,15386,10,364,160,534,280,131165,6366,137811,"2025-09-23 18:09:19"
3609,2024-09-01,88,70,105523,2476,108069,21,2064,598,2683,36,9316,1536,10888,1,228,140,369,128,117131,4750,122009,"2025-09-23 18:09:19"
3610,2024-09-01,89,478,30727,307,31512,100,524,35,659,128,1944,458,2530,15,80,10,105,721,33275,810,34806,"2025-09-23 18:09:19"
3611,2024-09-01,90,125,88125,1754,90004,71,2258,426,2755,107,10163,2365,12635,11,221,203,435,314,100767,4748,105829,"2025-09-23 18:09:19"
3612,2024-09-01,91,187,172112,864,173163,97,4711,2333,7141,129,30646,5508,36283,16,683,359,1058,429,208152,9064,217645,"2025-09-23 18:09:19"
3613,2024-09-01,92,92,61581,1111,62784,74,1505,282,1861,98,8336,1401,9835,13,191,154,358,277,71613,2948,74838,"2025-09-23 18:09:19"
3614,2024-09-01,93,131,87725,837,88693,75,2091,167,2333,92,8991,3894,12977,10,180,256,446,308,98987,5154,104449,"2025-09-23 18:09:19"
3615,2024-09-01,94,255,202585,2637,205477,116,4948,1635,6699,200,30926,4486,35612,9,697,695,1401,580,239156,9453,249189,"2025-09-23 18:09:19"
3616,2024-09-01,95,365,269831,2222,272418,202,7092,1018,8312,222,42996,6436,49654,27,1095,501,1623,816,321014,10177,332007,"2025-09-23 18:09:19"
3617,2024-09-01,96,97,31720,661,32478,45,1187,73,1305,83,5309,689,6081,11,100,51,162,236,38316,1474,40026,"2025-09-23 18:09:19"
3618,2024-09-01,97,6,98,3,107,0,38,10,48,0,127,8,135,0,0,1,1,6,263,22,291,"2025-09-23 18:09:19"
3619,2024-09-01,98,47,73362,1763,75172,19,2118,115,2252,32,8308,1248,9588,1,169,174,344,99,83957,3300,87356,"2025-09-23 18:09:19"
3620,2024-09-01,99,37,51325,916,52278,30,1897,445,2372,32,9828,1729,11589,4,179,176,359,103,63229,3266,66598,"2025-09-23 18:09:19"
3621,2024-09-01,100,194,128817,2870,131881,148,3462,601,4211,156,15738,3310,19204,24,331,201,556,522,148348,6982,155852,"2025-09-23 18:09:19"
3622,2024-09-01,101,201,178788,4369,183358,60,2360,1388,3808,104,7653,1923,9680,10,361,203,574,375,189162,7883,197420,"2025-09-23 18:09:19"
3623,2024-09-01,102,169,71994,1592,73755,61,2051,223,2335,78,7581,1574,9233,3,193,157,353,311,81819,3546,85676,"2025-09-23 18:09:19"
3624,2024-09-01,103,217,63382,2047,65646,58,2082,268,2408,101,8782,1596,10479,17,182,142,341,393,74428,4053,78874,"2025-09-23 18:09:19"
3625,2024-09-01,104,135,179703,4872,184710,175,4607,1499,6281,159,20177,3179,23515,22,564,564,1150,491,205051,10114,215656,"2025-09-23 18:09:19"
3626,2024-09-01,105,277,143237,1977,145491,106,2076,136,2318,68,6699,1494,8261,3,260,136,399,454,152272,3743,156469,"2025-09-23 18:09:19"
3627,2024-09-01,106,247,98818,1009,100074,140,2714,515,3369,104,8299,2169,10572,14,229,122,365,505,110060,3815,114380,"2025-09-23 18:09:19"
3628,2024-09-01,107,124,72870,1335,74329,59,2415,65,2539,91,6476,1955,8522,17,172,95,284,291,81933,3450,85674,"2025-09-23 18:09:19"
3629,2024-09-01,108,178,226580,1844,228602,110,6389,465,6964,156,37390,6412,43958,23,725,510,1258,467,271084,9231,280782,"2025-09-23 18:09:19"
3630,2024-09-01,109,211,137190,2656,140057,152,4949,1113,6214,225,22912,4007,27144,12,412,329,753,600,165463,8105,174168,"2025-09-23 18:09:19"
3631,2024-09-01,110,86,122315,2102,124503,42,3943,641,4626,33,18294,2627,20954,3,437,367,807,164,144989,5737,150890,"2025-09-23 18:09:19"
3632,2024-09-01,111,166,94160,702,95028,96,3054,526,3676,134,19428,3365,22927,15,1000,297,1312,411,117642,4890,122943,"2025-09-23 18:09:19"
3633,2024-09-01,112,152,116911,2220,119283,116,2106,598,2820,121,10000,3857,13978,11,334,171,516,400,129351,6846,136597,"2025-09-23 18:09:19"
3634,2024-09-01,113,93,73620,1340,75053,27,2151,912,3090,38,9061,1596,10695,0,194,126,320,158,85026,3974,89158,"2025-09-23 18:09:19"
3635,2024-09-01,114,189,116528,700,117417,91,3748,461,4300,171,19984,2954,23109,13,502,246,761,464,140762,4361,145587,"2025-09-23 18:09:19"
3636,2024-09-01,115,240,53757,425,54422,99,1712,534,2345,255,12205,896,13356,13,293,83,389,607,67967,1938,70512,"2025-09-23 18:09:19"
3637,2024-09-01,116,194,53539,341,54074,86,1997,646,2729,199,14281,6504,20984,9,322,356,687,488,70139,7847,78474,"2025-09-23 18:09:19"
3638,2024-09-01,117,90,17499,75,17664,69,715,235,1019,156,6339,4100,10595,7,141,489,637,322,24694,4899,29915,"2025-09-23 18:09:19"
3639,2024-09-01,118,92,106622,1170,107884,61,2765,547,3373,63,10531,2542,13136,10,318,185,513,226,120236,4444,124906,"2025-09-23 18:09:19"
3640,2024-09-01,119,53,185190,3324,188567,40,3372,719,4131,50,11535,3658,15243,13,511,300,824,156,200608,8001,208765,"2025-09-23 18:09:19"
3641,2024-09-01,120,26,144328,712,145066,14,1826,129,1969,22,5003,1407,6432,0,236,41,277,62,151393,2289,153744,"2025-09-23 18:09:19"
3642,2024-09-01,121,389,121967,1574,123930,176,3867,1468,5511,236,21567,4864,26667,19,681,364,1064,820,148082,8270,157172,"2025-09-23 18:09:19"
3643,2024-09-01,122,116,58930,407,59453,95,1234,191,1520,88,5734,2060,7882,9,146,325,480,308,66044,2983,69335,"2025-09-23 18:09:19"
3644,2024-09-01,123,286,151557,2053,153896,268,4471,442,5181,197,18062,2987,21246,28,557,267,852,779,174647,5749,181175,"2025-09-23 18:09:19"
3645,2024-09-01,124,214,102072,967,103253,87,3285,788,4160,129,19017,4349,23495,16,468,552,1036,446,124842,6656,131944,"2025-09-23 18:09:19"
3646,2024-09-01,125,274,213026,2402,215702,101,5440,2687,8228,171,31131,6310,37612,20,690,295,1005,566,250287,11694,262547,"2025-09-23 18:09:19"
3647,2024-09-01,126,368,289206,3759,293333,162,7686,2220,10068,255,35897,7458,43610,24,992,1030,2046,809,333781,14467,349057,"2025-09-23 18:09:19"
3648,2024-09-01,127,189,66242,4007,70438,76,2710,774,3560,155,20840,2458,23453,14,367,378,759,434,90159,7617,98210,"2025-09-23 18:09:19"
3649,2024-09-01,128,209,123019,949,124177,90,2500,353,2943,148,15536,2319,18003,12,334,154,500,459,141389,3775,145623,"2025-09-23 18:09:19"
3650,2024-09-01,129,403,452662,2809,455874,228,10124,2747,13099,292,64385,8209,72886,75,1664,691,2430,998,528835,14456,544289,"2025-09-23 18:09:19"
3652,2024-09-01,131,75,15385,122,15582,56,746,54,856,78,7976,258,8312,11,92,27,130,220,24199,461,24880,"2025-09-23 18:09:19"
3653,2024-09-01,132,73,11130,144,11347,50,449,95,594,118,4884,384,5386,4,90,226,320,245,16553,849,17647,"2025-09-23 18:09:19"
3654,2024-09-01,133,70,12086,115,12271,56,607,88,751,107,6393,582,7082,17,78,56,151,250,19164,841,20255,"2025-09-23 18:09:19"
3655,2024-09-01,134,92,17466,115,17673,61,677,91,829,116,8198,183,8497,13,92,42,147,282,26433,431,27146,"2025-09-23 18:09:19"
3656,2024-09-01,135,71,20081,181,20333,59,804,84,947,82,8133,684,8899,11,154,89,254,223,29172,1038,30433,"2025-09-23 18:09:19"
3657,2024-09-01,136,77,47219,295,47591,71,2063,210,2344,113,13763,1436,15312,14,232,142,388,275,63277,2083,65635,"2025-09-23 18:09:19"
3658,2024-09-01,137,104,54752,703,55559,82,1675,185,1942,155,13633,1699,15487,11,346,885,1242,352,70406,3472,74230,"2025-09-23 18:09:19"
3659,2024-09-01,138,34,17243,160,17437,26,530,35,591,31,3219,589,3839,7,67,48,122,98,21059,832,21989,"2025-09-23 18:09:19"
3660,2024-09-01,139,75,45397,293,45765,63,1471,83,1617,87,9288,1100,10475,6,224,84,314,231,56380,1560,58171,"2025-09-23 18:09:19"
3661,2024-09-01,140,1,8,0,9,0,3,0,3,0,8,0,8,0,0,0,0,1,19,0,20,"2025-09-23 18:09:19"
3662,2024-09-01,141,207,87878,1079,89164,114,2126,366,2606,178,12077,1132,13387,16,343,263,622,515,102424,2840,105779,"2025-09-23 18:09:19"
3663,2024-09-01,142,55,83406,1701,85162,126,2002,848,2976,66,10846,1815,12727,4,312,216,532,251,96566,4580,101397,"2025-09-23 18:09:19"
3664,2024-09-01,143,174,91468,2436,94078,123,2435,555,3113,131,14644,2084,16859,9,407,200,616,437,108954,5275,114666,"2025-09-23 18:09:19"
3665,2024-09-01,144,133,130083,4338,134554,95,2976,693,3764,131,15823,2422,18376,13,559,355,927,372,149441,7808,157621,"2025-09-23 18:09:19"
3666,2024-09-01,145,199,94654,5146,99999,154,2836,414,3404,255,19989,1804,22048,29,434,281,744,637,117913,7645,126195,"2025-09-23 18:09:19"
3668,2024-09-01,147,78,23463,62,23603,38,573,98,709,55,2285,430,2770,9,90,34,133,180,26411,624,27215,"2025-09-23 18:09:19"
3669,2024-09-01,148,221,42330,1183,43734,122,1546,368,2036,226,12882,678,13786,24,205,132,361,593,56963,2361,59917,"2025-09-23 18:09:19"
3670,2024-09-01,149,71,20606,1799,22476,45,998,221,1264,96,8625,593,9314,8,111,72,191,220,30340,2685,33245,"2025-09-23 18:09:19"
3671,2024-09-01,150,150,45693,824,46667,90,2021,353,2464,143,15229,1079,16451,28,204,88,320,411,63147,2344,65902,"2025-09-23 18:09:19"
3672,2024-09-01,151,155,85658,789,86602,79,2415,354,2848,187,19115,2319,21621,16,475,799,1290,437,107663,4261,112361,"2025-09-23 18:09:19"
3673,2024-09-01,152,132,40358,535,41025,73,1392,174,1639,180,12855,543,13578,33,189,155,377,418,54794,1407,56619,"2025-09-23 18:09:19"
3674,2024-09-01,153,99,23106,194,23399,69,1085,324,1478,150,11271,387,11808,14,91,53,158,332,35553,958,36843,"2025-09-23 18:09:19"
3675,2024-09-01,154,178,81943,920,83041,89,2431,482,3002,162,18976,1863,21001,24,407,435,866,453,103757,3700,107910,"2025-09-23 18:09:19"
3676,2024-09-01,155,78,19650,148,19876,40,714,112,866,107,7711,435,8253,17,88,84,189,242,28163,779,29184,"2025-09-23 18:09:19"
3677,2024-09-01,156,192,173534,2323,176049,147,4688,485,5320,186,24482,3737,28405,48,709,380,1137,573,203413,6925,210911,"2025-09-23 18:09:19"
3678,2024-09-01,157,150,34614,275,35039,125,1371,317,1813,185,11489,745,12419,14,192,123,329,474,47666,1460,49600,"2025-09-23 18:09:19"
3679,2024-09-01,158,114,118736,1801,120651,67,3753,680,4500,128,19577,2827,22532,11,534,395,940,320,142600,5703,148623,"2025-09-23 18:09:19"
3680,2024-09-01,159,169,182240,1743,184152,164,4349,887,5400,212,20955,2502,23669,24,589,291,904,569,208133,5423,214125,"2025-09-23 18:09:19"
3681,2024-09-01,160,77,11390,66,11533,55,458,61,574,118,6023,507,6648,16,70,69,155,266,17941,703,18910,"2025-09-23 18:09:19"
3682,2024-09-01,161,88,24644,192,24924,48,988,112,1148,194,10829,255,11278,19,140,51,210,349,36601,610,37560,"2025-09-23 18:09:19"
3683,2024-09-01,162,162,43096,314,43572,93,1390,201,1684,143,12243,769,13155,20,227,125,372,418,56956,1409,58783,"2025-09-23 18:09:19"
3685,2024-09-01,164,83,12316,161,12560,63,493,76,632,100,6587,729,7416,11,81,40,132,257,19477,1006,20740,"2025-09-23 18:09:19"
3686,2024-09-01,165,109,20849,158,21116,73,1019,93,1185,140,12705,260,13105,10,115,41,166,332,34688,552,35572,"2025-09-23 18:09:19"
3687,2024-09-01,166,67,10628,99,10794,44,414,59,517,71,5036,392,5499,6,54,63,123,188,16132,613,16933,"2025-09-23 18:09:19"
3688,2024-09-01,167,94,77637,799,78530,69,2141,277,2487,88,14672,3455,18215,14,539,1665,2218,265,94989,6196,101450,"2025-09-23 18:09:19"
3689,2024-09-01,168,59,9217,399,9675,39,390,52,481,77,3936,203,4216,4,68,23,95,179,13611,677,14467,"2025-09-23 18:09:19"
3690,2024-09-01,169,138,52769,788,53695,123,1870,370,2363,217,15615,1707,17539,20,363,278,661,498,70617,3143,74258,"2025-09-23 18:09:19"
3691,2024-09-01,170,79,20237,401,20717,48,766,268,1082,77,7942,1082,9101,11,123,148,282,215,29068,1899,31182,"2025-09-23 18:09:19"
3692,2024-09-01,171,117,82899,2266,85282,117,2607,403,3127,152,12989,2322,15463,10,334,348,692,396,98829,5339,104564,"2025-09-23 18:09:19"
3693,2024-09-01,172,252,40455,152,40859,209,1473,70,1752,158,11848,861,12867,14,192,124,330,633,53968,1207,55808,"2025-09-23 18:09:19"
3694,2024-09-01,173,76,13941,156,14173,52,712,69,833,102,7892,354,8348,14,88,50,152,244,22633,629,23506,"2025-09-23 18:09:19"
3695,2024-09-01,174,173,123748,1860,125781,133,2919,602,3654,188,22641,2106,24935,19,448,931,1398,513,149756,5499,155768,"2025-09-23 18:09:19"
3696,2024-09-01,175,119,14054,101721,115894,68,645,2372,3085,206,9438,384,10028,5,136,36,177,398,24273,104513,129184,"2025-09-23 18:09:19"
3697,2024-09-01,176,196,113477,2462,116135,152,3145,723,4020,203,21770,3549,25522,17,418,840,1275,568,138810,7574,146952,"2025-09-23 18:09:19"
3698,2024-09-01,177,79,21226,211,21516,46,788,92,926,112,8190,504,8806,7,112,53,172,244,30316,860,31420,"2025-09-23 18:09:19"
3699,2024-09-01,178,88,24446,99,24633,65,1184,79,1328,119,11300,781,12200,8,210,139,357,280,37140,1098,38518,"2025-09-23 18:09:19"
3700,2024-09-01,179,127,16172,167,16466,57,693,104,854,105,9672,207,9984,11,95,31,137,300,26632,509,27441,"2025-09-23 18:09:19"
3701,2024-09-01,180,80,19223,181,19484,45,731,84,860,90,8212,889,9191,3,122,90,215,218,28288,1244,29750,"2025-09-23 18:09:19"
3702,2024-09-01,181,88,13289,96,13473,74,553,47,674,106,7076,287,7469,7,62,32,101,275,20980,462,21717,"2025-09-23 18:09:19"
3703,2024-09-01,182,80,11170,89,11339,50,519,61,630,96,6311,142,6549,8,60,25,93,234,18060,317,18611,"2025-09-23 18:09:19"
3704,2024-09-01,183,70,12243,5776,18089,50,511,115,676,89,6535,201,6825,11,87,25,123,220,19376,6117,25713,"2025-09-23 18:09:19"
3705,2024-09-01,184,114,24363,85725,110202,79,1609,1018,2706,142,15539,232,15913,10,121,44,175,345,41632,87019,128996,"2025-09-23 18:09:19"
3706,2024-09-01,185,96,25724,474,26294,51,915,909,1875,99,8030,501,8630,10,156,145,311,256,34825,2029,37110,"2025-09-23 18:09:19"
3708,2024-09-01,187,140,119821,926,120887,99,2975,402,3476,130,22087,2726,24943,13,419,385,817,382,145302,4439,150123,"2025-09-23 18:09:19"
3709,2024-09-01,188,215,119154,1717,121086,151,3713,532,4396,224,25951,1980,28155,16,551,382,949,606,149369,4611,154586,"2025-09-23 18:09:19"
3710,2024-09-01,189,61,14476,38,14575,34,654,55,743,72,6481,680,7233,17,86,54,157,184,21697,827,22708,"2025-09-23 18:09:19"
3711,2024-09-01,190,191,192704,2547,195442,114,4912,767,5793,227,25903,3622,29752,20,650,466,1136,552,224169,7402,232123,"2025-09-23 18:09:19"
3713,2024-09-01,192,142,58525,626,59293,87,2003,269,2359,163,17892,1073,19128,18,245,185,448,410,78665,2153,81228,"2025-09-23 18:09:19"
3714,2024-09-01,193,97,27204,388,27689,56,1176,118,1350,133,10360,284,10777,12,148,98,258,298,38888,888,40074,"2025-09-23 18:09:19"
3715,2024-09-01,194,99,11153,48,11300,53,421,41,515,85,7019,91,7195,16,54,14,84,253,18647,194,19094,"2025-09-23 18:09:19"
3716,2024-09-01,195,119,37134,407,37660,90,1601,258,1949,198,17316,1040,18554,17,202,168,387,424,56253,1873,58550,"2025-09-23 18:09:19"
3717,2024-09-01,196,75,20219,130,20424,46,791,46,883,87,11368,983,12438,15,135,149,299,223,32513,1308,34044,"2025-09-23 18:09:19"
3718,2024-09-01,197,277,64584,906,65767,252,2106,315,2673,258,19322,1202,20782,49,340,228,617,836,86352,2651,89839,"2025-09-23 18:09:19"
3719,2024-09-01,198,74,12876,106,13056,50,593,55,698,125,6001,116,6242,16,77,27,120,265,19547,304,20116,"2025-09-23 18:09:19"
3720,2024-09-01,199,57,6052,36,6145,32,284,27,343,61,3914,49,4024,2,35,7,44,152,10285,119,10556,"2025-09-23 18:09:19"
3721,2024-09-01,200,139,41307,480,41926,79,1581,142,1802,152,14699,739,15590,27,224,159,410,397,57811,1520,59728,"2025-09-23 18:09:19"
3722,2024-09-01,201,130,45303,399,45832,86,1704,242,2032,130,16364,1479,17973,17,237,355,609,363,63608,2475,66446,"2025-09-23 18:09:19"
3723,2024-09-01,202,103,23135,166,23404,62,705,79,846,110,8688,201,8999,20,108,44,172,295,32636,490,33421,"2025-09-23 18:09:19"
3724,2024-09-01,203,61,4405,342,4808,21,263,197,481,62,1432,31,1525,8,27,2,37,152,6127,572,6851,"2025-09-23 18:09:19"
3725,2024-09-01,204,134,20430,110,20674,59,619,84,762,123,6620,126,6869,19,117,38,174,335,27786,358,28479,"2025-09-23 18:09:19"
3726,2024-09-01,205,79,19613,88,19780,80,820,82,982,126,12250,844,13220,10,115,100,225,295,32798,1114,34207,"2025-09-23 18:09:19"
3727,2024-09-01,206,78,17866,160,18104,44,619,51,714,92,7822,599,8513,14,98,173,285,228,26405,983,27616,"2025-09-23 18:09:19"
3728,2024-09-01,207,55,9933,39,10027,69,456,42,567,84,6002,114,6200,10,73,13,96,218,16464,208,16890,"2025-09-23 18:09:19"
3729,2024-09-01,208,128,56151,269,56548,65,1812,348,2225,112,12932,1559,14603,14,261,316,591,319,71156,2492,73967,"2025-09-23 18:09:19"
3730,2024-09-01,209,140,104933,1358,106431,87,2890,769,3746,212,18042,4246,22500,13,463,1730,2206,452,126328,8103,134883,"2025-09-23 18:09:19"
3731,2024-09-01,210,162,128131,2223,130516,95,2880,321,3296,103,18076,1074,19253,26,446,298,770,386,149533,3916,153835,"2025-09-23 18:09:19"
3733,2024-09-01,212,126,95906,1022,97054,87,2833,471,3391,147,12006,498,12651,14,316,162,492,374,111061,2153,113588,"2025-09-23 18:09:19"
3734,2024-09-01,213,105,24607,190,24902,73,854,173,1100,104,9354,256,9714,13,80,177,270,295,34895,796,35986,"2025-09-23 18:09:19"
3735,2024-09-01,214,55,11874,76,12005,62,721,91,874,99,7368,211,7678,10,119,66,195,237,28018,564,28819,"2025-09-23 18:09:19"
3736,2024-09-01,215,269,244880,2310,247459,156,6087,538,6781,236,41030,4617,45883,36,834,578,1448,697,292831,8043,301571,"2025-09-23 18:09:19"
3737,2024-09-01,216,106,14152,145,14403,54,529,111,694,134,6204,155,6493,9,62,30,101,303,20947,441,21691,"2025-09-23 18:09:19"
3738,2024-09-01,217,107,43695,477,44279,92,1379,194,1665,106,13696,2589,16391,15,198,630,843,320,58968,3890,63178,"2025-09-23 18:09:19"
3739,2024-09-01,218,101,48206,680,48987,79,1434,220,1733,135,10500,546,11181,18,186,116,320,333,60326,1562,62221,"2025-09-23 18:09:19"
3740,2024-09-01,219,92,13744,64,13900,62,493,56,611,97,7207,482,7786,8,144,150,302,259,21588,752,22599,"2025-09-23 18:09:19"
3741,2024-09-01,220,169,153624,1119,154912,97,4109,791,4997,147,22374,7204,29725,22,661,1552,2235,435,180768,10666,191869,"2025-09-23 18:09:19"
3742,2024-09-01,221,65,10472,55,10592,52,377,44,473,90,4591,554,5235,13,60,102,175,220,15500,755,16475,"2025-09-23 18:09:19"
3743,2024-09-01,222,213,144104,2841,147158,175,3242,1039,4456,238,26777,2362,29377,34,497,432,963,660,174620,6674,181954,"2025-09-23 18:09:19"
3744,2024-09-01,223,70,25066,183,25319,73,1029,111,1213,97,10320,414,10831,10,144,65,219,250,36559,773,37582,"2025-09-23 18:09:19"
3745,2024-09-01,224,141,89958,1273,91372,64,1905,465,2434,138,10543,988,11669,16,163,151,330,359,102569,2877,105805,"2025-09-23 18:09:19"
3746,2024-09-01,225,66,95250,6172,101488,32,1842,403,2277,54,10869,1654,12577,4,208,228,440,156,108169,8457,116782,"2025-09-23 18:09:19"
3747,2024-09-01,226,242,160864,60681,221787,219,2069,1080,3368,142,10544,999,11685,15,225,183,423,618,173702,62943,237263,"2025-09-23 18:09:19"
3748,2024-09-01,227,233,99932,1816,101981,171,2178,275,2624,133,16603,1456,18192,18,296,350,664,555,119009,3897,123461,"2025-09-23 18:09:19"
3749,2024-09-01,228,97,87426,720,88243,36,1925,159,2120,89,7863,1001,8953,13,271,270,554,235,97485,2150,99870,"2025-09-23 18:09:19"
3750,2024-09-01,229,101,43156,690,43947,82,1667,245,1994,121,8836,345,9302,14,163,74,251,318,53822,1354,55494,"2025-09-23 18:09:19"
3751,2024-09-01,230,60,16238,92,16390,66,537,43,646,105,7802,169,8076,10,79,83,172,241,24656,387,25284,"2025-09-23 18:09:19"
3752,2024-09-01,231,89,33203,37064,70356,54,1052,404,1510,83,10260,532,10875,7,252,228,487,233,44767,38228,83228,"2025-09-23 18:09:19"
3753,2024-09-01,232,64,13516,367,13947,55,487,84,626,123,6549,152,6824,13,70,28,111,255,20622,631,21508,"2025-09-23 18:09:19"
3754,2024-09-01,233,88,15710,132,15930,55,595,74,724,138,8175,403,8716,15,89,77,181,296,24569,686,25551,"2025-09-23 18:09:19"
3756,2024-09-01,235,249,77541,949,78739,137,2827,152,3116,346,26965,673,27984,42,250,144,436,774,107583,1918,110275,"2025-09-23 18:09:19"
3757,2024-09-01,236,622,253092,268421,522135,359,7075,6337,13771,687,58562,3613,62862,39,1334,598,1971,1707,320063,278969,600739,"2025-09-23 18:09:19"
3759,2024-09-01,238,162,94189,2495,96846,149,2513,506,3168,264,18165,1432,19861,37,406,438,881,612,115273,4871,120756,"2025-09-23 18:09:19"
3761,2024-09-01,240,112,39795,686,40593,77,1203,155,1435,127,6917,522,7566,11,173,222,406,327,48088,1585,50000,"2025-09-23 18:09:19"
3762,2024-09-01,241,123,26366,478,26967,100,802,120,1022,183,6760,184,7127,10,150,46,206,416,34078,828,35322,"2025-09-23 18:09:19"
3763,2024-09-01,242,113,34244,950,35307,88,1065,145,1298,114,5372,314,5800,7,146,93,246,322,40827,1502,42651,"2025-09-23 18:09:19"
3764,2024-09-01,243,53,8839,61,8953,53,313,30,396,111,3344,52,3507,10,53,15,78,227,12549,158,12934,"2025-09-23 18:09:19"
3765,2024-09-01,244,44,12532,164,12740,42,412,24,478,122,4160,71,4353,12,80,21,113,220,17184,280,17684,"2025-09-23 18:09:19"
3766,2024-09-01,245,132,15124,151,15407,81,624,59,764,127,6232,132,6491,13,125,54,192,353,22105,396,22854,"2025-09-23 18:09:19"
3767,2024-09-01,246,218,161028,2703,163949,167,4238,507,4912,234,26672,2277,29183,25,678,372,1075,644,192616,5859,199119,"2025-09-23 18:09:19"
3768,2024-09-01,247,59,14658,91,14808,52,446,62,560,121,4996,112,5229,9,83,30,122,241,20183,295,20719,"2025-09-23 18:09:19"
3769,2024-09-01,248,113,14222,235,14570,99,551,75,725,148,6145,151,6444,19,106,35,160,379,21024,496,21899,"2025-09-23 18:09:19"
3770,2024-09-01,249,57,17037,197,17291,71,670,53,794,136,7006,140,7282,14,87,21,122,278,24800,411,25489,"2025-09-23 18:09:19"
3771,2024-09-01,250,338,121341,2490,124169,293,3064,611,3968,268,18607,2766,21641,21,513,417,951,920,143525,6284,150729,"2025-09-23 18:09:19"
3772,2024-09-01,251,65,16236,378,16679,62,601,121,784,117,3356,132,3605,11,125,42,178,255,20318,673,21246,"2025-09-23 18:09:19"
3773,2024-09-01,252,107,17676,324,18107,85,773,94,952,122,8667,144,8933,21,96,58,175,335,27212,620,28167,"2025-09-23 18:09:19"
3774,2024-09-01,253,134,28227,256,28617,115,1203,270,1588,184,11821,455,12460,22,153,67,242,455,41404,1048,42907,"2025-09-23 18:09:19"
3775,2024-09-01,254,57,9888,58,10003,60,284,42,386,103,3306,51,3460,10,59,23,92,230,13537,174,13941,"2025-09-23 18:09:19"
3776,2024-09-01,255,87,19434,506,20027,65,816,81,962,126,8646,268,9040,14,130,49,193,292,29026,904,30222,"2025-09-23 18:09:19"
3778,2024-09-01,257,110,20178,165,20453,65,1263,98,1426,154,10673,272,11099,14,107,49,170,343,32221,584,33148,"2025-09-23 18:09:19"
3779,2024-09-01,258,214,116122,2045,118381,123,3008,516,3647,211,19396,3156,22763,18,489,702,1209,566,139015,6419,146000,"2025-09-23 18:09:19"
3780,2024-09-01,259,120,33983,567,34670,62,1462,132,1656,142,13653,1023,14818,8,263,153,424,332,49361,1875,51568,"2025-09-23 18:09:19"
3781,2024-09-01,260,140,29467,499,30106,103,1158,168,1429,177,12495,447,13119,18,169,69,256,438,43289,1183,44910,"2025-09-23 18:09:19"
3782,2024-09-01,261,71,8949,59,9079,42,467,61,570,100,4453,248,4801,7,46,38,91,220,13915,406,14541,"2025-09-23 18:09:19"
3783,2024-09-01,262,96,18961,178,19235,61,809,115,985,130,8666,265,9061,12,103,53,168,299,28539,611,29449,"2025-09-23 18:09:19"
3784,2024-09-01,263,70,10360,85,10515,61,388,29,478,98,5244,64,5406,10,51,19,80,239,16043,197,16479,"2025-09-23 18:09:19"
3785,2024-09-01,264,113,46506,234,46853,118,1609,427,2154,202,12382,2349,14933,27,253,209,489,460,60750,3219,64429,"2025-09-23 18:09:19"
3786,2024-09-01,265,185,113819,1853,115857,143,3827,489,4459,214,24439,3110,27763,16,425,428,869,558,142510,5880,148948,"2025-09-23 18:09:19"
3787,2024-09-01,266,82,9734,58,9874,62,425,70,557,119,4967,268,5354,9,61,26,96,272,15187,422,15881,"2025-09-23 18:09:19"
3788,2024-09-01,267,75,7932,33,8040,41,353,22,416,114,4432,81,4627,6,52,19,77,236,12769,155,13160,"2025-09-23 18:09:19"
3789,2024-09-01,268,142,152498,3235,155875,100,3377,970,4447,119,19296,2608,22023,14,540,407,961,375,175711,7220,183306,"2025-09-23 18:09:19"
3790,2024-09-01,269,341,137170,1982,139493,234,3059,517,3810,240,15928,1533,17701,28,348,252,628,843,156505,4284,161632,"2025-09-23 18:09:19"
3791,2024-09-01,270,107,41079,1883,43069,110,1582,195,1887,164,14984,880,16028,7,239,134,380,388,57884,3092,61364,"2025-09-23 18:09:19"
3792,2024-09-01,271,107,9588,61,9756,58,410,95,563,109,5052,106,5267,15,59,17,91,289,15109,279,15677,"2025-09-23 18:09:19"
3794,2024-10-01,1,162,219056,14409,233627,63,3881,559,4503,189,13609,2420,16218,20,368,157,545,434,236914,17545,254893,"2025-09-23 18:09:26"
3795,2024-10-01,2,110,132559,5147,137816,41,3225,636,3902,144,11863,2588,14595,7,229,212,448,302,147876,8583,156761,"2025-09-23 18:09:26"
3796,2024-10-01,3,108,60350,2091,62549,69,2071,715,2855,129,6765,1281,8175,14,156,111,281,320,69342,4198,73860,"2025-09-23 18:09:26"
3797,2024-10-01,4,120,68174,2076,70370,46,4111,1318,5475,162,16073,4246,20481,16,436,269,721,362,188194,15042,203598,"2025-09-23 18:09:26"
3798,2024-10-01,5,90,98886,2994,101970,45,2926,345,3316,139,8990,2227,11356,11,186,176,373,285,110988,5742,117015,"2025-09-23 18:09:26"
3799,2024-10-01,6,90,80316,3073,83479,45,2037,332,2414,169,8525,1594,10288,10,129,107,246,314,91007,5106,96427,"2025-09-23 18:09:26"
3800,2024-10-01,7,110,115537,9393,125040,62,3904,567,4533,130,13762,2613,16505,7,334,165,506,309,133537,12738,146584,"2025-09-23 18:09:26"
3801,2024-10-01,8,59,71795,3312,75166,33,2555,449,3037,74,10703,2297,13074,12,195,99,306,178,85248,6157,91583,"2025-09-23 18:09:26"
3802,2024-10-01,9,85,129402,5627,135114,54,3250,766,4070,176,9715,2141,12032,11,280,264,555,326,142647,8798,151771,"2025-09-23 18:09:26"
3803,2024-10-01,10,92,76182,4599,80873,48,2220,570,2838,129,7915,2043,10087,12,194,156,362,281,86511,7368,94160,"2025-09-23 18:09:26"
3804,2024-10-01,11,107,84749,2949,87805,61,2505,132,2698,132,9703,2199,12034,11,203,97,311,311,97160,5377,102848,"2025-09-23 18:09:26"
3805,2024-10-01,12,118,94799,1118,96035,45,2156,129,2330,135,6423,1172,7730,16,131,174,321,314,103509,2593,106416,"2025-09-23 18:09:26"
3806,2024-10-01,13,94,101820,4266,106180,56,2452,650,3158,171,9216,2166,11553,21,250,500,771,342,113738,7582,121662,"2025-09-23 18:09:26"
3807,2024-10-01,14,210,77555,3444,81209,106,1960,403,2469,133,5806,1806,7745,7,149,104,260,456,85470,5757,91683,"2025-09-23 18:09:26"
3808,2024-10-01,15,176,153700,3735,157611,128,2934,657,3719,184,10599,4734,15517,16,273,206,495,504,167506,9332,177342,"2025-09-23 18:09:26"
3809,2024-10-01,16,132,81960,9091,91183,46,1762,977,2785,179,8151,1861,10191,18,195,104,317,375,92068,12033,104476,"2025-09-23 18:09:26"
3810,2024-10-01,17,93,105333,1998,107424,48,2738,1104,3890,140,8453,1695,10288,8,196,103,307,289,116720,4900,121909,"2025-09-23 18:09:26"
3811,2024-10-01,18,129,207235,7548,214912,105,3919,1607,5631,160,17431,4777,22368,17,395,392,804,411,228980,14324,243715,"2025-09-23 18:09:26"
3812,2024-10-01,19,129,127320,4434,131883,61,2996,734,3791,144,10984,2928,14056,7,272,431,710,341,141572,8527,150440,"2025-09-23 18:09:26"
3813,2024-10-01,20,127,118556,2906,121589,62,3565,180,3807,170,13017,4474,17661,15,470,637,1122,374,135608,8197,144179,"2025-09-23 18:09:26"
3814,2024-10-01,21,263,63615,1258,65136,119,1730,79,1928,160,4951,982,6093,11,150,29,190,553,70446,2348,73347,"2025-09-23 18:09:26"
3815,2024-10-01,22,101,113954,4025,118080,47,2890,743,3680,143,9777,2055,11975,15,191,186,392,306,126812,7009,134127,"2025-09-23 18:09:26"
3816,2024-10-01,23,1634,39345,236,41215,1512,1411,249,3172,337,3606,1564,5507,102,87,95,284,3585,44449,2144,50178,"2025-09-23 18:09:26"
3817,2024-10-01,63,139,91391,1136,92666,812,1736,230,2778,175,5062,1192,6429,19,251,103,373,1304,48241,3025,52570,"2025-09-23 18:09:26"
3818,2024-10-01,25,78,91798,5958,97834,33,2925,568,3526,122,11492,2781,14395,14,221,330,565,247,106436,9637,116320,"2025-09-23 18:09:26"
3819,2024-10-01,146,1970,757233,12954,772157,3747,67859,14699,86305,3926,242591,59836,306353,417,5941,5207,11565,12823,2970979,194062,3177864,"2025-09-23 18:09:26"
3821,2024-10-01,28,100,64873,2427,67400,63,1996,884,2943,103,9464,3097,12664,14,188,648,850,280,76521,7056,83857,"2025-09-23 18:09:26"
3822,2024-10-01,29,81,74786,832,75699,49,1995,550,2594,119,10730,1236,12085,13,248,205,466,262,87759,2823,90844,"2025-09-23 18:09:26"
3823,2024-10-01,77,295,138959,2882,142136,58,2043,466,2567,58,8748,4298,13104,4,328,1450,1782,229,92500,9291,102020,"2025-09-23 18:09:26"
3824,2024-10-01,57,68,58458,791,59317,49,846,175,1070,60,3574,2364,5998,6,106,1050,1162,197,49486,5281,54964,"2025-09-23 18:09:26"
3825,2024-10-01,32,71,86493,1644,88208,27,1852,383,2262,63,9924,1568,11555,1,207,284,492,162,98476,3879,102517,"2025-09-23 18:09:26"
3826,2024-10-01,33,127,117955,23533,141615,62,2664,515,3241,169,12987,2374,15530,10,210,542,762,368,133816,26964,161148,"2025-09-23 18:09:26"
3827,2024-10-01,79,86,110072,1533,111691,62,2121,307,2490,109,11788,1610,13507,9,200,236,445,302,101405,3697,105404,"2025-09-23 18:09:26"
3828,2024-10-01,35,95,66552,2441,69088,58,2060,248,2366,99,14137,2284,16520,8,223,322,553,260,82972,5295,88527,"2025-09-23 18:09:26"
3829,2024-10-01,36,107,92506,3479,96092,51,2623,337,3011,103,12834,2021,14958,9,221,280,510,270,108184,6117,114571,"2025-09-23 18:09:26"
3830,2024-10-01,60,315,185413,20940,206668,32,872,21,925,41,3628,888,4557,0,60,89,149,134,30781,1406,32321,"2025-09-23 18:09:26"
3831,2024-10-01,38,51,56430,65129,121610,24,1397,816,2237,79,5421,1358,6858,11,150,362,523,165,63398,67665,131228,"2025-09-23 18:09:26"
3832,2024-10-01,39,340,112974,23204,136518,507,1703,683,2893,182,8721,2302,11205,25,200,715,940,1054,123598,26904,151556,"2025-09-23 18:09:26"
3833,2024-10-01,40,83,26403,1320,27806,48,957,326,1331,86,4069,371,4526,9,48,53,110,226,31477,2070,33773,"2025-09-23 18:09:26"
3835,2024-10-01,42,137,142708,2192,145037,58,2865,225,3148,124,12594,2224,14942,9,305,480,794,328,158472,5121,163921,"2025-09-23 18:09:26"
3837,2024-10-01,44,0,19,2,21,36,369,21,426,46,5287,141,5474,2,64,20,86,131,15664,251,16046,"2025-09-23 18:09:26"
3839,2024-10-01,46,184,239313,13032,252529,112,4656,739,5507,179,29125,5573,34877,14,601,567,1182,489,273695,19911,294095,"2025-09-23 18:09:26"
3840,2024-10-01,47,123,117754,1489,119366,120,2855,516,3491,293,19595,2881,22769,61,411,294,766,597,140615,5180,146392,"2025-09-23 18:09:26"
3844,2024-10-01,51,188,196635,3157,199980,192,2945,606,3743,211,15785,1351,17347,13,474,160,647,604,215839,5274,221717,"2025-09-23 18:09:26"
3847,2024-10-01,54,137,27467,6891,34495,53,1128,296,1477,161,10450,786,11397,10,185,85,280,361,39230,8058,47649,"2025-09-23 18:09:26"
3848,2024-10-01,55,107,95369,143630,239106,63,3070,2120,5253,114,25942,2731,28787,17,523,333,873,301,124904,148814,274019,"2025-09-23 18:09:26"
3849,2024-10-01,56,352,224492,19727,244571,456,4893,879,6228,175,29000,3620,32795,23,595,494,1112,1006,258980,24720,284706,"2025-09-23 18:09:26"
3851,2024-10-01,58,186,144224,10879,155289,103,4003,83,4189,136,16908,4911,21955,18,427,832,1277,443,165562,16705,182710,"2025-09-23 18:09:26"
3852,2024-10-01,59,146,203853,33340,237339,80,4401,1024,5505,104,20524,3209,23837,11,475,314,800,341,229253,37887,267481,"2025-09-23 18:09:26"
3854,2024-10-01,61,170,208862,5534,214566,91,3134,721,3946,140,12261,3463,15864,14,398,507,919,415,224655,10225,235295,"2025-09-23 18:09:26"
3855,2024-10-01,62,72,8792,144,9008,58,514,72,644,126,3990,65,4181,3,49,13,65,259,13345,294,13898,"2025-09-23 18:09:26"
3858,2024-10-01,65,216,174414,3817,178447,153,4171,368,4692,190,26556,8173,34919,28,732,924,1684,587,205873,13282,219742,"2025-09-23 18:09:26"
3864,2024-10-01,71,84,72325,1948,74357,46,2022,545,2613,109,13615,3890,17614,9,355,447,811,248,88317,6830,95395,"2025-09-23 18:09:26"
3867,2024-10-01,74,123,177021,2722,179866,93,3078,363,3534,454,15438,2444,18336,25,628,295,948,695,196165,5824,202684,"2025-09-23 18:09:26"
3873,2024-10-01,80,168,109052,1208,110428,97,2525,664,3286,171,20698,4219,25088,14,424,1012,1450,450,132699,7103,140252,"2025-09-23 18:09:26"
3876,2024-10-01,83,366,177772,1179,179317,247,3225,653,4125,271,15105,1983,17359,82,652,169,903,966,196754,3984,201704,"2025-09-23 18:09:26"
3878,2024-10-01,85,152,25675,238,26065,82,1110,143,1335,160,6648,203,7011,23,132,44,199,417,33565,628,34610,"2025-09-23 18:09:26"
3879,2024-10-01,86,313,174314,1953,176580,155,4000,378,4533,196,19192,2708,22096,22,445,283,750,686,197951,5322,203959,"2025-09-23 18:09:26"
3880,2024-10-01,87,108,115264,3426,118798,80,2386,624,3090,82,13061,2166,15309,12,367,159,538,282,131078,6375,137735,"2025-09-23 18:09:26"
3881,2024-10-01,88,70,105500,2449,108019,22,2058,576,2656,37,9239,1513,10789,1,222,139,362,130,117019,4677,121826,"2025-09-23 18:09:26"
3882,2024-10-01,89,479,30777,309,31565,101,516,37,654,128,1950,457,2535,15,81,10,106,723,33324,813,34860,"2025-09-23 18:09:26"
3883,2024-10-01,90,142,88227,1755,90124,72,2245,426,2743,110,10119,2353,12582,11,217,204,432,335,100808,4738,105881,"2025-09-23 18:09:26"
3884,2024-10-01,91,190,172847,860,173897,97,4712,2320,7129,129,30563,5543,36235,16,689,360,1065,432,208811,9083,218326,"2025-09-23 18:09:26"
3885,2024-10-01,92,92,61706,1110,62908,75,1492,283,1850,99,8337,1404,9840,14,189,153,356,280,71724,2950,74954,"2025-09-23 18:09:26"
3886,2024-10-01,93,131,87575,851,88557,72,2079,165,2316,92,9000,3896,12988,10,176,259,445,305,98830,5171,104306,"2025-09-23 18:09:26"
3887,2024-10-01,94,254,202892,2688,205834,113,4949,1644,6706,197,30908,4486,35591,9,706,688,1403,573,239455,9506,249534,"2025-09-23 18:09:26"
3888,2024-10-01,95,365,269892,2207,272464,203,7050,1021,8274,222,43076,6460,49758,28,1100,501,1629,818,321118,10189,332125,"2025-09-23 18:09:26"
3889,2024-10-01,96,97,31747,661,32505,47,1189,73,1309,83,5307,684,6074,11,102,51,164,238,38345,1469,40052,"2025-09-23 18:09:26"
3890,2024-10-01,97,6,98,2,106,0,38,10,48,0,127,7,134,0,0,1,1,6,263,20,289,"2025-09-23 18:09:26"
3891,2024-10-01,98,48,73308,1748,75104,19,2117,115,2251,33,8299,1251,9583,1,172,172,345,101,83896,3286,87283,"2025-09-23 18:09:26"
3892,2024-10-01,99,37,51440,920,52397,31,1880,445,2356,32,9803,1730,11565,4,180,176,360,104,63303,3271,66678,"2025-09-23 18:09:26"
3893,2024-10-01,100,194,128950,2825,131969,149,3456,578,4183,155,15688,3305,19148,24,332,199,555,522,148426,6907,155855,"2025-09-23 18:09:26"
3894,2024-10-01,101,201,179014,4353,183568,57,2355,1383,3795,104,7632,1921,9657,10,355,202,567,372,189356,7859,197587,"2025-09-23 18:09:26"
3895,2024-10-01,102,167,71883,1599,73649,60,2039,220,2319,76,7537,1562,9175,3,193,158,354,306,81652,3539,85497,"2025-09-23 18:09:26"
3896,2024-10-01,103,215,63237,2040,65492,58,2071,267,2396,100,8794,1596,10490,17,186,144,347,390,74288,4047,78725,"2025-09-23 18:09:26"
3897,2024-10-01,104,133,182021,4895,187049,174,4540,1497,6211,159,20360,3161,23680,22,584,562,1168,488,207505,10115,218108,"2025-09-23 18:09:26"
3898,2024-10-01,105,277,143339,1984,145600,106,2057,139,2302,67,6704,1482,8253,3,262,136,401,453,152362,3741,156556,"2025-09-23 18:09:26"
3899,2024-10-01,106,244,98729,1017,99990,140,2695,511,3346,103,8259,2158,10520,16,231,123,370,503,109914,3809,114226,"2025-09-23 18:09:26"
3900,2024-10-01,107,120,72751,1302,74173,60,2402,64,2526,90,6435,1965,8490,17,172,96,285,287,81760,3427,85474,"2025-09-23 18:09:26"
3901,2024-10-01,108,178,227017,1847,229042,110,6371,454,6935,155,37315,6416,43886,23,744,511,1278,466,271447,9228,281141,"2025-09-23 18:09:26"
3902,2024-10-01,109,210,137412,2448,140070,145,4849,1111,6105,224,22867,4002,27093,12,424,328,764,591,165552,7889,174032,"2025-09-23 18:09:26"
3903,2024-10-01,110,86,122221,2238,124545,41,3901,645,4587,33,18280,2644,20957,3,444,360,807,163,144846,5887,150896,"2025-09-23 18:09:26"
3904,2024-10-01,111,174,94231,712,95117,96,3040,528,3664,133,19401,3380,22914,15,998,295,1308,418,117670,4915,123003,"2025-09-23 18:09:26"
3905,2024-10-01,112,154,117650,2226,120030,114,2093,604,2811,120,10005,3832,13957,11,339,171,521,399,130087,6833,137319,"2025-09-23 18:09:26"
3906,2024-10-01,113,91,73711,1330,75132,28,2146,913,3087,39,9036,1588,10663,0,195,126,321,158,85088,3957,89203,"2025-09-23 18:09:26"
3907,2024-10-01,114,189,117210,704,118103,92,3743,462,4297,170,20000,2980,23150,14,502,247,763,465,141455,4393,146313,"2025-09-23 18:09:26"
3908,2024-10-01,115,241,53864,436,54541,99,1697,522,2318,255,12199,902,13356,12,293,84,389,607,68053,1944,70604,"2025-09-23 18:09:26"
3909,2024-10-01,116,194,53624,343,54161,87,1991,652,2730,203,14276,6468,20947,10,326,353,689,494,70217,7816,78527,"2025-09-23 18:09:26"
3910,2024-10-01,117,90,17551,76,17717,69,709,236,1014,156,6347,4116,10619,7,141,491,639,322,24748,4919,29989,"2025-09-23 18:09:26"
3911,2024-10-01,118,91,107023,1182,108296,61,2742,550,3353,63,10514,2544,13121,10,320,186,516,225,120599,4462,125286,"2025-09-23 18:09:26"
3912,2024-10-01,119,53,185571,3349,188973,41,3322,729,4092,51,11525,3664,15240,12,510,301,823,157,200928,8043,209128,"2025-09-23 18:09:26"
3913,2024-10-01,120,27,144142,763,144932,15,1807,131,1953,23,4949,1407,6379,0,234,42,276,65,151132,2343,153540,"2025-09-23 18:09:26"
3914,2024-10-01,121,388,122836,1615,124839,178,3896,1463,5537,238,21551,4872,26661,19,693,363,1075,823,148976,8313,158112,"2025-09-23 18:09:26"
3915,2024-10-01,122,116,58902,416,59434,96,1224,190,1510,87,5724,2061,7872,9,148,315,472,308,65998,2982,69288,"2025-09-23 18:09:26"
3916,2024-10-01,123,285,151863,2050,154198,268,4443,439,5150,196,18055,3005,21256,28,555,272,855,777,174916,5766,181459,"2025-09-23 18:09:26"
3917,2024-10-01,124,213,102229,961,103403,87,3300,799,4186,129,19006,4346,23481,16,473,554,1043,445,125008,6660,132113,"2025-09-23 18:09:26"
3918,2024-10-01,125,281,213473,2359,216113,92,5432,2690,8214,171,31122,6329,37622,20,695,300,1015,564,250722,11678,262964,"2025-09-23 18:09:26"
3919,2024-10-01,126,366,289936,3780,294082,161,7659,2216,10036,254,35904,7447,43605,24,992,1032,2048,805,334491,14475,349771,"2025-09-23 18:09:26"
3920,2024-10-01,127,190,66258,3853,70301,73,2704,766,3543,154,20893,2448,23495,14,365,380,759,431,90220,7447,98098,"2025-09-23 18:09:26"
3921,2024-10-01,128,204,122895,992,124091,90,2483,357,2930,148,15487,2335,17970,12,333,156,501,454,141198,3840,145492,"2025-09-23 18:09:26"
3922,2024-10-01,129,400,454945,2745,458090,227,10114,2777,13118,294,64505,8252,73051,75,1664,692,2431,996,531228,14466,546690,"2025-09-23 18:09:26"
3924,2024-10-01,131,75,15390,121,15586,56,741,54,851,78,7982,259,8319,11,92,28,131,220,24205,462,24887,"2025-09-23 18:09:26"
3925,2024-10-01,132,73,11149,141,11363,50,444,94,588,118,4893,377,5388,4,90,225,319,245,16576,837,17658,"2025-09-23 18:09:26"
3926,2024-10-01,133,70,12113,115,12298,56,605,88,749,107,6400,511,7018,17,78,47,142,250,19196,761,20207,"2025-09-23 18:09:26"
3927,2024-10-01,134,93,17504,115,17712,60,677,91,828,117,8198,184,8499,13,94,40,147,283,26473,430,27186,"2025-09-23 18:09:26"
3928,2024-10-01,135,71,20150,179,20400,59,805,84,948,84,8094,685,8863,11,166,90,267,225,29215,1038,30478,"2025-09-23 18:09:26"
3929,2024-10-01,136,77,47423,297,47797,71,2060,210,2341,114,13755,1430,15299,14,243,141,398,276,63481,2078,65835,"2025-09-23 18:09:26"
3930,2024-10-01,137,102,54895,703,55700,82,1676,185,1943,155,13597,1703,15455,11,346,884,1241,350,70514,3475,74339,"2025-09-23 18:09:26"
3931,2024-10-01,138,34,17278,160,17472,26,530,35,591,32,3183,586,3801,7,68,48,123,99,21059,829,21987,"2025-09-23 18:09:26"
3932,2024-10-01,139,76,45529,296,45901,63,1461,85,1609,87,9283,1099,10469,6,226,84,316,232,56499,1564,58295,"2025-09-23 18:09:26"
3933,2024-10-01,140,1,8,0,9,0,3,0,3,0,8,0,8,0,0,0,0,1,19,0,20,"2025-09-23 18:09:26"
3934,2024-10-01,141,207,87946,1076,89229,113,2120,367,2600,178,12087,1135,13400,17,348,266,631,515,102501,2844,105860,"2025-09-23 18:09:26"
3935,2024-10-01,142,55,83218,1690,84963,126,1987,848,2961,65,10842,1819,12726,4,324,221,549,250,96371,4578,101199,"2025-09-23 18:09:26"
3936,2024-10-01,143,174,91632,2455,94261,122,2426,556,3104,132,14686,2089,16907,9,409,199,617,437,109153,5299,114889,"2025-09-23 18:09:26"
3937,2024-10-01,144,131,130407,4400,134938,87,2965,700,3752,132,15780,2498,18410,13,568,361,942,363,149720,7959,158042,"2025-09-23 18:09:26"
3938,2024-10-01,145,199,94920,5023,100142,154,2817,415,3386,257,19962,1808,22027,29,436,283,748,639,118135,7529,126303,"2025-09-23 18:09:26"
3940,2024-10-01,147,78,23488,62,23628,38,581,98,717,56,2248,431,2735,9,91,34,134,181,26408,625,27214,"2025-09-23 18:09:26"
3941,2024-10-01,148,222,42320,1191,43733,122,1544,367,2033,226,12872,681,13779,24,206,132,362,594,56942,2371,59907,"2025-09-23 18:09:26"
3942,2024-10-01,149,71,20645,1892,22608,45,994,220,1259,97,8610,595,9302,8,110,72,190,221,30359,2779,33359,"2025-09-23 18:09:26"
3943,2024-10-01,150,151,45705,822,46678,90,2016,352,2458,142,15288,1079,16509,28,201,90,319,411,63210,2343,65964,"2025-09-23 18:09:26"
3944,2024-10-01,151,151,86053,799,87003,79,2413,356,2848,185,19196,2325,21706,16,483,801,1300,431,108145,4281,112857,"2025-09-23 18:09:26"
3945,2024-10-01,152,133,40344,554,41031,73,1395,171,1639,181,12856,541,13578,33,187,155,375,420,54782,1421,56623,"2025-09-23 18:09:26"
3946,2024-10-01,153,99,23085,194,23378,69,1075,327,1471,150,11260,396,11806,14,89,54,157,332,35509,971,36812,"2025-09-23 18:09:26"
3947,2024-10-01,154,179,81937,947,83063,89,2422,483,2994,161,18991,1862,21014,24,410,436,870,453,103760,3728,107941,"2025-09-23 18:09:26"
3948,2024-10-01,155,78,19675,148,19901,40,702,114,856,108,7710,438,8256,17,90,82,189,243,28177,782,29202,"2025-09-23 18:09:26"
3949,2024-10-01,156,203,173850,2320,176373,142,4658,486,5286,188,24332,3760,28280,48,726,382,1156,581,203566,6948,211095,"2025-09-23 18:09:26"
3950,2024-10-01,157,151,34790,280,35221,125,1380,317,1822,184,11509,743,12436,14,196,124,334,474,47875,1464,49813,"2025-09-23 18:09:26"
3951,2024-10-01,158,99,119031,1801,120931,62,3750,681,4493,124,19624,2874,22622,10,539,397,946,295,142944,5753,148992,"2025-09-23 18:09:26"
3952,2024-10-01,159,162,182552,1734,184448,164,4337,887,5388,218,20993,2509,23720,24,595,296,915,568,208477,5426,214471,"2025-09-23 18:09:26"
3953,2024-10-01,160,79,11393,66,11538,59,459,61,579,121,6026,514,6661,17,69,66,152,276,17947,707,18930,"2025-09-23 18:09:26"
3954,2024-10-01,161,88,24668,211,24967,48,979,112,1139,194,10822,255,11271,19,140,49,208,349,36609,627,37585,"2025-09-23 18:09:26"
3955,2024-10-01,162,163,43217,324,43704,93,1382,200,1675,141,12252,780,13173,20,226,129,375,417,57077,1433,58927,"2025-09-23 18:09:26"
3957,2024-10-01,164,82,12344,161,12587,64,490,76,630,100,6582,732,7414,11,82,39,132,257,19498,1008,20763,"2025-09-23 18:09:26"
3958,2024-10-01,165,108,20915,158,21181,73,1005,92,1170,143,12694,257,13094,10,116,42,168,334,34730,549,35613,"2025-09-23 18:09:26"
3959,2024-10-01,166,67,10651,99,10817,44,412,58,514,71,5031,391,5493,6,55,63,124,188,16149,611,16948,"2025-09-23 18:09:26"
3960,2024-10-01,167,94,77809,773,78676,68,2132,278,2478,88,14662,3474,18224,14,543,1688,2245,264,95146,6213,101623,"2025-09-23 18:09:26"
3961,2024-10-01,168,59,9233,394,9686,39,386,52,477,77,3941,205,4223,4,68,23,95,179,13628,674,14481,"2025-09-23 18:09:26"
3962,2024-10-01,169,141,52738,792,53671,115,1863,370,2348,216,15603,1718,17537,20,370,278,668,492,70574,3158,74224,"2025-09-23 18:09:26"
3963,2024-10-01,170,79,20211,394,20684,48,765,271,1084,77,7909,1044,9030,11,122,148,281,215,29007,1857,31079,"2025-09-23 18:09:26"
3964,2024-10-01,171,122,82862,2243,85227,118,2602,399,3119,152,13005,2278,15435,10,338,352,700,402,98807,5272,104481,"2025-09-23 18:09:26"
3965,2024-10-01,172,253,40649,154,41056,206,1478,69,1753,158,11842,862,12862,14,190,123,327,631,54159,1208,55998,"2025-09-23 18:09:26"
3966,2024-10-01,173,75,13981,156,14212,53,715,69,837,103,7900,356,8359,14,89,51,154,245,22685,632,23562,"2025-09-23 18:09:26"
3967,2024-10-01,174,172,123838,1851,125861,131,2908,601,3640,196,22680,2107,24983,20,448,928,1396,519,149874,5487,155880,"2025-09-23 18:09:26"
3968,2024-10-01,175,120,14056,103233,117409,67,636,2357,3060,209,9451,388,10048,5,136,36,177,401,24279,106014,130694,"2025-09-23 18:09:26"
3969,2024-10-01,176,198,113534,2437,116169,153,3126,724,4003,202,21694,3562,25458,17,416,840,1273,570,138770,7563,146903,"2025-09-23 18:09:26"
3970,2024-10-01,177,79,21397,214,21690,46,785,94,925,113,8197,508,8818,7,111,53,171,245,30490,869,31604,"2025-09-23 18:09:26"
3971,2024-10-01,178,88,24439,99,24626,63,1201,79,1343,119,11275,782,12176,8,211,139,358,278,37126,1099,38503,"2025-09-23 18:09:26"
3972,2024-10-01,179,129,16174,164,16467,57,693,104,854,106,9685,207,9998,11,97,31,139,303,26649,506,27458,"2025-09-23 18:09:26"
3973,2024-10-01,180,80,19205,181,19466,45,719,84,848,90,8201,889,9180,3,124,88,215,218,28249,1242,29709,"2025-09-23 18:09:26"
3974,2024-10-01,181,86,13330,109,13525,74,548,47,669,107,7072,285,7464,7,62,33,102,274,21012,474,21760,"2025-09-23 18:09:26"
3975,2024-10-01,182,80,11191,89,11360,50,522,61,633,96,6322,142,6560,8,60,25,93,234,18095,317,18646,"2025-09-23 18:09:26"
3976,2024-10-01,183,70,12251,5683,18004,51,508,114,673,88,6547,203,6838,11,86,25,122,220,19392,6025,25637,"2025-09-23 18:09:26"
3977,2024-10-01,184,115,24420,86948,111483,77,1601,971,2649,142,15547,238,15927,10,121,44,175,344,41689,88201,130234,"2025-09-23 18:09:26"
3978,2024-10-01,185,96,25747,465,26308,51,915,878,1844,99,8023,499,8621,9,155,145,309,255,34840,1987,37082,"2025-09-23 18:09:26"
3980,2024-10-01,187,141,119804,923,120868,99,2959,402,3460,130,22113,2734,24977,15,421,384,820,385,145297,4443,150125,"2025-09-23 18:09:26"
3981,2024-10-01,188,212,119423,1753,121388,149,3707,537,4393,224,25936,1981,28141,16,556,382,954,601,149622,4653,154876,"2025-09-23 18:09:26"
3982,2024-10-01,189,60,14513,38,14611,34,653,54,741,72,6481,687,7240,17,87,55,159,183,21734,834,22751,"2025-09-23 18:09:26"
3983,2024-10-01,190,191,192958,2532,195681,114,4892,767,5773,227,25918,3627,29772,20,652,463,1135,552,224420,7389,232361,"2025-09-23 18:09:26"
3985,2024-10-01,192,141,58641,623,59405,86,1987,269,2342,163,17915,1082,19160,18,242,185,445,408,78785,2159,81352,"2025-09-23 18:09:26"
3986,2024-10-01,193,96,27235,391,27722,56,1175,117,1348,138,10357,284,10779,12,149,98,259,302,38916,890,40108,"2025-09-23 18:09:26"
3987,2024-10-01,194,99,11155,48,11302,53,420,41,514,86,7029,91,7206,16,54,14,84,254,18658,194,19106,"2025-09-23 18:09:26"
3988,2024-10-01,195,119,37195,403,37717,91,1600,262,1953,205,17366,1047,18618,17,204,168,389,432,56365,1880,58677,"2025-09-23 18:09:26"
3989,2024-10-01,196,75,20212,120,20407,46,789,47,882,87,11376,983,12446,15,143,147,305,223,32520,1297,34040,"2025-09-23 18:09:26"
3990,2024-10-01,197,276,64800,909,65985,250,2100,315,2665,257,19307,1198,20762,50,346,228,624,833,86553,2650,90036,"2025-09-23 18:09:26"
3991,2024-10-01,198,74,12893,104,13071,50,588,54,692,126,5976,116,6218,16,77,27,120,266,19534,301,20101,"2025-09-23 18:09:26"
3992,2024-10-01,199,57,6039,36,6132,32,283,27,342,61,3919,48,4028,2,34,7,43,152,10275,118,10545,"2025-09-23 18:09:26"
3993,2024-10-01,200,138,41344,481,41963,79,1569,140,1788,151,14699,739,15589,27,225,158,410,395,57837,1518,59750,"2025-09-23 18:09:26"
3994,2024-10-01,201,130,45270,407,45807,86,1702,241,2029,130,16361,1482,17973,18,232,354,604,364,63565,2484,66413,"2025-09-23 18:09:26"
3995,2024-10-01,202,103,23190,164,23457,62,706,79,847,110,8679,204,8993,21,107,44,172,296,32682,491,33469,"2025-09-23 18:09:26"
3996,2024-10-01,203,61,4413,363,4837,21,262,198,481,62,1433,30,1525,8,26,2,36,152,6134,593,6879,"2025-09-23 18:09:26"
3997,2024-10-01,204,134,20519,115,20768,58,614,85,757,123,6624,124,6871,19,118,38,175,334,27875,362,28571,"2025-09-23 18:09:26"
3998,2024-10-01,205,79,19601,89,19769,80,823,82,985,126,12240,841,13207,10,116,101,227,295,32780,1113,34188,"2025-09-23 18:09:26"
3999,2024-10-01,206,78,17844,162,18084,44,620,51,715,93,7840,596,8529,14,98,176,288,229,26402,985,27616,"2025-09-23 18:09:26"
4000,2024-10-01,207,56,9949,39,10044,69,463,42,574,83,6018,113,6214,10,74,13,97,218,16504,207,16929,"2025-09-23 18:09:26"
4001,2024-10-01,208,128,56103,269,56500,65,1796,341,2202,113,12938,1560,14611,14,270,314,598,320,71107,2484,73911,"2025-09-23 18:09:26"
4002,2024-10-01,209,140,104854,1368,106362,87,2874,768,3729,211,17981,4245,22437,13,463,1727,2203,451,126172,8108,134731,"2025-09-23 18:09:26"
4003,2024-10-01,210,159,128291,2215,130665,97,2877,323,3297,106,18086,1067,19259,29,448,298,775,391,149702,3903,153996,"2025-09-23 18:09:26"
4005,2024-10-01,212,124,95970,1020,97114,87,2827,470,3384,144,12006,497,12647,14,321,160,495,369,111124,2147,113640,"2025-09-23 18:09:26"
4006,2024-10-01,213,105,24648,191,24944,73,848,180,1101,104,9359,257,9720,13,80,177,270,295,34935,805,36035,"2025-09-23 18:09:26"
4007,2024-10-01,214,55,11868,77,12000,62,715,89,866,99,7368,210,7677,11,124,66,201,238,28018,560,28816,"2025-09-23 18:09:26"
4008,2024-10-01,215,267,245297,2311,247875,153,6075,546,6774,237,41092,4650,45979,36,839,584,1459,693,293303,8091,302087,"2025-09-23 18:09:26"
4009,2024-10-01,216,102,14181,146,14429,55,523,112,690,133,6196,154,6483,9,62,30,101,299,20962,442,21703,"2025-09-23 18:09:26"
4010,2024-10-01,217,109,43748,477,44334,93,1372,193,1658,105,13677,2564,16346,15,198,604,817,322,58995,3838,63155,"2025-09-23 18:09:26"
4011,2024-10-01,218,99,48268,678,49045,79,1435,220,1734,136,10509,547,11192,18,182,111,311,332,60394,1556,62282,"2025-09-23 18:09:26"
4012,2024-10-01,219,90,13734,63,13887,62,490,56,608,96,7211,480,7787,8,145,150,303,256,21580,749,22585,"2025-09-23 18:09:26"
4013,2024-10-01,220,168,154518,1115,155801,97,4091,790,4978,149,22344,7186,29679,22,654,1554,2230,436,181607,10645,192688,"2025-09-23 18:09:26"
4014,2024-10-01,221,65,10473,55,10593,52,372,44,468,89,4594,570,5253,13,61,121,195,219,15500,790,16509,"2025-09-23 18:09:26"
4015,2024-10-01,222,213,144280,2839,147332,176,3233,1038,4447,238,26762,2371,29371,33,500,432,965,660,174775,6680,182115,"2025-09-23 18:09:26"
4016,2024-10-01,223,70,25053,182,25305,73,1024,110,1207,97,10315,410,10822,10,146,64,220,250,36538,766,37554,"2025-09-23 18:09:26"
4017,2024-10-01,224,141,90139,1280,91560,64,1895,470,2429,138,10514,991,11643,16,161,150,327,359,102709,2891,105959,"2025-09-23 18:09:26"
4018,2024-10-01,225,66,95571,6237,101874,32,1831,403,2266,54,10935,1661,12650,4,211,230,445,156,108548,8531,117235,"2025-09-23 18:09:26"
4019,2024-10-01,226,238,145882,17060,163180,219,1997,897,3113,141,10122,997,11260,15,222,184,421,613,158223,19138,177974,"2025-09-23 18:09:26"
4020,2024-10-01,227,231,115360,46594,162185,170,2249,441,2860,133,17041,1459,18633,18,305,351,674,552,134955,48845,184352,"2025-09-23 18:09:26"
4021,2024-10-01,228,95,87493,717,88305,35,1917,160,2112,90,7856,1006,8952,13,282,273,568,233,97548,2156,99937,"2025-09-23 18:09:26"
4022,2024-10-01,229,99,43206,691,43996,84,1662,244,1990,121,8839,345,9305,14,168,72,254,318,53875,1352,55545,"2025-09-23 18:09:26"
4023,2024-10-01,230,60,16249,92,16401,68,534,44,646,105,7814,172,8091,10,80,83,173,243,24677,391,25311,"2025-09-23 18:09:26"
4024,2024-10-01,231,85,33121,37263,70469,53,1046,402,1501,81,10271,530,10882,6,257,225,488,225,44695,38420,83340,"2025-09-23 18:09:26"
4025,2024-10-01,232,64,13537,364,13965,55,488,85,628,123,6545,151,6819,13,68,30,111,255,20638,630,21523,"2025-09-23 18:09:26"
4026,2024-10-01,233,87,15770,136,15993,55,599,75,729,138,8190,399,8727,15,90,76,181,295,24649,686,25630,"2025-09-23 18:09:26"
4028,2024-10-01,235,249,77563,947,78759,136,2804,146,3086,350,26968,673,27991,42,251,140,433,777,107586,1906,110269,"2025-09-23 18:09:26"
4029,2024-10-01,236,619,253587,269041,523247,357,7084,6300,13741,689,58839,3626,63154,39,1386,616,2041,1704,320896,279583,602183,"2025-09-23 18:09:26"
4031,2024-10-01,238,161,94221,2475,96857,149,2498,507,3154,264,18142,1422,19828,37,408,430,875,611,115269,4834,120714,"2025-09-23 18:09:26"
4033,2024-10-01,240,114,39823,684,40621,79,1198,153,1430,128,6891,522,7541,11,174,221,406,332,48086,1580,49998,"2025-09-23 18:09:26"
4034,2024-10-01,241,122,26376,472,26970,100,798,120,1018,183,6762,185,7130,10,151,47,208,415,34087,824,35326,"2025-09-23 18:09:26"
4035,2024-10-01,242,116,34242,943,35301,90,1055,143,1288,114,5380,316,5810,7,147,92,246,327,40824,1494,42645,"2025-09-23 18:09:26"
4036,2024-10-01,243,53,8863,61,8977,54,308,30,392,111,3328,52,3491,10,53,16,79,228,12552,159,12939,"2025-09-23 18:09:26"
4037,2024-10-01,244,45,12544,160,12749,42,411,24,477,123,4146,69,4338,12,81,21,114,222,17182,274,17678,"2025-09-23 18:09:26"
4038,2024-10-01,245,134,15178,150,15462,81,625,59,765,130,6214,135,6479,13,122,54,189,358,22139,398,22895,"2025-09-23 18:09:26"
4039,2024-10-01,246,219,161451,2697,164367,167,4239,510,4916,234,26632,2271,29137,25,679,375,1079,645,193001,5853,199499,"2025-09-23 18:09:26"
4040,2024-10-01,247,59,14659,89,14807,52,450,62,564,121,5003,112,5236,9,84,30,123,241,20196,293,20730,"2025-09-23 18:09:26"
4041,2024-10-01,248,114,14214,236,14564,99,547,76,722,148,6162,156,6466,19,106,35,160,380,21029,503,21912,"2025-09-23 18:09:26"
4042,2024-10-01,249,56,17060,196,17312,68,671,54,793,137,7021,141,7299,14,88,21,123,275,24840,412,25527,"2025-09-23 18:09:26"
4043,2024-10-01,250,338,121443,2497,124278,290,3062,615,3967,267,18596,2770,21633,21,515,416,952,916,143616,6298,150830,"2025-09-23 18:09:26"
4044,2024-10-01,251,64,16214,376,16654,61,594,121,776,117,3355,131,3603,11,124,42,177,253,20287,670,21210,"2025-09-23 18:09:26"
4045,2024-10-01,252,105,17713,276,18094,84,765,93,942,120,8676,144,8940,21,100,53,174,330,27254,566,28150,"2025-09-23 18:09:26"
4046,2024-10-01,253,137,28230,255,28622,114,1189,269,1572,184,11803,454,12441,22,154,66,242,457,41376,1044,42877,"2025-09-23 18:09:26"
4047,2024-10-01,254,57,9979,58,10094,60,284,42,386,103,3303,51,3457,10,58,23,91,230,13624,174,14028,"2025-09-23 18:09:26"
4048,2024-10-01,255,87,19479,502,20068,65,816,81,962,126,8645,269,9040,14,131,48,193,292,29071,900,30263,"2025-09-23 18:09:26"
4050,2024-10-01,257,109,20216,164,20489,65,1263,96,1424,152,10663,277,11092,14,110,49,173,340,32252,586,33178,"2025-09-23 18:09:26"
4051,2024-10-01,258,215,116396,2090,118701,125,3012,514,3651,212,19376,3167,22755,18,491,701,1210,570,139275,6472,146317,"2025-09-23 18:09:26"
4052,2024-10-01,259,120,34041,569,34730,60,1467,133,1660,142,13673,1023,14838,8,260,151,419,330,49441,1876,51647,"2025-09-23 18:09:26"
4053,2024-10-01,260,135,29512,505,30152,105,1154,169,1428,177,12488,451,13116,18,177,68,263,435,43331,1193,44959,"2025-09-23 18:09:26"
4054,2024-10-01,261,71,8952,60,9083,42,475,60,577,100,4455,250,4805,7,47,39,93,220,13929,409,14558,"2025-09-23 18:09:26"
4055,2024-10-01,262,98,18968,177,19243,61,807,115,983,130,8675,265,9070,12,99,55,166,301,28549,612,29462,"2025-09-23 18:09:26"
4056,2024-10-01,263,72,10394,89,10555,61,384,30,475,98,5241,65,5404,10,49,19,78,241,16068,203,16512,"2025-09-23 18:09:26"
4057,2024-10-01,264,113,46650,236,46999,120,1601,429,2150,207,12388,2350,14945,26,254,209,489,466,60893,3224,64583,"2025-09-23 18:09:26"
4058,2024-10-01,265,183,114243,1859,116285,144,3819,492,4455,215,24436,3108,27759,17,421,430,868,559,142919,5889,149367,"2025-09-23 18:09:26"
4059,2024-10-01,266,82,9732,58,9872,61,422,70,553,119,4950,269,5338,9,63,25,97,271,15167,422,15860,"2025-09-23 18:09:26"
4060,2024-10-01,267,75,7919,33,8027,41,353,22,416,113,4430,80,4623,6,51,19,76,235,12753,154,13142,"2025-09-23 18:09:26"
4061,2024-10-01,268,145,152346,3214,155705,100,3365,971,4436,119,19227,2614,21960,13,534,409,956,377,175472,7208,183057,"2025-09-23 18:09:26"
4062,2024-10-01,269,340,137162,1996,139498,228,3036,521,3785,239,15901,1536,17676,28,349,253,630,835,156448,4306,161589,"2025-09-23 18:09:26"
4063,2024-10-01,270,106,41127,1839,43072,111,1577,195,1883,163,14973,882,16018,8,236,132,376,388,57913,3048,61349,"2025-09-23 18:09:26"
4064,2024-10-01,271,106,9575,65,9746,58,408,95,561,109,5066,104,5279,15,58,17,90,288,15107,281,15676,"2025-09-23 18:09:26"
4066,2024-11-01,1,161,219173,14071,233405,62,3858,557,4477,190,13556,2452,16198,20,372,157,549,433,236959,17237,254629,"2025-09-23 18:09:33"
4067,2024-11-01,2,109,133624,5119,138852,41,3234,635,3910,144,11873,2603,14620,7,233,214,454,301,148964,8571,157836,"2025-09-23 18:09:33"
4068,2024-11-01,3,113,60333,2088,62534,69,2059,717,2845,130,6755,1279,8164,14,156,110,280,326,69303,4194,73823,"2025-09-23 18:09:33"
4069,2024-11-01,4,120,68207,2088,70415,46,4079,1317,5442,162,16010,4262,20434,17,435,259,711,363,188778,14387,203528,"2025-09-23 18:09:33"
4070,2024-11-01,5,90,98752,3025,101867,46,2906,346,3298,138,8948,2255,11341,11,187,177,375,285,110793,5803,116881,"2025-09-23 18:09:33"
4071,2024-11-01,6,89,80246,2991,83326,43,2027,332,2402,168,8651,1559,10378,10,132,108,250,310,91056,4990,96356,"2025-09-23 18:09:33"
4072,2024-11-01,7,110,115474,9377,124961,61,3860,591,4512,130,13704,2608,16442,7,331,165,503,308,133369,12741,146418,"2025-09-23 18:09:33"
4073,2024-11-01,8,58,71722,3323,75103,34,2535,449,3018,73,10676,2289,13038,12,197,100,309,177,85130,6161,91468,"2025-09-23 18:09:33"
4074,2024-11-01,9,81,129379,5650,135110,52,3221,765,4038,176,9699,2145,12020,11,277,264,552,320,142576,8824,151720,"2025-09-23 18:09:33"
4075,2024-11-01,10,92,76173,4581,80846,48,2211,561,2820,128,7898,2050,10076,12,193,156,361,280,86475,7348,94103,"2025-09-23 18:09:33"
4076,2024-11-01,11,108,84639,2954,87701,56,2474,130,2660,128,9661,2196,11985,12,201,98,311,304,96975,5378,102657,"2025-09-23 18:09:33"
4077,2024-11-01,12,117,94807,1111,96035,44,2138,128,2310,135,6386,1165,7686,16,136,177,329,312,103467,2581,106360,"2025-09-23 18:09:33"
4078,2024-11-01,13,95,101885,4283,106263,56,2435,652,3143,171,9200,2172,11543,22,254,490,766,344,113774,7597,121715,"2025-09-23 18:09:33"
4079,2024-11-01,14,205,77539,3446,81190,101,1942,402,2445,134,5800,1802,7736,8,146,103,257,448,85427,5753,91628,"2025-09-23 18:09:33"
4080,2024-11-01,15,182,153856,3737,157775,134,2927,658,3719,183,10524,4731,15438,16,272,211,499,515,167579,9337,177431,"2025-09-23 18:09:33"
4081,2024-11-01,16,131,82031,8996,91158,46,1739,975,2760,177,8147,1861,10185,18,198,102,318,372,92115,11934,104421,"2025-09-23 18:09:33"
4082,2024-11-01,17,91,105351,1985,107427,49,2724,1104,3877,139,8441,1679,10259,8,196,102,306,287,116712,4870,121869,"2025-09-23 18:09:33"
4083,2024-11-01,18,130,207361,7536,215027,107,3900,1605,5612,160,17269,4777,22206,19,399,389,807,416,228929,14307,243652,"2025-09-23 18:09:33"
4084,2024-11-01,19,129,127268,4450,131847,62,2964,734,3760,145,10926,2901,13972,8,272,433,713,344,141430,8518,150292,"2025-09-23 18:09:33"
4085,2024-11-01,20,127,118610,2925,121662,62,3544,182,3788,171,12969,4468,17608,15,479,638,1132,375,135602,8213,144190,"2025-09-23 18:09:33"
4086,2024-11-01,21,263,63620,1162,65045,121,1737,77,1935,159,4885,1004,6048,13,152,31,196,556,70394,2274,73224,"2025-09-23 18:09:33"
4087,2024-11-01,22,101,113921,4031,118053,46,2883,743,3672,142,9724,2055,11921,15,197,186,398,304,126725,7015,134044,"2025-09-23 18:09:33"
4088,2024-11-01,23,1634,39302,239,41175,1516,1410,252,3178,337,3606,1568,5511,103,90,93,286,3590,44408,2152,50150,"2025-09-23 18:09:33"
4089,2024-11-01,63,139,91407,1125,92671,811,1740,249,2800,170,4958,1194,6322,21,241,103,365,1296,47916,3617,52829,"2025-09-23 18:09:33"
4090,2024-11-01,25,78,91753,5971,97802,33,2900,568,3501,123,11431,2783,14337,14,222,327,563,248,106306,9649,116203,"2025-09-23 18:09:33"
4091,2024-11-01,146,1965,758472,12902,773339,3746,67447,14729,85922,3913,241697,59858,305468,429,5968,5193,11590,12814,2971162,193451,3177427,"2025-09-23 18:09:33"
4093,2024-11-01,28,101,64826,2431,67358,63,1987,881,2931,102,9426,3095,12623,14,192,652,858,280,76431,7059,83770,"2025-09-23 18:09:33"
4094,2024-11-01,29,81,74892,841,75814,49,1979,549,2577,119,10714,1241,12074,13,250,211,474,262,87835,2842,90939,"2025-09-23 18:09:33"
4095,2024-11-01,77,295,139073,2849,142217,58,2033,466,2557,58,8714,4376,13148,4,325,1471,1800,229,92483,9133,101845,"2025-09-23 18:09:33"
4096,2024-11-01,57,68,58508,775,59351,49,843,177,1069,60,3573,2365,5998,6,111,1051,1168,195,49622,5279,55096,"2025-09-23 18:09:33"
4097,2024-11-01,32,71,87445,1655,89171,27,1864,380,2271,63,9963,1575,11601,1,208,288,497,162,99480,3898,103540,"2025-09-23 18:09:33"
4098,2024-11-01,33,126,118308,23698,142132,62,2638,514,3214,169,12939,2373,15481,10,207,543,760,367,134092,27128,161587,"2025-09-23 18:09:33"
4099,2024-11-01,79,85,110480,1538,112103,58,2109,308,2475,106,11773,1604,13483,9,199,234,442,297,101281,3694,105272,"2025-09-23 18:09:33"
4100,2024-11-01,35,96,66748,2421,69265,58,2065,242,2365,99,14127,2286,16512,8,230,322,560,261,83170,5271,88702,"2025-09-23 18:09:33"
4101,2024-11-01,36,108,92815,3452,96375,51,2611,337,2999,104,12840,2015,14959,9,218,285,512,272,108484,6089,114845,"2025-09-23 18:09:33"
4102,2024-11-01,60,302,185505,21337,207144,32,870,20,922,41,3605,889,4535,0,60,88,148,133,30769,1407,32309,"2025-09-23 18:09:33"
4103,2024-11-01,38,51,56465,66058,122574,24,1390,815,2229,78,5421,1355,6854,11,151,359,521,164,63427,68587,132178,"2025-09-23 18:09:33"
4104,2024-11-01,39,335,113121,23489,136945,505,1682,681,2868,183,8750,2315,11248,25,207,707,939,1048,123760,27192,152000,"2025-09-23 18:09:33"
4105,2024-11-01,40,83,26368,1316,27767,48,953,325,1326,83,4042,376,4501,9,47,55,111,223,31410,2072,33705,"2025-09-23 18:09:33"
4107,2024-11-01,42,137,142624,2185,144946,58,2850,228,3136,124,12609,2225,14958,9,308,482,799,328,158391,5120,163839,"2025-09-23 18:09:33"
4109,2024-11-01,44,0,19,2,21,36,370,21,427,48,5261,140,5449,2,66,20,88,135,15630,249,16014,"2025-09-23 18:09:33"
4111,2024-11-01,46,181,239278,13217,252676,108,4642,739,5489,180,29137,5427,34744,14,603,569,1186,483,273660,19952,294095,"2025-09-23 18:09:33"
4112,2024-11-01,47,121,117884,1489,119494,118,2863,516,3497,293,19601,2884,22778,61,408,292,761,593,140756,5181,146530,"2025-09-23 18:09:33"
4116,2024-11-01,51,187,197825,3051,201063,190,2942,607,3739,211,15760,1356,17327,12,475,167,654,600,217002,5181,222783,"2025-09-23 18:09:33"
4119,2024-11-01,54,137,27604,6357,34098,53,1132,296,1481,160,10425,790,11375,13,186,86,285,363,39347,7529,47239,"2025-09-23 18:09:33"
4120,2024-11-01,55,107,95458,143688,239253,64,3065,2166,5295,114,25789,2733,28636,18,531,327,876,303,124843,148914,274060,"2025-09-23 18:09:33"
4121,2024-11-01,56,350,224558,19270,244178,456,4895,845,6196,174,28924,3615,32713,24,591,495,1110,1004,258968,24225,284197,"2025-09-23 18:09:33"
4123,2024-11-01,58,185,144621,11222,156028,100,4012,83,4195,137,16878,4942,21957,18,426,836,1280,440,165937,17083,183460,"2025-09-23 18:09:33"
4124,2024-11-01,59,145,203820,33132,237097,80,4361,1050,5491,104,20394,3219,23717,11,475,318,804,340,229050,37719,267109,"2025-09-23 18:09:33"
4126,2024-11-01,61,158,209585,5534,215277,88,3138,720,3946,139,12297,3474,15910,14,398,503,915,399,225418,10231,236048,"2025-09-23 18:09:33"
4127,2024-11-01,62,74,8780,142,8996,57,511,71,639,126,3954,64,4144,3,49,13,65,260,13294,290,13844,"2025-09-23 18:09:33"
4130,2024-11-01,65,219,174543,3831,178593,153,4157,369,4679,192,26585,8157,34934,28,770,923,1721,592,206055,13280,219927,"2025-09-23 18:09:33"
4136,2024-11-01,71,84,72403,1960,74447,46,1999,550,2595,110,13630,3865,17605,9,363,447,819,249,88395,6822,95466,"2025-09-23 18:09:33"
4139,2024-11-01,74,124,178069,2674,180867,93,3068,363,3524,452,15438,2447,18337,25,631,293,949,694,197206,5777,203677,"2025-09-23 18:09:33"
4145,2024-11-01,80,166,109289,1201,110656,97,2519,663,3279,171,20732,4218,25121,14,426,1018,1458,448,132966,7100,140514,"2025-09-23 18:09:33"
4148,2024-11-01,83,365,178169,1183,179717,246,3196,664,4106,272,15089,1988,17349,84,645,166,895,967,197099,4001,202067,"2025-09-23 18:09:33"
4150,2024-11-01,85,149,25711,232,26092,83,1099,144,1326,158,6651,206,7015,23,133,44,200,413,33594,626,34633,"2025-09-23 18:09:33"
4151,2024-11-01,86,312,174518,1955,176785,155,3982,420,4557,195,19170,2722,22087,22,449,282,753,684,198119,5379,204182,"2025-09-23 18:09:33"
4152,2024-11-01,87,107,115408,3455,118970,77,2376,622,3075,82,13056,2164,15302,11,365,157,533,277,131205,6398,137880,"2025-09-23 18:09:33"
4153,2024-11-01,88,70,105451,2479,108000,22,2041,577,2640,37,9238,1511,10786,1,223,138,362,130,116953,4705,121788,"2025-09-23 18:09:33"
4154,2024-11-01,89,480,30904,309,31693,102,514,40,656,128,1994,455,2577,15,82,10,107,725,33494,814,35033,"2025-09-23 18:09:33"
4155,2024-11-01,90,142,88717,1747,90606,73,2232,425,2730,110,10067,2355,12532,11,218,201,430,336,101234,4728,106298,"2025-09-23 18:09:33"
4156,2024-11-01,91,198,173241,914,174353,96,4697,2360,7153,129,30554,5548,36231,16,697,359,1072,439,209189,9181,218809,"2025-09-23 18:09:33"
4157,2024-11-01,92,92,61866,1063,63021,75,1488,283,1846,100,8314,1403,9817,14,192,150,356,281,71860,2899,75040,"2025-09-23 18:09:33"
4158,2024-11-01,93,132,87501,854,88487,72,2074,169,2315,92,8969,3897,12958,10,175,258,443,306,98719,5178,104203,"2025-09-23 18:09:33"
4159,2024-11-01,94,253,203209,2702,206164,112,4921,1647,6680,198,30892,4498,35588,9,707,698,1414,572,239729,9545,249846,"2025-09-23 18:09:33"
4160,2024-11-01,95,368,270075,2207,272650,200,7016,1029,8245,223,43019,6483,49725,28,1096,503,1627,819,321206,10222,332247,"2025-09-23 18:09:33"
4161,2024-11-01,96,97,31764,656,32517,47,1200,74,1321,83,5328,685,6096,11,104,51,166,238,38396,1466,40100,"2025-09-23 18:09:33"
4162,2024-11-01,97,6,98,2,106,0,38,10,48,0,127,7,134,0,0,1,1,6,263,20,289,"2025-09-23 18:09:33"
4163,2024-11-01,98,47,73325,1735,75107,19,2100,115,2234,33,8274,1248,9555,1,171,175,347,100,83870,3273,87243,"2025-09-23 18:09:33"
4164,2024-11-01,99,37,51712,937,52686,31,1867,446,2344,32,9779,1734,11545,4,183,173,360,104,63541,3290,66935,"2025-09-23 18:09:33"
4165,2024-11-01,100,194,129363,2810,132367,149,3437,579,4165,155,15693,3302,19150,24,338,198,560,522,148831,6889,156242,"2025-09-23 18:09:33"
4166,2024-11-01,101,201,179291,4395,183887,57,2358,1393,3808,104,7624,1924,9652,10,357,199,566,372,189630,7911,197913,"2025-09-23 18:09:33"
4167,2024-11-01,102,162,71888,1592,73642,60,2022,229,2311,76,7489,1565,9130,3,196,158,357,301,81595,3544,85440,"2025-09-23 18:09:33"
4168,2024-11-01,103,215,63247,2043,65505,58,2065,266,2389,100,8786,1596,10482,17,184,144,345,390,74282,4049,78721,"2025-09-23 18:09:33"
4169,2024-11-01,104,107,184432,4920,189459,166,4583,1511,6260,159,20304,3136,23599,21,582,555,1158,453,209901,10122,220476,"2025-09-23 18:09:33"
4170,2024-11-01,105,274,143471,1961,145706,107,2036,136,2279,65,6697,1467,8229,3,262,135,400,449,152466,3699,156614,"2025-09-23 18:09:33"
4171,2024-11-01,106,243,98855,1018,100116,143,2681,510,3334,103,8269,2154,10526,16,233,123,372,505,110038,3805,114348,"2025-09-23 18:09:33"
4172,2024-11-01,107,146,72764,1362,74272,70,2393,63,2526,90,6398,1991,8479,18,171,96,285,324,81726,3512,85562,"2025-09-23 18:09:33"
4173,2024-11-01,108,177,227400,1857,229434,111,6334,452,6897,155,37293,6398,43846,23,740,520,1283,466,271767,9227,281460,"2025-09-23 18:09:33"
4174,2024-11-01,109,210,138002,2422,140634,147,4839,1113,6099,222,22814,4024,27060,12,422,326,760,591,166077,7885,174553,"2025-09-23 18:09:33"
4175,2024-11-01,110,86,122251,2228,124565,42,3886,646,4574,33,18252,2652,20937,3,447,362,812,164,144836,5888,150888,"2025-09-23 18:09:33"
4176,2024-11-01,111,175,94858,751,95784,96,3039,532,3667,133,19400,3343,22876,15,997,291,1303,419,118294,4917,123630,"2025-09-23 18:09:33"
4177,2024-11-01,112,154,118025,2266,120445,114,2077,603,2794,120,10032,3828,13980,11,341,170,522,399,130475,6867,137741,"2025-09-23 18:09:33"
4178,2024-11-01,113,91,74398,1313,75802,28,2123,912,3063,39,9027,1595,10661,0,196,126,322,158,85744,3946,89848,"2025-09-23 18:09:33"
4179,2024-11-01,114,186,118009,706,118901,89,3708,465,4262,167,20033,2996,23196,14,503,247,764,456,142253,4414,147123,"2025-09-23 18:09:33"
4180,2024-11-01,115,241,53837,414,54492,99,1675,520,2294,255,12113,905,13273,13,294,84,391,608,67919,1923,70450,"2025-09-23 18:09:33"
4181,2024-11-01,116,193,53751,345,54289,90,1979,647,2716,203,14304,6475,20982,10,328,348,686,496,70362,7815,78673,"2025-09-23 18:09:33"
4182,2024-11-01,117,88,17570,81,17739,69,712,239,1020,155,6355,4093,10603,7,141,491,639,319,24778,4904,30001,"2025-09-23 18:09:33"
4183,2024-11-01,118,98,107846,1196,109140,62,2736,553,3351,62,10532,2567,13161,10,323,187,520,232,121437,4503,126172,"2025-09-23 18:09:33"
4184,2024-11-01,119,52,186041,3376,189469,40,3339,753,4132,52,11605,3685,15342,12,497,310,819,156,201482,8124,209762,"2025-09-23 18:09:33"
4185,2024-11-01,120,28,144326,751,145105,16,1787,86,1889,23,4925,1407,6355,0,238,42,280,67,151276,2286,153629,"2025-09-23 18:09:33"
4186,2024-11-01,121,388,123300,1698,125386,175,3870,1439,5484,234,21580,4865,26679,19,695,361,1075,816,149445,8363,158624,"2025-09-23 18:09:33"
4187,2024-11-01,122,116,58997,413,59526,96,1230,192,1518,87,5726,2053,7866,9,149,317,475,308,66102,2975,69385,"2025-09-23 18:09:33"
4188,2024-11-01,123,279,152305,2036,154620,266,4431,446,5143,194,18047,3018,21259,27,557,274,858,766,175340,5774,181880,"2025-09-23 18:09:33"
4189,2024-11-01,124,210,102563,952,103725,87,3294,797,4178,128,18995,4353,23476,16,476,554,1046,441,125328,6656,132425,"2025-09-23 18:09:33"
4190,2024-11-01,125,279,214159,2305,216743,93,5426,2680,8199,170,31139,6355,37664,20,698,300,1018,562,251422,11640,263624,"2025-09-23 18:09:33"
4191,2024-11-01,126,366,290941,3775,295082,159,7620,2212,9991,254,35978,7505,43737,23,992,1036,2051,802,335531,14528,350861,"2025-09-23 18:09:33"
4192,2024-11-01,127,188,66498,3693,70379,71,2704,757,3532,154,20846,2439,23439,14,367,378,759,427,90415,7267,98109,"2025-09-23 18:09:33"
4193,2024-11-01,128,202,123067,993,124262,89,2476,356,2921,148,15474,2278,17900,12,338,154,504,451,141355,3781,145587,"2025-09-23 18:09:33"
4194,2024-11-01,129,397,456393,2764,459554,233,10077,2776,13086,290,64638,8249,73177,75,1674,691,2440,995,532782,14480,548257,"2025-09-23 18:09:33"
4196,2024-11-01,131,75,15452,121,15648,56,744,54,854,78,7980,254,8312,11,91,28,130,220,24267,457,24944,"2025-09-23 18:09:33"
4197,2024-11-01,132,70,11140,138,11348,51,447,94,592,118,4881,377,5376,4,90,223,317,243,16558,832,17633,"2025-09-23 18:09:33"
4198,2024-11-01,133,70,12140,113,12323,59,599,88,746,107,6427,492,7026,17,75,47,139,253,19241,740,20234,"2025-09-23 18:09:33"
4199,2024-11-01,134,94,17529,114,17737,60,670,91,821,118,8190,186,8494,13,93,40,146,285,26482,431,27198,"2025-09-23 18:09:33"
4200,2024-11-01,135,71,20150,175,20396,59,797,84,940,84,8065,688,8837,11,144,90,245,225,29156,1037,30418,"2025-09-23 18:09:33"
4201,2024-11-01,136,77,47865,297,48239,71,2064,210,2345,114,13737,1444,15295,15,246,140,401,277,63912,2091,66280,"2025-09-23 18:09:33"
4202,2024-11-01,137,101,54884,702,55687,82,1678,183,1943,155,13588,1697,15440,11,344,886,1241,349,70494,3468,74311,"2025-09-23 18:09:33"
4203,2024-11-01,138,34,17311,160,17505,26,531,34,591,32,3175,587,3794,7,70,48,125,99,21087,829,22015,"2025-09-23 18:09:33"
4204,2024-11-01,139,73,45494,301,45868,63,1465,85,1613,87,9281,1109,10477,6,234,85,325,229,56474,1580,58283,"2025-09-23 18:09:33"
4205,2024-11-01,140,1,8,0,9,0,3,0,3,0,8,0,8,0,0,0,0,1,19,0,20,"2025-09-23 18:09:33"
4206,2024-11-01,141,205,87910,1076,89191,114,2111,363,2588,180,12123,1128,13431,18,347,268,633,517,102491,2835,105843,"2025-09-23 18:09:33"
4207,2024-11-01,142,55,83178,1683,84916,127,1972,844,2943,65,10794,1852,12711,4,321,220,545,251,96265,4599,101115,"2025-09-23 18:09:33"
4208,2024-11-01,143,171,91823,2467,94461,124,2427,556,3107,132,14721,2082,16935,8,410,197,615,435,109381,5302,115118,"2025-09-23 18:09:33"
4209,2024-11-01,144,134,131341,4382,135857,86,2968,706,3760,134,15798,2544,18476,14,568,365,947,368,150675,7997,159040,"2025-09-23 18:09:33"
4210,2024-11-01,145,199,95125,4827,100151,153,2820,418,3391,258,19926,1807,21991,31,448,282,761,641,118319,7334,126294,"2025-09-23 18:09:33"
4212,2024-11-01,147,79,23462,62,23603,38,566,99,703,56,2238,429,2723,9,91,33,133,182,26357,623,27162,"2025-09-23 18:09:33"
4213,2024-11-01,148,224,42419,1179,43822,122,1537,367,2026,228,12844,679,13751,24,212,133,369,598,57012,2358,59968,"2025-09-23 18:09:33"
4214,2024-11-01,149,71,20624,1956,22651,44,987,217,1248,97,8601,596,9294,9,112,71,192,221,30324,2840,33385,"2025-09-23 18:09:33"
4215,2024-11-01,150,153,45712,815,46680,90,2028,355,2473,143,15313,1084,16540,28,204,91,323,414,63257,2345,66016,"2025-09-23 18:09:33"
4216,2024-11-01,151,152,86247,800,87199,78,2412,357,2847,187,19231,2333,21751,16,487,804,1307,433,108377,4294,113104,"2025-09-23 18:09:33"
4217,2024-11-01,152,133,40354,553,41040,72,1392,170,1634,182,12832,543,13557,33,192,155,380,420,54770,1421,56611,"2025-09-23 18:09:33"
4218,2024-11-01,153,99,23073,182,23354,70,1076,331,1477,152,11227,396,11775,14,93,55,162,335,35469,964,36768,"2025-09-23 18:09:33"
4219,2024-11-01,154,178,81951,957,83086,89,2413,483,2985,161,19004,1858,21023,25,411,438,874,453,103779,3736,107968,"2025-09-23 18:09:33"
4220,2024-11-01,155,78,19698,148,19924,39,692,112,843,108,7714,441,8263,17,92,82,191,242,28196,783,29221,"2025-09-23 18:09:33"
4221,2024-11-01,156,204,174319,2141,176664,138,4644,494,5276,188,24319,3689,28196,49,725,386,1160,579,204007,6710,211296,"2025-09-23 18:09:33"
4222,2024-11-01,157,149,35005,280,35434,119,1390,317,1826,183,11506,745,12434,13,200,124,337,464,48101,1466,50031,"2025-09-23 18:09:33"
4223,2024-11-01,158,99,119791,1809,121699,63,3758,682,4503,124,19584,2892,22600,10,564,397,971,296,143697,5780,149773,"2025-09-23 18:09:33"
4224,2024-11-01,159,160,183009,1738,184907,162,4319,899,5380,219,20974,2586,23779,25,601,298,924,566,208903,5521,214990,"2025-09-23 18:09:33"
4225,2024-11-01,160,79,11417,66,11562,59,455,59,573,123,6042,525,6690,17,70,62,149,278,17984,712,18974,"2025-09-23 18:09:33"
4226,2024-11-01,161,89,24676,209,24974,49,973,112,1134,194,10825,251,11270,19,141,49,209,351,36615,621,37587,"2025-09-23 18:09:33"
4227,2024-11-01,162,162,43340,377,43879,95,1380,200,1675,142,12261,769,13172,21,228,124,373,420,57209,1470,59099,"2025-09-23 18:09:33"
4229,2024-11-01,164,82,12379,160,12621,64,487,74,625,99,6575,735,7409,11,81,39,131,256,19522,1008,20786,"2025-09-23 18:09:33"
4230,2024-11-01,165,108,20982,158,21248,73,999,92,1164,141,12684,260,13085,10,117,42,169,332,34782,552,35666,"2025-09-23 18:09:33"
4231,2024-11-01,166,67,10650,98,10815,42,411,57,510,71,5025,392,5488,6,56,62,124,186,16142,609,16937,"2025-09-23 18:09:33"
4232,2024-11-01,167,93,78065,760,78918,71,2135,282,2488,88,14639,3477,18204,14,549,1691,2254,266,95388,6210,101864,"2025-09-23 18:09:33"
4233,2024-11-01,168,59,9259,388,9706,39,386,52,477,77,3944,208,4229,4,68,24,96,179,13657,672,14508,"2025-09-23 18:09:33"
4234,2024-11-01,169,140,52784,793,53717,114,1868,369,2351,219,15604,1708,17531,20,363,272,655,493,70619,3142,74254,"2025-09-23 18:09:33"
4235,2024-11-01,170,80,20272,401,20753,48,769,273,1090,76,7902,1044,9022,11,124,148,283,215,29067,1866,31148,"2025-09-23 18:09:33"
4236,2024-11-01,171,119,82911,2239,85269,116,2593,406,3115,152,12983,2277,15412,10,340,353,703,397,98827,5275,104499,"2025-09-23 18:09:33"
4237,2024-11-01,172,253,40790,153,41196,202,1466,69,1737,160,11861,863,12884,14,193,122,329,629,54310,1207,56146,"2025-09-23 18:09:33"
4238,2024-11-01,173,74,13977,148,14199,51,724,68,843,103,7911,356,8370,14,90,51,155,242,22702,623,23567,"2025-09-23 18:09:33"
4239,2024-11-01,174,171,124093,1841,126105,130,2896,603,3629,195,22715,2105,25015,20,453,932,1405,516,150157,5481,156154,"2025-09-23 18:09:33"
4240,2024-11-01,175,120,14121,103830,118071,67,628,2321,3016,209,9438,388,10035,5,134,36,175,401,24321,106575,131297,"2025-09-23 18:09:33"
4241,2024-11-01,176,198,113622,2402,116222,151,3109,722,3982,201,21656,3559,25416,17,416,837,1270,567,138803,7520,146890,"2025-09-23 18:09:33"
4242,2024-11-01,177,82,21472,214,21768,45,792,107,944,113,8201,502,8816,7,110,53,170,247,30575,876,31698,"2025-09-23 18:09:33"
4243,2024-11-01,178,89,24475,85,24649,63,1204,81,1348,119,11290,784,12193,8,208,139,355,279,37177,1089,38545,"2025-09-23 18:09:33"
4244,2024-11-01,179,129,16241,165,16535,56,693,104,853,106,9688,206,10000,11,98,31,140,302,26720,506,27528,"2025-09-23 18:09:33"
4245,2024-11-01,180,80,19249,176,19505,45,721,84,850,90,8180,882,9152,3,126,88,217,218,28276,1230,29724,"2025-09-23 18:09:33"
4246,2024-11-01,181,86,13365,105,13556,74,548,47,669,108,7092,286,7486,7,60,33,100,275,21065,471,21811,"2025-09-23 18:09:33"
4247,2024-11-01,182,77,11216,89,11382,50,526,61,637,96,6326,143,6565,9,60,26,95,232,18128,319,18679,"2025-09-23 18:09:33"
4248,2024-11-01,183,69,12251,5639,17959,50,511,113,674,88,6552,202,6842,12,88,25,125,219,19402,5979,25600,"2025-09-23 18:09:33"
4249,2024-11-01,184,113,24464,87600,112177,77,1604,928,2609,142,15545,235,15922,10,125,44,179,342,41738,88807,130887,"2025-09-23 18:09:33"
4250,2024-11-01,185,98,25802,454,26354,51,918,874,1843,98,8022,500,8620,9,155,143,307,256,34897,1971,37124,"2025-09-23 18:09:33"
4252,2024-11-01,187,140,120051,925,121116,100,2963,403,3466,130,22103,2739,24972,15,425,385,825,385,145542,4452,150379,"2025-09-23 18:09:33"
4253,2024-11-01,188,209,119560,1734,121503,150,3702,535,4387,223,25916,1979,28118,16,562,384,962,598,149740,4632,154970,"2025-09-23 18:09:33"
4254,2024-11-01,189,60,14541,37,14638,33,649,54,736,74,6518,686,7278,17,90,55,162,184,21798,832,22814,"2025-09-23 18:09:33"
4255,2024-11-01,190,190,193357,2477,196024,112,4892,765,5769,225,25911,3628,29764,20,661,466,1147,547,224821,7336,232704,"2025-09-23 18:09:33"
4257,2024-11-01,192,142,58779,615,59536,85,1975,267,2327,164,17913,1089,19166,18,244,187,449,409,78911,2158,81478,"2025-09-23 18:09:33"
4258,2024-11-01,193,97,27296,385,27778,56,1175,117,1348,139,10363,284,10786,12,150,98,260,304,38984,884,40172,"2025-09-23 18:09:33"
4259,2024-11-01,194,98,11167,48,11313,53,417,42,512,87,7027,94,7208,16,56,14,86,254,18667,198,19119,"2025-09-23 18:09:33"
4260,2024-11-01,195,121,37183,403,37707,91,1592,265,1948,203,17375,1052,18630,17,206,169,392,432,56356,1889,58677,"2025-09-23 18:09:33"
4261,2024-11-01,196,75,20242,128,20445,45,790,49,884,88,11355,979,12422,15,144,146,305,223,32531,1302,34056,"2025-09-23 18:09:33"
4262,2024-11-01,197,279,64938,905,66122,241,2107,310,2658,259,19335,1197,20791,49,343,229,621,828,86723,2641,90192,"2025-09-23 18:09:33"
4263,2024-11-01,198,74,12938,103,13115,50,586,54,690,127,5971,116,6214,16,77,27,120,267,19572,300,20139,"2025-09-23 18:09:33"
4264,2024-11-01,199,57,6051,36,6144,32,282,28,342,61,3931,48,4040,2,35,7,44,152,10299,119,10570,"2025-09-23 18:09:33"
4265,2024-11-01,200,134,41450,486,42070,78,1569,141,1788,148,14697,740,15585,26,231,158,415,386,57947,1525,59858,"2025-09-23 18:09:33"
4266,2024-11-01,201,129,45364,407,45900,85,1689,243,2017,129,16294,1487,17910,18,240,355,613,361,63587,2492,66440,"2025-09-23 18:09:33"
4267,2024-11-01,202,103,23236,168,23507,63,703,79,845,112,8673,201,8986,21,109,44,174,299,32721,492,33512,"2025-09-23 18:09:33"
4268,2024-11-01,203,61,4394,358,4813,21,265,192,478,62,1437,29,1528,8,26,2,36,152,6122,581,6855,"2025-09-23 18:09:33"
4269,2024-11-01,204,133,20603,115,20851,58,610,84,752,121,6617,122,6860,19,120,39,178,331,27950,360,28641,"2025-09-23 18:09:33"
4270,2024-11-01,205,79,19631,90,19800,81,824,84,989,125,12258,839,13222,10,118,101,229,295,32831,1114,34240,"2025-09-23 18:09:33"
4271,2024-11-01,206,79,17874,162,18115,44,621,51,716,93,7863,599,8555,15,97,175,287,231,26455,987,27673,"2025-09-23 18:09:33"
4272,2024-11-01,207,56,9973,39,10068,68,462,44,574,83,6019,112,6214,10,73,13,96,217,16527,208,16952,"2025-09-23 18:09:33"
4273,2024-11-01,208,128,56081,270,56479,63,1779,337,2179,110,12909,1557,14576,13,264,310,587,314,71033,2474,73821,"2025-09-23 18:09:33"
4274,2024-11-01,209,140,104874,1333,106347,82,2859,770,3711,211,17955,4226,22392,13,463,1722,2198,446,126151,8051,134648,"2025-09-23 18:09:33"
4275,2024-11-01,210,158,128554,2204,130916,97,2869,323,3289,106,18072,1067,19245,29,448,300,777,390,149943,3894,154227,"2025-09-23 18:09:33"
4277,2024-11-01,212,124,96143,1024,97291,87,2816,471,3374,144,11990,501,12635,15,325,159,499,370,111274,2155,113799,"2025-09-23 18:09:33"
4278,2024-11-01,213,105,24683,193,24981,72,851,178,1101,105,9350,258,9713,14,83,177,274,296,34967,806,36069,"2025-09-23 18:09:33"
4279,2024-11-01,214,52,11907,78,12037,62,711,90,863,94,7378,211,7683,11,127,66,204,232,28046,556,28834,"2025-09-23 18:09:33"
4280,2024-11-01,215,264,245680,2293,248237,153,6078,549,6780,234,41090,4660,45984,37,846,578,1461,688,293694,8080,302462,"2025-09-23 18:09:33"
4281,2024-11-01,216,103,14200,149,14452,55,523,112,690,133,6194,153,6480,9,63,29,101,300,20980,443,21723,"2025-09-23 18:09:33"
4282,2024-11-01,217,111,43800,480,44391,93,1370,193,1656,105,13674,2562,16341,15,201,607,823,324,59045,3842,63211,"2025-09-23 18:09:33"
4283,2024-11-01,218,100,48382,680,49162,79,1435,220,1734,136,10491,551,11178,18,186,111,315,333,60494,1562,62389,"2025-09-23 18:09:33"
4284,2024-11-01,219,90,13746,57,13893,62,489,56,607,97,7210,479,7786,8,145,152,305,257,21590,744,22591,"2025-09-23 18:09:33"
4285,2024-11-01,220,167,154954,1110,156231,97,4079,796,4972,150,22349,7169,29668,22,658,1546,2226,436,182040,10621,193097,"2025-09-23 18:09:33"
4286,2024-11-01,221,65,10489,55,10609,52,375,44,471,89,4587,569,5245,13,59,120,192,219,15510,788,16517,"2025-09-23 18:09:33"
4287,2024-11-01,222,213,144251,2854,147318,176,3215,1035,4426,239,26755,2372,29366,33,505,433,971,661,174726,6694,182081,"2025-09-23 18:09:33"
4288,2024-11-01,223,69,25124,182,25375,73,1018,109,1200,96,10318,411,10825,10,145,64,219,248,36605,766,37619,"2025-09-23 18:09:33"
4289,2024-11-01,224,145,90059,1285,91489,64,1881,471,2416,138,10490,985,11613,16,162,153,331,363,102592,2894,105849,"2025-09-23 18:09:33"
4290,2024-11-01,225,67,96145,6218,102430,32,1830,400,2262,53,10910,1667,12630,4,213,228,445,156,109098,8513,117767,"2025-09-23 18:09:33"
4291,2024-11-01,226,239,146892,17734,164865,219,2007,885,3111,142,10158,992,11292,15,222,184,421,615,159279,19795,179689,"2025-09-23 18:09:33"
4292,2024-11-01,227,232,114860,46749,161841,170,2229,436,2835,131,17050,1460,18641,19,305,355,679,552,134444,49000,183996,"2025-09-23 18:09:33"
4293,2024-11-01,228,94,87661,718,88473,35,1907,162,2104,88,7822,1018,8928,12,278,278,568,229,97668,2176,100073,"2025-09-23 18:09:33"
4294,2024-11-01,229,98,43209,684,43991,83,1652,245,1980,121,8814,348,9283,14,170,72,256,316,53845,1349,55510,"2025-09-23 18:09:33"
4295,2024-11-01,230,60,16233,92,16385,68,530,44,642,106,7813,175,8094,10,79,83,172,244,24655,394,25293,"2025-09-23 18:09:33"
4296,2024-11-01,231,84,33381,31570,65035,53,1037,376,1466,82,10257,532,10871,6,263,224,493,225,44938,32702,77865,"2025-09-23 18:09:33"
4297,2024-11-01,232,64,13569,6619,20252,55,487,108,650,124,6549,150,6823,13,67,33,113,256,20672,6910,27838,"2025-09-23 18:09:33"
4298,2024-11-01,233,86,15786,148,16020,58,593,75,726,137,8173,398,8708,15,89,74,178,296,24641,695,25632,"2025-09-23 18:09:33"
4300,2024-11-01,235,246,77587,943,78776,136,2822,147,3105,351,27016,682,28049,42,252,140,434,775,107677,1912,110364,"2025-09-23 18:09:33"
4301,2024-11-01,236,607,254409,270010,525026,356,7076,6272,13704,689,59056,3651,63396,39,1456,605,2100,1691,321997,280538,604226,"2025-09-23 18:09:33"
4303,2024-11-01,238,161,94177,2431,96769,149,2491,508,3148,265,18135,1429,19829,38,408,408,854,613,115211,4776,120600,"2025-09-23 18:09:33"
4305,2024-11-01,240,115,39940,735,40790,81,1195,161,1437,127,6889,521,7537,11,178,218,407,334,48202,1635,50171,"2025-09-23 18:09:33"
4306,2024-11-01,241,122,26426,464,27012,98,798,120,1016,183,6759,187,7129,10,152,46,208,413,34135,817,35365,"2025-09-23 18:09:33"
4307,2024-11-01,242,116,34221,925,35262,90,1047,142,1279,115,5384,316,5815,7,148,92,247,328,40800,1475,42603,"2025-09-23 18:09:33"
4308,2024-11-01,243,53,8847,61,8961,55,305,30,390,110,3333,49,3492,10,51,16,77,228,12536,156,12920,"2025-09-23 18:09:33"
4309,2024-11-01,244,46,12536,156,12738,42,403,25,470,123,4144,68,4335,12,79,21,112,223,17162,270,17655,"2025-09-23 18:09:33"
4310,2024-11-01,245,132,15163,154,15449,82,620,58,760,131,6194,134,6459,13,123,54,190,358,22100,400,22858,"2025-09-23 18:09:33"
4311,2024-11-01,246,218,161745,2693,164656,170,4211,513,4894,235,26638,2276,29149,25,678,375,1078,648,193272,5857,199777,"2025-09-23 18:09:33"
4312,2024-11-01,247,59,14628,89,14776,56,451,60,567,121,5000,113,5234,9,85,30,124,245,20164,292,20701,"2025-09-23 18:09:33"
4313,2024-11-01,248,113,14221,230,14564,99,540,76,715,149,6157,155,6461,21,107,34,162,382,21025,495,21902,"2025-09-23 18:09:33"
4314,2024-11-01,249,54,17044,196,17294,68,668,53,789,140,7016,141,7297,14,89,21,124,276,24817,411,25504,"2025-09-23 18:09:33"
4315,2024-11-01,250,351,121601,2518,124470,289,3032,608,3929,270,18548,2765,21583,21,522,411,954,931,143703,6302,150936,"2025-09-23 18:09:33"
4316,2024-11-01,251,65,16255,375,16695,62,594,120,776,120,3332,133,3585,12,124,43,179,259,20305,671,21235,"2025-09-23 18:09:33"
4317,2024-11-01,252,103,17713,242,18058,83,757,73,913,118,8665,142,8925,21,96,50,167,325,27231,507,28063,"2025-09-23 18:09:33"
4318,2024-11-01,253,131,28221,256,28608,116,1183,281,1580,186,11756,450,12392,22,160,66,248,455,41320,1053,42828,"2025-09-23 18:09:33"
4319,2024-11-01,254,58,9984,58,10100,62,287,42,391,102,3290,52,3444,10,59,23,92,232,13620,175,14027,"2025-09-23 18:09:33"
4320,2024-11-01,255,87,19524,507,20118,67,816,80,963,124,8621,270,9015,14,133,49,196,292,29094,906,30292,"2025-09-23 18:09:33"
4322,2024-11-01,257,109,20254,166,20529,65,1269,97,1431,152,10635,277,11064,14,111,49,174,340,32269,589,33198,"2025-09-23 18:09:33"
4323,2024-11-01,258,212,116721,2101,119034,125,3006,520,3651,214,19370,3173,22757,21,496,702,1219,572,139593,6496,146661,"2025-09-23 18:09:33"
4324,2024-11-01,259,120,34084,569,34773,60,1465,134,1659,143,13684,1027,14854,8,261,153,422,331,49494,1883,51708,"2025-09-23 18:09:33"
4325,2024-11-01,260,135,29596,502,30233,104,1155,167,1426,178,12485,453,13116,18,178,68,264,435,43414,1190,45039,"2025-09-23 18:09:33"
4326,2024-11-01,261,71,8972,59,9102,42,470,60,572,99,4437,251,4787,7,47,38,92,219,13926,408,14553,"2025-09-23 18:09:33"
4327,2024-11-01,262,99,18985,178,19262,60,801,115,976,128,8668,263,9059,12,98,55,165,299,28552,611,29462,"2025-09-23 18:09:33"
4328,2024-11-01,263,72,10394,94,10560,61,384,31,476,98,5225,66,5389,10,46,19,75,241,16049,210,16500,"2025-09-23 18:09:33"
4329,2024-11-01,264,113,46750,233,47096,120,1599,430,2149,209,12376,2354,14939,28,253,212,493,470,60978,3229,64677,"2025-09-23 18:09:33"
4330,2024-11-01,265,185,114603,1852,116640,144,3800,490,4434,216,24401,3101,27718,17,424,430,871,562,143228,5873,149663,"2025-09-23 18:09:33"
4331,2024-11-01,266,83,9736,59,9878,61,416,70,547,117,4947,270,5334,7,63,25,95,268,15162,424,15854,"2025-09-23 18:09:33"
4332,2024-11-01,267,75,7907,33,8015,41,354,22,417,115,4420,80,4615,6,50,19,75,237,12731,154,13122,"2025-09-23 18:09:33"
4333,2024-11-01,268,140,152392,3193,155725,101,3354,970,4425,121,19287,2609,22017,13,539,402,954,375,175572,7174,183121,"2025-09-23 18:09:33"
4334,2024-11-01,269,339,137304,1998,139641,227,3019,521,3767,235,15918,1547,17700,24,352,262,638,825,156593,4328,161746,"2025-09-23 18:09:33"
4335,2024-11-01,270,105,41204,1787,43096,113,1563,195,1871,163,14966,891,16020,9,237,134,380,390,57970,3007,61367,"2025-09-23 18:09:33"
4336,2024-11-01,271,107,9570,78,9755,58,407,94,559,110,5046,104,5260,15,59,17,91,290,15082,293,15665,"2025-09-23 18:09:33"
4338,2024-12-01,1,162,219170,14347,233679,61,3842,559,4462,187,13547,2452,16186,19,372,153,544,429,236931,17511,254871,"2025-09-23 18:09:40"
4339,2024-12-01,2,106,136733,5126,141965,41,3229,629,3899,146,11909,2609,14664,7,237,211,455,300,152108,8575,160983,"2025-09-23 18:09:40"
4340,2024-12-01,3,111,60294,2086,62491,68,2053,717,2838,133,6709,1278,8120,15,154,110,279,327,69210,4191,73728,"2025-09-23 18:09:40"
4341,2024-12-01,4,119,68345,2047,70511,45,4070,1329,5444,162,15987,4278,20427,17,439,263,719,362,188960,14398,203720,"2025-09-23 18:09:40"
4342,2024-12-01,5,90,98650,3023,101763,45,2891,347,3283,144,8924,2255,11323,11,186,179,376,290,110651,5804,116745,"2025-09-23 18:09:40"
4343,2024-12-01,6,89,80086,2956,83131,44,2018,326,2388,168,8844,1558,10570,10,128,108,246,311,91076,4948,96335,"2025-09-23 18:09:40"
4344,2024-12-01,7,110,115193,9149,124452,61,3822,566,4449,125,13651,2606,16382,7,330,170,507,303,132996,12491,145790,"2025-09-23 18:09:40"
4345,2024-12-01,8,56,71715,3310,75081,33,2512,446,2991,73,10659,2286,13018,12,203,97,312,174,85089,6139,91402,"2025-09-23 18:09:40"
4346,2024-12-01,9,81,129273,5600,134954,52,3200,752,4004,175,9676,2149,12000,11,275,259,545,319,142424,8760,151503,"2025-09-23 18:09:40"
4347,2024-12-01,10,92,76137,4581,80810,48,2188,565,2801,124,7908,2036,10068,12,192,158,362,276,86425,7340,94041,"2025-09-23 18:09:40"
4348,2024-12-01,11,109,84500,2959,87568,58,2476,126,2660,127,9670,2199,11996,12,201,98,311,306,96847,5382,102535,"2025-09-23 18:09:40"
4349,2024-12-01,12,117,94670,1110,95897,44,2125,128,2297,134,6380,1158,7672,16,134,173,323,311,103309,2569,106189,"2025-09-23 18:09:40"
4350,2024-12-01,13,97,101747,4273,106117,56,2429,654,3139,171,9195,2168,11534,22,255,491,768,346,113626,7586,121558,"2025-09-23 18:09:40"
4351,2024-12-01,14,205,77391,3444,81040,101,1931,403,2435,134,5783,1801,7718,8,149,103,260,448,85254,5751,91453,"2025-09-23 18:09:40"
4352,2024-12-01,15,178,153948,3692,157818,133,2914,651,3698,182,10438,4717,15337,16,274,205,495,509,167574,9265,177348,"2025-09-23 18:09:40"
4353,2024-12-01,16,132,82022,8756,90910,47,1739,963,2749,176,8155,1859,10190,18,195,101,314,373,92111,11679,104163,"2025-09-23 18:09:40"
4354,2024-12-01,17,91,105298,1993,107382,48,2702,1103,3853,142,8392,1674,10208,8,200,101,309,289,116592,4871,121752,"2025-09-23 18:09:40"
4355,2024-12-01,18,128,206771,7477,214376,106,3879,1615,5600,158,17192,4774,22124,19,391,387,797,411,228233,14253,242897,"2025-09-23 18:09:40"
4356,2024-12-01,19,130,127244,4451,131825,64,2962,733,3759,144,10899,2893,13936,8,271,432,711,346,141376,8509,150231,"2025-09-23 18:09:40"
4357,2024-12-01,20,125,118437,2929,121491,63,3512,187,3762,174,12905,4498,17577,15,484,638,1137,377,135338,8252,143967,"2025-09-23 18:09:40"
4358,2024-12-01,21,261,63515,1160,64936,125,1726,75,1926,155,4884,1008,6047,13,156,31,200,554,70281,2274,73109,"2025-09-23 18:09:40"
4359,2024-12-01,22,101,113914,4050,118065,46,2853,748,3647,139,9723,2040,11902,16,201,186,403,302,126691,7024,134017,"2025-09-23 18:09:40"
4360,2024-12-01,23,1647,39262,254,41163,1508,1396,254,3158,337,3587,1560,5484,106,94,94,294,3598,44339,2162,50099,"2025-09-23 18:09:40"
4361,2024-12-01,63,140,91475,1118,92733,811,1729,251,2791,175,4836,1194,6205,21,239,105,365,1303,47551,3507,52361,"2025-09-23 18:09:40"
4362,2024-12-01,25,78,91673,6010,97761,33,2887,576,3496,122,11409,2781,14312,14,228,325,567,247,106197,9692,116136,"2025-09-23 18:09:40"
4363,2024-12-01,146,1968,759099,12852,773919,3741,67085,14703,85529,3907,241262,59831,305000,433,5988,5178,11599,12811,2971189,192933,3176933,"2025-09-23 18:09:40"
4365,2024-12-01,28,98,64733,2434,67265,62,1972,910,2944,102,9400,3088,12590,14,194,649,857,276,76299,7081,83656,"2025-09-23 18:09:40"
4366,2024-12-01,29,80,75036,847,75963,49,1979,567,2595,120,10706,1241,12067,13,244,209,466,262,87965,2864,91091,"2025-09-23 18:09:40"
4367,2024-12-01,77,297,139204,2863,142364,57,2013,465,2535,58,8683,4390,13131,4,326,1475,1805,229,92416,9220,101865,"2025-09-23 18:09:40"
4368,2024-12-01,57,68,58537,768,59373,49,845,176,1070,61,3575,2360,5996,6,112,1038,1156,197,49558,5236,54991,"2025-09-23 18:09:40"
4369,2024-12-01,32,71,87775,1688,89534,27,1862,362,2251,63,9958,1573,11594,1,210,283,494,162,99805,3906,103873,"2025-09-23 18:09:40"
4370,2024-12-01,33,126,118831,23820,142777,62,2625,512,3199,170,12932,2382,15484,10,208,538,756,368,134596,27252,162216,"2025-09-23 18:09:40"
4371,2024-12-01,79,86,110652,1558,112296,57,2098,307,2462,106,11761,1593,13460,9,201,237,447,304,101211,3679,105194,"2025-09-23 18:09:40"
4372,2024-12-01,35,96,66671,2411,69178,58,2072,215,2345,99,14121,2288,16508,8,229,321,558,261,83093,5235,88589,"2025-09-23 18:09:40"
4373,2024-12-01,36,107,92907,3503,96517,51,2612,334,2997,103,12804,2016,14923,9,216,285,510,270,108539,6138,114947,"2025-09-23 18:09:40"
4374,2024-12-01,60,300,185461,21271,207032,32,864,20,916,42,3604,890,4536,0,62,89,151,134,30822,1360,32316,"2025-09-23 18:09:40"
4375,2024-12-01,38,51,56513,67275,123839,24,1388,813,2225,78,5399,1356,6833,11,151,356,518,164,63451,69800,133415,"2025-09-23 18:09:40"
4376,2024-12-01,39,335,113692,23904,137931,502,1705,692,2899,182,8792,2329,11303,25,208,703,936,1044,124397,27628,153069,"2025-09-23 18:09:40"
4377,2024-12-01,40,83,26367,1304,27754,48,947,325,1320,83,4033,376,4492,9,48,55,112,223,31395,2060,33678,"2025-09-23 18:09:40"
4379,2024-12-01,42,137,142546,2179,144862,58,2841,226,3125,124,12566,2220,14910,9,309,483,801,328,158262,5108,163698,"2025-09-23 18:09:40"
4381,2024-12-01,44,0,19,2,21,36,376,21,433,48,5255,139,5442,2,69,20,91,134,15649,247,16030,"2025-09-23 18:09:40"
4383,2024-12-01,46,183,239234,13278,252695,110,4611,728,5449,180,29116,5415,34711,14,612,568,1194,487,273573,19989,294049,"2025-09-23 18:09:40"
4384,2024-12-01,47,116,117968,1513,119597,117,2840,520,3477,291,19592,2881,22764,61,413,291,765,585,140813,5205,146603,"2025-09-23 18:09:40"
4388,2024-12-01,51,190,197708,3082,200980,191,2934,605,3730,211,15725,1365,17301,12,475,167,654,604,216842,5219,222665,"2025-09-23 18:09:40"
4391,2024-12-01,54,138,27676,5850,33664,50,1126,294,1470,162,10466,797,11425,10,191,86,287,360,39459,7027,46846,"2025-09-23 18:09:40"
4392,2024-12-01,55,108,95417,140469,235994,62,3054,2159,5275,113,25750,2754,28617,20,516,327,863,303,124737,145709,270749,"2025-09-23 18:09:40"
4393,2024-12-01,56,349,224796,18823,243968,457,4856,835,6148,173,28821,3616,32610,24,598,492,1114,1003,259071,23766,283840,"2025-09-23 18:09:40"
4395,2024-12-01,58,184,144465,11212,155861,99,4013,82,4194,136,16881,4960,21977,18,435,834,1287,437,165794,17088,183319,"2025-09-23 18:09:40"
4396,2024-12-01,59,145,204355,33051,237551,80,4353,1045,5478,104,20315,3225,23644,11,475,320,806,340,229498,37641,267479,"2025-09-23 18:09:40"
4398,2024-12-01,61,157,209902,5547,215606,88,3117,723,3928,138,12258,3511,15907,14,405,505,924,397,225682,10286,236365,"2025-09-23 18:09:40"
4399,2024-12-01,62,73,8765,140,8978,57,511,68,636,125,3967,64,4156,3,48,12,63,258,13291,284,13833,"2025-09-23 18:09:40"
4402,2024-12-01,65,226,174818,3815,178859,153,4149,370,4672,193,26559,8171,34923,31,742,919,1692,603,206268,13275,220146,"2025-09-23 18:09:40"
4408,2024-12-01,71,86,72365,1949,74400,45,1995,551,2591,109,13672,3866,17647,9,358,448,815,249,88390,6814,95453,"2025-09-23 18:09:40"
4411,2024-12-01,74,122,178641,2625,181388,92,3047,367,3506,450,15451,2439,18340,25,634,292,951,689,197773,5723,204185,"2025-09-23 18:09:40"
4417,2024-12-01,80,166,109355,1191,110712,97,2511,665,3273,168,20735,4229,25132,14,427,1017,1458,445,133028,7102,140575,"2025-09-23 18:09:40"
4420,2024-12-01,83,365,178405,1217,179987,246,3175,636,4057,272,15040,2002,17314,84,649,166,899,967,197269,4021,202257,"2025-09-23 18:09:40"
4422,2024-12-01,85,148,25692,230,26070,83,1088,145,1316,157,6635,207,6999,23,134,45,202,411,33549,627,34587,"2025-09-23 18:09:40"
4423,2024-12-01,86,312,174572,1962,176846,155,3973,429,4557,195,19124,2734,22053,22,451,280,753,684,198120,5405,204209,"2025-09-23 18:09:40"
4424,2024-12-01,87,107,115430,3455,118992,80,2380,631,3091,82,13042,2170,15294,11,370,158,539,280,131222,6414,137916,"2025-09-23 18:09:40"
4425,2024-12-01,88,70,105436,2485,107991,22,2056,577,2655,37,9210,1505,10752,1,226,136,363,130,116928,4703,121761,"2025-09-23 18:09:40"
4426,2024-12-01,89,478,30910,311,31699,103,506,42,651,128,1998,457,2583,15,82,11,108,724,33496,821,35041,"2025-09-23 18:09:40"
4427,2024-12-01,90,143,88982,1736,90861,74,2226,422,2722,110,10064,2362,12536,11,219,201,431,338,101491,4721,106550,"2025-09-23 18:09:40"
4428,2024-12-01,91,198,173480,949,174627,96,4705,2382,7183,130,30582,5571,36283,16,708,358,1082,440,209475,9260,219175,"2025-09-23 18:09:40"
4429,2024-12-01,92,92,61971,1079,63142,77,1488,281,1846,100,8303,1395,9798,14,192,149,355,283,71954,2904,75141,"2025-09-23 18:09:40"
4430,2024-12-01,93,132,87485,845,88462,72,2065,174,2311,93,8947,3869,12909,10,170,258,438,307,98667,5146,104120,"2025-09-23 18:09:40"
4431,2024-12-01,94,255,203587,3151,206993,112,4911,1686,6709,198,30884,4526,35608,9,722,696,1427,574,240104,10059,250737,"2025-09-23 18:09:40"
4432,2024-12-01,95,364,270194,2263,272821,198,6988,1049,8235,222,42982,6509,49713,28,1104,500,1632,812,321268,10321,332401,"2025-09-23 18:09:40"
4433,2024-12-01,96,97,31806,648,32551,45,1199,72,1316,83,5324,689,6096,11,106,51,168,236,38435,1460,40131,"2025-09-23 18:09:40"
4434,2024-12-01,97,6,98,2,106,0,38,10,48,0,127,7,134,0,0,1,1,6,263,20,289,"2025-09-23 18:09:40"
4435,2024-12-01,98,47,73353,1754,75154,19,2091,118,2228,33,8266,1243,9542,1,169,175,345,100,83879,3290,87269,"2025-09-23 18:09:40"
4436,2024-12-01,99,37,51646,944,52627,31,1842,445,2318,32,9753,1743,11528,4,184,174,362,104,63425,3306,66835,"2025-09-23 18:09:40"
4437,2024-12-01,100,193,129311,2789,132293,149,3406,569,4124,154,15628,3309,19091,24,343,198,565,520,148688,6865,156073,"2025-09-23 18:09:40"
4438,2024-12-01,101,199,179399,4383,183981,58,2351,1394,3803,104,7596,1927,9627,10,366,198,574,371,189712,7902,197985,"2025-09-23 18:09:40"
4439,2024-12-01,102,162,71878,1611,73651,60,2016,211,2287,77,7459,1570,9106,3,192,159,354,302,81545,3551,85398,"2025-09-23 18:09:40"
4440,2024-12-01,103,216,63182,2057,65455,58,2053,286,2397,100,8756,1590,10446,19,182,143,344,393,74173,4076,78642,"2025-09-23 18:09:40"
4441,2024-12-01,104,106,186830,4914,191850,166,4584,1515,6265,159,20197,3133,23489,21,580,560,1161,452,212191,10122,222765,"2025-09-23 18:09:40"
4442,2024-12-01,105,270,143529,2080,145879,107,2022,138,2267,65,6688,1465,8218,3,261,134,398,445,152500,3817,156762,"2025-09-23 18:09:40"
4443,2024-12-01,106,242,98884,1008,100134,150,2682,529,3361,101,8247,2149,10497,16,240,124,380,509,110053,3810,114372,"2025-09-23 18:09:40"
4444,2024-12-01,107,146,72774,1332,74252,70,2386,64,2520,90,6387,1993,8470,18,174,104,296,324,81721,3493,85538,"2025-09-23 18:09:40"
4445,2024-12-01,108,180,227783,1876,229839,111,6296,469,6876,153,37327,6415,43895,23,736,516,1275,467,272142,9276,281885,"2025-09-23 18:09:40"
4446,2024-12-01,109,211,138110,2379,140700,146,4812,1133,6091,221,22800,4029,27050,12,414,325,751,590,166136,7866,174592,"2025-09-23 18:09:40"
4447,2024-12-01,110,86,122248,2313,124647,42,3856,637,4535,33,18248,2660,20941,3,445,365,813,164,144797,5975,150936,"2025-09-23 18:09:40"
4448,2024-12-01,111,176,94851,760,95787,97,3037,542,3676,131,19397,3334,22862,15,993,293,1301,419,118278,4929,123626,"2025-09-23 18:09:40"
4449,2024-12-01,112,154,118302,2299,120755,112,2068,598,2778,119,9938,3825,13882,10,343,170,523,395,130651,6892,137938,"2025-09-23 18:09:40"
4450,2024-12-01,113,91,74944,1332,76367,28,2106,914,3048,39,9050,1600,10689,0,196,127,323,158,86296,3973,90427,"2025-09-23 18:09:40"
4451,2024-12-01,114,186,118485,723,119394,91,3686,473,4250,170,20049,3018,23237,14,512,254,780,461,142732,4468,147661,"2025-09-23 18:09:40"
4452,2024-12-01,115,242,53864,411,54517,99,1657,515,2271,251,12119,900,13270,13,298,83,394,605,67938,1909,70452,"2025-09-23 18:09:40"
4453,2024-12-01,116,188,53674,352,54214,87,1974,647,2708,195,14283,6470,20948,9,333,345,687,479,70264,7814,78557,"2025-09-23 18:09:40"
4454,2024-12-01,117,88,17593,107,17788,69,708,240,1017,156,6364,4094,10614,7,140,494,641,320,24805,4935,30060,"2025-09-23 18:09:40"
4455,2024-12-01,118,98,108520,1211,109829,63,2740,564,3367,62,10557,2563,13182,10,324,187,521,233,122141,4525,126899,"2025-09-23 18:09:40"
4456,2024-12-01,119,53,185971,3344,189368,40,3309,758,4107,52,11518,3683,15253,12,497,309,818,157,201295,8094,209546,"2025-09-23 18:09:40"
4457,2024-12-01,120,28,144300,759,145087,16,1786,85,1887,23,4911,1406,6340,0,239,42,281,67,151236,2292,153595,"2025-09-23 18:09:40"
4458,2024-12-01,121,390,124300,1687,126377,176,3847,1468,5491,235,21655,4902,26792,19,704,366,1089,820,150506,8423,159749,"2025-09-23 18:09:40"
4459,2024-12-01,122,117,58949,409,59475,97,1232,191,1520,85,5717,2032,7834,9,148,316,473,308,66046,2948,69302,"2025-09-23 18:09:40"
4460,2024-12-01,123,279,152602,2014,154895,266,4418,449,5133,194,18033,3043,21270,29,557,274,860,768,175610,5780,182158,"2025-09-23 18:09:40"
4461,2024-12-01,124,207,103010,946,104163,93,3286,815,4194,128,19014,4357,23499,15,476,558,1049,443,125786,6676,132905,"2025-09-23 18:09:40"
4462,2024-12-01,125,280,214775,2900,217955,95,5408,2634,8137,170,31197,6357,37724,20,695,301,1016,565,252075,12192,264832,"2025-09-23 18:09:40"
4463,2024-12-01,126,366,291462,3806,295634,159,7611,2205,9975,254,35981,7561,43796,23,995,1027,2045,802,336049,14599,351450,"2025-09-23 18:09:40"
4464,2024-12-01,127,187,66556,5877,72620,72,2696,762,3530,155,20817,2427,23399,15,367,375,757,429,90436,9441,100306,"2025-09-23 18:09:40"
4465,2024-12-01,128,202,123103,989,124294,89,2454,357,2900,148,15448,2256,17852,12,337,154,503,451,141342,3756,145549,"2025-09-23 18:09:40"
4466,2024-12-01,129,390,457568,2780,460738,227,10013,2785,13025,290,64602,8287,73179,74,1684,696,2454,981,533867,14548,549396,"2025-09-23 18:09:40"
4468,2024-12-01,131,76,15498,120,15694,56,751,54,861,78,8007,253,8338,11,95,28,134,221,24351,455,25027,"2025-09-23 18:09:40"
4469,2024-12-01,132,68,11119,136,11323,51,447,93,591,120,4913,376,5409,4,90,225,319,243,16569,830,17642,"2025-09-23 18:09:40"
4470,2024-12-01,133,70,12196,117,12383,57,596,87,740,110,6420,478,7008,17,75,47,139,254,19287,729,20270,"2025-09-23 18:09:40"
4471,2024-12-01,134,96,17563,115,17774,60,682,91,833,116,8203,181,8500,13,92,39,144,285,26540,426,27251,"2025-09-23 18:09:40"
4472,2024-12-01,135,71,20137,173,20381,59,795,84,938,85,8058,690,8833,11,143,91,245,226,29133,1038,30397,"2025-09-23 18:09:40"
4473,2024-12-01,136,78,48071,298,48447,71,2054,213,2338,112,13721,1447,15280,14,253,142,409,275,64099,2100,66474,"2025-09-23 18:09:40"
4474,2024-12-01,137,104,54911,700,55715,82,1685,181,1948,156,13587,1704,15447,11,346,887,1244,353,70529,3472,74354,"2025-09-23 18:09:40"
4475,2024-12-01,138,34,17302,159,17495,26,531,34,591,31,3166,584,3781,7,73,48,128,98,21072,825,21995,"2025-09-23 18:09:40"
4476,2024-12-01,139,73,45560,296,45929,63,1455,75,1593,87,9269,1117,10473,6,237,83,326,229,56521,1571,58321,"2025-09-23 18:09:40"
4477,2024-12-01,140,1,8,0,9,0,3,0,3,0,8,0,8,0,0,0,0,1,19,0,20,"2025-09-23 18:09:40"
4478,2024-12-01,141,205,87994,1075,89274,114,2097,362,2573,180,12109,1139,13428,18,352,271,641,517,102552,2847,105916,"2025-09-23 18:09:40"
4479,2024-12-01,142,61,82812,1679,84552,128,1957,845,2930,65,10792,1839,12696,4,319,220,543,258,95880,4583,100721,"2025-09-23 18:09:40"
4480,2024-12-01,143,173,92035,2447,94655,126,2428,556,3110,130,14779,2081,16990,8,418,200,626,437,109660,5284,115381,"2025-09-23 18:09:40"
4481,2024-12-01,144,131,131879,4329,136339,89,2955,705,3749,135,15818,2551,18504,14,569,369,952,369,151221,7954,159544,"2025-09-23 18:09:40"
4482,2024-12-01,145,199,95245,4671,100115,151,2801,418,3370,259,19885,1799,21943,30,450,282,762,639,118381,7170,126190,"2025-09-23 18:09:40"
4484,2024-12-01,147,79,23439,62,23580,38,559,99,696,55,2223,429,2707,9,95,32,136,181,26316,622,27119,"2025-09-23 18:09:40"
4485,2024-12-01,148,224,42483,1129,43836,122,1528,367,2017,251,12815,682,13748,24,214,133,371,621,57040,2311,59972,"2025-09-23 18:09:40"
4486,2024-12-01,149,71,20668,1988,22727,44,986,218,1248,97,8612,594,9303,10,115,72,197,222,30381,2872,33475,"2025-09-23 18:09:40"
4487,2024-12-01,150,154,45734,807,46695,90,2022,354,2466,143,15313,1085,16541,28,208,92,328,415,63277,2338,66030,"2025-09-23 18:09:40"
4488,2024-12-01,151,148,86465,801,87414,78,2415,357,2850,186,19241,2337,21764,16,491,802,1309,428,108612,4297,113337,"2025-09-23 18:09:40"
4489,2024-12-01,152,133,40294,553,40980,72,1389,172,1633,180,12808,541,13529,33,194,153,380,418,54685,1419,56522,"2025-09-23 18:09:40"
4490,2024-12-01,153,100,23094,182,23376,70,1070,328,1468,156,11237,393,11786,14,95,56,165,340,35496,959,36795,"2025-09-23 18:09:40"
4491,2024-12-01,154,179,81949,966,83094,88,2421,477,2986,159,19041,1861,21061,25,418,437,880,451,103829,3741,108021,"2025-09-23 18:09:40"
4492,2024-12-01,155,78,19669,148,19895,40,693,111,844,108,7709,440,8257,17,91,85,193,243,28162,784,29189,"2025-09-23 18:09:40"
4493,2024-12-01,156,203,174595,2125,176923,137,4623,486,5246,187,24322,3713,28222,49,731,390,1170,576,204271,6714,211561,"2025-09-23 18:09:40"
4494,2024-12-01,157,152,35102,277,35531,123,1386,317,1826,184,11501,741,12426,13,205,126,344,472,48194,1461,50127,"2025-09-23 18:09:40"
4495,2024-12-01,158,99,120114,1817,122030,63,3739,693,4495,123,19602,2902,22627,10,573,395,978,295,144028,5807,150130,"2025-09-23 18:09:40"
4496,2024-12-01,159,160,183087,1703,184950,160,4312,899,5371,214,20919,2598,23731,25,598,296,919,559,208916,5496,214971,"2025-09-23 18:09:40"
4497,2024-12-01,160,79,11441,66,11586,58,451,59,568,123,6010,519,6652,17,71,63,151,277,17973,707,18957,"2025-09-23 18:09:40"
4498,2024-12-01,161,89,24675,205,24969,49,973,112,1134,195,10805,252,11252,19,146,50,215,352,36599,619,37570,"2025-09-23 18:09:40"
4499,2024-12-01,162,161,43416,376,43953,95,1376,202,1673,142,12253,773,13168,21,232,131,384,419,57277,1482,59178,"2025-09-23 18:09:40"
4501,2024-12-01,164,83,12418,162,12663,64,480,74,618,99,6593,740,7432,11,84,42,137,257,19575,1018,20850,"2025-09-23 18:09:40"
4502,2024-12-01,165,110,21006,158,21274,73,998,92,1163,140,12717,259,13116,12,124,41,177,335,34845,550,35730,"2025-09-23 18:09:40"
4503,2024-12-01,166,67,10686,95,10848,42,406,57,505,71,5028,395,5494,6,58,63,127,186,16178,610,16974,"2025-09-23 18:09:40"
4504,2024-12-01,167,92,78283,688,79063,71,2125,286,2482,89,14689,3474,18252,14,564,1687,2265,266,95661,6135,102062,"2025-09-23 18:09:40"
4505,2024-12-01,168,59,9264,383,9706,39,384,53,476,77,3940,208,4225,4,68,24,96,179,13656,668,14503,"2025-09-23 18:09:40"
4506,2024-12-01,169,141,52856,783,53780,113,1858,376,2347,221,15613,1705,17539,20,374,268,662,495,70701,3132,74328,"2025-09-23 18:09:40"
4507,2024-12-01,170,78,20308,398,20784,48,767,275,1090,75,7938,1044,9057,11,131,145,287,212,29144,1862,31218,"2025-09-23 18:09:40"
4508,2024-12-01,171,117,82930,2259,85306,116,2576,417,3109,150,12964,2290,15404,10,340,352,702,393,98810,5318,104521,"2025-09-23 18:09:40"
4509,2024-12-01,172,254,40977,155,41386,212,1462,68,1742,159,11864,856,12879,15,196,123,334,640,54499,1202,56341,"2025-09-23 18:09:40"
4510,2024-12-01,173,74,13947,150,14171,51,723,68,842,103,7939,354,8396,14,89,53,156,242,22698,625,23565,"2025-09-23 18:09:40"
4511,2024-12-01,174,174,124440,1858,126472,130,2883,603,3616,199,22692,2106,24997,20,457,932,1409,523,150472,5499,156494,"2025-09-23 18:09:40"
4512,2024-12-01,175,121,14137,104250,118508,67,631,2329,3027,209,9437,387,10033,5,141,35,181,402,24346,107001,131749,"2025-09-23 18:09:40"
4513,2024-12-01,176,198,113581,2386,116165,149,3096,726,3971,201,21621,3564,25386,18,414,838,1270,566,138712,7514,146792,"2025-09-23 18:09:40"
4514,2024-12-01,177,81,21524,205,21810,46,783,104,933,113,8193,505,8811,7,103,53,163,247,30603,867,31717,"2025-09-23 18:09:40"
4515,2024-12-01,178,94,24519,83,24696,63,1197,81,1341,120,11296,787,12203,8,207,139,354,285,37219,1090,38594,"2025-09-23 18:09:40"
4516,2024-12-01,179,130,16243,163,16536,56,692,101,849,105,9672,208,9985,12,95,31,138,303,26702,503,27508,"2025-09-23 18:09:40"
4517,2024-12-01,180,80,19287,178,19545,45,720,83,848,90,8201,883,9174,3,124,90,217,218,28332,1234,29784,"2025-09-23 18:09:40"
4518,2024-12-01,181,86,13390,98,13574,74,548,47,669,108,7089,282,7479,7,62,35,104,275,21089,462,21826,"2025-09-23 18:09:40"
4519,2024-12-01,182,80,11238,88,11406,49,522,61,632,96,6330,144,6570,9,62,25,96,234,18152,318,18704,"2025-09-23 18:09:40"
4520,2024-12-01,183,70,12296,5632,17998,50,508,109,667,88,6547,203,6838,12,89,25,126,220,19440,5969,25629,"2025-09-23 18:09:40"
4521,2024-12-01,184,110,24490,88587,113187,79,1605,863,2547,141,15562,236,15939,10,130,44,184,340,41787,89730,131857,"2025-09-23 18:09:40"
4522,2024-12-01,185,98,25843,461,26402,51,915,902,1868,98,8016,497,8611,9,148,142,299,256,34922,2002,37180,"2025-09-23 18:09:40"
4524,2024-12-01,187,139,119967,925,121031,100,2962,410,3472,130,22129,2736,24995,15,423,386,824,384,145481,4457,150322,"2025-09-23 18:09:40"
4525,2024-12-01,188,208,119510,1704,121422,147,3694,530,4371,220,25944,1990,28154,16,566,382,964,591,149714,4606,154911,"2025-09-23 18:09:40"
4526,2024-12-01,189,58,14517,36,14611,33,649,57,739,74,6523,685,7282,17,89,54,160,182,21778,832,22792,"2025-09-23 18:09:40"
4527,2024-12-01,190,195,193542,2468,196205,112,4866,782,5760,225,25878,3635,29738,20,663,462,1145,552,224949,7347,232848,"2025-09-23 18:09:40"
4529,2024-12-01,192,141,58793,611,59545,85,1975,268,2328,162,17896,1086,19144,18,241,187,446,406,78905,2152,81463,"2025-09-23 18:09:40"
4530,2024-12-01,193,96,27277,383,27756,56,1174,117,1347,133,10348,281,10762,12,148,98,258,297,38947,879,40123,"2025-09-23 18:09:40"
4531,2024-12-01,194,100,11141,48,11289,53,415,43,511,87,7022,91,7200,16,55,14,85,256,18633,196,19085,"2025-09-23 18:09:40"
4532,2024-12-01,195,125,37190,395,37710,91,1592,261,1944,202,17383,1052,18637,17,207,169,393,435,56372,1877,58684,"2025-09-23 18:09:40"
4533,2024-12-01,196,73,20290,132,20495,43,786,49,878,88,11358,985,12431,15,144,151,310,219,32578,1317,34114,"2025-09-23 18:09:40"
4534,2024-12-01,197,278,65037,908,66223,245,2104,309,2658,261,19351,1202,20814,50,347,232,629,834,86839,2651,90324,"2025-09-23 18:09:40"
4535,2024-12-01,198,73,12967,103,13143,50,587,53,690,126,5994,116,6236,16,78,27,121,265,19626,299,20190,"2025-09-23 18:09:40"
4536,2024-12-01,199,56,6070,36,6162,32,279,27,338,61,3941,48,4050,2,37,7,46,151,10327,118,10596,"2025-09-23 18:09:40"
4537,2024-12-01,200,133,41486,485,42104,79,1558,137,1774,148,14699,741,15588,26,238,159,423,386,57981,1522,59889,"2025-09-23 18:09:40"
4538,2024-12-01,201,128,45215,404,45747,84,1701,244,2029,129,16253,1480,17862,18,244,355,617,359,63413,2483,66255,"2025-09-23 18:09:40"
4539,2024-12-01,202,109,23210,168,23487,63,697,78,838,112,8661,199,8972,21,109,43,173,305,32677,488,33470,"2025-09-23 18:09:40"
4540,2024-12-01,203,61,4403,354,4818,21,260,192,473,63,1450,29,1542,8,26,3,37,153,6139,578,6870,"2025-09-23 18:09:40"
4541,2024-12-01,204,133,20678,115,20926,56,606,86,748,121,6619,122,6862,19,118,39,176,329,28021,362,28712,"2025-09-23 18:09:40"
4542,2024-12-01,205,86,19627,90,19803,80,833,83,996,127,12260,839,13226,10,115,103,228,303,32835,1115,34253,"2025-09-23 18:09:40"
4543,2024-12-01,206,82,17916,162,18160,44,620,51,715,92,7868,601,8561,15,99,179,293,233,26503,993,27729,"2025-09-23 18:09:40"
4544,2024-12-01,207,57,9986,39,10082,69,458,43,570,83,6032,113,6228,10,70,15,95,219,16546,210,16975,"2025-09-23 18:09:40"
4545,2024-12-01,208,123,56059,270,56452,63,1776,337,2176,106,12885,1567,14558,13,269,314,596,305,70989,2488,73782,"2025-09-23 18:09:40"
4546,2024-12-01,209,141,104414,1340,105895,84,2857,767,3708,208,17877,4231,22316,13,464,1717,2194,446,125612,8055,134113,"2025-09-23 18:09:40"
4547,2024-12-01,210,162,129211,2186,131559,95,2861,322,3278,106,18088,1072,19266,27,454,300,781,390,150614,3880,154884,"2025-09-23 18:09:40"
4549,2024-12-01,212,125,96385,1028,97538,87,2803,471,3361,143,12063,501,12707,16,326,164,506,371,111577,2164,114112,"2025-09-23 18:09:40"
4550,2024-12-01,213,105,24732,191,25028,74,857,175,1106,106,9348,261,9715,14,80,175,269,299,35017,802,36118,"2025-09-23 18:09:40"
4551,2024-12-01,214,52,11910,78,12040,62,707,92,861,94,7364,209,7667,11,125,66,202,232,27979,555,28766,"2025-09-23 18:09:40"
4552,2024-12-01,215,264,245925,2277,248466,155,6045,557,6757,234,41046,4695,45975,37,845,581,1463,690,293861,8110,302661,"2025-09-23 18:09:40"
4553,2024-12-01,216,105,14214,143,14462,55,522,110,687,132,6192,151,6475,9,62,28,99,301,20990,432,21723,"2025-09-23 18:09:40"
4554,2024-12-01,217,111,43747,480,44338,93,1364,194,1651,104,13666,2566,16336,15,202,596,813,323,58979,3836,63138,"2025-09-23 18:09:40"
4555,2024-12-01,218,101,48395,668,49164,79,1439,216,1734,136,10491,554,11181,18,188,109,315,334,60513,1547,62394,"2025-09-23 18:09:40"
4556,2024-12-01,219,92,13790,57,13939,62,491,55,608,97,7197,482,7776,8,145,153,306,259,21623,747,22629,"2025-09-23 18:09:40"
4557,2024-12-01,220,167,155174,1109,156450,97,4087,790,4974,149,22375,7182,29706,23,660,1549,2232,436,182296,10630,193362,"2025-09-23 18:09:40"
4558,2024-12-01,221,65,10547,53,10665,52,375,44,471,91,4569,573,5233,13,60,122,195,221,15551,792,16564,"2025-09-23 18:09:40"
4559,2024-12-01,222,211,144308,2871,147390,175,3194,1032,4401,239,26764,2374,29377,33,508,430,971,658,174774,6707,182139,"2025-09-23 18:09:40"
4560,2024-12-01,223,69,25225,182,25476,73,1020,109,1202,95,10319,415,10829,10,150,64,224,247,36714,770,37731,"2025-09-23 18:09:40"
4561,2024-12-01,224,145,89876,1330,91351,64,1868,473,2405,137,10476,980,11593,16,163,153,332,362,102383,2936,105681,"2025-09-23 18:09:40"
4562,2024-12-01,225,66,96431,6192,102689,33,1812,400,2245,53,10894,1671,12618,4,221,227,452,156,109358,8490,118004,"2025-09-23 18:09:40"
4563,2024-12-01,226,239,147306,17834,165379,218,1995,870,3083,139,10157,998,11294,15,222,186,423,611,159680,19888,180179,"2025-09-23 18:09:40"
4564,2024-12-01,227,231,115260,47046,162537,175,2238,432,2845,128,17060,1456,18644,19,308,353,680,553,134866,49287,184706,"2025-09-23 18:09:40"
4565,2024-12-01,228,92,87664,709,88465,35,1902,162,2099,88,7806,1021,8915,12,274,282,568,227,97646,2174,100047,"2025-09-23 18:09:40"
4566,2024-12-01,229,98,43146,668,43912,80,1615,241,1936,121,8775,344,9240,14,179,71,264,313,53715,1324,55352,"2025-09-23 18:09:40"
4567,2024-12-01,230,60,16254,92,16406,70,531,44,645,106,7811,172,8089,10,84,83,177,246,24680,391,25317,"2025-09-23 18:09:40"
4568,2024-12-01,231,83,33335,21588,55006,53,1038,322,1413,83,10239,532,10854,6,266,226,498,225,44878,22668,67771,"2025-09-23 18:09:40"
4569,2024-12-01,232,61,13604,16947,30612,54,490,163,707,115,6536,150,6801,13,70,34,117,243,20700,17294,38237,"2025-09-23 18:09:40"
4570,2024-12-01,233,86,15799,184,16069,58,595,73,726,137,8180,398,8715,15,90,74,179,296,24664,729,25689,"2025-09-23 18:09:40"
4572,2024-12-01,235,244,77625,945,78814,139,2826,145,3110,345,27033,687,28065,46,252,141,439,774,107736,1918,110428,"2025-09-23 18:09:40"
4573,2024-12-01,236,606,254548,270339,525493,360,7061,6280,13701,696,59364,3661,63721,39,1463,600,2102,1701,322436,280880,605017,"2025-09-23 18:09:40"
4575,2024-12-01,238,160,94356,2418,96934,147,2472,505,3124,264,18095,1425,19784,38,406,404,848,609,115329,4752,120690,"2025-09-23 18:09:40"
4577,2024-12-01,240,118,39946,732,40796,79,1188,158,1425,124,6892,511,7527,10,183,213,406,331,48209,1614,50154,"2025-09-23 18:09:40"
4578,2024-12-01,241,122,26430,461,27013,98,796,117,1011,183,6771,185,7139,10,150,46,206,413,34147,809,35369,"2025-09-23 18:09:40"
4579,2024-12-01,242,116,34201,915,35232,88,1041,141,1270,115,5364,316,5795,8,148,94,250,327,40754,1466,42547,"2025-09-23 18:09:40"
4580,2024-12-01,243,53,8880,61,8994,55,302,30,387,111,3330,50,3491,10,53,16,79,229,12565,157,12951,"2025-09-23 18:09:40"
4581,2024-12-01,244,46,12575,155,12776,42,406,25,473,124,4152,67,4343,12,84,21,117,224,17217,268,17709,"2025-09-23 18:09:40"
4582,2024-12-01,245,130,15165,154,15449,81,618,58,757,129,6188,135,6452,13,122,54,189,353,22093,401,22847,"2025-09-23 18:09:40"
4583,2024-12-01,246,217,161901,2699,164817,169,4204,513,4886,234,26640,2290,29164,25,685,376,1086,645,193430,5878,199953,"2025-09-23 18:09:40"
4584,2024-12-01,247,59,14669,89,14817,56,445,60,561,120,5001,113,5234,9,84,31,124,244,20199,293,20736,"2025-09-23 18:09:40"
4585,2024-12-01,248,111,14199,226,14536,98,535,76,709,152,6136,155,6443,21,111,34,166,382,20981,491,21854,"2025-09-23 18:09:40"
4586,2024-12-01,249,55,17062,199,17316,68,665,53,786,143,7000,142,7285,14,87,21,122,280,24814,415,25509,"2025-09-23 18:09:40"
4587,2024-12-01,250,342,121727,2500,124569,287,3039,605,3931,270,18551,2766,21587,21,521,411,953,920,143838,6282,151040,"2025-09-23 18:09:40"
4588,2024-12-01,251,66,16274,370,16710,62,590,119,771,121,3330,131,3582,13,128,44,185,262,20322,664,21248,"2025-09-23 18:09:40"
4589,2024-12-01,252,104,17718,231,18053,81,750,73,904,120,8668,140,8928,21,96,49,166,326,27232,493,28051,"2025-09-23 18:09:40"
4590,2024-12-01,253,131,28252,256,28639,115,1169,282,1566,182,11760,454,12396,22,166,66,254,450,41347,1058,42855,"2025-09-23 18:09:40"
4591,2024-12-01,254,58,9976,58,10092,63,290,44,397,102,3289,51,3442,10,58,23,91,233,13613,176,14022,"2025-09-23 18:09:40"
4592,2024-12-01,255,86,19533,502,20121,68,808,80,956,122,8607,272,9001,14,133,49,196,290,29081,903,30274,"2025-09-23 18:09:40"
4594,2024-12-01,257,109,20248,164,20521,65,1268,94,1427,152,10610,279,11041,14,111,48,173,340,32237,585,33162,"2025-09-23 18:09:40"
4595,2024-12-01,258,212,116745,2072,119029,127,3006,516,3649,214,19405,3170,22789,21,505,698,1224,574,139661,6456,146691,"2025-09-23 18:09:40"
4596,2024-12-01,259,120,34154,574,34848,60,1461,134,1655,142,13689,1026,14857,8,256,156,420,330,49560,1890,51780,"2025-09-23 18:09:40"
4597,2024-12-01,260,136,29706,500,30342,107,1157,168,1432,177,12512,452,13141,19,182,69,270,439,43557,1189,45185,"2025-09-23 18:09:40"
4598,2024-12-01,261,71,8955,55,9081,41,471,60,572,99,4438,249,4786,7,47,39,93,218,13911,403,14532,"2025-09-23 18:09:40"
4599,2024-12-01,262,95,18991,180,19266,61,794,116,971,127,8651,266,9044,12,103,55,170,295,28539,617,29451,"2025-09-23 18:09:40"
4600,2024-12-01,263,72,10442,108,10622,61,381,32,474,98,5207,65,5370,10,47,19,76,241,16077,224,16542,"2025-09-23 18:09:40"
4601,2024-12-01,264,113,46833,234,47180,120,1609,413,2142,208,12377,2371,14956,28,258,217,503,469,61077,3235,64781,"2025-09-23 18:09:40"
4602,2024-12-01,265,185,114932,1881,116998,141,3808,489,4438,214,24413,3109,27736,17,429,432,878,557,143582,5911,150050,"2025-09-23 18:09:40"
4603,2024-12-01,266,83,9746,59,9888,61,417,70,548,118,4952,268,5338,7,63,25,95,269,15178,422,15869,"2025-09-23 18:09:40"
4604,2024-12-01,267,75,7876,33,7984,41,350,22,413,115,4426,81,4622,6,48,19,73,237,12700,155,13092,"2025-09-23 18:09:40"
4605,2024-12-01,268,142,152465,3166,155773,104,3348,967,4419,122,19257,2597,21976,13,543,405,961,381,175613,7135,183129,"2025-09-23 18:09:40"
4606,2024-12-01,269,340,137171,1998,139509,230,3002,524,3756,234,15906,1551,17691,24,350,259,633,828,156429,4332,161589,"2025-09-23 18:09:40"
4607,2024-12-01,270,108,41242,1747,43097,113,1548,195,1856,164,14974,888,16026,9,245,136,390,394,58009,2966,61369,"2025-09-23 18:09:40"
4608,2024-12-01,271,107,9593,81,9781,57,411,94,562,109,5024,103,5236,15,57,16,88,288,15085,294,15667,"2025-09-23 18:09:40"
4610,2025-01-01,1,159,219066,14177,233402,61,3838,555,4454,187,13643,2253,16083,19,374,150,543,426,236921,17135,254482,"2025-09-23 18:09:47"
4611,2025-01-01,2,107,139186,5133,144426,41,3234,629,3904,147,11941,2615,14703,7,243,210,460,302,154604,8587,163493,"2025-09-23 18:09:47"
4612,2025-01-01,3,111,60308,2091,62510,68,2046,715,2829,132,6704,1278,8114,15,158,112,285,326,69216,4196,73738,"2025-09-23 18:09:47"
4613,2025-01-01,4,121,68437,2055,70613,45,4093,1321,5459,162,15939,4278,20379,17,441,263,721,362,188335,14353,203050,"2025-09-23 18:09:47"
4614,2025-01-01,5,90,98665,3021,101776,44,2886,347,3277,144,8932,2237,11313,11,189,179,379,289,110672,5784,116745,"2025-09-23 18:09:47"
4615,2025-01-01,6,89,80072,2940,83101,44,2006,315,2365,168,8565,1544,10277,10,127,110,247,311,90770,4909,95990,"2025-09-23 18:09:47"
4616,2025-01-01,7,111,115048,9104,124263,62,3799,566,4427,125,13627,2599,16351,7,327,169,503,305,132801,12438,145544,"2025-09-23 18:09:47"
4617,2025-01-01,8,57,71759,3066,74882,33,2514,445,2992,73,10644,2281,12998,12,205,101,318,175,85122,5893,91190,"2025-09-23 18:09:47"
4618,2025-01-01,9,81,129224,5603,134908,52,3187,753,3992,175,9668,2149,11992,11,271,262,544,319,142350,8767,151436,"2025-09-23 18:09:47"
4619,2025-01-01,10,91,76179,4613,80883,48,2182,555,2785,124,7896,2036,10056,12,193,155,360,275,86450,7359,94084,"2025-09-23 18:09:47"
4620,2025-01-01,11,106,84656,2931,87693,58,2466,125,2649,128,9651,2194,11973,12,202,97,311,304,96975,5347,102626,"2025-09-23 18:09:47"
4621,2025-01-01,12,116,94580,1109,95805,44,2110,128,2282,135,6360,1162,7657,17,133,175,325,312,103183,2574,106069,"2025-09-23 18:09:47"
4622,2025-01-01,13,97,101695,4199,105991,55,2426,650,3131,171,9174,2182,11527,22,256,489,767,345,113551,7520,121416,"2025-09-23 18:09:47"
4623,2025-01-01,14,205,77353,3440,80998,101,1932,400,2433,135,5765,1794,7694,8,150,104,262,449,85200,5738,91387,"2025-09-23 18:09:47"
4624,2025-01-01,15,172,153574,3673,157419,131,2919,650,3700,183,10376,4698,15257,16,271,206,493,502,167140,9227,176869,"2025-09-23 18:09:47"
4625,2025-01-01,16,131,82016,9041,91188,47,1726,960,2733,176,8156,1917,10249,18,202,131,351,372,92100,12049,104521,"2025-09-23 18:09:47"
4626,2025-01-01,17,92,105216,1985,107293,47,2679,1101,3827,141,8364,1673,10178,8,198,102,308,288,116457,4861,121606,"2025-09-23 18:09:47"
4627,2025-01-01,18,128,206481,7482,214091,106,3862,1604,5572,158,17145,4773,22076,19,410,384,813,411,227898,14243,242552,"2025-09-23 18:09:47"
4628,2025-01-01,19,130,127266,4675,132071,64,2950,734,3748,144,10875,2899,13918,8,268,432,708,346,141359,8740,150445,"2025-09-23 18:09:47"
4629,2025-01-01,20,125,118294,2902,121321,63,3486,184,3733,174,12883,4446,17503,15,486,617,1118,377,135149,8149,143675,"2025-09-23 18:09:47"
4630,2025-01-01,21,260,63485,1164,64909,124,1715,75,1914,154,4901,1006,6061,13,156,30,199,551,70257,2275,73083,"2025-09-23 18:09:47"
4631,2025-01-01,22,100,114083,4079,118262,46,2837,749,3632,139,9716,2035,11890,16,202,188,406,301,126838,7051,134190,"2025-09-23 18:09:47"
4632,2025-01-01,23,1695,39303,241,41239,1498,1379,251,3128,335,3570,1583,5488,100,95,105,300,3628,44347,2180,50155,"2025-09-23 18:09:47"
4633,2025-01-01,63,141,91542,1112,92795,812,1720,247,2779,175,4777,1199,6151,23,236,105,364,1309,47299,3418,52026,"2025-09-23 18:09:47"
4634,2025-01-01,25,78,91625,6008,97711,33,2872,579,3484,121,11410,2776,14307,14,230,320,564,246,106137,9683,116066,"2025-09-23 18:09:47"
4635,2025-01-01,146,1990,760237,12816,775043,3727,66864,14638,85229,3906,240682,59607,304195,430,6023,5196,11649,12831,2971131,192476,3176438,"2025-09-23 18:09:47"
4637,2025-01-01,28,98,64734,2438,67270,62,1969,918,2949,102,9373,3085,12560,14,196,649,859,276,76272,7090,83638,"2025-09-23 18:09:47"
4638,2025-01-01,29,80,75076,844,76000,49,1967,580,2596,121,10720,1213,12054,13,242,207,462,263,88005,2844,91112,"2025-09-23 18:09:47"
4639,2025-01-01,77,303,139482,2838,142623,57,2017,466,2540,58,8752,4362,13172,4,326,1479,1809,234,92827,9175,102236,"2025-09-23 18:09:47"
4640,2025-01-01,57,71,58577,771,59419,49,844,176,1069,61,3542,2362,5965,6,112,1041,1159,199,49647,5229,55075,"2025-09-23 18:09:47"
4641,2025-01-01,32,72,88062,1685,89819,27,1860,361,2248,63,9943,1569,11575,1,213,279,493,163,100078,3894,104135,"2025-09-23 18:09:47"
4642,2025-01-01,33,134,119236,29205,148575,62,2619,588,3269,171,12900,2388,15459,10,202,540,752,377,134957,32721,168055,"2025-09-23 18:09:47"
4643,2025-01-01,79,86,110916,1607,112609,57,2093,307,2457,107,11748,1595,13450,9,200,241,450,308,101265,3690,105263,"2025-09-23 18:09:47"
4644,2025-01-01,35,97,66616,2365,69078,57,2053,215,2325,99,14127,2291,16517,8,232,323,563,261,83028,5194,88483,"2025-09-23 18:09:47"
4645,2025-01-01,36,110,92970,3486,96566,51,2584,332,2967,103,12816,2014,14933,9,221,283,513,273,108591,6115,114979,"2025-09-23 18:09:47"
4646,2025-01-01,60,321,185554,21846,207721,32,855,20,907,42,3602,892,4536,0,65,90,155,135,30861,1362,32358,"2025-09-23 18:09:47"
4647,2025-01-01,38,51,56627,67747,124425,24,1394,807,2225,78,5384,1363,6825,11,155,357,523,164,63560,70274,133998,"2025-09-23 18:09:47"
4648,2025-01-01,39,337,114057,24075,138469,502,1687,692,2881,182,8794,2343,11319,25,207,704,936,1046,124745,27814,153605,"2025-09-23 18:09:47"
4649,2025-01-01,40,85,26408,1290,27783,48,937,326,1311,83,4019,378,4480,9,49,55,113,225,31413,2049,33687,"2025-09-23 18:09:47"
4651,2025-01-01,42,138,142077,2173,144388,58,2827,227,3112,124,12491,2225,14840,10,311,483,804,330,157706,5108,163144,"2025-09-23 18:09:47"
4653,2025-01-01,44,0,19,2,21,36,375,21,432,48,5251,138,5437,2,67,20,89,134,15665,246,16045,"2025-09-23 18:09:47"
4655,2025-01-01,46,191,239132,13331,252654,109,4600,733,5442,180,29043,5414,34637,14,618,565,1197,494,273393,20043,293930,"2025-09-23 18:09:47"
4656,2025-01-01,47,117,118165,1526,119808,118,2815,518,3451,292,19587,2893,22772,64,416,293,773,591,140983,5230,146804,"2025-09-23 18:09:47"
4660,2025-01-01,51,200,197157,2968,200325,193,2922,605,3720,212,15718,1364,17294,12,472,165,649,617,216269,5102,221988,"2025-09-23 18:09:47"
4663,2025-01-01,54,138,27740,5510,33388,50,1125,297,1472,161,10544,798,11503,10,196,86,292,359,39605,6691,46655,"2025-09-23 18:09:47"
4664,2025-01-01,55,110,95385,140623,236118,62,3029,2141,5232,113,25745,2778,28636,20,497,332,849,305,124656,145874,270835,"2025-09-23 18:09:47"
4665,2025-01-01,56,358,224687,18317,243362,457,4831,829,6117,172,28818,3613,32603,24,591,491,1106,1011,258927,23250,283188,"2025-09-23 18:09:47"
4667,2025-01-01,58,190,144489,11417,156096,99,3988,82,4169,136,16867,4944,21947,18,437,835,1290,443,165781,17278,183502,"2025-09-23 18:09:47"
4668,2025-01-01,59,148,204585,32863,237596,80,4330,1039,5449,103,20165,3234,23502,10,474,319,803,341,229554,37455,267350,"2025-09-23 18:09:47"
4670,2025-01-01,61,158,210338,5603,216099,88,3098,723,3909,138,12263,3529,15930,14,408,515,937,398,226107,10370,236875,"2025-09-23 18:09:47"
4671,2025-01-01,62,72,8742,139,8953,57,513,66,636,125,3968,65,4158,3,51,12,66,257,13274,282,13813,"2025-09-23 18:09:47"
4674,2025-01-01,65,227,174920,3838,178985,152,4136,370,4658,193,26534,8160,34887,31,736,926,1693,603,206326,13294,220223,"2025-09-23 18:09:47"
4680,2025-01-01,71,87,72314,1950,74351,44,1983,550,2577,109,13671,3867,17647,9,354,445,808,249,88322,6812,95383,"2025-09-23 18:09:47"
4683,2025-01-01,74,121,178640,2703,181464,92,3056,368,3516,448,15442,2434,18324,25,631,297,953,686,197769,5802,204257,"2025-09-23 18:09:47"
4689,2025-01-01,80,168,109583,1193,110944,98,2505,668,3271,168,20770,4230,25168,14,430,1023,1467,448,133288,7114,140850,"2025-09-23 18:09:47"
4692,2025-01-01,83,364,178721,1258,180343,254,3149,633,4036,272,15053,1999,17324,84,640,166,890,974,197563,4056,202593,"2025-09-23 18:09:47"
4694,2025-01-01,85,152,25753,250,26155,83,1086,146,1315,157,6632,207,6996,24,135,45,204,416,33606,648,34670,"2025-09-23 18:09:47"
4695,2025-01-01,86,315,174683,1943,176941,155,3964,428,4547,196,19094,2739,22029,22,453,280,755,688,198194,5390,204272,"2025-09-23 18:09:47"
4696,2025-01-01,87,108,115402,3436,118946,80,2353,633,3066,82,13042,2148,15272,11,373,157,541,281,131170,6374,137825,"2025-09-23 18:09:47"
4697,2025-01-01,88,72,105438,2491,108001,22,2047,580,2649,38,9193,1500,10731,1,224,137,362,133,116902,4708,121743,"2025-09-23 18:09:47"
4698,2025-01-01,89,478,30894,314,31686,103,510,42,655,128,2002,458,2588,15,81,11,107,724,33487,825,35036,"2025-09-23 18:09:47"
4699,2025-01-01,90,145,89569,1745,91459,74,2230,422,2726,110,10077,2354,12541,11,219,200,430,340,102095,4721,107156,"2025-09-23 18:09:47"
4700,2025-01-01,91,202,173539,943,174684,89,4716,2387,7192,130,30572,5564,36266,16,707,352,1075,437,209534,9246,219217,"2025-09-23 18:09:47"
4701,2025-01-01,92,93,62026,1087,63206,77,1482,280,1839,100,8281,1397,9778,14,194,151,359,284,71983,2915,75182,"2025-09-23 18:09:47"
4702,2025-01-01,93,132,87443,907,88482,72,2053,175,2300,92,8952,3864,12908,10,170,254,434,306,98618,5200,104124,"2025-09-23 18:09:47"
4703,2025-01-01,94,261,203633,3151,207045,112,4913,1697,6722,198,30914,4527,35639,9,723,691,1423,580,240183,10066,250829,"2025-09-23 18:09:47"
4704,2025-01-01,95,369,270374,2260,273003,197,6977,1053,8227,222,42975,6530,49727,28,1096,501,1625,816,321422,10344,332582,"2025-09-23 18:09:47"
4705,2025-01-01,96,97,31860,647,32604,45,1187,72,1304,82,5320,685,6087,11,107,51,169,235,38474,1455,40164,"2025-09-23 18:09:47"
4706,2025-01-01,97,6,98,2,106,0,38,10,48,0,127,7,134,0,0,1,1,6,263,20,289,"2025-09-23 18:09:47"
4707,2025-01-01,98,49,73406,1749,75204,19,2091,118,2228,33,8241,1245,9519,1,171,177,349,102,83909,3289,87300,"2025-09-23 18:09:47"
4708,2025-01-01,99,40,51749,942,52731,31,1829,445,2305,32,9766,1748,11546,4,192,175,371,107,63536,3310,66953,"2025-09-23 18:09:47"
4709,2025-01-01,100,197,129122,2828,132147,149,3399,567,4115,153,15590,3317,19060,24,344,198,566,523,148455,6910,155888,"2025-09-23 18:09:47"
4710,2025-01-01,101,200,179418,4351,183969,57,2328,1395,3780,104,7555,1923,9582,10,360,196,566,371,189661,7865,197897,"2025-09-23 18:09:47"
4711,2025-01-01,102,164,71905,1624,73693,60,2001,212,2273,77,7431,1560,9068,3,173,161,337,304,81510,3557,85371,"2025-09-23 18:09:47"
4712,2025-01-01,103,216,63120,2060,65396,58,2038,286,2382,100,8770,1587,10457,19,182,146,347,393,74110,4079,78582,"2025-09-23 18:09:47"
4713,2025-01-01,104,112,186015,4955,191082,166,4559,1515,6240,160,20206,3127,23493,21,584,552,1157,459,211364,10149,221972,"2025-09-23 18:09:47"
4714,2025-01-01,105,269,143581,2075,145925,107,2023,134,2264,65,6668,1473,8206,3,264,133,400,444,152536,3815,156795,"2025-09-23 18:09:47"
4715,2025-01-01,106,244,98880,1016,100140,150,2691,499,3340,101,8243,2146,10490,16,242,125,383,511,110056,3786,114353,"2025-09-23 18:09:47"
4716,2025-01-01,107,146,72722,1343,74211,70,2372,64,2506,90,6385,1992,8467,18,173,103,294,324,81652,3502,85478,"2025-09-23 18:09:47"
4717,2025-01-01,108,180,227663,1880,229723,111,6260,452,6823,152,37309,6418,43879,23,743,514,1280,466,271975,9264,281705,"2025-09-23 18:09:47"
4718,2025-01-01,109,216,138090,2421,140727,146,4804,1116,6066,221,22773,4032,27026,12,415,323,750,595,166082,7892,174569,"2025-09-23 18:09:47"
4719,2025-01-01,110,90,122173,2321,124584,42,3825,635,4502,33,18224,2658,20915,3,440,366,809,168,144662,5980,150810,"2025-09-23 18:09:47"
4720,2025-01-01,111,177,95328,774,96279,96,3048,542,3686,131,19474,3332,22937,15,1005,296,1316,419,118855,4944,124218,"2025-09-23 18:09:47"
4721,2025-01-01,112,158,118657,2276,121091,111,2064,597,2772,119,9993,3852,13964,10,345,171,526,398,131059,6896,138353,"2025-09-23 18:09:47"
4722,2025-01-01,113,93,75127,1338,76558,28,2105,915,3048,39,9067,1602,10708,0,197,130,327,160,86496,3985,90641,"2025-09-23 18:09:47"
4723,2025-01-01,114,185,118903,723,119811,91,3684,485,4260,170,20063,3025,23258,14,510,257,781,460,143160,4490,148110,"2025-09-23 18:09:47"
4724,2025-01-01,115,244,53923,416,54583,99,1651,513,2263,251,12133,900,13284,13,303,83,399,607,68010,1912,70529,"2025-09-23 18:09:47"
4725,2025-01-01,116,189,53794,350,54333,87,1971,676,2734,195,14288,6417,20900,9,335,335,679,480,70388,7778,78646,"2025-09-23 18:09:47"
4726,2025-01-01,117,89,17636,167,17892,69,708,238,1015,157,6365,4090,10612,7,140,492,639,322,24849,4987,30158,"2025-09-23 18:09:47"
4727,2025-01-01,118,97,108758,1243,110098,63,2727,566,3356,61,10596,2573,13230,10,325,186,521,231,122406,4568,127205,"2025-09-23 18:09:47"
4728,2025-01-01,119,52,186104,3469,189625,40,3284,755,4079,52,11629,3812,15493,12,500,315,827,156,201517,8351,210024,"2025-09-23 18:09:47"
4729,2025-01-01,120,27,144493,764,145284,16,1780,84,1880,23,4904,1405,6332,0,238,40,278,66,151415,2293,153774,"2025-09-23 18:09:47"
4730,2025-01-01,121,395,125080,1729,127204,176,3845,1474,5495,235,21690,4926,26851,19,711,372,1102,825,151326,8501,160652,"2025-09-23 18:09:47"
4731,2025-01-01,122,118,59014,413,59545,95,1225,189,1509,84,5729,2032,7845,8,151,313,472,305,66119,2947,69371,"2025-09-23 18:09:47"
4732,2025-01-01,123,282,152729,2006,155017,263,4394,449,5106,194,18015,3051,21260,29,543,275,847,768,175681,5781,182230,"2025-09-23 18:09:47"
4733,2025-01-01,124,211,103336,954,104501,93,3286,825,4204,129,19054,4348,23531,15,476,563,1054,448,126152,6690,133290,"2025-09-23 18:09:47"
4734,2025-01-01,125,287,215854,2863,219004,94,5412,2629,8135,173,31297,6354,37824,20,703,300,1023,574,253266,12146,265986,"2025-09-23 18:09:47"
4735,2025-01-01,126,375,292128,3950,296453,161,7579,2197,9937,254,35971,7606,43831,23,1015,1019,2057,813,336693,14772,352278,"2025-09-23 18:09:47"
4736,2025-01-01,127,193,66668,5694,72555,73,2689,757,3519,155,20839,2424,23418,15,360,375,750,436,90556,9250,100242,"2025-09-23 18:09:47"
4737,2025-01-01,128,204,123138,1027,124369,89,2447,358,2894,148,15445,2300,17893,12,339,154,505,453,141369,3839,145661,"2025-09-23 18:09:47"
4738,2025-01-01,129,398,459494,2785,462677,228,9989,2780,12997,290,64736,8308,73334,74,1704,695,2473,990,535923,14568,551481,"2025-09-23 18:09:47"
4740,2025-01-01,131,79,15474,131,15684,56,747,54,857,78,8000,256,8334,11,100,28,139,224,24321,469,25014,"2025-09-23 18:09:47"
4741,2025-01-01,132,68,11134,122,11324,51,447,83,581,120,4905,375,5400,4,89,226,319,243,16575,806,17624,"2025-09-23 18:09:47"
4742,2025-01-01,133,71,12246,117,12434,57,592,88,737,110,6432,475,7017,17,73,48,138,255,19343,728,20326,"2025-09-23 18:09:47"
4743,2025-01-01,134,98,17626,114,17838,59,678,93,830,115,8207,180,8502,13,90,39,142,285,26601,426,27312,"2025-09-23 18:09:47"
4744,2025-01-01,135,72,20141,173,20386,59,798,84,941,84,8072,691,8847,11,171,90,272,226,29182,1038,30446,"2025-09-23 18:09:47"
4745,2025-01-01,136,83,48167,294,48544,71,2051,213,2335,112,13744,1444,15300,14,258,142,414,280,64220,2093,66593,"2025-09-23 18:09:47"
4746,2025-01-01,137,104,54997,697,55798,82,1682,181,1945,156,13602,1695,15453,10,346,881,1237,352,70627,3454,74433,"2025-09-23 18:09:47"
4747,2025-01-01,138,34,17348,181,17563,26,528,35,589,31,3174,586,3791,7,74,47,128,98,21124,849,22071,"2025-09-23 18:09:47"
4748,2025-01-01,139,74,45641,290,46005,62,1453,86,1601,86,9257,1123,10466,6,238,86,330,228,56589,1585,58402,"2025-09-23 18:09:47"
4749,2025-01-01,140,1,8,0,9,0,3,0,3,0,8,0,8,0,0,0,0,1,19,0,20,"2025-09-23 18:09:47"
4750,2025-01-01,141,208,88040,1116,89364,113,2103,362,2578,178,12084,1143,13405,17,355,267,639,516,102582,2888,105986,"2025-09-23 18:09:47"
4751,2025-01-01,142,62,82587,1540,84189,128,1957,856,2941,64,10762,1835,12661,4,325,223,552,258,95631,4454,100343,"2025-09-23 18:09:47"
4752,2025-01-01,143,174,92219,2497,94890,126,2414,535,3075,131,14803,2092,17026,8,419,203,630,439,109855,5327,115621,"2025-09-23 18:09:47"
4753,2025-01-01,144,136,132391,4312,136839,89,2963,718,3770,134,15831,2527,18492,13,565,375,953,372,151750,7932,160054,"2025-09-23 18:09:47"
4754,2025-01-01,145,211,95525,4543,100279,151,2800,417,3368,259,19917,1799,21975,30,455,284,769,651,118697,7043,126391,"2025-09-23 18:09:47"
4756,2025-01-01,147,79,23416,62,23557,39,558,99,696,55,2240,431,2726,10,94,31,135,183,26308,623,27114,"2025-09-23 18:09:47"
4757,2025-01-01,148,220,42526,1129,43875,121,1534,376,2031,251,12815,685,13751,24,217,132,373,616,57092,2322,60030,"2025-09-23 18:09:47"
4758,2025-01-01,149,70,20713,2066,22849,43,986,219,1248,97,8627,592,9316,10,118,74,202,220,30444,2951,33615,"2025-09-23 18:09:47"
4759,2025-01-01,150,157,45838,819,46814,90,2020,353,2463,143,15325,1082,16550,30,213,95,338,420,63396,2349,66165,"2025-09-23 18:09:47"
4760,2025-01-01,151,149,86785,818,87752,78,2406,357,2841,186,19269,2342,21797,16,488,808,1312,429,108948,4325,113702,"2025-09-23 18:09:47"
4761,2025-01-01,152,133,40372,555,41060,72,1378,173,1623,181,12799,535,13515,34,192,152,378,420,54741,1415,56576,"2025-09-23 18:09:47"
4762,2025-01-01,153,100,23108,182,23390,68,1075,326,1469,156,11251,395,11802,14,101,55,170,338,35535,958,36831,"2025-09-23 18:09:47"
4763,2025-01-01,154,186,81965,1023,83174,88,2423,477,2988,160,19056,1866,21082,25,416,438,879,459,103860,3804,108123,"2025-09-23 18:09:47"
4764,2025-01-01,155,80,19684,147,19911,40,695,111,846,108,7704,439,8251,17,91,84,192,245,28174,781,29200,"2025-09-23 18:09:47"
4765,2025-01-01,156,204,175008,2124,177336,138,4598,485,5221,187,24327,3697,28211,49,737,392,1178,578,204670,6698,211946,"2025-09-23 18:09:47"
4766,2025-01-01,157,154,35264,280,35698,118,1390,319,1827,185,11511,741,12437,13,205,128,346,470,48370,1468,50308,"2025-09-23 18:09:47"
4767,2025-01-01,158,102,120143,1821,122066,62,3735,696,4493,124,19605,2898,22627,10,584,393,987,298,144067,5808,150173,"2025-09-23 18:09:47"
4768,2025-01-01,159,165,183628,1704,185497,155,4300,888,5343,212,20980,2604,23796,25,608,297,930,557,209516,5493,215566,"2025-09-23 18:09:47"
4769,2025-01-01,160,79,11463,66,11608,58,447,60,565,123,6022,520,6665,17,72,63,152,277,18004,709,18990,"2025-09-23 18:09:47"
4770,2025-01-01,161,85,24689,205,24979,49,977,113,1139,195,10806,253,11254,19,145,52,216,348,36617,623,37588,"2025-09-23 18:09:47"
4771,2025-01-01,162,160,43590,377,44127,98,1370,202,1670,140,12288,772,13200,21,230,133,384,419,57478,1484,59381,"2025-09-23 18:09:47"
4773,2025-01-01,164,84,12461,162,12707,65,476,77,618,98,6597,741,7436,11,84,42,137,258,19618,1022,20898,"2025-09-23 18:09:47"
4774,2025-01-01,165,109,21048,157,21314,75,990,93,1158,141,12720,263,13124,12,125,42,179,337,34883,555,35775,"2025-09-23 18:09:47"
4775,2025-01-01,166,68,10732,94,10894,42,410,57,509,71,5031,398,5500,6,60,66,132,187,16233,615,17035,"2025-09-23 18:09:47"
4776,2025-01-01,167,93,78548,687,79328,73,2128,284,2485,89,14721,3481,18291,14,564,1687,2265,269,95961,6139,102369,"2025-09-23 18:09:47"
4777,2025-01-01,168,63,9253,354,9670,39,383,52,474,77,3961,208,4246,4,70,24,98,183,13667,638,14488,"2025-09-23 18:09:47"
4778,2025-01-01,169,142,52940,790,53872,114,1859,374,2347,222,15625,1706,17553,20,383,270,673,498,70807,3140,74445,"2025-09-23 18:09:47"
4779,2025-01-01,170,80,20350,397,20827,48,768,277,1093,75,7949,1039,9063,11,127,146,284,214,29194,1859,31267,"2025-09-23 18:09:47"
4780,2025-01-01,171,118,82871,2288,85277,116,2586,417,3119,150,12967,2289,15406,10,349,351,710,394,98773,5345,104512,"2025-09-23 18:09:47"
4781,2025-01-01,172,259,41132,150,41541,210,1455,67,1732,159,11908,861,12928,15,202,123,340,643,54697,1201,56541,"2025-09-23 18:09:47"
4782,2025-01-01,173,78,14066,150,14294,51,725,68,844,103,7947,354,8404,15,89,59,163,247,22827,631,23705,"2025-09-23 18:09:47"
4783,2025-01-01,174,176,124612,1857,126645,130,2896,601,3627,199,22709,2105,25013,20,458,933,1411,525,150675,5496,156696,"2025-09-23 18:09:47"
4784,2025-01-01,175,116,14224,104983,119323,68,635,2301,3004,209,9459,388,10056,5,139,35,179,398,24457,107707,132562,"2025-09-23 18:09:47"
4785,2025-01-01,176,205,113714,2376,116295,147,3086,725,3958,200,21660,3568,25428,17,425,838,1280,569,138885,7507,146961,"2025-09-23 18:09:47"
4786,2025-01-01,177,80,21649,207,21936,46,782,98,926,113,8192,505,8810,7,101,54,162,246,30724,864,31834,"2025-09-23 18:09:47"
4787,2025-01-01,178,94,24516,279,24889,63,1179,87,1329,120,11259,782,12161,8,196,138,342,285,37150,1286,38721,"2025-09-23 18:09:47"
4788,2025-01-01,179,131,16314,161,16606,56,686,100,842,105,9694,208,10007,12,96,31,139,304,26790,500,27594,"2025-09-23 18:09:47"
4789,2025-01-01,180,79,19325,176,19580,45,716,84,845,90,8211,892,9193,3,125,89,217,217,28377,1241,29835,"2025-09-23 18:09:47"
4790,2025-01-01,181,85,13438,101,13624,74,549,47,670,109,7112,283,7504,7,61,33,101,275,21160,464,21899,"2025-09-23 18:09:47"
4791,2025-01-01,182,79,11235,88,11402,49,516,61,626,96,6327,144,6567,9,61,25,95,233,18139,318,18690,"2025-09-23 18:09:47"
4792,2025-01-01,183,71,12331,5655,18057,50,502,108,660,88,6557,205,6850,12,90,24,126,221,19480,5992,25693,"2025-09-23 18:09:47"
4793,2025-01-01,184,114,24545,88846,113505,81,1605,820,2506,142,15610,236,15988,10,131,43,184,347,41891,89945,132183,"2025-09-23 18:09:47"
4794,2025-01-01,185,97,25911,466,26474,51,908,873,1832,98,8021,501,8620,9,151,144,304,255,34991,1984,37230,"2025-09-23 18:09:47"
4796,2025-01-01,187,145,120066,937,121148,101,2958,398,3457,130,22169,2735,25034,15,422,385,822,391,145615,4455,150461,"2025-09-23 18:09:47"
4797,2025-01-01,188,208,119692,1724,121624,146,3690,530,4366,220,25954,1977,28151,16,565,380,961,590,149901,4611,155102,"2025-09-23 18:09:47"
4798,2025-01-01,189,58,14489,36,14583,33,644,56,733,73,6532,686,7291,17,87,55,159,181,21752,833,22766,"2025-09-23 18:09:47"
4799,2025-01-01,190,199,193766,2483,196448,112,4846,782,5740,224,25857,3641,29722,20,669,461,1150,555,225138,7367,233060,"2025-09-23 18:09:47"
4801,2025-01-01,192,141,59092,610,59843,82,1983,269,2334,161,17945,1099,19205,17,248,189,454,401,79268,2167,81836,"2025-09-23 18:09:47"
4802,2025-01-01,193,97,27340,385,27822,53,1178,115,1346,133,10373,279,10785,12,143,96,251,295,39034,875,40204,"2025-09-23 18:09:47"
4803,2025-01-01,194,100,11166,48,11314,52,408,44,504,87,7036,91,7214,16,51,16,83,255,18661,199,19115,"2025-09-23 18:09:47"
4804,2025-01-01,195,125,37288,394,37807,91,1584,261,1936,200,17401,1052,18653,17,209,171,397,433,56482,1878,58793,"2025-09-23 18:09:47"
4805,2025-01-01,196,75,20280,133,20488,43,786,49,878,87,11388,985,12460,15,147,144,306,220,32601,1311,34132,"2025-09-23 18:09:47"
4806,2025-01-01,197,280,65183,938,66401,244,2113,308,2665,262,19396,1209,20867,49,340,232,621,835,87032,2687,90554,"2025-09-23 18:09:47"
4807,2025-01-01,198,75,12975,100,13150,50,584,55,689,124,5995,117,6236,16,80,29,125,265,19634,301,20200,"2025-09-23 18:09:47"
4808,2025-01-01,199,56,6083,36,6175,32,277,27,336,60,3940,48,4048,2,37,6,45,150,10337,117,10604,"2025-09-23 18:09:47"
4809,2025-01-01,200,131,41480,485,42096,78,1557,138,1773,144,14717,736,15597,26,241,159,426,379,57995,1518,59892,"2025-09-23 18:09:47"
4810,2025-01-01,201,130,45221,407,45758,82,1695,243,2020,129,16230,1490,17849,18,247,355,620,359,63393,2495,66247,"2025-09-23 18:09:47"
4811,2025-01-01,202,108,23214,169,23491,63,694,77,834,111,8673,202,8986,21,113,45,179,303,32694,493,33490,"2025-09-23 18:09:47"
4812,2025-01-01,203,60,4399,352,4811,21,260,192,473,63,1448,27,1538,8,25,3,36,152,6132,574,6858,"2025-09-23 18:09:47"
4813,2025-01-01,204,133,20718,114,20965,56,601,85,742,121,6623,123,6867,19,117,39,175,329,28059,361,28749,"2025-09-23 18:09:47"
4814,2025-01-01,205,86,19660,90,19836,78,831,83,992,128,12270,841,13239,10,116,102,228,302,32877,1116,34295,"2025-09-23 18:09:47"
4815,2025-01-01,206,82,17963,164,18209,44,617,50,711,92,7902,597,8591,15,99,185,299,233,26581,996,27810,"2025-09-23 18:09:47"
4816,2025-01-01,207,57,10012,39,10108,69,454,43,566,83,6048,114,6245,10,66,15,91,219,16580,211,17010,"2025-09-23 18:09:47"
4817,2025-01-01,208,123,56009,271,56403,63,1778,337,2178,105,12904,1569,14578,13,274,314,601,304,70965,2491,73760,"2025-09-23 18:09:47"
4818,2025-01-01,209,141,104022,1339,105502,84,2853,759,3696,208,17845,4218,22271,13,474,1716,2203,446,125194,8032,133672,"2025-09-23 18:09:47"
4819,2025-01-01,210,162,130026,2177,132365,95,2861,312,3268,106,18159,1078,19343,27,451,301,779,390,151497,3868,155755,"2025-09-23 18:09:47"
4821,2025-01-01,212,125,96525,1029,97679,87,2782,474,3343,144,12037,504,12685,16,328,170,514,372,111672,2177,114221,"2025-09-23 18:09:47"
4822,2025-01-01,213,107,24799,192,25098,74,854,174,1102,105,9355,261,9721,14,83,176,273,300,35091,803,36194,"2025-09-23 18:09:47"
4823,2025-01-01,214,52,11889,81,12022,62,705,90,857,94,7360,207,7661,11,130,64,205,233,28001,550,28784,"2025-09-23 18:09:47"
4824,2025-01-01,215,266,246436,2264,248966,154,6030,556,6740,238,41102,4707,46047,37,842,578,1457,695,294410,8105,303210,"2025-09-23 18:09:47"
4825,2025-01-01,216,104,14234,143,14481,55,522,109,686,134,6202,154,6490,9,62,28,99,302,21020,434,21756,"2025-09-23 18:09:47"
4826,2025-01-01,217,113,43870,483,44466,95,1365,194,1654,103,13707,2570,16380,15,203,599,817,326,59145,3846,63317,"2025-09-23 18:09:47"
4827,2025-01-01,218,101,48506,672,49279,79,1433,215,1727,135,10518,552,11205,18,186,109,313,333,60643,1548,62524,"2025-09-23 18:09:47"
4828,2025-01-01,219,92,13805,57,13954,62,488,55,605,99,7198,481,7778,8,146,154,308,261,21637,747,22645,"2025-09-23 18:09:47"
4829,2025-01-01,220,170,155621,1109,156900,97,4097,796,4990,149,22373,7194,29716,23,663,1543,2229,439,182754,10642,193835,"2025-09-23 18:09:47"
4830,2025-01-01,221,67,10532,53,10652,53,374,43,470,91,4580,576,5247,13,62,124,199,224,15548,796,16568,"2025-09-23 18:09:47"
4831,2025-01-01,222,218,144502,2850,147570,174,3197,1044,4415,236,26737,2371,29344,33,513,435,981,661,174949,6700,182310,"2025-09-23 18:09:47"
4832,2025-01-01,223,73,25216,184,25473,73,1024,109,1206,95,10327,417,10839,10,148,65,223,251,36715,775,37741,"2025-09-23 18:09:47"
4833,2025-01-01,224,146,90015,1329,91490,63,1862,473,2398,137,10464,985,11586,15,160,152,327,361,102501,2939,105801,"2025-09-23 18:09:47"
4834,2025-01-01,225,68,96610,6352,103030,33,1818,400,2251,53,10868,1622,12543,4,225,235,464,158,109521,8609,118288,"2025-09-23 18:09:47"
4835,2025-01-01,226,239,147805,18461,166505,218,1989,865,3072,138,10158,1001,11297,15,225,187,427,610,160177,20514,181301,"2025-09-23 18:09:47"
4836,2025-01-01,227,232,115410,47217,162859,175,2240,430,2845,127,17065,1450,18642,19,312,353,684,553,135027,49450,185030,"2025-09-23 18:09:47"
4837,2025-01-01,228,92,87695,714,88501,35,1893,162,2090,88,7817,1020,8925,12,275,286,573,227,97680,2182,100089,"2025-09-23 18:09:47"
4838,2025-01-01,229,98,43088,667,43853,80,1608,240,1928,121,8767,342,9230,14,177,70,261,313,53640,1319,55272,"2025-09-23 18:09:47"
4839,2025-01-01,230,62,16271,92,16425,70,525,44,639,105,7817,171,8093,10,86,84,180,247,24699,391,25337,"2025-09-23 18:09:47"
4840,2025-01-01,231,83,33359,20810,54252,53,1033,320,1406,86,10236,533,10855,6,174,228,408,228,44802,21891,66921,"2025-09-23 18:09:47"
4841,2025-01-01,232,62,13737,17126,30925,54,486,162,702,114,6536,150,6800,13,164,32,209,243,20923,17470,38636,"2025-09-23 18:09:47"
4842,2025-01-01,233,90,15820,186,16096,58,594,75,727,138,8187,398,8723,15,92,74,181,301,24693,733,25727,"2025-09-23 18:09:47"
4844,2025-01-01,235,246,77655,939,78840,140,2822,145,3107,344,27031,689,28064,44,256,140,440,774,107764,1913,110451,"2025-09-23 18:09:47"
4845,2025-01-01,236,609,254549,265582,520740,355,7037,6183,13575,695,59330,3664,63689,39,1185,579,1803,1698,322101,276008,599807,"2025-09-23 18:09:47"
4847,2025-01-01,238,161,94501,2446,97108,148,2461,502,3111,263,18106,1432,19801,38,402,398,838,610,115470,4778,120858,"2025-09-23 18:09:47"
4849,2025-01-01,240,122,39955,737,40814,84,1184,158,1426,125,6890,512,7527,10,180,216,406,341,48209,1623,50173,"2025-09-23 18:09:47"
4850,2025-01-01,241,127,26452,467,27046,98,790,118,1006,182,6775,184,7141,10,152,46,208,417,34169,815,35401,"2025-09-23 18:09:47"
4851,2025-01-01,242,118,34249,916,35283,88,1034,139,1261,113,5355,313,5781,8,146,94,248,327,40784,1462,42573,"2025-09-23 18:09:47"
4852,2025-01-01,243,54,8918,61,9033,55,301,30,386,112,3323,51,3486,10,52,16,78,231,12594,158,12983,"2025-09-23 18:09:47"
4853,2025-01-01,244,46,12576,155,12777,42,405,25,472,125,4159,68,4352,12,85,21,118,225,17225,269,17719,"2025-09-23 18:09:47"
4854,2025-01-01,245,130,15173,154,15457,81,617,58,756,127,6205,133,6465,13,121,54,188,351,22116,399,22866,"2025-09-23 18:09:47"
4855,2025-01-01,246,223,162251,2717,165191,168,4184,513,4865,233,26625,2305,29163,25,696,375,1096,649,193756,5910,200315,"2025-09-23 18:09:47"
4856,2025-01-01,247,62,14669,87,14818,56,446,60,562,120,5003,114,5237,9,85,31,125,247,20203,292,20742,"2025-09-23 18:09:47"
4857,2025-01-01,248,112,14238,223,14573,98,532,76,706,158,6143,157,6458,21,111,34,166,389,21024,490,21903,"2025-09-23 18:09:47"
4858,2025-01-01,249,57,17096,200,17353,68,661,53,782,143,7005,144,7292,14,89,21,124,282,24851,418,25551,"2025-09-23 18:09:47"
4859,2025-01-01,250,329,121995,2491,124815,288,3038,616,3942,271,18586,2772,21629,21,519,415,955,909,144138,6294,151341,"2025-09-23 18:09:47"
4860,2025-01-01,251,69,16267,370,16706,62,591,119,772,121,3326,129,3576,13,129,44,186,265,20313,662,21240,"2025-09-23 18:09:47"
4861,2025-01-01,252,105,17739,241,18085,82,752,72,906,120,8659,143,8922,21,95,69,185,328,27245,525,28098,"2025-09-23 18:09:47"
4862,2025-01-01,253,133,28287,257,28677,115,1172,282,1569,181,11752,457,12390,22,165,66,253,451,41376,1062,42889,"2025-09-23 18:09:47"
4863,2025-01-01,254,58,9922,57,10037,64,289,44,397,102,3289,50,3441,10,59,24,93,234,13559,175,13968,"2025-09-23 18:09:47"
4864,2025-01-01,255,86,19564,505,20155,65,804,81,950,122,8620,269,9011,14,136,49,199,287,29124,904,30315,"2025-09-23 18:09:47"
4866,2025-01-01,257,109,20273,165,20547,65,1268,94,1427,152,10614,282,11048,14,112,48,174,340,32267,589,33196,"2025-09-23 18:09:47"
4867,2025-01-01,258,216,116934,2067,119217,126,3012,510,3648,213,19398,3199,22810,21,503,694,1218,576,139847,6470,146893,"2025-09-23 18:09:47"
4868,2025-01-01,259,121,34475,590,35186,60,1466,138,1664,143,13746,1031,14920,8,255,155,418,332,49942,1914,52188,"2025-09-23 18:09:47"
4869,2025-01-01,260,136,29840,500,30476,106,1156,166,1428,179,12524,454,13157,19,184,69,272,440,43704,1189,45333,"2025-09-23 18:09:47"
4870,2025-01-01,261,73,8958,55,9086,41,469,62,572,99,4436,250,4785,7,47,39,93,220,13910,406,14536,"2025-09-23 18:09:47"
4871,2025-01-01,262,96,18985,181,19262,62,792,116,970,126,8665,268,9059,12,103,56,171,296,28545,621,29462,"2025-09-23 18:09:47"
4872,2025-01-01,263,74,10478,105,10657,61,383,30,474,99,5202,66,5367,10,47,19,76,244,16110,220,16574,"2025-09-23 18:09:47"
4873,2025-01-01,264,114,47128,233,47475,122,1609,409,2140,208,12410,2372,14990,28,273,218,519,472,61420,3232,65124,"2025-09-23 18:09:47"
4874,2025-01-01,265,187,115131,1882,117200,141,3786,485,4412,213,24460,3109,27782,17,427,429,873,558,143804,5905,150267,"2025-09-23 18:09:47"
4875,2025-01-01,266,83,9782,60,9925,62,415,70,547,118,4961,272,5351,7,65,25,97,270,15223,427,15920,"2025-09-23 18:09:47"
4876,2025-01-01,267,75,7880,32,7987,41,348,21,410,112,4426,83,4621,6,48,19,73,234,12702,155,13091,"2025-09-23 18:09:47"
4877,2025-01-01,268,144,152289,3158,155591,104,3360,981,4445,121,19229,2625,21975,14,554,405,973,383,175432,7169,182984,"2025-09-23 18:09:47"
4878,2025-01-01,269,344,137092,2004,139440,231,2988,530,3749,236,15875,1532,17643,23,351,260,634,834,156306,4326,161466,"2025-09-23 18:09:47"
4879,2025-01-01,270,108,41305,1699,43112,113,1539,199,1851,165,14974,883,16022,8,241,133,382,394,58059,2914,61367,"2025-09-23 18:09:47"
4880,2025-01-01,271,110,9687,85,9882,55,411,95,561,108,5036,104,5248,15,57,17,89,288,15191,301,15780,"2025-09-23 18:09:47"
4882,2025-02-01,1,158,218816,14053,233027,61,3810,546,4417,187,13586,2292,16065,19,375,148,542,425,236587,17039,254051,"2025-09-23 18:09:54"
4883,2025-02-01,2,108,141888,5109,147105,42,3240,628,3910,147,11950,2619,14716,7,256,209,472,304,157334,8565,166203,"2025-09-23 18:09:54"
4884,2025-02-01,3,113,60246,2091,62450,68,2028,715,2811,132,6677,1280,8089,15,156,113,284,328,69107,4199,73634,"2025-09-23 18:09:54"
4885,2025-02-01,4,120,68556,2052,70728,45,4060,1318,5423,163,15920,4276,20359,17,444,267,728,362,187546,14306,202214,"2025-09-23 18:09:54"
4886,2025-02-01,5,89,98611,3017,101717,44,2863,348,3255,144,8867,2244,11255,11,195,179,385,288,110536,5788,116612,"2025-09-23 18:09:54"
4887,2025-02-01,6,87,79908,2955,82950,43,2003,313,2359,166,8576,1534,10276,10,125,109,244,306,90612,4911,95829,"2025-09-23 18:09:54"
4888,2025-02-01,7,111,114867,9085,124063,61,3759,564,4384,126,13591,2586,16303,7,322,169,498,305,132539,12404,145248,"2025-09-23 18:09:54"
4889,2025-02-01,8,59,71628,2748,74435,33,2484,441,2958,73,10582,2287,12942,12,205,101,318,177,84899,5577,90653,"2025-09-23 18:09:54"
4890,2025-02-01,9,81,129124,5593,134798,52,3166,754,3972,176,9683,2142,12001,11,269,257,537,320,142242,8746,151308,"2025-09-23 18:09:54"
4891,2025-02-01,10,91,76120,4603,80814,48,2171,560,2779,123,7885,2035,10043,12,194,157,363,274,86370,7355,93999,"2025-09-23 18:09:54"
4892,2025-02-01,11,106,85105,2929,88140,58,2461,124,2643,129,9606,2200,11935,12,199,96,307,305,97371,5349,103025,"2025-09-23 18:09:54"
4893,2025-02-01,12,116,94501,1157,95774,43,2091,128,2262,135,6345,1152,7632,17,133,166,316,311,103070,2603,105984,"2025-09-23 18:09:54"
4894,2025-02-01,13,98,101631,4124,105853,55,2405,656,3116,171,9145,2179,11495,22,259,488,769,346,113440,7447,121233,"2025-09-23 18:09:54"
4895,2025-02-01,14,207,77229,3436,80872,100,1930,398,2428,134,5731,1783,7648,7,150,104,261,448,85040,5721,91209,"2025-09-23 18:09:54"
4896,2025-02-01,15,174,153466,3600,157240,131,2887,646,3664,183,10342,4677,15202,16,269,207,492,504,166964,9130,176598,"2025-09-23 18:09:54"
4897,2025-02-01,16,131,81943,8660,90734,48,1702,929,2679,178,8153,1917,10248,18,202,128,348,375,92000,11634,104009,"2025-09-23 18:09:54"
4898,2025-02-01,17,92,104955,1982,107029,48,2661,1096,3805,141,8340,1674,10155,8,196,99,303,289,116152,4851,121292,"2025-09-23 18:09:54"
4899,2025-02-01,18,128,206315,7451,213894,105,3845,1606,5556,158,17095,4777,22030,19,409,396,824,410,227664,14230,242304,"2025-09-23 18:09:54"
4900,2025-02-01,19,129,127085,4727,131941,64,2911,734,3709,144,10849,2901,13894,8,271,429,708,345,141116,8791,150252,"2025-09-23 18:09:54"
4901,2025-02-01,20,127,118217,2878,121222,64,3485,183,3732,176,12892,4445,17513,16,488,608,1112,383,135082,8114,143579,"2025-09-23 18:09:54"
4902,2025-02-01,21,260,63519,1161,64940,125,1725,77,1927,153,4901,1013,6067,13,158,30,201,551,70303,2281,73135,"2025-09-23 18:09:54"
4903,2025-02-01,22,100,113994,4085,118179,46,2829,748,3623,138,9712,2042,11892,16,203,185,404,300,126738,7060,134098,"2025-09-23 18:09:54"
4904,2025-02-01,23,1695,39351,240,41286,1497,1367,253,3117,336,3577,1582,5495,100,98,106,304,3628,44393,2181,50202,"2025-09-23 18:09:54"
4905,2025-02-01,63,141,91542,1096,92779,813,1719,247,2779,175,4767,1210,6152,23,232,103,358,1306,47025,3245,51576,"2025-09-23 18:09:54"
4906,2025-02-01,25,79,91434,6019,97532,33,2856,579,3468,121,11414,2775,14310,14,234,319,567,247,105938,9692,115877,"2025-09-23 18:09:54"
4907,2025-02-01,146,1993,761140,12734,775867,3727,66458,14591,84776,3909,240186,59622,303717,430,6042,5173,11645,12837,2970068,191219,3174124,"2025-09-23 18:09:54"
4909,2025-02-01,28,98,64641,2426,67165,62,1971,929,2962,102,9348,3077,12527,14,195,645,854,276,76155,7077,83508,"2025-09-23 18:09:54"
4910,2025-02-01,29,80,74769,840,75689,49,1953,546,2548,124,10725,1209,12058,13,246,210,469,266,87693,2805,90764,"2025-09-23 18:09:54"
4911,2025-02-01,77,302,139601,2844,142747,57,2004,467,2528,58,8731,4341,13130,4,339,1472,1815,233,92743,9076,102052,"2025-09-23 18:09:54"
4912,2025-02-01,57,71,58604,770,59445,49,835,174,1058,62,3533,2359,5954,5,109,1044,1158,199,49490,5218,54907,"2025-09-23 18:09:54"
4913,2025-02-01,32,74,88254,1690,90018,27,1851,358,2236,63,9962,1560,11585,1,215,277,493,165,100282,3885,104332,"2025-09-23 18:09:54"
4914,2025-02-01,33,133,120289,29194,149616,62,2620,581,3263,171,12927,2451,15549,10,199,540,749,376,136035,32766,169177,"2025-09-23 18:09:54"
4915,2025-02-01,79,86,110828,1568,112482,55,2073,307,2435,107,11723,1594,13424,9,197,245,451,339,101036,3686,105061,"2025-09-23 18:09:54"
4916,2025-02-01,35,97,66499,2333,68929,57,2007,214,2278,98,14096,2300,16494,8,239,322,569,260,82841,5169,88270,"2025-09-23 18:09:54"
4917,2025-02-01,36,111,92836,3488,96435,51,2569,335,2955,102,12727,2005,14834,9,225,282,516,273,108357,6110,114740,"2025-09-23 18:09:54"
4918,2025-02-01,60,313,185924,22116,208353,32,851,19,902,42,3602,877,4521,0,65,90,155,135,30837,1346,32318,"2025-09-23 18:09:54"
4919,2025-02-01,38,51,56541,68469,125061,24,1390,809,2223,78,5366,1347,6791,11,155,356,522,164,63452,70981,134597,"2025-09-23 18:09:54"
4920,2025-02-01,39,338,113991,24044,138373,503,1653,694,2850,182,8810,2340,11332,26,209,712,947,1049,124663,27790,153502,"2025-09-23 18:09:54"
4921,2025-02-01,40,85,26392,1270,27747,48,941,325,1314,83,4026,382,4491,9,47,56,112,225,31406,2033,33664,"2025-09-23 18:09:54"
4923,2025-02-01,42,138,142275,2169,144582,58,2801,230,3089,124,12420,2234,14778,9,312,485,806,329,157808,5118,163255,"2025-09-23 18:09:54"
4925,2025-02-01,44,0,19,2,21,36,374,21,431,48,5263,139,5450,2,67,20,89,134,15705,244,16083,"2025-09-23 18:09:54"
4927,2025-02-01,46,198,238646,13465,252309,112,4545,728,5385,181,28928,5434,34543,14,624,564,1202,505,272743,20191,293439,"2025-09-23 18:09:54"
4928,2025-02-01,47,117,117994,1527,119638,118,2822,515,3455,292,19599,2890,22781,65,413,299,777,592,140828,5231,146651,"2025-09-23 18:09:54"
4932,2025-02-01,51,200,197429,2955,200584,193,2917,611,3721,211,15691,1375,17277,12,477,165,654,616,216514,5106,222236,"2025-09-23 18:09:54"
4935,2025-02-01,54,138,27845,5193,33176,51,1131,297,1479,152,10554,802,11508,10,197,88,295,351,39727,6380,46458,"2025-09-23 18:09:54"
4936,2025-02-01,55,108,95127,141370,236605,61,3011,2140,5212,109,25678,2783,28570,20,502,334,856,298,124318,146627,271243,"2025-09-23 18:09:54"
4937,2025-02-01,56,358,223503,17860,241721,456,4793,822,6071,172,28721,3592,32485,23,592,490,1105,1009,257609,22764,281382,"2025-09-23 18:09:54"
4939,2025-02-01,58,191,144785,11848,156824,99,3958,81,4138,138,16929,4960,22027,18,430,838,1286,446,166102,17727,184275,"2025-09-23 18:09:54"
4940,2025-02-01,59,149,204266,32601,237016,80,4309,1039,5428,108,20106,3234,23448,8,475,317,800,345,229156,37191,266692,"2025-09-23 18:09:54"
4942,2025-02-01,61,158,210535,5588,216281,88,3072,714,3874,138,12256,3519,15913,14,413,512,939,398,226276,10333,237007,"2025-09-23 18:09:54"
4943,2025-02-01,62,72,8711,139,8922,57,514,67,638,125,3960,64,4149,3,52,12,67,257,13237,282,13776,"2025-09-23 18:09:54"
4946,2025-02-01,65,228,174805,3863,178896,152,4138,372,4662,192,26453,8116,34761,31,736,933,1700,603,206132,13284,220019,"2025-09-23 18:09:54"
4952,2025-02-01,71,86,72154,1934,74174,44,1974,550,2568,109,13595,3866,17570,9,357,442,808,248,88080,6792,95120,"2025-09-23 18:09:54"
4955,2025-02-01,74,120,178151,2673,180944,93,3051,368,3512,449,15386,2433,18268,25,639,296,960,687,197227,5770,203684,"2025-09-23 18:09:54"
4961,2025-02-01,80,169,109629,1192,110990,100,2496,675,3271,166,20799,4240,25205,14,431,1026,1471,449,133355,7133,140937,"2025-09-23 18:09:54"
4964,2025-02-01,83,363,179376,1245,180984,251,3143,634,4028,266,15039,2006,17311,84,634,162,880,964,198192,4047,203203,"2025-09-23 18:09:54"
4966,2025-02-01,85,154,25693,242,26089,83,1071,147,1301,157,6626,211,6994,24,135,45,204,418,33525,645,34588,"2025-09-23 18:09:54"
4967,2025-02-01,86,319,174556,1948,176823,156,3962,428,4546,197,19049,2738,21984,22,454,277,753,694,198021,5391,204106,"2025-09-23 18:09:54"
4968,2025-02-01,87,108,115361,3439,118908,80,2345,628,3053,82,13011,2155,15248,11,373,160,544,281,131090,6382,137753,"2025-09-23 18:09:54"
4969,2025-02-01,88,72,105358,2514,107944,22,2023,582,2627,38,9184,1497,10719,1,225,137,363,133,116790,4730,121653,"2025-09-23 18:09:54"
4970,2025-02-01,89,479,30848,312,31639,104,509,42,655,128,2001,468,2597,15,81,11,107,726,33439,833,34998,"2025-09-23 18:09:54"
4971,2025-02-01,90,143,90243,1723,92109,67,2228,408,2703,110,10088,2354,12552,11,218,202,431,331,102777,4687,107795,"2025-09-23 18:09:54"
4972,2025-02-01,91,209,173519,942,174670,89,4679,2379,7147,130,30562,5581,36273,16,727,349,1092,444,209487,9251,219182,"2025-09-23 18:09:54"
4973,2025-02-01,92,93,61919,1082,63094,75,1463,281,1819,99,8271,1397,9767,14,194,149,357,281,71847,2909,75037,"2025-09-23 18:09:54"
4974,2025-02-01,93,130,87359,892,88381,72,2030,175,2277,92,8936,3848,12876,10,171,254,435,304,98496,5169,103969,"2025-09-23 18:09:54"
4975,2025-02-01,94,261,203404,3133,206798,112,4874,1687,6673,205,30877,4535,35617,9,721,694,1424,587,239876,10049,250512,"2025-09-23 18:09:54"
4976,2025-02-01,95,372,270426,2294,273092,196,6927,1064,8187,217,42912,6544,49673,28,1098,504,1630,813,321363,10406,332582,"2025-09-23 18:09:54"
4977,2025-02-01,96,98,31911,669,32678,45,1188,72,1305,82,5313,689,6084,11,108,52,171,236,38520,1482,40238,"2025-09-23 18:09:54"
4978,2025-02-01,97,6,98,1,105,0,38,10,48,0,127,7,134,0,0,1,1,6,263,19,288,"2025-09-23 18:09:54"
4979,2025-02-01,98,49,73290,1752,75091,19,2075,118,2212,33,8223,1246,9502,1,170,177,348,102,83758,3293,87153,"2025-09-23 18:09:54"
4980,2025-02-01,99,40,51970,947,52957,31,1822,445,2298,32,9683,1761,11476,4,197,175,376,107,63672,3328,67107,"2025-09-23 18:09:54"
4981,2025-02-01,100,197,128619,2796,131612,148,3391,569,4108,156,15557,3336,19049,24,352,200,576,525,147919,6901,155345,"2025-09-23 18:09:54"
4982,2025-02-01,101,200,179479,4304,183983,57,2320,1395,3772,104,7541,1919,9564,10,351,196,557,371,189691,7814,197876,"2025-09-23 18:09:54"
4983,2025-02-01,102,164,71804,1667,73635,60,1999,221,2280,77,7423,1556,9056,3,173,162,338,304,81399,3606,85309,"2025-09-23 18:09:54"
4984,2025-02-01,103,216,63059,2076,65351,58,2031,284,2373,100,8732,1590,10422,19,182,146,347,393,74004,4096,78493,"2025-09-23 18:09:54"
4985,2025-02-01,104,110,183875,4912,188897,168,4436,1515,6119,160,19923,3138,23221,21,581,551,1153,459,208815,10116,219390,"2025-09-23 18:09:54"
4986,2025-02-01,105,269,143532,2021,145822,106,2012,132,2250,63,6655,1477,8195,2,263,132,397,440,152462,3762,156664,"2025-09-23 18:09:54"
4987,2025-02-01,106,243,98895,1021,100159,150,2680,499,3329,101,8235,2137,10473,16,246,126,388,510,110056,3783,114349,"2025-09-23 18:09:54"
4988,2025-02-01,107,146,72671,1293,74110,70,2367,65,2502,91,6379,1989,8459,18,172,105,295,325,81589,3452,85366,"2025-09-23 18:09:54"
4989,2025-02-01,108,180,227551,1877,229608,112,6233,455,6800,153,37283,6430,43866,23,741,514,1278,468,271808,9276,281552,"2025-09-23 18:09:54"
4990,2025-02-01,109,216,137680,2422,140318,146,4764,1115,6025,227,22701,4029,26957,12,444,324,780,601,165589,7890,174080,"2025-09-23 18:09:54"
4991,2025-02-01,110,86,121901,2296,124283,42,3807,635,4484,33,18234,2653,20920,3,442,366,811,164,144384,5950,150498,"2025-09-23 18:09:54"
4992,2025-02-01,111,179,95784,789,96752,97,3033,547,3677,132,19515,3311,22958,15,970,298,1283,423,119302,4945,124670,"2025-09-23 18:09:54"
4993,2025-02-01,112,158,118967,2279,121404,111,2052,585,2748,119,9960,3838,13917,10,348,171,529,398,131327,6873,138598,"2025-09-23 18:09:54"
4994,2025-02-01,113,94,75895,1357,77346,28,2120,920,3068,40,9100,1592,10732,0,197,126,323,162,87312,3995,91469,"2025-09-23 18:09:54"
4995,2025-02-01,114,185,119079,724,119988,91,3660,493,4244,169,20092,3029,23290,14,513,254,781,459,143344,4500,148303,"2025-09-23 18:09:54"
4996,2025-02-01,115,244,53976,411,54631,100,1650,515,2265,251,12119,899,13269,12,301,83,396,607,68046,1908,70561,"2025-09-23 18:09:54"
4997,2025-02-01,116,189,53839,349,54377,87,1973,693,2753,196,14292,6429,20917,9,342,334,685,481,70446,7805,78732,"2025-09-23 18:09:54"
4998,2025-02-01,117,87,17700,166,17953,69,711,243,1023,157,6378,4101,10636,7,135,493,635,320,24924,5003,30247,"2025-09-23 18:09:54"
4999,2025-02-01,118,98,109122,1252,110472,63,2717,560,3340,63,10652,2578,13293,10,322,181,513,234,122813,4571,127618,"2025-09-23 18:09:54"
5000,2025-02-01,119,51,186359,3476,189886,40,3240,765,4045,51,11580,3793,15424,12,499,332,843,154,201678,8366,210198,"2025-09-23 18:09:54"
5001,2025-02-01,120,27,144744,764,145535,16,1781,84,1881,23,4894,1404,6321,0,242,41,283,66,151661,2293,154020,"2025-09-23 18:09:54"
5002,2025-02-01,121,409,126225,1736,128370,174,3847,1504,5525,235,21731,4963,26929,19,714,390,1123,837,152517,8593,161947,"2025-09-23 18:09:54"
5003,2025-02-01,122,118,59014,409,59541,95,1211,190,1496,83,5711,2024,7818,7,157,313,477,303,66093,2936,69332,"2025-09-23 18:09:54"
5004,2025-02-01,123,282,152964,2019,155265,261,4372,443,5076,194,18013,3071,21278,29,551,272,852,766,175900,5805,182471,"2025-09-23 18:09:54"
5005,2025-02-01,124,220,103505,957,104682,93,3277,839,4209,130,19062,4340,23532,15,480,562,1057,458,126324,6698,133480,"2025-09-23 18:09:54"
5006,2025-02-01,125,286,216635,2801,219722,94,5404,2635,8133,173,31298,6359,37830,20,707,304,1031,573,254044,12099,266716,"2025-09-23 18:09:54"
5007,2025-02-01,126,375,292686,3917,296978,161,7546,2171,9878,256,36055,7633,43944,23,1025,1002,2050,815,337312,14723,352850,"2025-09-23 18:09:54"
5008,2025-02-01,127,199,66690,5542,72431,73,2650,758,3481,156,20861,2422,23439,15,361,375,751,443,90562,9097,100102,"2025-09-23 18:09:54"
5009,2025-02-01,128,206,123069,1045,124320,89,2430,361,2880,150,15436,2310,17896,12,343,156,511,457,141278,3872,145607,"2025-09-23 18:09:54"
5010,2025-02-01,129,399,461634,2833,464866,227,9973,2816,13016,288,64805,8353,73446,74,1710,696,2480,988,538122,14698,553808,"2025-09-23 18:09:54"
5012,2025-02-01,131,80,15484,129,15693,56,744,57,857,77,8000,258,8335,11,99,30,140,224,24327,474,25025,"2025-09-23 18:09:54"
5013,2025-02-01,132,69,11111,122,11302,51,446,83,580,120,4885,377,5382,4,89,225,318,244,16531,807,17582,"2025-09-23 18:09:54"
5014,2025-02-01,133,71,12277,117,12465,58,594,87,739,111,6434,473,7018,17,72,46,135,257,19377,723,20357,"2025-09-23 18:09:54"
5015,2025-02-01,134,99,17624,114,17837,59,672,93,824,116,8219,179,8514,13,89,40,142,287,26604,426,27317,"2025-09-23 18:09:54"
5016,2025-02-01,135,73,20238,172,20483,59,786,84,929,84,8057,695,8836,11,157,89,257,227,29238,1040,30505,"2025-09-23 18:09:54"
5017,2025-02-01,136,83,48344,311,48738,70,2056,208,2334,113,13734,1453,15300,15,256,141,412,281,64390,2113,66784,"2025-09-23 18:09:54"
5018,2025-02-01,137,104,55050,695,55849,81,1665,178,1924,156,13600,1687,15443,10,350,883,1243,351,70665,3443,74459,"2025-09-23 18:09:54"
5019,2025-02-01,138,34,17382,192,17608,26,522,35,583,31,3184,584,3799,7,75,46,128,98,21163,857,22118,"2025-09-23 18:09:54"
5020,2025-02-01,139,74,45641,290,46005,62,1443,84,1589,86,9279,1123,10488,6,238,85,329,228,56601,1582,58411,"2025-09-23 18:09:54"
5021,2025-02-01,140,1,8,0,9,0,3,0,3,0,8,0,8,0,0,0,0,1,19,0,20,"2025-09-23 18:09:54"
5022,2025-02-01,141,209,88119,1109,89437,113,2080,363,2556,179,12108,1144,13431,17,355,269,641,518,102662,2885,106065,"2025-09-23 18:09:54"
5023,2025-02-01,142,62,82343,1535,83940,128,1941,846,2915,64,10701,1842,12607,4,325,225,554,258,95310,4448,100016,"2025-09-23 18:09:54"
5024,2025-02-01,143,178,92161,2478,94817,124,2401,538,3063,128,14718,2086,16932,7,420,202,629,437,109700,5304,115441,"2025-09-23 18:09:54"
5025,2025-02-01,144,136,132993,4328,137457,92,2933,726,3751,134,15869,2524,18527,12,568,377,957,374,152363,7955,160692,"2025-09-23 18:09:54"
5026,2025-02-01,145,212,95736,4444,100392,150,2788,416,3354,262,19912,1803,21977,31,467,283,781,655,118903,6946,126504,"2025-09-23 18:09:54"
5028,2025-02-01,147,79,23320,62,23461,39,556,102,697,55,2214,435,2704,10,91,33,134,183,26181,632,26996,"2025-09-23 18:09:54"
5029,2025-02-01,148,220,42528,1143,43891,120,1517,384,2021,252,12807,686,13745,24,215,131,370,616,57067,2344,60027,"2025-09-23 18:09:54"
5030,2025-02-01,149,73,20712,2105,22890,44,984,212,1240,94,8648,596,9338,10,121,75,206,221,30465,2988,33674,"2025-09-23 18:09:54"
5031,2025-02-01,150,157,45901,829,46887,90,2013,339,2442,143,15380,1073,16596,30,212,97,339,420,63506,2338,66264,"2025-09-23 18:09:54"
5032,2025-02-01,151,151,86981,830,87962,76,2399,355,2830,186,19321,2357,21864,16,495,814,1325,429,109196,4356,113981,"2025-09-23 18:09:54"
5033,2025-02-01,152,132,40302,554,40988,72,1376,172,1620,180,12799,533,13512,34,191,148,373,418,54668,1407,56493,"2025-09-23 18:09:54"
5034,2025-02-01,153,100,23172,182,23454,68,1081,309,1458,156,11261,395,11812,13,102,55,170,337,35616,941,36894,"2025-09-23 18:09:54"
5035,2025-02-01,154,186,81993,1042,83221,87,2416,481,2984,163,19084,1867,21114,24,419,439,882,460,103912,3829,108201,"2025-09-23 18:09:54"
5036,2025-02-01,155,80,19672,145,19897,40,693,107,840,107,7708,437,8252,17,89,85,191,244,28162,774,29180,"2025-09-23 18:09:54"
5037,2025-02-01,156,204,175711,2088,178003,138,4595,512,5245,188,24366,3704,28258,49,741,390,1180,579,205413,6694,212686,"2025-09-23 18:09:54"
5038,2025-02-01,157,154,35292,280,35726,117,1384,318,1819,185,11516,739,12440,13,205,128,346,469,48397,1465,50331,"2025-09-23 18:09:54"
5039,2025-02-01,158,102,120019,1814,121935,61,3707,661,4429,125,19529,2908,22562,10,580,388,978,298,143835,5771,149904,"2025-09-23 18:09:54"
5040,2025-02-01,159,165,184163,1709,186037,154,4290,889,5333,213,21005,2598,23816,25,606,299,930,557,210064,5495,216116,"2025-09-23 18:09:54"
5041,2025-02-01,160,80,11490,66,11636,58,442,62,562,123,6026,520,6669,17,73,63,153,278,18031,711,19020,"2025-09-23 18:09:54"
5042,2025-02-01,161,86,24693,206,24985,46,969,112,1127,196,10818,254,11268,18,143,52,213,346,36623,624,37593,"2025-09-23 18:09:54"
5043,2025-02-01,162,162,43880,378,44420,94,1382,201,1677,141,12335,770,13246,21,234,134,389,418,57831,1483,59732,"2025-09-23 18:09:54"
5045,2025-02-01,164,84,12490,162,12736,64,476,75,615,98,6608,738,7444,11,84,42,137,257,19658,1017,20932,"2025-09-23 18:09:54"
5046,2025-02-01,165,109,21148,159,21416,75,999,91,1165,142,12736,260,13138,12,128,41,181,338,35011,551,35900,"2025-09-23 18:09:54"
5047,2025-02-01,166,68,10783,92,10943,40,414,57,511,72,5057,397,5526,6,59,67,132,186,16313,613,17112,"2025-09-23 18:09:54"
5048,2025-02-01,167,95,78809,688,79592,73,2116,286,2475,89,14748,3486,18323,14,572,1689,2275,271,96245,6149,102665,"2025-09-23 18:09:54"
5049,2025-02-01,168,63,9319,358,9740,39,385,52,476,77,3967,209,4253,4,73,24,101,183,13744,643,14570,"2025-09-23 18:09:54"
5050,2025-02-01,169,142,53274,789,54205,115,1858,370,2343,222,15657,1706,17585,20,377,279,676,499,71166,3144,74809,"2025-09-23 18:09:54"
5051,2025-02-01,170,80,20375,387,20842,48,763,278,1089,75,7946,1039,9060,12,130,146,288,215,29214,1850,31279,"2025-09-23 18:09:54"
5052,2025-02-01,171,119,82785,2282,85186,116,2555,420,3091,150,12942,2293,15385,10,344,351,705,395,98626,5346,104367,"2025-09-23 18:09:54"
5053,2025-02-01,172,256,41323,149,41728,212,1448,66,1726,159,11901,855,12915,15,202,122,339,642,54874,1192,56708,"2025-09-23 18:09:54"
5054,2025-02-01,173,76,14090,150,14316,51,725,66,842,101,7964,356,8421,15,93,52,160,243,22872,624,23739,"2025-09-23 18:09:54"
5055,2025-02-01,174,176,124880,1870,126926,131,2878,601,3610,207,22718,2100,25025,21,463,927,1411,535,150939,5498,156972,"2025-09-23 18:09:54"
5056,2025-02-01,175,116,14353,105949,120418,68,645,2252,2965,208,9504,389,10101,5,145,33,183,397,24647,108623,133667,"2025-09-23 18:09:54"
5057,2025-02-01,176,205,113875,2382,116462,147,3064,732,3943,200,21640,3568,25408,17,424,839,1280,569,139003,7521,147093,"2025-09-23 18:09:54"
5058,2025-02-01,177,79,21804,206,22089,45,785,101,931,113,8233,507,8853,7,105,54,166,244,30927,868,32039,"2025-09-23 18:09:54"
5059,2025-02-01,178,97,24597,85,24779,63,1177,82,1322,120,11270,784,12174,8,197,138,343,288,37241,1089,38618,"2025-09-23 18:09:54"
5060,2025-02-01,179,131,16340,161,16632,59,686,100,845,105,9733,207,10045,12,96,31,139,307,26855,499,27661,"2025-09-23 18:09:54"
5061,2025-02-01,180,82,19373,175,19630,45,711,84,840,90,8227,897,9214,3,127,89,219,220,28438,1245,29903,"2025-09-23 18:09:54"
5062,2025-02-01,181,85,13455,101,13641,74,549,46,669,109,7118,281,7508,7,65,32,104,275,21187,460,21922,"2025-09-23 18:09:54"
5063,2025-02-01,182,79,11311,88,11478,49,517,61,627,96,6327,143,6566,9,60,26,95,233,18215,318,18766,"2025-09-23 18:09:54"
5064,2025-02-01,183,71,12347,5657,18075,50,506,107,663,88,6572,203,6863,12,88,24,124,221,19513,5991,25725,"2025-09-23 18:09:54"
5065,2025-02-01,184,114,24604,89068,113786,80,1598,812,2490,142,15621,237,16000,10,129,44,183,346,41952,90161,132459,"2025-09-23 18:09:54"
5066,2025-02-01,185,97,25950,453,26500,51,903,867,1821,101,8015,504,8620,9,150,144,303,258,35018,1968,37244,"2025-09-23 18:09:54"
5068,2025-02-01,187,145,120105,923,121173,101,2954,393,3448,132,22152,2734,25018,15,420,381,816,393,145631,4431,150455,"2025-09-23 18:09:54"
5069,2025-02-01,188,209,119980,1718,121907,146,3679,528,4353,222,25973,1977,28172,16,565,381,962,593,150197,4604,155394,"2025-09-23 18:09:54"
5070,2025-02-01,189,57,14501,36,14594,32,646,57,735,77,6543,688,7308,17,86,55,158,183,21776,836,22795,"2025-09-23 18:09:54"
5071,2025-02-01,190,198,193992,2476,196666,109,4836,764,5709,227,25815,3600,29642,20,666,462,1148,554,225309,7302,233165,"2025-09-23 18:09:54"
5073,2025-02-01,192,141,59249,611,60001,82,1982,270,2334,161,17972,1107,19240,17,248,192,457,401,79451,2180,82032,"2025-09-23 18:09:54"
5074,2025-02-01,193,98,27361,386,27845,54,1178,116,1348,132,10393,277,10802,12,144,96,252,296,39076,875,40247,"2025-09-23 18:09:54"
5075,2025-02-01,194,100,11130,48,11278,52,409,44,505,86,7071,92,7249,16,51,16,83,254,18661,200,19115,"2025-09-23 18:09:54"
5076,2025-02-01,195,124,37304,394,37822,90,1588,261,1939,207,17433,1047,18687,17,210,173,400,438,56535,1875,58848,"2025-09-23 18:09:54"
5077,2025-02-01,196,76,20327,134,20537,42,787,49,878,90,11408,982,12480,15,150,145,310,223,32672,1310,34205,"2025-09-23 18:09:54"
5078,2025-02-01,197,275,65273,942,66490,240,2106,308,2654,251,19426,1212,20889,47,349,229,625,813,87154,2691,90658,"2025-09-23 18:09:54"
5079,2025-02-01,198,75,12976,100,13151,50,586,55,691,123,6011,117,6251,17,79,29,125,265,19652,301,20218,"2025-09-23 18:09:54"
5080,2025-02-01,199,61,6097,37,6195,36,278,27,341,72,3946,47,4065,7,36,6,49,176,10357,117,10650,"2025-09-23 18:09:54"
5081,2025-02-01,200,130,41556,485,42171,78,1557,137,1772,144,14729,730,15603,26,245,159,430,378,58087,1511,59976,"2025-09-23 18:09:54"
5082,2025-02-01,201,131,45070,407,45608,82,1692,242,2016,128,16222,1489,17839,18,243,359,620,359,63227,2497,66083,"2025-09-23 18:09:54"
5083,2025-02-01,202,109,23280,169,23558,63,702,79,844,110,8667,200,8977,21,113,46,180,303,32762,494,33559,"2025-09-23 18:09:54"
5084,2025-02-01,203,60,4383,346,4789,21,263,190,474,63,1458,27,1548,8,24,3,35,152,6128,566,6846,"2025-09-23 18:09:54"
5085,2025-02-01,204,138,20755,113,21006,56,603,85,744,121,6627,122,6870,19,114,40,173,334,28099,360,28793,"2025-09-23 18:09:54"
5086,2025-02-01,205,86,19669,90,19845,78,836,81,995,128,12294,896,13318,10,117,102,229,302,32916,1169,34387,"2025-09-23 18:09:54"
5087,2025-02-01,206,82,17959,164,18205,44,616,52,712,92,7917,597,8606,15,103,180,298,233,26595,993,27821,"2025-09-23 18:09:54"
5088,2025-02-01,207,55,10070,39,10164,69,461,44,574,82,6064,115,6261,10,66,15,91,216,16661,213,17090,"2025-09-23 18:09:54"
5089,2025-02-01,208,121,55942,268,56331,63,1770,335,2168,108,12822,1575,14505,13,271,318,602,305,70805,2496,73606,"2025-09-23 18:09:54"
5090,2025-02-01,209,142,103992,1337,105471,84,2845,757,3686,207,17831,4235,22273,13,479,1721,2213,446,125147,8050,133643,"2025-09-23 18:09:54"
5091,2025-02-01,210,162,130724,2178,133064,95,2855,319,3269,107,18216,1073,19396,27,454,300,781,391,152249,3870,156510,"2025-09-23 18:09:54"
5093,2025-02-01,212,124,96642,1028,97794,86,2768,476,3330,154,12058,505,12717,15,328,170,513,379,111796,2179,114354,"2025-09-23 18:09:54"
5094,2025-02-01,213,106,24909,190,25205,74,848,175,1097,106,9378,260,9744,14,83,176,273,300,35218,801,36319,"2025-09-23 18:09:54"
5095,2025-02-01,214,52,11832,83,11967,62,697,90,849,94,7359,209,7662,11,135,66,212,232,27961,555,28748,"2025-09-23 18:09:54"
5096,2025-02-01,215,261,246989,2269,249519,154,6006,556,6716,245,41161,4708,46114,39,831,583,1453,699,294987,8116,303802,"2025-09-23 18:09:54"
5097,2025-02-01,216,103,14257,143,14503,55,527,108,690,140,6215,151,6506,9,64,28,101,307,21063,430,21800,"2025-09-23 18:09:54"
5098,2025-02-01,217,111,43916,488,44515,95,1364,194,1653,103,13702,2567,16372,15,209,597,821,324,59191,3846,63361,"2025-09-23 18:09:54"
5099,2025-02-01,218,99,48567,664,49330,79,1419,210,1708,132,10544,549,11225,18,190,110,318,328,60720,1533,62581,"2025-09-23 18:09:54"
5100,2025-02-01,219,91,13813,57,13961,61,489,54,604,100,7221,483,7804,8,145,150,303,260,21668,744,22672,"2025-09-23 18:09:54"
5101,2025-02-01,220,168,156242,1104,157514,97,4118,787,5002,149,22420,7191,29760,23,663,1539,2225,437,183443,10621,194501,"2025-09-23 18:09:54"
5102,2025-02-01,221,66,10524,53,10643,53,372,38,463,91,4573,572,5236,13,61,123,197,223,15530,786,16539,"2025-09-23 18:09:54"
5103,2025-02-01,222,210,144651,2813,147674,172,3186,1028,4386,250,26737,2378,29365,32,517,435,984,664,175091,6654,182409,"2025-09-23 18:09:54"
5104,2025-02-01,223,68,25233,184,25485,73,1026,107,1206,95,10336,419,10850,10,148,67,225,246,36743,777,37766,"2025-09-23 18:09:54"
5105,2025-02-01,224,146,89995,1321,91462,64,1855,473,2392,135,10436,985,11556,15,163,152,330,360,102449,2931,105740,"2025-09-23 18:09:54"
5106,2025-02-01,225,67,96794,6460,103321,33,1789,416,2238,53,10876,1570,12499,4,224,235,463,157,109683,8681,118521,"2025-09-23 18:09:54"
5107,2025-02-01,226,237,147829,18852,166918,218,1975,875,3068,139,10161,991,11291,15,228,185,428,609,160193,20903,181705,"2025-09-23 18:09:54"
5108,2025-02-01,227,231,115764,47517,163512,172,2216,417,2805,127,17047,1469,18643,18,315,355,688,548,135342,49758,185648,"2025-09-23 18:09:54"
5109,2025-02-01,228,93,87722,717,88532,35,1874,161,2070,88,7835,1011,8934,12,275,287,574,228,97706,2176,100110,"2025-09-23 18:09:54"
5110,2025-02-01,229,98,43058,686,43842,81,1596,243,1920,121,8731,343,9195,14,173,70,257,314,53558,1342,55214,"2025-09-23 18:09:54"
5111,2025-02-01,230,58,16276,93,16427,70,522,46,638,106,7840,172,8118,10,85,84,179,244,24723,395,25362,"2025-09-23 18:09:54"
5112,2025-02-01,231,83,33346,20908,54337,53,1021,314,1388,85,10251,542,10878,7,177,231,415,228,44795,21995,67018,"2025-09-23 18:09:54"
5113,2025-02-01,232,62,13742,17257,31061,54,489,161,704,114,6555,148,6817,13,165,33,211,243,20951,17599,38793,"2025-09-23 18:09:54"
5114,2025-02-01,233,88,15858,188,16134,57,597,74,728,138,8214,394,8746,15,95,72,182,298,24764,728,25790,"2025-09-23 18:09:54"
5116,2025-02-01,235,247,77668,943,78858,138,2818,145,3101,343,27016,689,28048,44,254,139,437,772,107756,1916,110444,"2025-09-23 18:09:54"
5117,2025-02-01,236,608,254209,265872,520689,357,6994,6138,13489,693,59032,3661,63386,39,1125,562,1726,1697,321360,276233,599290,"2025-09-23 18:09:54"
5119,2025-02-01,238,158,94606,2410,97174,148,2462,495,3105,266,18127,1434,19827,38,405,439,882,610,115600,4778,120988,"2025-09-23 18:09:54"
5121,2025-02-01,240,122,39962,744,40828,84,1174,165,1423,126,6877,514,7517,10,177,214,401,342,48190,1637,50169,"2025-09-23 18:09:54"
5122,2025-02-01,241,121,26466,462,27049,98,782,117,997,182,6770,183,7135,10,151,47,208,411,34169,809,35389,"2025-09-23 18:09:54"
5123,2025-02-01,242,115,34238,909,35262,89,1033,139,1261,113,5326,313,5752,8,148,93,249,325,40745,1454,42524,"2025-09-23 18:09:54"
5124,2025-02-01,243,54,8894,61,9009,54,298,30,382,110,3332,51,3493,10,51,18,79,228,12575,160,12963,"2025-09-23 18:09:54"
5125,2025-02-01,244,46,12615,153,12814,40,400,25,465,125,4164,68,4357,12,84,21,117,223,17263,267,17753,"2025-09-23 18:09:54"
5126,2025-02-01,245,128,15171,149,15448,80,621,57,758,127,6203,133,6463,13,120,54,187,348,22115,393,22856,"2025-09-23 18:09:54"
5127,2025-02-01,246,217,162570,2733,165520,168,4159,509,4836,235,26590,2304,29129,25,699,375,1099,645,194018,5921,200584,"2025-09-23 18:09:54"
5128,2025-02-01,247,60,14642,87,14789,52,448,60,560,121,4992,114,5227,9,84,31,124,242,20166,292,20700,"2025-09-23 18:09:54"
5129,2025-02-01,248,111,14243,228,14582,98,533,75,706,158,6128,159,6445,22,111,33,166,389,21015,495,21899,"2025-09-23 18:09:54"
5130,2025-02-01,249,55,17113,200,17368,68,653,54,775,143,6999,144,7286,17,90,21,128,283,24855,419,25557,"2025-09-23 18:09:54"
5131,2025-02-01,250,365,122096,2468,124929,286,3026,616,3928,271,18583,2761,21615,21,525,410,956,943,144230,6255,151428,"2025-09-23 18:09:54"
5132,2025-02-01,251,66,16267,368,16701,61,589,119,769,121,3320,133,3574,13,129,44,186,261,20305,664,21230,"2025-09-23 18:09:54"
5133,2025-02-01,252,102,17765,249,18116,81,743,70,894,121,8668,147,8936,21,96,47,164,325,27272,513,28110,"2025-09-23 18:09:54"
5134,2025-02-01,253,130,28312,263,28705,113,1165,280,1558,180,11771,461,12412,22,163,66,251,445,41411,1070,42926,"2025-09-23 18:09:54"
5135,2025-02-01,254,58,9876,57,9991,64,287,44,395,102,3287,49,3438,10,59,24,93,234,13509,174,13917,"2025-09-23 18:09:54"
5136,2025-02-01,255,86,19569,525,20180,65,794,81,940,124,8609,271,9004,14,134,50,198,289,29106,927,30322,"2025-09-23 18:09:54"
5138,2025-02-01,257,107,20350,165,20622,65,1265,92,1422,153,10647,282,11082,14,113,47,174,339,32375,586,33300,"2025-09-23 18:09:54"
5139,2025-02-01,258,216,117149,2074,119439,126,2990,510,3626,213,19380,3219,22812,21,505,698,1224,576,140024,6501,147101,"2025-09-23 18:09:54"
5140,2025-02-01,259,121,34704,588,35413,60,1466,138,1664,143,13783,1033,14959,8,259,154,421,332,50212,1913,52457,"2025-09-23 18:09:54"
5141,2025-02-01,260,142,29855,496,30493,105,1148,164,1417,180,12535,454,13169,20,188,67,275,447,43726,1181,45354,"2025-09-23 18:09:54"
5142,2025-02-01,261,73,8971,55,9099,41,470,61,572,99,4454,247,4800,7,47,39,93,220,13942,402,14564,"2025-09-23 18:09:54"
5143,2025-02-01,262,96,19002,180,19278,62,792,116,970,126,8663,269,9058,12,102,56,170,296,28559,621,29476,"2025-09-23 18:09:54"
5144,2025-02-01,263,74,10554,105,10733,61,384,30,475,100,5227,64,5391,10,47,20,77,245,16212,219,16676,"2025-09-23 18:09:54"
5145,2025-02-01,264,113,47429,230,47772,124,1600,414,2138,208,12478,2364,15050,28,273,216,517,473,61780,3224,65477,"2025-09-23 18:09:54"
5146,2025-02-01,265,186,115274,1866,117326,142,3773,486,4401,213,24441,3109,27763,17,432,430,879,558,143920,5891,150369,"2025-09-23 18:09:54"
5147,2025-02-01,266,83,9792,60,9935,60,415,70,545,118,4953,271,5342,7,65,24,96,268,15225,425,15918,"2025-09-23 18:09:54"
5148,2025-02-01,267,74,7879,32,7985,41,346,20,407,112,4427,84,4623,6,48,19,73,233,12700,155,13088,"2025-09-23 18:09:54"
5149,2025-02-01,268,144,151866,3123,155133,105,3336,982,4423,122,19133,2620,21875,14,551,404,969,385,174886,7129,182400,"2025-09-23 18:09:54"
5150,2025-02-01,269,344,137250,2028,139622,232,2979,527,3738,236,15870,1529,17635,23,356,259,638,835,156455,4343,161633,"2025-09-23 18:09:54"
5151,2025-02-01,270,109,41310,1646,43065,114,1528,194,1836,164,14991,888,16043,8,243,134,385,395,58072,2862,61329,"2025-09-23 18:09:54"
5152,2025-02-01,271,111,9755,86,9952,54,415,94,563,112,5054,106,5272,15,56,17,88,292,15280,303,15875,"2025-09-23 18:09:54"
5154,2025-03-01,1,161,218815,13883,232859,61,3825,542,4428,187,13500,2278,15965,19,376,149,544,428,236516,16852,253796,"2025-09-23 18:10:01"
5155,2025-03-01,2,109,143209,5101,148419,42,3241,625,3908,148,11907,2610,14665,7,263,211,481,306,158620,8547,167473,"2025-09-23 18:10:01"
5156,2025-03-01,3,114,60135,2098,62347,68,2013,715,2796,131,6661,1272,8064,15,154,114,283,328,68963,4199,73490,"2025-09-23 18:10:01"
5157,2025-03-01,4,122,68645,2059,70826,45,3994,1309,5348,164,15866,4274,20304,17,453,264,734,364,187495,14694,202553,"2025-09-23 18:10:01"
5158,2025-03-01,5,89,98521,3027,101637,44,2848,347,3239,144,8840,2240,11224,11,199,174,384,288,110408,5788,116484,"2025-09-23 18:10:01"
5159,2025-03-01,6,86,79975,2963,83024,44,1973,313,2330,164,8603,1524,10291,10,124,109,243,304,90675,4909,95888,"2025-09-23 18:10:01"
5160,2025-03-01,7,112,114810,9062,123984,60,3724,566,4350,126,13581,2572,16279,7,320,169,496,305,132435,12369,145109,"2025-09-23 18:10:01"
5161,2025-03-01,8,58,71509,2724,74291,33,2456,437,2926,75,10560,2283,12918,12,203,101,316,178,84728,5545,90451,"2025-09-23 18:10:01"
5162,2025-03-01,9,81,128944,5571,134596,52,3127,751,3930,171,9630,2145,11946,11,265,252,528,315,141966,8719,151000,"2025-09-23 18:10:01"
5163,2025-03-01,10,92,76129,4575,80796,48,2139,562,2749,123,7862,2038,10023,12,195,153,360,275,86325,7328,93928,"2025-09-23 18:10:01"
5164,2025-03-01,11,105,85627,2921,88653,58,2439,128,2625,131,9578,2211,11920,11,196,97,304,305,97840,5357,103502,"2025-09-23 18:10:01"
5165,2025-03-01,12,117,94421,1233,95771,43,2073,128,2244,136,6329,1149,7614,17,136,168,321,313,102959,2678,105950,"2025-09-23 18:10:01"
5166,2025-03-01,13,97,101533,4162,105792,55,2386,648,3089,172,9138,2184,11494,21,266,484,771,345,113323,7478,121146,"2025-09-23 18:10:01"
5167,2025-03-01,14,206,77177,3414,80797,100,1923,397,2420,134,5704,1778,7616,7,149,104,260,447,84953,5693,91093,"2025-09-23 18:10:01"
5168,2025-03-01,15,173,153392,3508,157073,130,2857,648,3635,182,10419,4659,15260,16,270,207,493,501,166938,9022,176461,"2025-09-23 18:10:01"
5169,2025-03-01,16,134,81954,8982,91070,48,1690,931,2669,178,8044,1918,10140,18,205,128,351,378,91893,11959,104230,"2025-09-23 18:10:01"
5170,2025-03-01,17,92,104827,1989,106908,47,2622,1096,3765,143,8291,1666,10100,8,199,98,305,290,115939,4849,121078,"2025-09-23 18:10:01"
5171,2025-03-01,18,128,206204,7414,213746,105,3822,1593,5520,158,17063,4776,21997,19,407,394,820,410,227496,14177,242083,"2025-09-23 18:10:01"
5172,2025-03-01,19,131,126938,4797,131866,65,2906,734,3705,145,10798,2891,13834,8,271,433,712,349,140913,8855,150117,"2025-09-23 18:10:01"
5173,2025-03-01,20,129,118293,2871,121293,64,3462,183,3709,175,12802,4436,17413,16,500,607,1123,384,135057,8097,143538,"2025-09-23 18:10:01"
5174,2025-03-01,21,258,63380,1141,64779,126,1701,77,1904,150,4883,1017,6050,13,156,30,199,547,70120,2265,72932,"2025-09-23 18:10:01"
5175,2025-03-01,22,100,113913,4076,118089,46,2803,748,3597,139,9671,2035,11845,16,201,188,405,301,126588,7047,133936,"2025-09-23 18:10:01"
5176,2025-03-01,23,1692,39278,241,41211,1479,1360,252,3091,335,3562,1577,5474,101,101,105,307,3607,44301,2175,50083,"2025-09-23 18:10:01"
5177,2025-03-01,63,142,91475,1071,92688,813,1703,248,2764,175,4581,1205,5961,24,225,103,352,1300,46708,3213,51221,"2025-09-23 18:10:01"
5178,2025-03-01,25,80,91335,6034,97449,33,2837,582,3452,121,11362,2781,14264,14,234,322,570,248,105768,9719,115735,"2025-09-23 18:10:01"
5179,2025-03-01,146,1980,761802,12540,776322,3709,65924,14560,84193,3907,239235,59519,302661,430,6068,5164,11662,12816,2968927,191534,3173277,"2025-09-23 18:10:01"
5181,2025-03-01,28,98,64579,2428,67105,62,1968,930,2960,103,9334,3101,12538,14,198,635,847,277,76079,7094,83450,"2025-09-23 18:10:01"
5182,2025-03-01,29,80,74928,847,75855,49,1936,545,2530,124,10662,1197,11983,13,249,208,470,266,87775,2797,90838,"2025-09-23 18:10:01"
5183,2025-03-01,77,303,139693,2831,142827,57,1989,479,2525,58,8625,4333,13016,4,333,1466,1803,233,92462,9183,101878,"2025-09-23 18:10:01"
5184,2025-03-01,57,71,58632,780,59483,48,825,172,1045,62,3519,2365,5946,5,107,1047,1159,200,49391,5200,54791,"2025-09-23 18:10:01"
5185,2025-03-01,32,74,88292,1688,90054,27,1841,359,2227,63,9918,1565,11546,1,213,275,489,165,100264,3887,104316,"2025-09-23 18:10:01"
5186,2025-03-01,33,136,121300,29179,150615,62,2598,580,3240,173,12923,2447,15543,10,202,539,751,381,137023,32745,170149,"2025-09-23 18:10:01"
5187,2025-03-01,79,86,110737,1567,112390,54,2050,305,2409,109,11679,1600,13388,10,200,251,461,325,100897,3677,104899,"2025-09-23 18:10:01"
5188,2025-03-01,35,97,66358,2265,68720,56,1973,213,2242,98,14019,2326,16443,8,240,321,569,259,82590,5125,87974,"2025-09-23 18:10:01"
5189,2025-03-01,36,113,92681,3499,96293,51,2555,335,2941,102,12676,2014,14792,9,221,282,512,275,108133,6130,114538,"2025-09-23 18:10:01"
5190,2025-03-01,60,300,186937,22465,209702,32,845,18,895,43,3594,878,4515,0,63,88,151,137,30862,1342,32341,"2025-09-23 18:10:01"
5191,2025-03-01,38,51,56591,69244,125886,24,1381,799,2204,79,5349,1351,6779,11,153,354,518,165,63474,71748,135387,"2025-09-23 18:10:01"
5192,2025-03-01,39,355,114007,24251,138613,506,1637,707,2850,182,8725,2342,11249,27,205,712,944,1070,124574,28012,153656,"2025-09-23 18:10:01"
5193,2025-03-01,40,86,26334,1261,27681,48,927,323,1298,83,4008,382,4473,9,47,55,111,226,31316,2021,33563,"2025-09-23 18:10:01"
5195,2025-03-01,42,141,142547,2159,144847,57,2788,230,3075,124,12352,2231,14707,9,314,488,811,331,158001,5108,163440,"2025-09-23 18:10:01"
5197,2025-03-01,44,0,19,2,21,36,372,21,429,48,5271,139,5458,2,66,21,89,135,15752,247,16134,"2025-09-23 18:10:01"
5199,2025-03-01,46,209,238361,13914,252484,112,4532,739,5383,178,28779,5436,34393,14,623,572,1209,513,272295,20661,293469,"2025-09-23 18:10:01"
5200,2025-03-01,47,117,118044,1529,119690,117,2815,512,3444,289,19556,2899,22744,65,418,302,785,588,140833,5242,146663,"2025-09-23 18:10:01"
5204,2025-03-01,51,203,197451,2927,200581,192,2913,609,3714,211,15649,1376,17236,12,482,167,661,618,216495,5079,222192,"2025-09-23 18:10:01"
5207,2025-03-01,54,138,27938,4854,32930,51,1127,293,1471,153,10597,793,11543,11,224,88,323,353,39886,6028,46267,"2025-09-23 18:10:01"
5208,2025-03-01,55,108,95064,142609,237781,61,3009,2160,5230,109,25735,2792,28636,20,491,331,842,298,124299,147892,272489,"2025-09-23 18:10:01"
5209,2025-03-01,56,362,223187,17477,241026,448,4752,818,6018,170,28637,3599,32406,25,588,495,1108,1005,257164,22389,280558,"2025-09-23 18:10:01"
5211,2025-03-01,58,190,145044,12317,157551,99,3954,80,4133,139,16877,4984,22000,18,440,841,1299,446,166315,18222,184983,"2025-09-23 18:10:01"
5212,2025-03-01,59,149,203632,32427,236208,80,4271,1039,5390,108,20045,3231,23384,8,475,315,798,345,228423,37012,265780,"2025-09-23 18:10:01"
5214,2025-03-01,61,159,210743,5662,216564,87,3064,714,3865,138,12242,3525,15905,13,412,512,937,397,226461,10413,237271,"2025-09-23 18:10:01"
5215,2025-03-01,62,71,8740,141,8952,56,518,69,643,125,3972,63,4160,3,52,12,67,255,13282,285,13822,"2025-09-23 18:10:01"
5218,2025-03-01,65,230,174725,3842,178797,152,4111,366,4629,193,26397,8096,34686,31,746,943,1720,606,205979,13247,219832,"2025-09-23 18:10:01"
5224,2025-03-01,71,88,71944,1893,73925,43,1943,549,2535,109,13494,3855,17458,9,359,444,812,249,87740,6741,94730,"2025-09-23 18:10:01"
5227,2025-03-01,74,120,177709,2631,180460,93,2991,367,3451,440,15257,2435,18132,25,644,295,964,678,196601,5728,203007,"2025-09-23 18:10:01"
5233,2025-03-01,80,169,109779,1199,111147,100,2499,677,3276,166,20826,4260,25252,14,429,1027,1470,449,133533,7163,141145,"2025-09-23 18:10:01"
5236,2025-03-01,83,362,179552,1226,181140,248,3136,633,4017,264,15037,2016,17317,84,646,165,895,958,198371,4040,203369,"2025-09-23 18:10:01"
5238,2025-03-01,85,154,25677,241,26072,83,1061,149,1293,158,6626,209,6993,24,135,47,206,419,33499,646,34564,"2025-09-23 18:10:01"
5239,2025-03-01,86,325,174641,1926,176892,154,3941,444,4539,198,19019,2731,21948,21,456,277,754,698,198057,5378,204133,"2025-09-23 18:10:01"
5240,2025-03-01,87,108,115414,3648,119170,79,2315,615,3009,80,13017,2126,15223,11,372,159,542,278,131118,6548,137944,"2025-09-23 18:10:01"
5241,2025-03-01,88,71,105366,2506,107943,22,2018,582,2622,38,9119,1509,10666,1,228,137,366,132,116731,4734,121597,"2025-09-23 18:10:01"
5242,2025-03-01,89,482,30783,313,31578,104,508,42,654,128,1976,474,2578,15,80,10,105,729,33347,839,34915,"2025-09-23 18:10:01"
5243,2025-03-01,90,141,90813,1699,92653,67,2208,405,2680,110,10115,2351,12576,11,230,202,443,329,103366,4657,108352,"2025-09-23 18:10:01"
5244,2025-03-01,91,206,173569,943,174718,89,4647,2316,7052,132,30534,5558,36224,15,736,348,1099,442,209486,9165,219093,"2025-09-23 18:10:01"
5245,2025-03-01,92,92,61955,1081,63128,75,1457,280,1812,99,8291,1404,9794,14,194,148,356,280,71897,2913,75090,"2025-09-23 18:10:01"
5246,2025-03-01,93,130,87232,891,88253,72,2000,176,2248,92,8908,3822,12822,10,176,248,434,304,98316,5137,103757,"2025-09-23 18:10:01"
5247,2025-03-01,94,259,203573,2949,206781,112,4852,1690,6654,208,30856,4543,35607,9,720,687,1416,588,240001,9869,250458,"2025-09-23 18:10:01"
5248,2025-03-01,95,372,270618,2295,273285,198,6889,1039,8126,217,42882,6565,49664,28,1099,507,1634,815,321488,10406,332709,"2025-09-23 18:10:01"
5249,2025-03-01,96,98,31909,674,32681,45,1187,72,1304,84,5315,682,6081,11,108,52,171,238,38519,1480,40237,"2025-09-23 18:10:01"
5250,2025-03-01,97,6,98,1,105,0,38,10,48,0,127,7,134,0,0,1,1,6,263,19,288,"2025-09-23 18:10:01"
5251,2025-03-01,98,47,73275,1743,75065,19,2056,118,2193,34,8192,1259,9485,1,173,178,352,101,83696,3298,87095,"2025-09-23 18:10:01"
5252,2025-03-01,99,38,52053,941,53032,31,1812,445,2288,32,9673,1763,11468,4,199,172,375,105,63737,3321,67163,"2025-09-23 18:10:01"
5253,2025-03-01,100,198,128586,2778,131562,148,3394,572,4114,158,15549,3323,19030,25,360,200,585,529,147889,6873,155291,"2025-09-23 18:10:01"
5254,2025-03-01,101,200,179435,4294,183929,57,2314,1386,3757,105,7543,1920,9568,9,355,192,556,371,189647,7792,197810,"2025-09-23 18:10:01"
5255,2025-03-01,102,164,71820,1683,73667,59,1993,198,2250,78,7418,1555,9051,3,169,162,334,304,81400,3598,85302,"2025-09-23 18:10:01"
5256,2025-03-01,103,213,63071,2077,65361,58,2030,309,2397,99,8732,1581,10412,20,179,145,344,390,74012,4112,78514,"2025-09-23 18:10:01"
5257,2025-03-01,104,108,183425,4954,188487,169,4411,1500,6080,159,19683,3144,22986,21,601,551,1173,457,208120,10149,218726,"2025-09-23 18:10:01"
5258,2025-03-01,105,269,143626,1995,145890,106,1989,135,2230,64,6633,1490,8187,2,257,131,390,441,152505,3751,156697,"2025-09-23 18:10:01"
5259,2025-03-01,106,259,98905,1027,100191,151,2657,500,3308,101,8191,2136,10428,16,247,126,389,527,110000,3789,114316,"2025-09-23 18:10:01"
5260,2025-03-01,107,145,72583,1278,74006,68,2347,65,2480,90,6393,1986,8469,16,171,104,291,319,81494,3433,85246,"2025-09-23 18:10:01"
5261,2025-03-01,108,174,227682,1878,229734,108,6198,456,6762,153,37266,6440,43859,25,734,507,1266,460,271880,9281,281621,"2025-09-23 18:10:01"
5262,2025-03-01,109,213,137355,2385,139953,148,4745,1113,6006,230,22606,4030,26866,12,442,318,772,603,165148,7846,173597,"2025-09-23 18:10:01"
5263,2025-03-01,110,82,121891,2272,124245,42,3776,639,4457,33,18241,2654,20928,3,447,368,818,160,144355,5933,150448,"2025-09-23 18:10:01"
5264,2025-03-01,111,177,96165,790,97132,96,3026,553,3675,132,19533,3319,22984,16,960,295,1271,421,119684,4957,125062,"2025-09-23 18:10:01"
5265,2025-03-01,112,154,119041,2288,121483,111,2036,585,2732,120,9935,3829,13884,10,353,171,534,395,131365,6873,138633,"2025-09-23 18:10:01"
5266,2025-03-01,113,93,76504,1375,77972,29,2095,921,3045,39,9075,1595,10709,0,201,128,329,161,87875,4019,92055,"2025-09-23 18:10:01"
5267,2025-03-01,114,186,119380,718,120284,91,3640,495,4226,171,20130,3015,23316,14,517,256,787,462,143667,4484,148613,"2025-09-23 18:10:01"
5268,2025-03-01,115,245,54158,411,54814,100,1639,524,2263,249,12130,899,13278,11,298,83,392,605,68225,1917,70747,"2025-09-23 18:10:01"
5269,2025-03-01,116,190,53911,353,54454,87,1982,677,2746,198,14302,6467,20967,9,347,338,694,484,70542,7835,78861,"2025-09-23 18:10:01"
5270,2025-03-01,117,87,17770,220,18077,69,704,244,1017,154,6354,4101,10609,7,133,492,632,317,24961,5057,30335,"2025-09-23 18:10:01"
5271,2025-03-01,118,97,109895,1255,111247,63,2705,552,3320,64,10711,2591,13366,10,329,182,521,234,123640,4580,128454,"2025-09-23 18:10:01"
5272,2025-03-01,119,51,186635,3473,190159,40,3202,756,3998,49,11803,3806,15658,12,507,352,871,152,202147,8387,210686,"2025-09-23 18:10:01"
5273,2025-03-01,120,27,144852,760,145639,16,1762,82,1860,23,4872,1406,6301,0,244,41,285,66,151730,2289,154085,"2025-09-23 18:10:01"
5274,2025-03-01,121,410,126833,1721,128964,173,3853,1514,5540,244,21738,4962,26944,19,722,396,1137,846,153146,8593,162585,"2025-09-23 18:10:01"
5275,2025-03-01,122,120,58984,412,59516,95,1199,192,1486,84,5680,2029,7793,7,154,302,463,306,66017,2935,69258,"2025-09-23 18:10:01"
5276,2025-03-01,123,290,153355,2016,155661,261,4354,429,5044,194,17919,3096,21209,29,546,272,847,774,176174,5813,182761,"2025-09-23 18:10:01"
5277,2025-03-01,124,221,103628,930,104779,93,3230,847,4170,137,19106,4344,23587,15,483,566,1064,466,126447,6687,133600,"2025-09-23 18:10:01"
5278,2025-03-01,125,286,217266,2669,220221,94,5371,2671,8136,180,31338,6363,37881,22,705,303,1030,582,254680,12006,267268,"2025-09-23 18:10:01"
5279,2025-03-01,126,377,293372,3848,297597,161,7493,2164,9818,257,36071,7647,43975,23,1026,1000,2049,818,337962,14659,353439,"2025-09-23 18:10:01"
5280,2025-03-01,127,196,66825,5353,72374,73,2638,758,3469,157,20821,2412,23390,17,361,375,753,443,90645,8898,99986,"2025-09-23 18:10:01"
5281,2025-03-01,128,205,123078,1027,124310,89,2414,353,2856,150,15406,2309,17865,12,344,156,512,456,141242,3845,145543,"2025-09-23 18:10:01"
5282,2025-03-01,129,401,462892,2820,466113,228,9882,2833,12943,289,64738,8361,73388,74,1725,690,2489,992,539237,14704,554933,"2025-09-23 18:10:01"
5284,2025-03-01,131,80,15482,130,15692,56,742,57,855,79,7984,255,8318,11,103,31,145,226,24311,473,25010,"2025-09-23 18:10:01"
5285,2025-03-01,132,69,11131,121,11321,52,447,83,582,120,4861,381,5362,4,89,224,317,245,16528,809,17582,"2025-09-23 18:10:01"
5286,2025-03-01,133,71,12296,117,12484,57,581,87,725,109,6430,468,7007,17,72,46,135,254,19379,718,20351,"2025-09-23 18:10:01"
5287,2025-03-01,134,100,17617,114,17831,59,669,92,820,117,8205,177,8499,13,90,40,143,289,26581,423,27293,"2025-09-23 18:10:01"
5288,2025-03-01,135,74,20344,179,20597,59,786,88,933,84,8044,696,8824,11,158,98,267,228,29332,1061,30621,"2025-09-23 18:10:01"
5289,2025-03-01,136,84,48601,320,49005,70,2039,207,2316,111,13729,1450,15290,15,257,140,412,280,64626,2117,67023,"2025-09-23 18:10:01"
5290,2025-03-01,137,105,55133,708,55946,81,1644,178,1903,157,13549,1685,15391,11,353,877,1241,354,70679,3448,74481,"2025-09-23 18:10:01"
5291,2025-03-01,138,34,17397,207,17638,26,521,35,582,31,3197,590,3818,7,74,47,128,98,21189,879,22166,"2025-09-23 18:10:01"
5292,2025-03-01,139,75,45664,293,46032,63,1433,86,1582,86,9269,1136,10491,6,237,85,328,230,56603,1600,58433,"2025-09-23 18:10:01"
5293,2025-03-01,140,1,8,0,9,0,3,0,3,0,8,0,8,0,0,0,0,1,19,0,20,"2025-09-23 18:10:01"
5294,2025-03-01,141,211,88313,1110,89634,114,2078,364,2556,180,12081,1149,13410,17,362,271,650,522,102834,2894,106250,"2025-09-23 18:10:01"
5295,2025-03-01,142,62,82119,1530,83711,128,1931,842,2901,64,10597,1845,12506,4,324,221,549,258,94971,4438,99667,"2025-09-23 18:10:01"
5296,2025-03-01,143,190,92285,2469,94944,126,2364,540,3030,128,14693,2092,16913,7,420,201,628,451,109762,5302,115515,"2025-09-23 18:10:01"
5297,2025-03-01,144,142,133375,4295,137812,89,2927,730,3746,133,15893,2514,18540,12,570,376,958,376,152765,7915,161056,"2025-09-23 18:10:01"
5298,2025-03-01,145,205,95984,4293,100482,150,2787,414,3351,260,19864,1814,21938,31,465,288,784,646,119100,6809,126555,"2025-09-23 18:10:01"
5300,2025-03-01,147,79,23387,64,23530,39,554,102,695,55,2229,432,2716,9,88,33,130,182,26258,631,27071,"2025-09-23 18:10:01"
5301,2025-03-01,148,222,42591,1173,43986,120,1515,383,2018,253,12774,684,13711,24,216,130,370,619,57096,2370,60085,"2025-09-23 18:10:01"
5302,2025-03-01,149,75,20759,2171,23005,44,968,209,1221,94,8624,599,9317,10,124,74,208,223,30475,3053,33751,"2025-09-23 18:10:01"
5303,2025-03-01,150,155,45833,871,46859,90,1986,342,2418,143,15326,1080,16549,30,214,96,340,418,63359,2389,66166,"2025-09-23 18:10:01"
5304,2025-03-01,151,153,87148,829,88130,76,2378,349,2803,187,19306,2346,21839,16,492,812,1320,432,109324,4336,114092,"2025-09-23 18:10:01"
5305,2025-03-01,152,131,40322,567,41020,72,1375,173,1620,179,12808,526,13513,34,193,136,363,416,54698,1402,56516,"2025-09-23 18:10:01"
5306,2025-03-01,153,99,23204,183,23486,68,1065,311,1444,158,11252,398,11808,13,102,54,169,338,35623,946,36907,"2025-09-23 18:10:01"
5307,2025-03-01,154,187,82101,971,83259,87,2410,486,2983,163,19110,1864,21137,24,418,439,881,461,104039,3760,108260,"2025-09-23 18:10:01"
5308,2025-03-01,155,80,19695,145,19920,40,693,107,840,107,7720,436,8263,17,89,86,192,244,28197,774,29215,"2025-09-23 18:10:01"
5309,2025-03-01,156,206,176221,2076,178503,137,4548,514,5199,188,24387,3682,28257,50,735,377,1162,581,205891,6649,213121,"2025-09-23 18:10:01"
5310,2025-03-01,157,169,35420,280,35869,116,1378,318,1812,184,11511,736,12431,13,205,131,349,482,48514,1465,50461,"2025-09-23 18:10:01"
5311,2025-03-01,158,103,120157,1820,122080,60,3687,657,4404,129,19546,2908,22583,10,575,393,978,302,143965,5778,150045,"2025-09-23 18:10:01"
5312,2025-03-01,159,166,184609,1713,186488,152,4281,883,5316,212,21031,2629,23872,25,609,312,946,555,210530,5537,216622,"2025-09-23 18:10:01"
5313,2025-03-01,160,80,11471,66,11617,57,431,61,549,124,6008,519,6651,17,75,63,155,278,17985,709,18972,"2025-09-23 18:10:01"
5314,2025-03-01,161,85,24751,204,25040,46,971,112,1129,197,10818,253,11268,19,141,52,212,347,36681,621,37649,"2025-09-23 18:10:01"
5315,2025-03-01,162,163,44150,384,44697,94,1375,197,1666,143,12341,777,13261,23,237,132,392,423,58103,1490,60016,"2025-09-23 18:10:01"
5317,2025-03-01,164,82,12536,160,12778,65,466,75,606,98,6582,739,7419,12,87,42,141,257,19671,1016,20944,"2025-09-23 18:10:01"
5318,2025-03-01,165,105,21208,168,21481,75,980,93,1148,141,12726,261,13128,12,129,40,181,333,35043,562,35938,"2025-09-23 18:10:01"
5319,2025-03-01,166,67,10826,91,10984,40,410,57,507,72,5042,398,5512,6,61,67,134,185,16339,613,17137,"2025-09-23 18:10:01"
5320,2025-03-01,167,94,78963,639,79696,71,2099,285,2455,90,14714,3483,18287,14,570,1682,2266,269,96346,6089,102704,"2025-09-23 18:10:01"
5321,2025-03-01,168,57,9327,345,9729,39,380,55,474,74,3954,208,4236,4,73,24,101,174,13734,632,14540,"2025-09-23 18:10:01"
5322,2025-03-01,169,142,53443,799,54384,116,1844,371,2331,222,15623,1705,17550,20,375,279,674,500,71285,3154,74939,"2025-09-23 18:10:01"
5323,2025-03-01,170,78,20406,383,20867,48,761,280,1089,75,7924,1038,9037,12,129,149,290,213,29220,1850,31283,"2025-09-23 18:10:01"
5324,2025-03-01,171,122,82781,2273,85176,115,2524,420,3059,150,12861,2292,15303,10,341,348,699,397,98507,5333,104237,"2025-09-23 18:10:01"
5325,2025-03-01,172,259,41567,172,41998,210,1437,67,1714,160,11898,872,12930,15,201,124,340,644,55103,1235,56982,"2025-09-23 18:10:01"
5326,2025-03-01,173,76,14108,152,14336,51,727,66,844,105,7954,352,8411,15,94,52,161,247,22883,622,23752,"2025-09-23 18:10:01"
5327,2025-03-01,174,173,125011,1845,127029,125,2880,595,3600,204,22690,2104,24998,21,477,934,1432,523,151058,5478,157059,"2025-09-23 18:10:01"
5328,2025-03-01,175,116,14523,106579,121218,68,644,2251,2963,206,9555,387,10148,5,147,34,186,395,24869,109251,134515,"2025-09-23 18:10:01"
5329,2025-03-01,176,200,113962,2382,116544,147,3057,730,3934,200,21617,3579,25396,17,429,838,1284,564,139065,7529,147158,"2025-09-23 18:10:01"
5330,2025-03-01,177,79,21924,210,22213,45,780,100,925,113,8220,511,8844,7,106,56,169,244,31030,877,32151,"2025-09-23 18:10:01"
5331,2025-03-01,178,93,24611,85,24789,63,1180,83,1326,121,11274,794,12189,9,198,141,348,286,37263,1103,38652,"2025-09-23 18:10:01"
5332,2025-03-01,179,131,16356,159,16646,59,680,101,840,105,9695,208,10008,12,92,31,135,307,26823,499,27629,"2025-09-23 18:10:01"
5333,2025-03-01,180,84,19630,173,19887,46,715,84,845,91,8271,887,9249,3,130,88,221,224,28746,1232,30202,"2025-09-23 18:10:01"
5334,2025-03-01,181,86,13508,100,13694,74,546,47,667,108,7104,282,7494,7,69,32,108,275,21227,461,21963,"2025-09-23 18:10:01"
5335,2025-03-01,182,77,11324,89,11490,47,512,61,620,96,6323,142,6561,10,61,26,97,230,18220,318,18768,"2025-09-23 18:10:01"
5336,2025-03-01,183,70,12415,5729,18214,49,501,109,659,88,6592,198,6878,12,90,25,127,219,19598,6061,25878,"2025-09-23 18:10:01"
5337,2025-03-01,184,110,24662,89795,114567,80,1587,799,2466,142,15606,238,15986,10,130,44,184,342,41985,90876,133203,"2025-09-23 18:10:01"
5338,2025-03-01,185,97,25976,453,26526,51,907,845,1803,103,8013,507,8623,9,151,145,305,260,35047,1950,37257,"2025-09-23 18:10:01"
5340,2025-03-01,187,139,120283,919,121341,101,2947,392,3440,130,22079,2741,24950,16,425,382,823,386,145734,4434,150554,"2025-09-23 18:10:01"
5341,2025-03-01,188,212,120265,1696,122173,147,3669,525,4341,226,25957,1982,28165,16,565,379,960,601,150456,4582,155639,"2025-09-23 18:10:01"
5342,2025-03-01,189,57,14532,36,14625,32,647,57,736,77,6543,681,7301,18,86,53,157,184,21808,827,22819,"2025-09-23 18:10:01"
5343,2025-03-01,190,196,194228,2463,196887,109,4804,774,5687,227,25772,3572,29571,20,673,463,1156,552,225477,7272,233301,"2025-09-23 18:10:01"
5345,2025-03-01,192,139,59364,605,60108,82,1969,269,2320,160,18005,1110,19275,17,249,191,457,398,79587,2175,82160,"2025-09-23 18:10:01"
5346,2025-03-01,193,94,27419,384,27897,55,1172,115,1342,133,10381,278,10792,13,143,95,251,295,39115,872,40282,"2025-09-23 18:10:01"
5347,2025-03-01,194,101,11129,48,11278,52,405,43,500,87,7060,91,7238,16,52,16,84,256,18646,198,19100,"2025-09-23 18:10:01"
5348,2025-03-01,195,118,37370,393,37881,89,1580,256,1925,208,17463,1046,18717,17,211,172,400,432,56624,1867,58923,"2025-09-23 18:10:01"
5349,2025-03-01,196,73,20301,125,20499,41,783,49,873,88,11378,986,12452,15,149,144,308,217,32611,1304,34132,"2025-09-23 18:10:01"
5350,2025-03-01,197,285,65382,942,66609,238,2090,306,2634,251,19357,1208,20816,47,351,230,628,821,87180,2686,90687,"2025-09-23 18:10:01"
5351,2025-03-01,198,73,13036,100,13209,50,590,56,696,122,6028,117,6267,17,79,29,125,262,19733,302,20297,"2025-09-23 18:10:01"
5352,2025-03-01,199,61,6114,37,6212,36,278,27,341,73,3952,48,4073,7,36,7,50,177,10380,119,10676,"2025-09-23 18:10:01"
5353,2025-03-01,200,123,41564,486,42173,77,1545,134,1756,139,14736,727,15602,25,246,159,430,364,58091,1506,59961,"2025-09-23 18:10:01"
5354,2025-03-01,201,133,45154,363,45650,82,1692,237,2011,128,16269,1481,17878,18,255,360,633,361,63370,2441,66172,"2025-09-23 18:10:01"
5355,2025-03-01,202,104,23384,166,23654,63,705,79,847,110,8671,202,8983,21,112,46,179,298,32872,493,33663,"2025-09-23 18:10:01"
5356,2025-03-01,203,61,4416,347,4824,21,265,196,482,63,1473,27,1563,8,26,4,38,153,6180,574,6907,"2025-09-23 18:10:01"
5357,2025-03-01,204,139,20823,113,21075,56,603,86,745,121,6603,122,6846,20,114,40,174,336,28143,361,28840,"2025-09-23 18:10:01"
5358,2025-03-01,205,80,19699,89,19868,78,839,78,995,129,12307,897,13333,10,118,101,229,297,32963,1165,34425,"2025-09-23 18:10:01"
5359,2025-03-01,206,78,17937,164,18179,44,620,52,716,91,7898,607,8596,15,101,185,301,228,26556,1008,27792,"2025-09-23 18:10:01"
5360,2025-03-01,207,58,10083,39,10180,69,462,44,575,84,6075,116,6275,10,66,14,90,221,16686,213,17120,"2025-09-23 18:10:01"
5361,2025-03-01,208,121,55923,269,56313,63,1757,337,2157,112,12798,1588,14498,13,273,321,607,309,70751,2515,73575,"2025-09-23 18:10:01"
5362,2025-03-01,209,140,103842,1338,105320,84,2825,757,3666,209,17799,4223,22231,13,478,1723,2214,446,124944,8041,133431,"2025-09-23 18:10:01"
5363,2025-03-01,210,157,130994,2176,133327,95,2834,323,3252,108,18182,1076,19366,27,452,293,772,387,152462,3868,156717,"2025-09-23 18:10:01"
5365,2025-03-01,212,126,96870,1044,98040,86,2768,478,3332,154,12068,505,12727,15,323,170,508,381,112029,2197,114607,"2025-09-23 18:10:01"
5366,2025-03-01,213,106,24958,185,25249,74,847,176,1097,106,9386,262,9754,14,85,176,275,300,35276,799,36375,"2025-09-23 18:10:01"
5367,2025-03-01,214,52,11891,82,12025,62,689,90,841,95,7341,211,7647,11,143,65,219,233,27919,556,28708,"2025-09-23 18:10:01"
5368,2025-03-01,215,263,247621,2270,250154,152,5935,555,6642,243,41044,4716,46003,43,829,584,1456,701,295429,8125,304255,"2025-09-23 18:10:01"
5369,2025-03-01,216,101,14315,149,14565,54,521,109,684,139,6209,151,6499,9,64,27,100,303,21109,436,21848,"2025-09-23 18:10:01"
5370,2025-03-01,217,111,43962,478,44551,94,1353,197,1644,103,13715,2576,16394,15,211,596,822,323,59241,3847,63411,"2025-09-23 18:10:01"
5371,2025-03-01,218,98,48606,681,49385,79,1401,211,1691,132,10525,557,11214,18,193,112,323,327,60725,1561,62613,"2025-09-23 18:10:01"
5372,2025-03-01,219,91,13845,57,13993,61,482,54,597,99,7184,477,7760,8,145,151,304,259,21656,739,22654,"2025-09-23 18:10:01"
5373,2025-03-01,220,168,156445,1121,157734,97,4072,786,4955,148,22527,7209,29884,23,665,1531,2219,436,183709,10647,194792,"2025-09-23 18:10:01"
5374,2025-03-01,221,66,10507,52,10625,53,363,37,453,90,4577,569,5236,13,61,122,196,222,15508,780,16510,"2025-09-23 18:10:01"
5375,2025-03-01,222,209,144769,2812,147790,173,3155,1026,4354,257,26639,2387,29283,32,521,434,987,671,175084,6659,182414,"2025-09-23 18:10:01"
5376,2025-03-01,223,68,25275,182,25525,73,1002,106,1181,94,10313,418,10825,10,145,66,221,245,36735,772,37752,"2025-09-23 18:10:01"
5377,2025-03-01,224,146,90218,1323,91687,64,1838,477,2379,138,10410,992,11540,15,164,152,331,363,102630,2944,105937,"2025-09-23 18:10:01"
5378,2025-03-01,225,67,96963,5808,102838,33,1762,414,2209,53,10792,1569,12414,4,224,235,463,157,109741,8026,117924,"2025-09-23 18:10:01"
5379,2025-03-01,226,235,148054,17613,165902,218,1962,878,3058,139,10145,988,11272,15,229,184,428,607,160390,19663,180660,"2025-09-23 18:10:01"
5380,2025-03-01,227,250,115838,48677,164765,173,2198,411,2782,126,16980,1475,18581,18,315,355,688,567,135331,50918,186816,"2025-09-23 18:10:01"
5381,2025-03-01,228,93,87604,715,88412,35,1867,159,2061,90,7809,1024,8923,12,276,289,577,230,97556,2187,99973,"2025-09-23 18:10:01"
5382,2025-03-01,229,98,43086,678,43862,81,1578,239,1898,123,8725,349,9197,14,177,69,260,316,53566,1335,55217,"2025-09-23 18:10:01"
5383,2025-03-01,230,59,16322,92,16473,72,516,46,634,108,7833,173,8114,10,84,84,178,249,24755,395,25399,"2025-09-23 18:10:01"
5384,2025-03-01,231,83,33341,20143,53567,53,1015,296,1364,85,10280,543,10908,7,176,231,414,228,44812,21213,66253,"2025-09-23 18:10:01"
5385,2025-03-01,232,62,13831,17380,31273,53,486,160,699,113,6574,148,6835,14,167,32,213,242,21058,17720,39020,"2025-09-23 18:10:01"
5386,2025-03-01,233,88,15872,210,16170,57,592,75,724,139,8199,393,8731,15,95,71,181,299,24758,749,25806,"2025-09-23 18:10:01"
5388,2025-03-01,235,246,77688,939,78873,138,2797,145,3080,342,26952,670,27964,44,256,137,437,770,107693,1891,110354,"2025-09-23 18:10:01"
5389,2025-03-01,236,607,253425,267889,521921,360,6937,6143,13440,695,58929,3678,63302,39,1128,584,1751,1701,320419,278294,600414,"2025-09-23 18:10:01"
5391,2025-03-01,238,167,94625,2380,97172,146,2438,494,3078,266,18064,1432,19762,37,404,412,853,616,115531,4718,120865,"2025-09-23 18:10:01"
5393,2025-03-01,240,122,39929,742,40793,83,1157,164,1404,126,6877,514,7517,11,174,213,398,342,48137,1633,50112,"2025-09-23 18:10:01"
5394,2025-03-01,241,120,26503,462,27085,99,779,122,1000,181,6762,184,7127,10,152,47,209,410,34196,815,35421,"2025-09-23 18:10:01"
5395,2025-03-01,242,117,34227,898,35242,89,1028,138,1255,113,5312,312,5737,8,148,91,247,327,40715,1439,42481,"2025-09-23 18:10:01"
5396,2025-03-01,243,55,8897,62,9014,54,298,31,383,110,3346,51,3507,10,51,19,80,229,12592,163,12984,"2025-09-23 18:10:01"
5397,2025-03-01,244,46,12621,152,12819,40,400,25,465,125,4155,67,4347,12,86,21,119,223,17262,265,17750,"2025-09-23 18:10:01"
5398,2025-03-01,245,130,15184,152,15466,80,621,55,756,128,6213,131,6472,13,122,54,189,351,22140,392,22883,"2025-09-23 18:10:01"
5399,2025-03-01,246,218,162837,2655,165710,166,4133,509,4808,234,26577,2320,29131,25,705,370,1100,643,194252,5854,200749,"2025-09-23 18:10:01"
5400,2025-03-01,247,60,14588,87,14735,52,441,60,553,121,4998,113,5232,9,84,31,124,242,20111,291,20644,"2025-09-23 18:10:01"
5401,2025-03-01,248,113,14285,235,14633,102,526,75,703,156,6127,160,6443,22,113,33,168,393,21051,503,21947,"2025-09-23 18:10:01"
5402,2025-03-01,249,56,17133,202,17391,67,648,54,769,140,7018,144,7302,16,89,21,126,279,24888,421,25588,"2025-09-23 18:10:01"
5403,2025-03-01,250,373,122174,2455,125002,283,3003,617,3903,271,18518,2774,21563,21,530,409,960,948,144225,6255,151428,"2025-09-23 18:10:01"
5404,2025-03-01,251,66,16263,366,16695,62,583,119,764,121,3328,135,3584,14,129,44,187,263,20303,664,21230,"2025-09-23 18:10:01"
5405,2025-03-01,252,105,17772,235,18112,82,726,69,877,122,8636,147,8905,21,96,48,165,330,27230,499,28059,"2025-09-23 18:10:01"
5406,2025-03-01,253,130,28353,261,28744,113,1150,281,1544,180,11754,460,12394,22,166,66,254,445,41423,1068,42936,"2025-09-23 18:10:01"
5407,2025-03-01,254,58,9877,57,9992,62,283,43,388,102,3288,49,3439,11,59,24,94,233,13507,173,13913,"2025-09-23 18:10:01"
5408,2025-03-01,255,86,19583,543,20212,65,791,75,931,124,8623,274,9021,14,134,50,198,289,29131,942,30362,"2025-09-23 18:10:01"
5410,2025-03-01,257,106,20371,166,20643,64,1261,93,1418,157,10642,280,11079,14,114,47,175,341,32388,586,33315,"2025-09-23 18:10:01"
5411,2025-03-01,258,214,117199,2036,119449,126,2969,509,3604,213,19406,3230,22849,21,510,702,1233,574,140084,6477,147135,"2025-09-23 18:10:01"
5412,2025-03-01,259,120,34884,582,35586,61,1460,135,1656,143,13736,1036,14915,8,255,159,422,332,50335,1912,52579,"2025-09-23 18:10:01"
5413,2025-03-01,260,140,29924,402,30466,111,1146,166,1423,180,12520,455,13155,20,188,66,274,451,43778,1089,45318,"2025-09-23 18:10:01"
5414,2025-03-01,261,71,9005,55,9131,40,469,60,569,99,4435,246,4780,7,47,39,93,217,13956,400,14573,"2025-09-23 18:10:01"
5415,2025-03-01,262,96,19045,180,19321,62,790,117,969,131,8654,269,9054,12,104,54,170,301,28593,620,29514,"2025-09-23 18:10:01"
5416,2025-03-01,263,73,10567,103,10743,61,379,23,463,100,5224,64,5388,10,50,20,80,244,16220,210,16674,"2025-09-23 18:10:01"
5417,2025-03-01,264,115,47569,232,47916,122,1591,421,2134,207,12512,2364,15083,28,273,218,519,472,61945,3235,65652,"2025-09-23 18:10:01"
5418,2025-03-01,265,184,115609,1857,117650,142,3771,487,4400,212,24435,3116,27763,17,433,430,880,555,144248,5890,150693,"2025-09-23 18:10:01"
5419,2025-03-01,266,82,9818,60,9960,59,418,71,548,120,4961,271,5352,7,65,24,96,268,15262,426,15956,"2025-09-23 18:10:01"
5420,2025-03-01,267,73,7909,32,8014,41,349,20,410,112,4423,86,4621,6,48,19,73,232,12729,157,13118,"2025-09-23 18:10:01"
5421,2025-03-01,268,142,151560,3124,154826,103,3300,981,4384,121,18995,2629,21745,14,563,404,981,380,174418,7138,181936,"2025-09-23 18:10:01"
5422,2025-03-01,269,348,137147,2019,139514,230,2962,527,3719,235,15839,1522,17596,23,358,256,637,836,156306,4324,161466,"2025-09-23 18:10:01"
5423,2025-03-01,270,107,41409,1605,43121,114,1520,198,1832,164,14928,895,15987,8,242,133,383,393,58099,2831,61323,"2025-09-23 18:10:01"
5424,2025-03-01,271,109,9786,87,9982,54,408,94,556,112,5045,105,5262,15,57,16,88,290,15296,302,15888,"2025-09-23 18:10:01"
5426,2025-04-01,1,161,218351,13948,232460,60,3833,541,4434,187,13550,2204,15941,19,376,152,547,427,236110,16845,253382,"2025-09-23 18:10:07"
5427,2025-04-01,2,109,143721,5083,148913,41,3212,623,3876,148,11904,2630,14682,7,262,213,482,305,159099,8549,167953,"2025-09-23 18:10:07"
5428,2025-04-01,3,114,59999,2093,62206,68,1998,715,2781,128,6634,1263,8025,15,152,114,281,325,68783,4185,73293,"2025-09-23 18:10:07"
5429,2025-04-01,4,124,68654,2039,70817,45,3974,1308,5327,163,15819,4278,20260,17,451,264,732,362,187391,14510,202263,"2025-09-23 18:10:07"
5430,2025-04-01,5,89,98608,3033,101730,44,2826,346,3216,145,8838,2230,11213,11,198,173,382,289,110470,5782,116541,"2025-09-23 18:10:07"
5431,2025-04-01,6,87,80103,2944,83134,44,1955,314,2313,164,8665,1522,10351,10,124,110,244,305,90847,4890,96042,"2025-09-23 18:10:07"
5432,2025-04-01,7,111,114830,9047,123988,60,3662,568,4290,126,13540,2576,16242,7,320,168,495,304,132352,12359,145015,"2025-09-23 18:10:07"
5433,2025-04-01,8,57,71531,2710,74298,33,2423,435,2891,77,10508,2289,12874,12,202,102,316,179,84664,5536,90379,"2025-09-23 18:10:07"
5434,2025-04-01,9,81,128811,5569,134461,51,3084,750,3885,172,9575,2141,11888,11,270,252,533,315,141740,8712,150767,"2025-09-23 18:10:07"
5435,2025-04-01,10,92,76094,4552,80738,49,2131,560,2740,123,7819,2029,9971,12,195,152,359,276,86239,7293,93808,"2025-09-23 18:10:07"
5436,2025-04-01,11,105,85773,2873,88751,59,2417,128,2604,132,9580,2210,11922,11,196,98,305,307,97966,5309,103582,"2025-09-23 18:10:07"
5437,2025-04-01,12,117,94398,1237,95752,43,2060,128,2231,136,6295,1139,7570,17,140,177,334,313,102893,2681,105887,"2025-09-23 18:10:07"
5438,2025-04-01,13,97,101419,4189,105705,55,2372,653,3080,170,9119,2187,11476,21,271,464,756,343,113181,7493,121017,"2025-09-23 18:10:07"
5439,2025-04-01,14,207,77177,3410,80794,100,1912,397,2409,137,5716,1768,7621,7,152,107,266,451,84957,5682,91090,"2025-09-23 18:10:07"
5440,2025-04-01,15,204,153481,3371,157056,130,2854,649,3633,181,10414,4636,15231,16,273,206,495,531,167022,8862,176415,"2025-09-23 18:10:07"
5441,2025-04-01,16,134,81955,8683,90772,48,1685,934,2667,180,7961,1918,10059,18,203,129,350,380,91804,11664,103848,"2025-09-23 18:10:07"
5442,2025-04-01,17,92,105212,2000,107304,45,2591,1095,3731,141,8262,1676,10079,8,200,99,307,286,116265,4870,121421,"2025-09-23 18:10:07"
5443,2025-04-01,18,128,206148,7477,213753,105,3807,1588,5500,162,17027,4749,21938,19,406,395,820,414,227388,14209,242011,"2025-09-23 18:10:07"
5444,2025-04-01,19,129,126828,4807,131764,64,2901,735,3700,147,10753,2922,13822,8,273,433,714,348,140755,8897,150000,"2025-09-23 18:10:07"
5445,2025-04-01,20,130,118244,2853,121227,63,3424,185,3672,175,12713,4423,17311,16,501,600,1117,384,134882,8061,143327,"2025-09-23 18:10:07"
5446,2025-04-01,21,262,63412,1131,64805,125,1689,77,1891,150,4867,1038,6055,13,153,30,196,550,70121,2276,72947,"2025-09-23 18:10:07"
5447,2025-04-01,22,100,113841,4110,118051,46,2775,749,3570,138,9636,2026,11800,16,200,183,399,300,126452,7068,133820,"2025-09-23 18:10:07"
5448,2025-04-01,23,1693,39228,239,41160,1480,1349,254,3083,334,3568,1591,5493,102,97,104,303,3609,44242,2188,50039,"2025-09-23 18:10:07"
5449,2025-04-01,63,142,91534,1068,92744,811,1698,250,2759,175,4555,1164,5894,24,227,103,354,1298,46502,3124,50924,"2025-09-23 18:10:07"
5450,2025-04-01,25,80,91352,6053,97485,32,2819,580,3431,123,11311,2780,14214,14,239,318,571,249,105721,9731,115701,"2025-09-23 18:10:07"
5451,2025-04-01,146,1990,762056,12431,776477,3701,65451,14562,83714,3914,238629,59389,301932,431,6081,5146,11658,12850,2967846,190776,3171472,"2025-09-23 18:10:07"
5453,2025-04-01,28,98,64515,2426,67039,62,1940,920,2922,104,9332,3086,12522,14,203,629,846,278,75990,7061,83329,"2025-09-23 18:10:07"
5454,2025-04-01,29,80,75243,849,76172,49,1939,545,2533,124,10696,1203,12023,13,258,209,480,266,88136,2806,91208,"2025-09-23 18:10:07"
5455,2025-04-01,77,309,139786,2830,142925,57,1996,479,2532,59,8605,4337,13001,4,328,1461,1793,232,92517,9109,101858,"2025-09-23 18:10:07"
5456,2025-04-01,57,71,58638,779,59488,48,817,172,1037,62,3519,2345,5926,5,98,1041,1144,199,49280,5142,54621,"2025-09-23 18:10:07"
5457,2025-04-01,32,74,88338,1688,90100,27,1837,360,2224,63,9900,1570,11533,1,211,274,486,165,100286,3892,104343,"2025-09-23 18:10:07"
5458,2025-04-01,33,136,122209,29507,151852,62,2581,579,3222,172,12944,2471,15587,10,204,551,765,380,137938,33108,171426,"2025-09-23 18:10:07"
5459,2025-04-01,79,87,110900,1568,112555,54,2030,308,2392,109,11622,1597,13328,10,206,253,469,322,100715,3673,104710,"2025-09-23 18:10:07"
5460,2025-04-01,35,97,66283,2262,68642,56,1975,213,2244,99,13986,2320,16405,8,238,325,571,260,82482,5120,87862,"2025-09-23 18:10:07"
5461,2025-04-01,36,114,92779,3484,96377,51,2545,345,2941,102,12644,2025,14771,9,223,282,514,276,108191,6136,114603,"2025-09-23 18:10:07"
5462,2025-04-01,60,344,187300,23284,210928,32,841,18,891,42,3595,869,4506,0,63,88,151,136,30933,1338,32407,"2025-09-23 18:10:07"
5463,2025-04-01,38,51,56462,69270,125783,24,1375,786,2185,79,5332,1327,6738,11,151,354,516,165,63320,71737,135222,"2025-09-23 18:10:07"
5464,2025-04-01,39,355,114172,24526,139053,504,1624,714,2842,180,8686,2344,11210,26,205,712,943,1065,124687,28296,154048,"2025-09-23 18:10:07"
5465,2025-04-01,40,87,26327,1256,27670,48,919,323,1290,84,3993,379,4456,9,48,56,113,228,31287,2014,33529,"2025-09-23 18:10:07"
5467,2025-04-01,42,141,142628,2157,144926,57,2756,231,3044,124,12292,2233,14649,9,323,488,820,331,157999,5109,163439,"2025-09-23 18:10:07"
5469,2025-04-01,44,0,19,2,21,36,371,21,428,48,5251,139,5438,3,65,21,89,136,15711,248,16095,"2025-09-23 18:10:07"
5471,2025-04-01,46,199,238120,14334,252653,113,4483,738,5334,178,28658,5414,34250,14,623,581,1218,504,271884,21067,293455,"2025-09-23 18:10:07"
5472,2025-04-01,47,117,117942,1527,119586,117,2781,513,3411,288,19538,2900,22726,65,418,299,782,587,140679,5239,146505,"2025-09-23 18:10:07"
5476,2025-04-01,51,202,197020,2884,200106,192,2895,610,3697,211,15548,1386,17145,12,482,170,664,617,215945,5050,221612,"2025-09-23 18:10:07"
5479,2025-04-01,54,143,27922,4615,32680,51,1105,290,1446,153,10599,784,11536,11,230,87,328,358,39856,5776,45990,"2025-09-23 18:10:07"
5480,2025-04-01,55,104,95016,123783,218903,60,2966,1813,4839,109,25737,2853,28699,19,490,336,845,292,124209,128785,253286,"2025-09-23 18:10:07"
5481,2025-04-01,56,357,222955,17112,240424,448,4707,814,5969,170,28399,3607,32176,25,591,495,1111,1000,256652,22028,279680,"2025-09-23 18:10:07"
5483,2025-04-01,58,186,144929,12516,157631,99,3899,78,4076,138,16804,5067,22009,18,442,848,1308,441,166074,18509,185024,"2025-09-23 18:10:07"
5484,2025-04-01,59,146,202922,32527,235595,80,4209,1039,5328,107,19896,3122,23125,8,473,308,789,341,227500,36996,264837,"2025-09-23 18:10:07"
5486,2025-04-01,61,159,211075,5636,216870,87,3004,713,3804,139,12245,3601,15985,13,418,518,949,398,226742,10468,237608,"2025-09-23 18:10:07"
5487,2025-04-01,62,73,8746,20710,29529,56,520,442,1018,124,3978,56,4158,3,53,13,69,256,13297,21221,34774,"2025-09-23 18:10:07"
5490,2025-04-01,65,230,174864,3940,179034,153,4065,376,4594,195,26312,8100,34607,30,746,942,1718,608,205987,13358,219953,"2025-09-23 18:10:07"
5496,2025-04-01,71,85,71804,1879,73768,43,1931,548,2522,110,13437,3875,17422,9,358,441,808,247,87530,6743,94520,"2025-09-23 18:10:07"
5499,2025-04-01,74,120,177808,2531,180459,93,2935,365,3393,428,15199,2450,18077,25,638,295,958,666,196580,5641,202887,"2025-09-23 18:10:07"
5505,2025-04-01,80,160,109983,1176,111319,99,2497,679,3275,167,20844,4241,25252,14,449,1024,1487,440,133773,7120,141333,"2025-09-23 18:10:07"
5508,2025-04-01,83,362,179632,1210,181204,249,3100,631,3980,264,14954,2038,17256,84,638,162,884,959,198324,4041,203324,"2025-09-23 18:10:07"
5510,2025-04-01,85,152,25709,229,26090,84,1061,152,1297,159,6622,208,6989,24,137,46,207,419,33529,635,34583,"2025-09-23 18:10:07"
5511,2025-04-01,86,322,174511,1924,176757,153,3880,446,4479,198,18878,2724,21800,21,460,275,756,694,197729,5369,203792,"2025-09-23 18:10:07"
5512,2025-04-01,87,106,115286,3621,119013,79,2300,602,2981,78,13019,2114,15211,12,368,157,537,275,130973,6494,137742,"2025-09-23 18:10:07"
5513,2025-04-01,88,70,105221,2501,107792,22,1985,597,2604,38,9064,1515,10617,1,226,135,362,131,116496,4748,121375,"2025-09-23 18:10:07"
5514,2025-04-01,89,484,30586,316,31386,101,504,42,647,129,1973,475,2577,15,81,10,106,729,33144,843,34716,"2025-09-23 18:10:07"
5515,2025-04-01,90,141,91000,1667,92808,67,2185,405,2657,110,10080,2373,12563,11,231,202,444,329,103496,4647,108472,"2025-09-23 18:10:07"
5516,2025-04-01,91,203,173498,943,174644,89,4583,2294,6966,132,30349,5568,36049,15,737,348,1100,439,209167,9153,218759,"2025-09-23 18:10:07"
5517,2025-04-01,92,91,61858,1096,63045,75,1436,278,1789,100,8247,1407,9754,14,192,146,352,280,71733,2927,74940,"2025-09-23 18:10:07"
5518,2025-04-01,93,130,86950,882,87962,72,1976,175,2223,93,8873,3810,12776,10,181,248,439,305,97980,5115,103400,"2025-09-23 18:10:07"
5519,2025-04-01,94,259,203621,3071,206951,112,4758,1688,6558,208,30706,4553,35467,9,722,691,1422,588,239807,10003,250398,"2025-09-23 18:10:07"
5520,2025-04-01,95,374,270473,2284,273131,197,6755,1027,7979,218,42569,6593,49380,28,1108,504,1640,817,320905,10408,332130,"2025-09-23 18:10:07"
5521,2025-04-01,96,97,31940,666,32703,45,1172,72,1289,84,5288,693,6065,11,113,53,177,237,38513,1484,40234,"2025-09-23 18:10:07"
5522,2025-04-01,97,5,98,1,104,0,38,10,48,0,127,7,134,0,0,1,1,5,263,19,287,"2025-09-23 18:10:07"
5523,2025-04-01,98,48,73184,1712,74944,19,2037,116,2172,34,8144,1268,9446,1,174,178,353,102,83539,3274,86915,"2025-09-23 18:10:07"
5524,2025-04-01,99,39,52310,953,53302,31,1805,446,2282,32,9630,1753,11415,4,196,173,373,106,63941,3325,67372,"2025-09-23 18:10:07"
5525,2025-04-01,100,195,128547,2765,131507,149,3352,571,4072,158,15429,3333,18920,25,362,195,582,527,147690,6864,155081,"2025-09-23 18:10:07"
5526,2025-04-01,101,200,179342,4234,183776,57,2302,1381,3740,105,7510,1909,9524,9,356,186,551,371,189510,7710,197591,"2025-09-23 18:10:07"
5527,2025-04-01,102,162,71752,1690,73604,59,1962,196,2217,78,7364,1550,8992,3,172,162,337,302,81250,3598,85150,"2025-09-23 18:10:07"
5528,2025-04-01,103,215,62972,2081,65268,55,2001,311,2367,99,8678,1585,10362,20,178,147,345,389,73829,4124,78342,"2025-09-23 18:10:07"
5529,2025-04-01,104,104,184284,5023,189411,168,4392,1500,6060,159,19729,3154,23042,21,607,550,1178,452,209012,10227,219691,"2025-09-23 18:10:07"
5530,2025-04-01,105,273,144310,1905,146488,110,1969,135,2214,65,6637,1507,8209,2,262,128,392,450,153178,3675,157303,"2025-09-23 18:10:07"
5531,2025-04-01,106,259,98762,1033,100054,151,2636,476,3263,101,8188,2147,10436,16,249,124,389,527,109835,3780,114142,"2025-09-23 18:10:07"
5532,2025-04-01,107,145,72450,1319,73914,68,2316,68,2452,90,6350,1987,8427,16,171,104,291,319,81287,3478,85084,"2025-09-23 18:10:07"
5533,2025-04-01,108,174,227834,1883,229891,107,6098,455,6660,151,37198,6441,43790,23,736,512,1271,455,271866,9291,281612,"2025-09-23 18:10:07"
5534,2025-04-01,109,206,137297,2583,140086,150,4674,1109,5933,224,22551,4034,26809,12,431,319,762,592,164953,8045,173590,"2025-09-23 18:10:07"
5535,2025-04-01,110,83,121928,2249,124260,42,3723,638,4403,33,18110,2670,20813,3,455,372,830,161,144216,5929,150306,"2025-09-23 18:10:07"
5536,2025-04-01,111,175,96381,789,97345,93,3013,554,3660,131,19484,3325,22940,16,956,301,1273,415,119834,4969,125218,"2025-09-23 18:10:07"
5537,2025-04-01,112,157,119496,2255,121908,111,2001,583,2695,130,9907,3827,13864,10,355,172,537,408,131759,6837,139004,"2025-09-23 18:10:07"
5538,2025-04-01,113,93,76686,1372,78151,29,2079,922,3030,41,9055,1589,10685,0,202,125,327,163,88022,4008,92193,"2025-09-23 18:10:07"
5539,2025-04-01,114,186,119692,723,120601,91,3587,518,4196,171,20032,3037,23240,14,520,259,793,462,143831,4537,148830,"2025-09-23 18:10:07"
5540,2025-04-01,115,244,54224,412,54880,98,1627,517,2242,254,12102,908,13264,11,302,82,395,607,68255,1919,70781,"2025-09-23 18:10:07"
5541,2025-04-01,116,189,54012,351,54552,87,1965,673,2725,201,14316,6460,20977,9,349,343,701,486,70642,7827,78955,"2025-09-23 18:10:07"
5542,2025-04-01,117,88,17815,254,18157,69,698,248,1015,154,6365,4109,10628,7,135,493,635,318,25013,5104,30435,"2025-09-23 18:10:07"
5543,2025-04-01,118,95,110251,1258,111604,64,2674,557,3295,65,10694,2672,13431,10,332,189,531,234,123951,4676,128861,"2025-09-23 18:10:07"
5544,2025-04-01,119,49,186365,3469,189883,40,3159,758,3957,49,11661,3791,15501,12,505,359,876,150,201690,8377,210217,"2025-09-23 18:10:07"
5545,2025-04-01,120,27,144672,744,145443,16,1737,82,1835,23,4833,1406,6262,0,248,43,291,66,151490,2275,153831,"2025-09-23 18:10:07"
5546,2025-04-01,121,408,127695,1694,129797,175,3780,1534,5489,238,21701,4942,26881,19,725,396,1140,840,153901,8566,163307,"2025-09-23 18:10:07"
5547,2025-04-01,122,119,59047,413,59579,95,1187,193,1475,84,5676,2033,7793,8,153,303,464,306,66063,2942,69311,"2025-09-23 18:10:07"
5548,2025-04-01,123,286,153544,2000,155830,256,4323,426,5005,194,17841,3099,21134,29,546,269,844,765,176254,5794,182813,"2025-09-23 18:10:07"
5549,2025-04-01,124,220,103732,915,104867,86,3208,848,4142,137,19002,4350,23489,15,488,566,1069,458,126430,6679,133567,"2025-09-23 18:10:07"
5550,2025-04-01,125,279,217690,2571,220540,95,5278,2660,8033,178,31207,6387,37772,22,706,305,1033,574,254881,11923,267378,"2025-09-23 18:10:07"
5551,2025-04-01,126,379,293657,3849,297885,161,7400,2163,9724,259,35970,7638,43867,23,1018,999,2040,822,338045,14649,353516,"2025-09-23 18:10:07"
5552,2025-04-01,127,194,66913,5088,72195,73,2619,765,3457,160,20844,2404,23408,17,364,367,748,444,90740,8624,99808,"2025-09-23 18:10:07"
5553,2025-04-01,128,205,123063,1021,124289,89,2407,353,2849,150,15362,2336,17848,12,347,158,517,456,141179,3868,145503,"2025-09-23 18:10:07"
5554,2025-04-01,129,399,463687,2804,466890,228,9773,2802,12803,288,64767,8330,73385,74,1720,700,2494,989,539947,14636,555572,"2025-09-23 18:10:07"
5556,2025-04-01,131,76,15490,134,15700,56,741,57,854,79,7965,254,8298,11,103,30,144,222,24299,475,24996,"2025-09-23 18:10:07"
5557,2025-04-01,132,69,11101,120,11290,52,446,82,580,121,4850,383,5354,4,89,226,319,246,16486,811,17543,"2025-09-23 18:10:07"
5558,2025-04-01,133,71,12300,117,12488,57,580,87,724,113,6420,463,6996,17,72,46,135,258,19372,713,20343,"2025-09-23 18:10:07"
5559,2025-04-01,134,99,17593,115,17807,59,659,93,811,118,8204,175,8497,13,92,39,144,289,26548,422,27259,"2025-09-23 18:10:07"
5560,2025-04-01,135,75,20475,180,20730,59,787,87,933,84,8049,691,8824,11,156,97,264,229,29467,1055,30751,"2025-09-23 18:10:07"
5561,2025-04-01,136,82,48771,317,49170,69,2032,208,2309,111,13746,1478,15335,15,259,141,415,277,64808,2144,67229,"2025-09-23 18:10:07"
5562,2025-04-01,137,104,55193,703,56000,81,1623,177,1881,155,13557,1679,15391,11,353,875,1239,351,70726,3434,74511,"2025-09-23 18:10:07"
5563,2025-04-01,138,35,17439,154,17628,26,519,37,582,31,3200,592,3823,7,72,47,126,99,21230,830,22159,"2025-09-23 18:10:07"
5564,2025-04-01,139,73,45730,293,46096,63,1415,86,1564,85,9287,1132,10504,6,245,84,335,227,56677,1595,58499,"2025-09-23 18:10:07"
5565,2025-04-01,140,1,8,0,9,0,3,0,3,0,8,0,8,0,0,0,0,1,19,0,20,"2025-09-23 18:10:07"
5566,2025-04-01,141,205,88332,1100,89637,114,2049,375,2538,184,12035,1152,13371,17,366,269,652,520,102782,2896,106198,"2025-09-23 18:10:07"
5567,2025-04-01,142,62,81883,1511,83456,128,1921,836,2885,62,10574,1843,12479,5,326,226,557,257,94704,4416,99377,"2025-09-23 18:10:07"
5568,2025-04-01,143,186,92276,2522,94984,126,2321,543,2990,129,14544,2096,16769,7,420,197,624,448,109561,5358,115367,"2025-09-23 18:10:07"
5569,2025-04-01,144,158,133750,4256,138164,89,2893,730,3712,134,15871,2528,18533,12,576,372,960,393,153090,7886,161369,"2025-09-23 18:10:07"
5570,2025-04-01,145,202,96004,4131,100337,150,2761,413,3324,257,19814,1812,21883,32,472,290,794,641,119051,6646,126338,"2025-09-23 18:10:07"
5572,2025-04-01,147,79,23359,64,23502,38,546,102,686,55,2211,432,2698,9,85,34,128,181,26201,632,27014,"2025-09-23 18:10:07"
5573,2025-04-01,148,221,42620,1176,44017,122,1496,382,2000,253,12765,679,13697,25,220,129,374,621,57101,2366,60088,"2025-09-23 18:10:07"
5574,2025-04-01,149,74,20794,2238,23106,44,961,197,1202,93,8610,597,9300,10,126,74,210,221,30491,3106,33818,"2025-09-23 18:10:07"
5575,2025-04-01,150,149,45943,875,46967,89,1974,337,2400,142,15327,1085,16554,28,218,96,342,408,63462,2393,66263,"2025-09-23 18:10:07"
5576,2025-04-01,151,150,87308,816,88274,76,2354,354,2784,184,19372,2349,21905,16,487,815,1318,426,109521,4334,114281,"2025-09-23 18:10:07"
5577,2025-04-01,152,130,40241,558,40929,72,1364,171,1607,179,12769,517,13465,35,192,125,352,416,54566,1371,56353,"2025-09-23 18:10:07"
5578,2025-04-01,153,98,23235,182,23515,69,1050,314,1433,156,11248,398,11802,13,104,55,172,336,35637,949,36922,"2025-09-23 18:10:07"
5579,2025-04-01,154,181,82109,971,83261,86,2366,488,2940,163,19040,1880,21083,24,413,436,873,454,103928,3775,108157,"2025-09-23 18:10:07"
5580,2025-04-01,155,78,19744,145,19967,39,686,109,834,107,7698,434,8239,17,89,88,194,241,28217,776,29234,"2025-09-23 18:10:07"
5581,2025-04-01,156,204,176475,2042,178721,132,4491,509,5132,183,24322,3700,28205,49,743,378,1170,568,206031,6629,213228,"2025-09-23 18:10:07"
5582,2025-04-01,157,166,35434,279,35879,117,1365,315,1797,182,11500,738,12420,13,210,130,353,478,48509,1462,50449,"2025-09-23 18:10:07"
5583,2025-04-01,158,100,120229,1819,122148,61,3634,677,4372,128,19481,2914,22523,10,590,392,992,299,143934,5802,150035,"2025-09-23 18:10:07"
5584,2025-04-01,159,162,184833,1712,186707,152,4254,864,5270,212,21010,2623,23845,24,604,306,934,550,210701,5505,216756,"2025-09-23 18:10:07"
5585,2025-04-01,160,80,11485,66,11631,57,427,61,545,125,6005,517,6647,17,73,63,153,279,17990,707,18976,"2025-09-23 18:10:07"
5586,2025-04-01,161,84,24795,200,25079,46,963,112,1121,196,10799,251,11246,18,141,50,209,344,36698,613,37655,"2025-09-23 18:10:07"
5587,2025-04-01,162,163,44263,402,44828,93,1370,207,1670,142,12338,774,13254,23,236,133,392,421,58207,1516,60144,"2025-09-23 18:10:07"
5589,2025-04-01,164,82,12567,156,12805,65,461,73,599,99,6588,739,7426,12,86,43,141,258,19702,1011,20971,"2025-09-23 18:10:07"
5590,2025-04-01,165,105,21321,168,21594,76,982,93,1151,142,12738,263,13143,12,134,40,186,335,35175,564,36074,"2025-09-23 18:10:07"
5591,2025-04-01,166,67,10856,90,11013,40,410,57,507,71,5038,397,5506,6,59,67,132,184,16363,611,17158,"2025-09-23 18:10:07"
5592,2025-04-01,167,96,79156,641,79893,71,2097,286,2454,90,14695,3478,18263,14,558,1683,2255,271,96506,6088,102865,"2025-09-23 18:10:07"
5593,2025-04-01,168,57,9365,327,9749,40,377,54,471,75,3957,207,4239,4,72,24,100,176,13771,612,14559,"2025-09-23 18:10:07"
5594,2025-04-01,169,144,53620,789,54553,116,1843,374,2333,217,15618,1706,17541,20,377,280,677,497,71458,3149,75104,"2025-09-23 18:10:07"
5595,2025-04-01,170,78,20438,378,20894,48,756,283,1087,75,7896,1043,9014,12,128,150,290,213,29218,1854,31285,"2025-09-23 18:10:07"
5596,2025-04-01,171,121,82678,2265,85064,113,2511,421,3045,152,12833,2287,15272,10,343,348,701,396,98365,5321,104082,"2025-09-23 18:10:07"
5597,2025-04-01,172,260,41839,173,42272,208,1422,67,1697,158,11901,871,12930,17,200,124,341,643,55362,1235,57240,"2025-09-23 18:10:07"
5598,2025-04-01,173,76,14162,151,14389,52,726,66,844,103,7959,358,8420,15,97,51,163,246,22944,626,23816,"2025-09-23 18:10:07"
5599,2025-04-01,174,176,125101,1844,127121,127,2860,599,3586,198,22569,2093,24860,21,479,927,1427,522,151009,5463,156994,"2025-09-23 18:10:07"
5600,2025-04-01,175,116,14563,108129,122808,69,646,2278,2993,206,9535,384,10125,5,150,34,189,396,24894,110825,136115,"2025-09-23 18:10:07"
5601,2025-04-01,176,200,113888,2371,116459,147,3026,734,3907,202,21531,3535,25268,17,430,842,1289,566,138875,7482,146923,"2025-09-23 18:10:07"
5602,2025-04-01,177,78,22011,213,22302,43,770,98,911,112,8226,511,8849,7,115,57,179,240,31122,879,32241,"2025-09-23 18:10:07"
5603,2025-04-01,178,94,24615,84,24793,63,1180,80,1323,120,11279,794,12193,9,194,141,344,286,37268,1099,38653,"2025-09-23 18:10:07"
5604,2025-04-01,179,131,16363,160,16654,59,672,102,833,104,9702,206,10012,12,91,31,134,306,26828,499,27633,"2025-09-23 18:10:07"
5605,2025-04-01,180,84,19791,168,20043,46,712,83,841,91,8248,891,9230,3,137,89,229,224,28888,1231,30343,"2025-09-23 18:10:07"
5606,2025-04-01,181,88,13544,99,13731,73,543,46,662,109,7103,281,7493,8,67,32,107,278,21257,458,21993,"2025-09-23 18:10:07"
5607,2025-04-01,182,77,11346,89,11512,47,515,62,624,97,6331,144,6572,9,62,26,97,230,18254,321,18805,"2025-09-23 18:10:07"
5608,2025-04-01,183,70,12415,5709,18194,50,498,109,657,88,6601,197,6886,11,89,25,125,219,19603,6040,25862,"2025-09-23 18:10:07"
5609,2025-04-01,184,111,24723,91124,115958,80,1579,783,2442,142,15617,238,15997,10,130,43,183,343,42049,92188,134580,"2025-09-23 18:10:07"
5610,2025-04-01,185,97,26046,466,26609,51,900,867,1818,103,8018,558,8679,9,151,145,305,260,35115,2036,37411,"2025-09-23 18:10:07"
5612,2025-04-01,187,145,120241,899,121285,101,2935,392,3428,129,22025,2749,24903,16,431,383,830,391,145632,4423,150446,"2025-09-23 18:10:07"
5613,2025-04-01,188,208,120420,1678,122306,145,3642,520,4307,221,25873,1986,28080,16,556,377,949,590,150491,4561,155642,"2025-09-23 18:10:07"
5614,2025-04-01,189,58,14547,36,14641,31,642,59,732,77,6543,685,7305,18,88,53,159,184,21820,833,22837,"2025-09-23 18:10:07"
5615,2025-04-01,190,196,194369,2461,197026,109,4795,774,5678,225,25715,3585,29525,21,675,467,1163,551,225554,7287,233392,"2025-09-23 18:10:07"
5617,2025-04-01,192,142,59430,599,60171,81,1970,269,2320,159,18037,1123,19319,17,252,190,459,399,79689,2181,82269,"2025-09-23 18:10:07"
5618,2025-04-01,193,95,27379,383,27857,55,1160,116,1331,132,10345,278,10755,13,143,96,252,295,39027,873,40195,"2025-09-23 18:10:07"
5619,2025-04-01,194,101,11147,48,11296,52,402,43,497,86,7075,94,7255,16,51,16,83,255,18675,201,19131,"2025-09-23 18:10:07"
5620,2025-04-01,195,118,37447,390,37955,89,1573,256,1918,209,17455,1044,18708,17,212,173,402,433,56687,1863,58983,"2025-09-23 18:10:07"
5621,2025-04-01,196,76,20317,127,20520,41,769,49,859,89,11391,967,12447,15,149,145,309,221,32626,1288,34135,"2025-09-23 18:10:07"
5622,2025-04-01,197,286,65610,942,66838,235,2081,307,2623,253,19319,1209,20781,47,354,230,631,821,87364,2688,90873,"2025-09-23 18:10:07"
5623,2025-04-01,198,73,13076,99,13248,50,586,56,692,122,5964,118,6204,17,77,29,123,262,19703,302,20267,"2025-09-23 18:10:07"
5624,2025-04-01,199,61,6115,37,6213,36,277,26,339,73,3943,49,4065,7,37,6,50,177,10372,118,10667,"2025-09-23 18:10:07"
5625,2025-04-01,200,126,41553,480,42159,77,1515,134,1726,144,14655,728,15527,25,248,157,430,372,57971,1499,59842,"2025-09-23 18:10:07"
5626,2025-04-01,201,131,45122,363,45616,82,1678,234,1994,129,16270,1508,17907,18,251,356,625,360,63321,2461,66142,"2025-09-23 18:10:07"
5627,2025-04-01,202,105,23388,167,23660,63,702,81,846,111,8667,206,8984,21,110,46,177,300,32867,500,33667,"2025-09-23 18:10:07"
5628,2025-04-01,203,61,4418,344,4823,21,267,199,487,61,1451,28,1540,8,26,4,38,151,6162,575,6888,"2025-09-23 18:10:07"
5629,2025-04-01,204,136,20897,112,21145,56,600,86,742,121,6607,121,6849,20,125,38,183,333,28229,357,28919,"2025-09-23 18:10:07"
5630,2025-04-01,205,81,19760,86,19927,78,835,78,991,130,12235,890,13255,10,116,102,228,299,32946,1156,34401,"2025-09-23 18:10:07"
5631,2025-04-01,206,80,17939,163,18182,44,614,51,709,90,7879,616,8585,15,101,183,299,229,26533,1013,27775,"2025-09-23 18:10:07"
5632,2025-04-01,207,58,10096,39,10193,68,455,44,567,84,6045,116,6245,10,65,15,90,220,16661,214,17095,"2025-09-23 18:10:07"
5633,2025-04-01,208,121,55799,270,56190,63,1738,335,2136,112,12702,1590,14404,14,269,321,604,310,70508,2516,73334,"2025-09-23 18:10:07"
5634,2025-04-01,209,142,103756,1329,105227,84,2786,758,3628,210,17694,4209,22113,13,469,1729,2211,449,124705,8025,133179,"2025-09-23 18:10:07"
5635,2025-04-01,210,159,131088,2158,133405,96,2831,318,3245,109,18142,1081,19332,27,452,300,779,391,152513,3857,156761,"2025-09-23 18:10:07"
5637,2025-04-01,212,124,96986,1040,98150,83,2719,476,3278,155,12021,513,12689,15,324,171,510,377,112050,2200,114627,"2025-09-23 18:10:07"
5638,2025-04-01,213,105,25001,186,25292,74,840,175,1089,104,9347,261,9712,15,86,176,277,298,35274,798,36370,"2025-09-23 18:10:07"
5639,2025-04-01,214,53,11926,81,12060,62,683,90,835,95,7342,212,7649,11,141,65,217,233,27888,556,28677,"2025-09-23 18:10:07"
5640,2025-04-01,215,263,248210,2248,250721,154,5922,564,6640,244,41030,4722,45996,43,830,584,1457,704,295992,8118,304814,"2025-09-23 18:10:07"
5641,2025-04-01,216,101,14335,149,14585,54,514,107,675,138,6190,152,6480,8,62,27,97,301,21101,435,21837,"2025-09-23 18:10:07"
5642,2025-04-01,217,112,43963,477,44552,93,1335,197,1625,103,13680,2582,16365,15,209,600,824,323,59187,3856,63366,"2025-09-23 18:10:07"
5643,2025-04-01,218,99,48722,665,49486,80,1390,214,1684,131,10530,561,11222,18,195,112,325,328,60837,1552,62717,"2025-09-23 18:10:07"
5644,2025-04-01,219,91,13851,56,13998,62,480,54,596,99,7187,473,7759,9,145,149,303,261,21663,732,22656,"2025-09-23 18:10:07"
5645,2025-04-01,220,182,156670,1122,157974,97,4046,792,4935,150,22374,7230,29754,23,651,1535,2209,452,183741,10679,194872,"2025-09-23 18:10:07"
5646,2025-04-01,221,66,10491,52,10609,52,357,37,446,90,4580,578,5248,13,62,121,196,221,15490,788,16499,"2025-09-23 18:10:07"
5647,2025-04-01,222,209,144812,2789,147810,173,3123,1029,4325,256,26593,2390,29239,32,518,436,986,670,175046,6644,182360,"2025-09-23 18:10:07"
5648,2025-04-01,223,68,25286,181,25535,73,999,105,1177,95,10301,420,10816,10,145,66,221,246,36731,772,37749,"2025-09-23 18:10:07"
5649,2025-04-01,224,149,90113,1326,91588,63,1838,474,2375,138,10349,998,11485,15,164,150,329,365,102464,2948,105777,"2025-09-23 18:10:07"
5650,2025-04-01,225,68,97287,5752,103107,33,1753,413,2199,53,10738,1566,12357,4,229,238,471,158,110007,7969,118134,"2025-09-23 18:10:07"
5651,2025-04-01,226,243,148051,18226,166520,219,1949,876,3044,141,10338,981,11460,15,230,186,431,618,160568,20269,181455,"2025-09-23 18:10:07"
5652,2025-04-01,227,252,116133,48880,165265,173,2193,408,2774,126,16976,1463,18565,18,315,355,688,569,135617,51106,187292,"2025-09-23 18:10:07"
5653,2025-04-01,228,95,87629,718,88442,35,1855,159,2049,90,7769,1022,8881,12,270,286,568,232,97523,2185,99940,"2025-09-23 18:10:07"
5654,2025-04-01,229,99,43119,671,43889,85,1571,244,1900,123,8701,354,9178,14,179,69,262,321,53570,1338,55229,"2025-09-23 18:10:07"
5655,2025-04-01,230,59,16317,92,16468,72,514,45,631,110,7823,171,8104,10,87,84,181,251,24741,392,25384,"2025-09-23 18:10:07"
5656,2025-04-01,231,83,33257,20549,53889,53,992,300,1345,84,10213,544,10841,7,182,232,421,227,44644,21625,66496,"2025-09-23 18:10:07"
5657,2025-04-01,232,61,13840,17423,31324,53,474,161,688,110,6546,148,6804,14,169,32,215,238,21029,17764,39031,"2025-09-23 18:10:07"
5658,2025-04-01,233,89,15913,192,16194,57,586,75,718,140,8178,394,8712,15,94,72,181,301,24771,733,25805,"2025-09-23 18:10:07"
5660,2025-04-01,235,246,77657,933,78836,138,2766,145,3049,341,26862,673,27876,44,258,137,439,769,107543,1888,110200,"2025-09-23 18:10:07"
5661,2025-04-01,236,609,253162,269431,523202,361,6877,6196,13434,706,58992,3694,63392,39,1125,583,1747,1715,320156,279904,601775,"2025-09-23 18:10:07"
5663,2025-04-01,238,176,94710,2350,97236,142,2414,498,3054,269,18025,1428,19722,37,411,407,855,624,115560,4683,120867,"2025-09-23 18:10:07"
5665,2025-04-01,240,116,39959,728,40803,82,1153,164,1399,125,6860,515,7500,11,173,214,398,334,48145,1621,50100,"2025-09-23 18:10:07"
5666,2025-04-01,241,121,26520,461,27102,102,782,122,1006,181,6757,188,7126,10,155,47,212,414,34214,818,35446,"2025-09-23 18:10:07"
5667,2025-04-01,242,118,34215,893,35226,90,1024,139,1253,113,5304,314,5731,8,149,91,248,329,40692,1437,42458,"2025-09-23 18:10:07"
5668,2025-04-01,243,54,8939,62,9055,56,295,31,382,108,3351,54,3513,10,52,19,81,228,12637,166,13031,"2025-09-23 18:10:07"
5669,2025-04-01,244,46,12624,147,12817,40,391,25,456,126,4128,68,4322,12,85,21,118,224,17228,261,17713,"2025-09-23 18:10:07"
5670,2025-04-01,245,131,15177,152,15460,80,612,56,748,127,6199,134,6460,13,121,54,188,351,22109,396,22856,"2025-09-23 18:10:07"
5671,2025-04-01,246,223,163107,2661,165991,166,4093,509,4768,233,26530,2330,29093,25,715,372,1112,647,194445,5872,200964,"2025-09-23 18:10:07"
5672,2025-04-01,247,61,14637,87,14785,54,441,59,554,123,5005,112,5240,9,86,31,126,247,20169,289,20705,"2025-09-23 18:10:07"
5673,2025-04-01,248,114,14277,232,14623,101,529,74,704,156,6138,161,6455,22,110,34,166,393,21054,501,21948,"2025-09-23 18:10:07"
5674,2025-04-01,249,57,17150,203,17410,68,647,55,770,141,6989,140,7270,16,92,22,130,282,24878,420,25580,"2025-09-23 18:10:07"
5675,2025-04-01,250,336,122241,2451,125028,280,2993,615,3888,271,18481,2771,21523,27,534,408,969,914,144249,6245,151408,"2025-09-23 18:10:07"
5676,2025-04-01,251,65,16270,363,16698,62,583,119,764,121,3324,137,3582,14,127,44,185,262,20304,663,21229,"2025-09-23 18:10:07"
5677,2025-04-01,252,106,17750,240,18096,81,721,70,872,121,8589,146,8856,21,96,48,165,329,27156,504,27989,"2025-09-23 18:10:07"
5678,2025-04-01,253,130,28331,255,28716,115,1149,280,1544,181,11738,459,12378,22,171,65,258,448,41389,1059,42896,"2025-09-23 18:10:07"
5679,2025-04-01,254,58,9905,56,10019,62,283,42,387,101,3292,49,3442,10,58,23,91,231,13538,170,13939,"2025-09-23 18:10:07"
5680,2025-04-01,255,87,19609,554,20250,65,791,82,938,124,8613,274,9011,14,134,51,199,290,29147,961,30398,"2025-09-23 18:10:07"
5682,2025-04-01,257,107,20424,167,20698,64,1258,93,1415,157,10653,277,11087,14,115,47,176,342,32450,584,33376,"2025-09-23 18:10:07"
5683,2025-04-01,258,217,117165,2036,119418,125,2905,511,3541,211,19274,3268,22753,21,512,722,1255,574,139856,6537,146967,"2025-09-23 18:10:07"
5684,2025-04-01,259,120,34976,581,35677,60,1452,139,1651,143,13769,1030,14942,8,256,158,422,331,50453,1908,52692,"2025-09-23 18:10:07"
5685,2025-04-01,260,137,29913,400,30450,107,1128,168,1403,180,12476,457,13113,20,190,67,277,444,43707,1092,45243,"2025-09-23 18:10:07"
5686,2025-04-01,261,70,9027,55,9152,40,461,61,562,99,4430,246,4775,7,46,39,92,216,13964,401,14581,"2025-09-23 18:10:07"
5687,2025-04-01,262,96,19053,177,19326,66,789,116,971,140,8663,270,9073,12,104,54,170,314,28609,617,29540,"2025-09-23 18:10:07"
5688,2025-04-01,263,72,10594,104,10770,60,377,24,461,102,5249,63,5414,10,48,21,79,244,16268,212,16724,"2025-09-23 18:10:07"
5689,2025-04-01,264,116,47702,229,48047,121,1583,422,2126,207,12513,2359,15079,28,273,222,523,472,62071,3232,65775,"2025-09-23 18:10:07"
5690,2025-04-01,265,189,115859,1841,117889,141,3738,485,4364,215,24278,3088,27581,17,453,414,884,562,144328,5828,150718,"2025-09-23 18:10:07"
5691,2025-04-01,266,82,9812,60,9954,59,417,70,546,120,4936,271,5327,7,64,23,94,268,15229,424,15921,"2025-09-23 18:10:07"
5692,2025-04-01,267,75,7921,32,8028,41,342,20,403,112,4438,87,4637,6,49,19,74,234,12750,158,13142,"2025-09-23 18:10:07"
5693,2025-04-01,268,156,151333,3110,154599,103,3262,957,4322,150,18876,2614,21640,14,561,406,981,423,174032,7087,181542,"2025-09-23 18:10:07"
5694,2025-04-01,269,335,137012,2003,139350,230,2940,535,3705,209,15751,1527,17487,23,356,254,633,797,156059,4319,161175,"2025-09-23 18:10:07"
5695,2025-04-01,270,108,41468,1547,43123,113,1498,198,1809,163,14928,898,15989,8,247,124,379,392,58141,2767,61300,"2025-09-23 18:10:07"
5696,2025-04-01,271,110,9797,89,9996,53,403,95,551,111,5046,106,5263,15,58,16,89,289,15304,306,15899,"2025-09-23 18:10:07"
5698,2025-05-01,1,160,218276,14225,232661,60,3818,540,4418,187,13521,2195,15903,18,377,153,548,425,235992,17113,253530,"2025-09-23 18:10:14"
5699,2025-05-01,2,110,144212,5056,149378,41,3196,615,3852,148,11917,2617,14682,7,256,211,474,306,159581,8499,168386,"2025-09-23 18:10:14"
5700,2025-05-01,3,117,59876,2103,62096,67,1986,716,2769,129,6608,1263,8000,15,151,114,280,328,68621,4196,73145,"2025-09-23 18:10:14"
5701,2025-05-01,4,127,69214,2017,71358,45,3930,1317,5292,160,15759,4289,20208,17,455,271,743,358,187179,14521,202058,"2025-09-23 18:10:14"
5702,2025-05-01,5,89,98656,3033,101778,44,2793,348,3185,146,8788,2218,11152,11,200,167,378,290,110437,5766,116493,"2025-09-23 18:10:14"
5703,2025-05-01,6,87,80285,2954,83326,45,1951,332,2328,164,8690,1524,10378,10,120,110,240,306,91046,4920,96272,"2025-09-23 18:10:14"
5704,2025-05-01,7,111,114677,9054,123842,59,3644,565,4268,126,13507,2573,16206,7,322,169,498,303,132150,12361,144814,"2025-09-23 18:10:14"
5705,2025-05-01,8,58,71549,2712,74319,33,2402,434,2869,78,10478,2286,12842,12,200,100,312,181,84629,5532,90342,"2025-09-23 18:10:14"
5706,2025-05-01,9,80,128613,5560,134253,51,3047,752,3850,171,9545,2128,11844,11,272,250,533,313,141477,8690,150480,"2025-09-23 18:10:14"
5707,2025-05-01,10,93,76017,4536,80646,49,2108,563,2720,123,7807,2036,9966,12,194,154,360,277,86126,7289,93692,"2025-09-23 18:10:14"
5708,2025-05-01,11,108,85880,2773,88761,60,2401,129,2590,134,9537,2242,11913,11,199,99,309,313,98017,5243,103573,"2025-09-23 18:10:14"
5709,2025-05-01,12,117,94389,1234,95740,43,2045,128,2216,136,6292,1143,7571,17,139,177,333,313,102865,2682,105860,"2025-09-23 18:10:14"
5710,2025-05-01,13,97,101450,4211,105758,55,2363,674,3092,171,9117,2636,11924,22,263,462,747,345,113193,7983,121521,"2025-09-23 18:10:14"
5711,2025-05-01,14,208,77094,3410,80712,100,1902,399,2401,136,5677,1758,7571,7,149,109,265,451,84822,5676,90949,"2025-09-23 18:10:14"
5712,2025-05-01,15,175,153429,3345,156949,130,2817,647,3594,181,10431,4129,14741,16,275,202,493,502,166952,8323,175777,"2025-09-23 18:10:14"
5713,2025-05-01,16,134,82112,7925,90171,49,1688,904,2641,180,7992,1915,10087,17,207,131,355,380,91999,10875,103254,"2025-09-23 18:10:14"
5714,2025-05-01,17,92,105816,2015,107923,45,2590,1098,3733,143,8298,1667,10108,8,208,98,314,288,116912,4878,122078,"2025-09-23 18:10:14"
5715,2025-05-01,18,129,206008,7490,213627,106,3805,1577,5488,161,16980,4745,21886,19,407,393,819,415,227200,14205,241820,"2025-09-23 18:10:14"
5716,2025-05-01,19,131,126748,4808,131687,63,2870,733,3666,145,10702,2931,13778,8,279,437,724,347,140599,8909,149855,"2025-09-23 18:10:14"
5717,2025-05-01,20,131,118172,2743,121046,61,3414,190,3665,174,12648,4406,17228,17,496,607,1120,383,134730,7946,143059,"2025-09-23 18:10:14"
5718,2025-05-01,21,262,63457,1120,64839,125,1696,77,1898,150,4881,1053,6084,13,155,31,199,550,70189,2281,73020,"2025-09-23 18:10:14"
5719,2025-05-01,22,100,113746,4139,117985,46,2753,755,3554,143,9643,2024,11810,16,201,182,399,305,126343,7100,133748,"2025-09-23 18:10:14"
5720,2025-05-01,23,1724,39176,243,41143,1480,1328,252,3060,334,3580,1577,5491,102,93,102,297,3640,44177,2174,49991,"2025-09-23 18:10:14"
5721,2025-05-01,63,152,91423,1067,92642,810,1696,241,2747,177,4538,1161,5876,24,221,101,346,1300,46243,3048,50591,"2025-09-23 18:10:14"
5722,2025-05-01,25,80,91225,5929,97234,32,2803,585,3420,123,11274,2768,14165,14,244,320,578,249,105546,9602,115397,"2025-09-23 18:10:14"
5723,2025-05-01,146,1995,762206,12340,776541,3699,65046,14571,83316,3920,238210,59284,301414,431,6083,5150,11664,12868,2967025,189812,3169705,"2025-09-23 18:10:14"
5725,2025-05-01,28,100,64473,2411,66984,62,1926,922,2910,104,9324,3080,12508,13,202,630,845,279,75925,7043,83247,"2025-09-23 18:10:14"
5726,2025-05-01,29,82,75453,858,76393,49,1926,543,2518,122,10666,1206,11994,13,258,210,481,266,88303,2817,91386,"2025-09-23 18:10:14"
5727,2025-05-01,77,312,139880,2830,143022,57,1979,481,2517,59,8576,4329,12964,4,325,1456,1785,237,92438,9111,101786,"2025-09-23 18:10:14"
5728,2025-05-01,57,71,58688,764,59523,47,810,169,1026,62,3503,2337,5902,5,94,1046,1145,198,49268,5131,54597,"2025-09-23 18:10:14"
5729,2025-05-01,32,74,88435,1685,90194,27,1831,359,2217,63,9870,1572,11505,1,213,270,484,165,100349,3886,104400,"2025-09-23 18:10:14"
5730,2025-05-01,33,137,122934,29845,152916,63,2577,572,3212,171,12923,2483,15577,10,202,551,763,381,138636,33451,172468,"2025-09-23 18:10:14"
5731,2025-05-01,79,88,110925,1575,112588,50,2012,310,2372,106,11607,1604,13317,10,210,254,474,310,100648,3676,104634,"2025-09-23 18:10:14"
5732,2025-05-01,35,99,66258,2240,68597,56,1982,213,2251,99,13960,2320,16379,8,237,322,567,262,82437,5095,87794,"2025-09-23 18:10:14"
5733,2025-05-01,36,115,92647,3488,96250,51,2528,346,2925,103,12584,2013,14700,9,223,285,517,278,107982,6132,114392,"2025-09-23 18:10:14"
5734,2025-05-01,60,352,187445,24263,212060,33,834,18,885,42,3603,873,4518,0,62,88,150,138,30938,1341,32417,"2025-09-23 18:10:14"
5735,2025-05-01,38,51,56516,69157,125724,24,1365,778,2167,79,5328,1325,6732,11,149,352,512,165,63358,71612,135135,"2025-09-23 18:10:14"
5736,2025-05-01,39,377,114202,24548,139127,504,1624,721,2849,180,8699,2339,11218,26,205,716,947,1087,124730,28324,154141,"2025-09-23 18:10:14"
5737,2025-05-01,40,86,26355,1252,27693,50,913,323,1286,85,3990,383,4458,9,52,57,118,230,31310,2015,33555,"2025-09-23 18:10:14"
5739,2025-05-01,42,142,143010,2135,145287,57,2740,229,3026,124,12297,2237,14658,9,325,489,823,332,158372,5090,163794,"2025-09-23 18:10:14"
5741,2025-05-01,44,0,19,2,21,35,371,21,427,48,5243,140,5431,3,65,21,89,135,15718,247,16100,"2025-09-23 18:10:14"
5743,2025-05-01,46,191,238243,14658,253092,113,4457,738,5308,178,28684,5419,34281,14,623,584,1221,496,272007,21399,293902,"2025-09-23 18:10:14"
5744,2025-05-01,47,120,117856,1522,119498,116,2765,501,3382,290,19492,2895,22677,65,416,299,780,591,140529,5217,146337,"2025-09-23 18:10:14"
5748,2025-05-01,51,194,196891,2861,199946,192,2889,610,3691,211,15492,1387,17090,12,488,172,672,609,215760,5030,221399,"2025-09-23 18:10:14"
5751,2025-05-01,54,143,27919,4415,32477,51,1097,290,1438,153,10611,777,11541,11,232,87,330,358,39859,5569,45786,"2025-09-23 18:10:14"
5752,2025-05-01,55,105,94981,121680,216766,60,2953,1774,4787,109,25714,2858,28681,19,478,335,832,293,124126,126647,251066,"2025-09-23 18:10:14"
5753,2025-05-01,56,370,222971,16877,240218,448,4684,806,5938,172,28274,3613,32059,25,593,488,1106,1015,256522,21784,279321,"2025-09-23 18:10:14"
5755,2025-05-01,58,190,145174,12896,158260,99,3876,75,4050,138,16761,5133,22032,18,442,854,1314,445,166253,18958,185656,"2025-09-23 18:10:14"
5756,2025-05-01,59,146,202448,32941,235535,81,4188,1038,5307,107,19841,3114,23062,8,472,307,787,342,226949,37400,264691,"2025-09-23 18:10:14"
5758,2025-05-01,61,159,211661,5627,217447,87,2990,713,3790,138,12248,3585,15971,13,417,521,951,397,227316,10446,238159,"2025-09-23 18:10:14"
5759,2025-05-01,62,73,8744,20650,29467,56,516,442,1014,125,3979,57,4161,3,53,13,69,257,13292,21162,34711,"2025-09-23 18:10:14"
5762,2025-05-01,65,241,175282,3919,179442,154,4029,378,4561,195,26285,8046,34526,30,751,955,1736,620,206347,13298,220265,"2025-09-23 18:10:14"
5768,2025-05-01,71,85,71867,1904,73856,43,1929,548,2520,109,13382,3868,17359,9,358,437,804,246,87536,6757,94539,"2025-09-23 18:10:14"
5771,2025-05-01,74,121,177790,2537,180448,92,2935,363,3390,425,15163,2454,18042,25,631,301,957,663,196519,5655,202837,"2025-09-23 18:10:14"
5777,2025-05-01,80,162,110143,1164,111469,99,2489,679,3267,168,20899,4237,25304,14,445,1018,1477,443,133976,7098,141517,"2025-09-23 18:10:14"
5780,2025-05-01,83,363,179998,1210,181571,243,3069,633,3945,264,14919,2040,17223,84,642,165,891,954,198628,4048,203630,"2025-09-23 18:10:14"
5782,2025-05-01,85,151,25693,155,25999,83,1057,153,1293,156,6620,209,6985,24,133,46,203,414,33503,563,34480,"2025-09-23 18:10:14"
5783,2025-05-01,86,324,174479,1922,176725,153,3853,446,4452,199,18832,2728,21759,21,461,271,753,697,197625,5367,203689,"2025-09-23 18:10:14"
5784,2025-05-01,87,107,115413,3630,119150,79,2287,599,2965,78,13003,2111,15192,12,366,158,536,276,131069,6498,137843,"2025-09-23 18:10:14"
5785,2025-05-01,88,72,105039,2507,107618,22,1974,596,2592,38,9034,1522,10594,1,226,137,364,133,116273,4762,121168,"2025-09-23 18:10:14"
5786,2025-05-01,89,482,30223,316,31021,101,502,42,645,129,1970,474,2573,15,84,10,109,727,32779,842,34348,"2025-09-23 18:10:14"
5787,2025-05-01,90,141,91307,1659,93107,67,2178,405,2650,110,10063,2364,12537,11,235,200,446,329,103783,4628,108740,"2025-09-23 18:10:14"
5788,2025-05-01,91,208,173851,944,175003,90,4548,2287,6925,132,30337,5590,36059,16,744,345,1105,446,209480,9166,219092,"2025-09-23 18:10:14"
5789,2025-05-01,92,93,61818,1152,63063,76,1425,282,1783,100,8203,1420,9723,14,194,146,354,283,71640,3000,74923,"2025-09-23 18:10:14"
5790,2025-05-01,93,130,86919,879,87928,72,1941,174,2187,92,8860,3783,12735,10,179,247,436,304,97899,5083,103286,"2025-09-23 18:10:14"
5791,2025-05-01,94,260,203810,3013,207083,112,4726,1684,6522,207,30771,4566,35544,9,723,684,1416,588,240030,9947,250565,"2025-09-23 18:10:14"
5792,2025-05-01,95,380,270426,2229,273035,198,6700,1024,7922,219,42496,6605,49320,28,1122,501,1651,825,320744,10359,331928,"2025-09-23 18:10:14"
5793,2025-05-01,96,99,32065,669,32833,45,1171,72,1288,82,5294,689,6065,11,114,54,179,237,38644,1484,40365,"2025-09-23 18:10:14"
5794,2025-05-01,97,5,97,1,103,0,38,10,48,0,127,7,134,0,0,1,1,5,262,19,286,"2025-09-23 18:10:14"
5795,2025-05-01,98,49,73100,1679,74828,19,2005,115,2139,34,8128,1276,9438,1,172,177,350,103,83405,3247,86755,"2025-09-23 18:10:14"
5796,2025-05-01,99,39,52286,952,53277,31,1788,446,2265,32,9652,1755,11439,4,197,174,375,106,63923,3327,67356,"2025-09-23 18:10:14"
5797,2025-05-01,100,195,128490,2773,131458,149,3309,571,4029,158,15442,3303,18903,25,362,198,585,527,147603,6845,154975,"2025-09-23 18:10:14"
5798,2025-05-01,101,202,179004,4206,183412,57,2288,1396,3741,106,7494,1917,9517,9,356,184,549,374,189142,7703,197219,"2025-09-23 18:10:14"
5799,2025-05-01,102,164,71869,1730,73763,59,1955,197,2211,79,7349,1547,8975,3,174,163,340,305,81347,3637,85289,"2025-09-23 18:10:14"
5800,2025-05-01,103,216,63513,2072,65801,56,1976,310,2342,98,8686,1584,10368,20,181,150,351,390,74356,4116,78862,"2025-09-23 18:10:14"
5801,2025-05-01,104,106,185406,5071,190583,169,4399,1501,6069,159,19723,3160,23042,21,628,548,1197,455,210156,10280,220891,"2025-09-23 18:10:14"
5802,2025-05-01,105,273,144961,1871,147105,109,1960,140,2209,65,6668,1477,8210,2,263,129,394,449,153852,3617,157918,"2025-09-23 18:10:14"
5803,2025-05-01,106,282,98668,1034,99984,148,2616,478,3242,101,8174,2145,10420,17,255,124,396,548,109713,3781,114042,"2025-09-23 18:10:14"
5804,2025-05-01,107,147,72340,1315,73802,68,2290,72,2430,90,6346,2014,8450,16,169,103,288,321,81145,3504,84970,"2025-09-23 18:10:14"
5805,2025-05-01,108,175,227911,1858,229944,107,6023,470,6600,151,37150,6436,43737,23,731,514,1268,456,271815,9278,281549,"2025-09-23 18:10:14"
5806,2025-05-01,109,212,137407,5626,143245,152,4672,1146,5970,227,22912,4027,27166,12,436,319,767,603,165427,11118,177148,"2025-09-23 18:10:14"
5807,2025-05-01,110,82,121938,2161,124181,41,3705,638,4384,33,18112,2691,20836,3,461,367,831,159,144216,5857,150232,"2025-09-23 18:10:14"
5808,2025-05-01,111,175,96415,767,97357,93,2969,561,3623,131,19562,3352,23045,16,952,303,1271,415,119898,4983,125296,"2025-09-23 18:10:14"
5809,2025-05-01,112,159,119832,2281,122272,112,1988,589,2689,130,9899,3824,13853,10,351,171,532,411,132070,6865,139346,"2025-09-23 18:10:14"
5810,2025-05-01,113,93,76917,1349,78359,29,2056,920,3005,42,9032,1579,10653,0,201,125,326,164,88206,3973,92343,"2025-09-23 18:10:14"
5811,2025-05-01,114,187,120152,703,121042,90,3560,510,4160,171,20062,3044,23277,14,523,262,799,462,144297,4519,149278,"2025-09-23 18:10:14"
5812,2025-05-01,115,245,54306,415,54966,97,1613,518,2228,263,12101,905,13269,11,302,82,395,616,68322,1920,70858,"2025-09-23 18:10:14"
5813,2025-05-01,116,190,54019,363,54572,87,1937,658,2682,201,14285,6462,20948,9,342,343,694,487,70583,7826,78896,"2025-09-23 18:10:14"
5814,2025-05-01,117,91,17868,279,18238,69,696,245,1010,154,6356,4112,10622,7,136,492,635,321,25056,5128,30505,"2025-09-23 18:10:14"
5815,2025-05-01,118,95,110951,1264,112310,64,2664,559,3287,65,10700,2684,13449,10,335,188,533,234,124650,4695,129579,"2025-09-23 18:10:14"
5816,2025-05-01,119,48,186545,3491,190084,42,3153,760,3955,49,11394,3751,15194,12,515,365,892,151,201607,8367,210125,"2025-09-23 18:10:14"
5817,2025-05-01,120,27,144807,863,145697,16,1729,81,1826,23,4785,1428,6236,0,244,44,288,66,151565,2416,154047,"2025-09-23 18:10:14"
5818,2025-05-01,121,410,128249,1708,130367,174,3762,1546,5482,236,21784,4948,26968,19,737,412,1168,839,154532,8614,163985,"2025-09-23 18:10:14"
5819,2025-05-01,122,118,59087,411,59616,95,1173,193,1461,85,5651,2026,7762,8,156,303,467,306,66067,2933,69306,"2025-09-23 18:10:14"
5820,2025-05-01,123,291,153395,2014,155700,255,4246,427,4928,194,17708,3101,21003,29,541,267,837,769,175890,5809,182468,"2025-09-23 18:10:14"
5821,2025-05-01,124,219,103900,893,105012,89,3176,851,4116,137,18957,4341,23435,15,494,567,1076,460,126527,6652,133639,"2025-09-23 18:10:14"
5822,2025-05-01,125,287,218330,2524,221141,95,5254,2665,8014,171,31222,6401,37794,22,714,308,1044,575,255520,11898,267993,"2025-09-23 18:10:14"
5823,2025-05-01,126,384,294030,3811,298225,162,7355,2151,9668,262,35981,7656,43899,23,1025,986,2034,831,338391,14604,353826,"2025-09-23 18:10:14"
5824,2025-05-01,127,195,66922,4872,71989,76,2598,771,3445,161,20750,2396,23307,17,362,367,746,449,90632,8406,99487,"2025-09-23 18:10:14"
5825,2025-05-01,128,204,123059,1031,124294,88,2361,353,2802,151,15359,2333,17843,12,345,157,514,455,141124,3874,145453,"2025-09-23 18:10:14"
5826,2025-05-01,129,405,464698,2761,467864,229,9700,2799,12728,288,64833,8349,73470,74,1721,705,2500,996,540952,14614,556562,"2025-09-23 18:10:14"
5828,2025-05-01,131,78,15495,135,15708,58,737,57,852,79,7965,247,8291,11,103,31,145,226,24300,470,24996,"2025-09-23 18:10:14"
5829,2025-05-01,132,69,11122,120,11311,53,443,82,578,119,4853,383,5355,4,89,225,318,245,16507,810,17562,"2025-09-23 18:10:14"
5830,2025-05-01,133,71,12339,118,12528,57,580,87,724,113,6423,461,6997,17,72,47,136,258,19414,713,20385,"2025-09-23 18:10:14"
5831,2025-05-01,134,102,17581,115,17798,61,659,93,813,117,8234,173,8524,13,92,40,145,293,26566,421,27280,"2025-09-23 18:10:14"
5832,2025-05-01,135,77,20533,179,20789,60,782,87,929,85,8037,693,8815,11,155,98,264,233,29507,1057,30797,"2025-09-23 18:10:14"
5833,2025-05-01,136,84,49030,314,49428,69,2021,209,2299,111,13736,1489,15336,15,258,140,413,279,65045,2152,67476,"2025-09-23 18:10:14"
5834,2025-05-01,137,108,55291,705,56104,81,1620,177,1878,155,13556,1672,15383,11,352,870,1233,355,70819,3424,74598,"2025-09-23 18:10:14"
5835,2025-05-01,138,35,17473,155,17663,26,517,37,580,31,3202,588,3821,7,72,47,126,99,21264,827,22190,"2025-09-23 18:10:14"
5836,2025-05-01,139,74,45824,299,46197,64,1408,88,1560,85,9300,1116,10501,6,245,84,335,229,56777,1587,58593,"2025-09-23 18:10:14"
5837,2025-05-01,140,1,8,0,9,0,3,0,3,0,8,0,8,0,0,0,0,1,19,0,20,"2025-09-23 18:10:14"
5838,2025-05-01,141,208,88362,1095,89665,112,2044,372,2528,182,11979,1154,13315,17,370,269,656,519,102755,2890,106164,"2025-09-23 18:10:14"
5839,2025-05-01,142,62,81706,1492,83260,129,1907,840,2876,63,10549,1846,12458,5,325,227,557,259,94487,4405,99151,"2025-09-23 18:10:14"
5840,2025-05-01,143,192,92441,2527,95160,123,2293,542,2958,130,14447,2102,16679,7,414,199,620,452,109595,5370,115417,"2025-09-23 18:10:14"
5841,2025-05-01,144,152,134139,4263,138554,91,2879,728,3698,136,15886,2527,18549,12,580,371,963,391,153484,7889,161764,"2025-09-23 18:10:14"
5842,2025-05-01,145,203,96105,3024,99332,149,2755,414,3318,261,19813,1825,21899,31,475,291,797,644,119148,5554,125346,"2025-09-23 18:10:14"
5844,2025-05-01,147,78,23434,64,23576,38,545,103,686,55,2230,434,2719,9,89,33,131,180,26298,634,27112,"2025-09-23 18:10:14"
5845,2025-05-01,148,221,42664,1177,44062,122,1486,382,1990,255,12781,687,13723,25,219,128,372,623,57150,2374,60147,"2025-09-23 18:10:14"
5846,2025-05-01,149,74,20828,2311,23213,40,953,200,1193,93,8601,579,9273,10,128,73,211,217,30510,3163,33890,"2025-09-23 18:10:14"
5847,2025-05-01,150,149,45963,871,46983,88,1956,335,2379,142,15299,1087,16528,28,216,96,340,407,63434,2389,66230,"2025-09-23 18:10:14"
5848,2025-05-01,151,145,87529,812,88486,77,2319,350,2746,183,19382,2353,21918,17,495,819,1331,422,109725,4334,114481,"2025-09-23 18:10:14"
5849,2025-05-01,152,130,40236,556,40922,72,1353,172,1597,181,12755,520,13456,35,197,124,356,418,54541,1372,56331,"2025-09-23 18:10:14"
5850,2025-05-01,153,98,23240,182,23520,71,1048,315,1434,164,11256,400,11820,13,103,55,171,346,35647,952,36945,"2025-09-23 18:10:14"
5851,2025-05-01,154,181,82156,963,83300,86,2361,484,2931,165,19083,1875,21123,24,418,436,878,456,104018,3758,108232,"2025-09-23 18:10:14"
5852,2025-05-01,155,78,19724,145,19947,39,682,109,830,107,7710,430,8247,17,91,87,195,241,28207,771,29219,"2025-09-23 18:10:14"
5853,2025-05-01,156,205,176743,2036,178984,132,4459,513,5104,184,24302,3720,28206,50,738,372,1160,571,206242,6641,213454,"2025-09-23 18:10:14"
5854,2025-05-01,157,168,35531,275,35974,114,1361,317,1792,180,11517,735,12432,13,214,131,358,475,48623,1458,50556,"2025-09-23 18:10:14"
5855,2025-05-01,158,100,120337,1822,122259,62,3605,681,4348,127,19405,2928,22460,10,599,389,998,299,143946,5820,150065,"2025-09-23 18:10:14"
5856,2025-05-01,159,162,185215,1703,187080,152,4230,863,5245,212,20953,2635,23800,24,606,311,941,550,211004,5512,217066,"2025-09-23 18:10:14"
5857,2025-05-01,160,80,11486,66,11632,58,431,61,550,127,6021,516,6664,17,73,62,152,282,18011,705,18998,"2025-09-23 18:10:14"
5858,2025-05-01,161,86,24855,190,25131,47,953,117,1117,199,10797,252,11248,18,142,51,211,350,36747,610,37707,"2025-09-23 18:10:14"
5859,2025-05-01,162,163,44370,394,44927,93,1361,205,1659,142,12352,777,13271,23,237,132,392,421,58320,1508,60249,"2025-09-23 18:10:14"
5861,2025-05-01,164,82,12559,157,12798,65,460,75,600,99,6565,740,7404,12,90,43,145,258,19674,1015,20947,"2025-09-23 18:10:14"
5862,2025-05-01,165,105,21384,169,21658,76,980,93,1149,141,12756,264,13161,12,136,40,188,334,35256,566,36156,"2025-09-23 18:10:14"
5863,2025-05-01,166,67,10900,93,11060,41,404,57,502,72,5049,397,5518,6,59,67,132,186,16412,614,17212,"2025-09-23 18:10:14"
5864,2025-05-01,167,95,79369,641,80105,70,2096,289,2455,90,14675,3489,18254,14,555,1684,2253,269,96695,6103,103067,"2025-09-23 18:10:14"
5865,2025-05-01,168,57,9384,318,9759,41,376,54,471,75,3958,209,4242,4,72,23,99,177,13790,604,14571,"2025-09-23 18:10:14"
5866,2025-05-01,169,147,53741,793,54681,117,1829,372,2318,217,15605,1703,17525,20,380,268,668,501,71555,3136,75192,"2025-09-23 18:10:14"
5867,2025-05-01,170,78,20452,374,20904,48,749,280,1077,75,7939,1017,9031,12,127,149,288,213,29267,1820,31300,"2025-09-23 18:10:14"
5868,2025-05-01,171,122,82635,2278,85035,114,2501,424,3039,153,12781,2285,15219,10,345,345,700,399,98262,5332,103993,"2025-09-23 18:10:14"
5869,2025-05-01,172,259,42010,202,42471,205,1420,73,1698,161,11950,889,13000,17,206,125,348,642,55586,1289,57517,"2025-09-23 18:10:14"
5870,2025-05-01,173,77,14175,158,14410,52,725,69,846,104,7961,358,8423,15,98,53,166,248,22959,638,23845,"2025-09-23 18:10:14"
5871,2025-05-01,174,178,125240,1841,127259,127,2838,595,3560,197,22580,2102,24879,21,474,923,1418,523,151132,5461,157116,"2025-09-23 18:10:14"
5872,2025-05-01,175,117,14652,109623,124392,67,651,2329,3047,206,9523,388,10117,5,149,34,188,395,24975,112374,137744,"2025-09-23 18:10:14"
5873,2025-05-01,176,202,113946,2366,116514,148,3004,730,3882,202,21484,3534,25220,17,432,834,1283,569,138866,7464,146899,"2025-09-23 18:10:14"
5874,2025-05-01,177,77,22131,216,22424,43,774,97,914,113,8245,509,8867,7,115,56,178,240,31265,878,32383,"2025-09-23 18:10:14"
5875,2025-05-01,178,94,24607,84,24785,63,1169,81,1313,120,11265,796,12181,9,192,141,342,286,37233,1102,38621,"2025-09-23 18:10:14"
5876,2025-05-01,179,131,16376,159,16666,58,665,101,824,107,9706,207,10020,12,95,31,138,308,26842,498,27648,"2025-09-23 18:10:14"
5877,2025-05-01,180,82,19965,168,20215,46,710,83,839,91,8271,892,9254,3,139,90,232,222,29085,1233,30540,"2025-09-23 18:10:14"
5878,2025-05-01,181,88,13576,96,13760,73,538,46,657,109,7090,280,7479,8,67,31,106,278,21271,453,22002,"2025-09-23 18:10:14"
5879,2025-05-01,182,77,11391,90,11558,48,515,61,624,97,6343,144,6584,9,63,25,97,231,18312,320,18863,"2025-09-23 18:10:14"
5880,2025-05-01,183,70,12390,5699,18159,50,492,112,654,88,6586,198,6872,11,89,26,126,219,19557,6035,25811,"2025-09-23 18:10:14"
5881,2025-05-01,184,111,24802,92038,116951,80,1579,788,2447,138,15596,237,15971,10,129,43,182,339,42106,93106,135551,"2025-09-23 18:10:14"
5882,2025-05-01,185,98,26052,471,26621,51,891,860,1802,103,8054,562,8719,9,153,146,308,261,35150,2039,37450,"2025-09-23 18:10:14"
5884,2025-05-01,187,145,120281,897,121323,101,2928,395,3424,129,22021,2745,24895,16,431,383,830,391,145661,4420,150472,"2025-09-23 18:10:14"
5885,2025-05-01,188,209,120585,1673,122467,144,3627,526,4297,221,25847,1984,28052,16,561,376,953,590,150620,4559,155769,"2025-09-23 18:10:14"
5886,2025-05-01,189,58,14557,36,14651,31,642,59,732,77,6556,690,7323,18,88,53,159,184,21843,838,22865,"2025-09-23 18:10:14"
5887,2025-05-01,190,195,194596,2438,197229,109,4785,781,5675,225,25748,3593,29566,21,687,467,1175,550,225816,7279,233645,"2025-09-23 18:10:14"
5889,2025-05-01,192,142,59421,599,60162,81,1945,271,2297,166,18006,1118,19290,17,250,191,458,406,79622,2179,82207,"2025-09-23 18:10:14"
5890,2025-05-01,193,94,27382,385,27861,54,1163,116,1333,127,10333,279,10739,13,144,96,253,288,39022,876,40186,"2025-09-23 18:10:14"
5891,2025-05-01,194,100,11154,48,11302,53,396,44,493,86,7060,92,7238,16,50,17,83,255,18660,201,19116,"2025-09-23 18:10:14"
5892,2025-05-01,195,118,37380,386,37884,91,1553,255,1899,210,17345,1046,18601,18,216,174,408,437,56494,1861,58792,"2025-09-23 18:10:14"
5893,2025-05-01,196,74,20333,127,20534,41,767,49,857,89,11393,972,12454,15,146,142,303,219,32639,1290,34148,"2025-09-23 18:10:14"
5894,2025-05-01,197,288,65683,938,66909,227,2075,308,2610,252,19324,1211,20787,45,359,232,636,812,87441,2689,90942,"2025-09-23 18:10:14"
5895,2025-05-01,198,73,13079,98,13250,50,587,56,693,123,5973,118,6214,17,79,29,125,263,19718,301,20282,"2025-09-23 18:10:14"
5896,2025-05-01,199,61,6142,37,6240,37,275,27,339,73,3942,50,4065,7,38,6,51,178,10397,120,10695,"2025-09-23 18:10:14"
5897,2025-05-01,200,126,41619,481,42226,78,1505,138,1721,144,14614,728,15486,25,247,158,430,373,57985,1505,59863,"2025-09-23 18:10:14"
5898,2025-05-01,201,131,45160,362,45653,83,1680,238,2001,129,16244,1507,17880,18,247,356,621,361,63331,2463,66155,"2025-09-23 18:10:14"
5899,2025-05-01,202,104,23387,168,23659,63,699,81,843,111,8691,205,9007,21,108,46,175,299,32885,500,33684,"2025-09-23 18:10:14"
5900,2025-05-01,203,61,4421,339,4821,21,262,204,487,61,1448,28,1537,8,25,4,37,151,6156,575,6882,"2025-09-23 18:10:14"
5901,2025-05-01,204,134,20922,111,21167,57,596,86,739,122,6603,120,6845,20,124,39,183,333,28245,356,28934,"2025-09-23 18:10:14"
5902,2025-05-01,205,80,19760,88,19928,77,834,78,989,130,12210,890,13230,10,119,102,231,297,32923,1158,34378,"2025-09-23 18:10:14"
5903,2025-05-01,206,80,17979,163,18222,44,618,51,713,90,7898,611,8599,15,99,188,302,229,26594,1013,27836,"2025-09-23 18:10:14"
5904,2025-05-01,207,58,10107,39,10204,68,458,44,570,87,6050,116,6253,10,64,15,89,223,16679,214,17116,"2025-09-23 18:10:14"
5905,2025-05-01,208,121,55779,271,56171,63,1748,335,2146,112,12750,1587,14449,14,266,321,601,310,70543,2514,73367,"2025-09-23 18:10:14"
5906,2025-05-01,209,141,103738,1329,105208,84,2774,766,3624,213,17681,4204,22098,13,467,1727,2207,451,124660,8026,133137,"2025-09-23 18:10:14"
5907,2025-05-01,210,159,131329,2153,133641,96,2819,301,3216,109,18112,1091,19312,27,449,300,776,391,152709,3845,156945,"2025-09-23 18:10:14"
5909,2025-05-01,212,125,97100,1039,98264,87,2708,479,3274,157,12042,515,12714,15,322,168,505,384,112172,2201,114757,"2025-09-23 18:10:14"
5910,2025-05-01,213,105,25033,186,25324,77,836,175,1088,104,9336,260,9700,15,87,176,278,301,35292,797,36390,"2025-09-23 18:10:14"
5911,2025-05-01,214,53,11946,89,12088,62,683,90,835,95,7359,215,7669,11,139,65,215,234,27936,555,28725,"2025-09-23 18:10:14"
5912,2025-05-01,215,264,248503,2243,251010,154,5901,569,6624,244,41064,4732,46040,43,826,585,1454,705,296294,8129,305128,"2025-09-23 18:10:14"
5913,2025-05-01,216,101,14329,148,14578,54,509,106,669,137,6197,153,6487,8,62,27,97,300,21097,434,21831,"2025-09-23 18:10:14"
5914,2025-05-01,217,112,43996,483,44591,93,1327,198,1618,103,13685,2573,16361,15,208,592,815,323,59216,3846,63385,"2025-09-23 18:10:14"
5915,2025-05-01,218,97,48818,661,49576,80,1401,214,1695,131,10504,561,11196,18,191,113,322,326,60914,1549,62789,"2025-09-23 18:10:14"
5916,2025-05-01,219,91,13887,56,14034,61,482,54,597,99,7195,479,7773,9,144,150,303,260,21708,739,22707,"2025-09-23 18:10:14"
5917,2025-05-01,220,184,156872,1107,158163,88,4034,783,4905,151,22350,7258,29759,23,651,1536,2210,446,183907,10684,195037,"2025-09-23 18:10:14"
5918,2025-05-01,221,66,10497,51,10614,52,356,37,445,92,4577,576,5245,14,63,120,197,224,15493,784,16501,"2025-09-23 18:10:14"
5919,2025-05-01,222,210,144877,2774,147861,173,3110,1038,4321,256,26607,2384,29247,32,523,432,987,671,175117,6628,182416,"2025-09-23 18:10:14"
5920,2025-05-01,223,69,25265,193,25527,76,996,105,1177,96,10317,421,10834,10,145,67,222,251,36723,786,37760,"2025-09-23 18:10:14"
5921,2025-05-01,224,148,90496,1330,91974,63,1834,473,2370,138,10316,1001,11455,15,163,150,328,364,102809,2954,106127,"2025-09-23 18:10:14"
5922,2025-05-01,225,69,97398,5706,103173,34,1733,414,2181,54,10754,1565,12373,4,227,236,467,161,110112,7921,118194,"2025-09-23 18:10:14"
5923,2025-05-01,226,241,148529,18571,167341,222,1944,874,3040,140,10344,976,11460,15,231,191,437,618,161048,20612,182278,"2025-09-23 18:10:14"
5924,2025-05-01,227,253,116147,49187,165587,171,2162,403,2736,127,16941,1464,18532,18,315,350,683,569,135565,51404,187538,"2025-09-23 18:10:14"
5925,2025-05-01,228,93,87717,718,88528,35,1842,159,2036,91,7752,1024,8867,12,274,289,575,231,97585,2190,100006,"2025-09-23 18:10:14"
5926,2025-05-01,229,101,43184,676,43961,84,1562,245,1891,123,8709,354,9186,14,180,70,264,322,53635,1345,55302,"2025-09-23 18:10:14"
5927,2025-05-01,230,60,16322,92,16474,72,513,45,630,113,7819,170,8102,10,92,84,186,255,24746,391,25392,"2025-09-23 18:10:14"
5928,2025-05-01,231,82,33420,21727,55229,53,996,330,1379,84,10211,544,10839,7,185,229,421,226,44812,22830,67868,"2025-09-23 18:10:14"
5929,2025-05-01,232,61,13879,17605,31545,53,473,160,686,110,6531,146,6787,14,171,32,217,238,21054,17943,39235,"2025-09-23 18:10:14"
5930,2025-05-01,233,89,15875,151,16115,57,583,76,716,140,8171,396,8707,15,94,71,180,301,24723,694,25718,"2025-09-23 18:10:14"
5932,2025-05-01,235,248,77640,931,78819,139,2751,146,3036,339,26876,675,27890,44,260,143,447,770,107527,1895,110192,"2025-09-23 18:10:14"
5933,2025-05-01,236,613,253465,270801,524879,358,6831,6213,13402,713,59012,3705,63430,39,1122,582,1743,1723,320430,281301,603454,"2025-09-23 18:10:14"
5935,2025-05-01,238,179,94801,2334,97314,141,2396,500,3037,265,18007,1425,19697,38,413,412,863,623,115617,4671,120911,"2025-09-23 18:10:14"
5937,2025-05-01,240,117,39960,730,40807,82,1153,163,1398,124,6856,517,7497,11,175,213,399,334,48144,1623,50101,"2025-09-23 18:10:14"
5938,2025-05-01,241,121,26493,460,27074,99,772,120,991,184,6752,187,7123,10,155,47,212,414,34172,814,35400,"2025-09-23 18:10:14"
5939,2025-05-01,242,119,34227,880,35226,89,1025,138,1252,112,5302,313,5727,8,149,90,247,328,40703,1421,42452,"2025-09-23 18:10:14"
5940,2025-05-01,243,55,8935,62,9052,57,292,31,380,109,3347,54,3510,10,52,20,82,231,12626,167,13024,"2025-09-23 18:10:14"
5941,2025-05-01,244,47,12624,163,12834,40,392,27,459,125,4108,68,4301,12,86,22,120,224,17210,280,17714,"2025-09-23 18:10:14"
5942,2025-05-01,245,134,15167,151,15452,80,609,56,745,127,6201,135,6463,13,122,54,189,354,22099,396,22849,"2025-09-23 18:10:14"
5943,2025-05-01,246,225,163260,2647,166132,165,4089,509,4763,234,26501,2325,29060,25,721,370,1116,649,194571,5851,201071,"2025-09-23 18:10:14"
5944,2025-05-01,247,60,14630,85,14775,54,442,60,556,122,4997,113,5232,10,89,31,130,246,20158,289,20693,"2025-09-23 18:10:14"
5945,2025-05-01,248,115,14267,232,14614,102,531,74,707,156,6130,161,6447,22,114,35,171,395,21042,502,21939,"2025-09-23 18:10:14"
5946,2025-05-01,249,58,17144,203,17405,69,636,55,760,143,6991,144,7278,16,91,22,129,286,24862,424,25572,"2025-09-23 18:10:14"
5947,2025-05-01,250,344,122328,2510,125182,280,2978,615,3873,271,18485,2764,21520,27,536,404,967,922,144327,6293,151542,"2025-09-23 18:10:14"
5948,2025-05-01,251,68,16284,363,16715,62,580,121,763,121,3328,139,3588,15,127,44,186,266,20319,667,21252,"2025-09-23 18:10:14"
5949,2025-05-01,252,107,17776,232,18115,80,724,73,877,120,8596,143,8859,22,95,48,165,329,27191,496,28016,"2025-09-23 18:10:14"
5950,2025-05-01,253,130,28398,260,28788,115,1147,279,1541,181,11742,456,12379,22,178,65,265,448,41465,1060,42973,"2025-09-23 18:10:14"
5951,2025-05-01,254,58,9917,56,10031,63,282,42,387,100,3309,49,3458,10,57,23,90,231,13565,170,13966,"2025-09-23 18:10:14"
5952,2025-05-01,255,89,19648,552,20289,65,792,82,939,122,8623,273,9018,14,135,51,200,290,29198,958,30446,"2025-09-23 18:10:14"
5954,2025-05-01,257,106,20430,167,20703,65,1253,93,1411,157,10642,282,11081,14,116,47,177,342,32441,589,33372,"2025-09-23 18:10:14"
5955,2025-05-01,258,215,117251,2022,119488,125,2881,515,3521,210,19240,3256,22706,21,517,713,1251,571,139889,6506,146966,"2025-09-23 18:10:14"
5956,2025-05-01,259,118,35057,576,35751,60,1451,150,1661,145,13786,1032,14963,8,257,157,422,331,50551,1915,52797,"2025-09-23 18:10:14"
5957,2025-05-01,260,137,29933,400,30470,107,1118,169,1394,179,12482,453,13114,20,193,67,280,443,43726,1089,45258,"2025-09-23 18:10:14"
5958,2025-05-01,261,71,9032,55,9158,40,456,60,556,99,4413,245,4757,7,48,39,94,217,13949,399,14565,"2025-09-23 18:10:14"
5959,2025-05-01,262,97,19097,178,19372,66,781,117,964,139,8664,270,9073,12,109,54,175,314,28651,619,29584,"2025-09-23 18:10:14"
5960,2025-05-01,263,72,10609,103,10784,59,376,25,460,100,5253,64,5417,10,46,23,79,241,16284,215,16740,"2025-09-23 18:10:14"
5961,2025-05-01,264,116,47794,229,48139,121,1560,420,2101,208,12437,2349,14994,28,275,224,527,473,62066,3222,65761,"2025-09-23 18:10:14"
5962,2025-05-01,265,188,115962,1838,117988,140,3707,486,4333,212,24299,3098,27609,17,455,422,894,557,144423,5844,150824,"2025-09-23 18:10:14"
5963,2025-05-01,266,83,9805,60,9948,60,414,70,544,121,4923,273,5317,8,63,24,95,272,15205,427,15904,"2025-09-23 18:10:14"
5964,2025-05-01,267,75,7943,32,8050,41,339,20,400,114,4442,88,4644,6,52,19,77,236,12776,159,13171,"2025-09-23 18:10:14"
5965,2025-05-01,268,158,151019,3074,154251,103,3260,933,4296,152,18884,2614,21650,14,571,403,988,427,173734,7024,181185,"2025-09-23 18:10:14"
5966,2025-05-01,269,342,136966,2005,139313,227,2928,539,3694,211,15759,1532,17502,23,359,252,634,803,156012,4328,161143,"2025-09-23 18:10:14"
5967,2025-05-01,270,107,41491,1510,43108,111,1490,198,1799,162,14890,895,15947,8,254,122,384,388,58125,2725,61238,"2025-09-23 18:10:14"
5968,2025-05-01,271,110,9817,91,10018,53,399,95,547,111,5054,107,5272,15,58,16,89,289,15328,309,15926,"2025-09-23 18:10:14"
5970,2025-06-01,1,159,218784,13915,232858,60,3768,531,4359,187,13462,2204,15853,18,371,152,541,424,236385,16802,253611,"2025-09-23 18:10:21"
5971,2025-06-01,2,112,144566,5033,149711,41,3179,617,3837,154,11905,2615,14674,8,261,213,482,315,159911,8478,168704,"2025-09-23 18:10:21"
5972,2025-06-01,3,118,59869,2108,62095,67,1972,716,2755,130,6604,1265,7999,17,146,114,277,332,68591,4203,73126,"2025-09-23 18:10:21"
5973,2025-06-01,4,126,70027,1971,72124,45,3890,1316,5251,159,15691,4282,20132,18,454,263,735,360,186986,14459,201805,"2025-09-23 18:10:21"
5974,2025-06-01,5,89,98725,3025,101839,44,2766,350,3160,146,8763,2221,11130,11,206,165,382,290,110460,5761,116511,"2025-09-23 18:10:21"
5975,2025-06-01,6,87,80395,2957,83439,45,1940,333,2318,164,8723,1527,10414,10,122,110,242,306,91180,4927,96413,"2025-09-23 18:10:21"
5976,2025-06-01,7,111,114680,8974,123765,59,3607,560,4226,125,13496,2564,16185,7,324,166,497,302,132107,12264,144673,"2025-09-23 18:10:21"
5977,2025-06-01,8,58,71470,2689,74217,34,2384,433,2851,78,10418,2269,12765,12,203,99,314,182,84475,5490,90147,"2025-09-23 18:10:21"
5978,2025-06-01,9,80,128457,5560,134097,51,3023,751,3825,170,9529,2118,11817,11,276,251,538,312,141285,8680,150277,"2025-09-23 18:10:21"
5979,2025-06-01,10,92,75990,4527,80609,49,2097,563,2709,123,7812,2038,9973,12,199,154,365,276,86098,7282,93656,"2025-09-23 18:10:21"
5980,2025-06-01,11,108,86006,2785,88899,60,2382,129,2571,136,9542,2236,11914,11,201,99,311,315,98131,5249,103695,"2025-09-23 18:10:21"
5981,2025-06-01,12,117,94520,1233,95870,44,2038,128,2210,136,6282,1144,7562,16,141,175,332,313,102981,2680,105974,"2025-09-23 18:10:21"
5982,2025-06-01,13,98,101503,4183,105784,55,2347,675,3077,171,9057,2639,11867,22,262,466,750,346,113169,7963,121478,"2025-09-23 18:10:21"
5983,2025-06-01,14,213,77090,3413,80716,100,1895,400,2395,135,5672,1756,7563,6,149,110,265,454,84806,5679,90939,"2025-09-23 18:10:21"
5984,2025-06-01,15,174,153368,3236,156778,132,2795,654,3581,182,10389,4143,14714,16,276,201,493,504,166828,8234,175566,"2025-09-23 18:10:21"
5985,2025-06-01,16,135,82117,8699,90951,49,1675,940,2664,180,7991,1910,10081,17,205,130,352,381,91988,11679,104048,"2025-09-23 18:10:21"
5986,2025-06-01,17,93,106227,2004,108324,45,2585,1096,3726,146,8268,1669,10083,8,209,98,315,292,117289,4867,122448,"2025-09-23 18:10:21"
5987,2025-06-01,18,129,205979,7597,213705,106,3781,1568,5455,160,16961,4759,21880,19,406,395,820,414,227127,14319,241860,"2025-09-23 18:10:21"
5988,2025-06-01,19,130,126770,4803,131703,63,2851,734,3648,144,10659,2933,13736,8,273,436,717,345,140553,8906,149804,"2025-09-23 18:10:21"
5989,2025-06-01,20,130,118063,2761,120954,60,3383,198,3641,174,12610,4384,17168,17,474,627,1118,381,134530,7970,142881,"2025-09-23 18:10:21"
5990,2025-06-01,21,262,63507,1119,64888,125,1688,75,1888,150,4907,1051,6108,13,155,31,199,550,70257,2276,73083,"2025-09-23 18:10:21"
5991,2025-06-01,22,100,113724,4147,117971,45,2739,755,3539,141,9632,2027,11800,16,201,181,398,302,126296,7110,133708,"2025-09-23 18:10:21"
5992,2025-06-01,23,1753,39096,242,41091,1481,1320,252,3053,334,3554,1601,5489,102,93,102,297,3670,44063,2197,49930,"2025-09-23 18:10:21"
5993,2025-06-01,63,150,91473,1123,92746,809,1685,243,2737,177,4533,1159,5869,24,223,100,347,1298,46087,2990,50375,"2025-09-23 18:10:21"
5994,2025-06-01,25,80,91269,5905,97254,32,2771,586,3389,123,11234,2766,14123,14,244,317,575,249,105518,9574,115341,"2025-09-23 18:10:21"
5995,2025-06-01,146,2020,762944,12065,777029,3701,64561,14603,82865,3925,237694,59280,300899,433,6074,5155,11662,12913,2967101,190039,3170053,"2025-09-23 18:10:21"
5997,2025-06-01,28,100,64489,2403,66992,63,1909,934,2906,103,9286,3090,12479,13,203,631,847,279,75887,7058,83224,"2025-09-23 18:10:21"
5998,2025-06-01,29,82,75638,864,76584,49,1924,545,2518,122,10681,1209,12012,13,266,211,490,266,88509,2829,91604,"2025-09-23 18:10:21"
5999,2025-06-01,77,312,140031,2829,143172,60,1957,486,2503,59,8512,4354,12925,4,319,1456,1779,235,92348,9136,101719,"2025-09-23 18:10:21"
6000,2025-06-01,57,71,58736,763,59570,48,809,170,1027,62,3493,2343,5898,5,92,1032,1129,198,49311,4458,53967,"2025-09-23 18:10:21"
6001,2025-06-01,32,72,88464,1690,90226,27,1827,357,2211,64,9865,1564,11493,1,211,271,483,164,100367,3882,104413,"2025-09-23 18:10:21"
6002,2025-06-01,33,131,123278,30394,153803,62,2557,572,3191,172,12915,2484,15571,10,211,553,774,375,138961,34003,173339,"2025-09-23 18:10:21"
6003,2025-06-01,79,89,111214,1525,112828,50,2000,310,2360,106,11563,1600,13269,10,211,249,470,322,100617,3664,104603,"2025-09-23 18:10:21"
6004,2025-06-01,35,102,66271,2238,68611,57,1973,213,2243,100,13922,2314,16336,8,237,324,569,267,82403,5089,87759,"2025-09-23 18:10:21"
6005,2025-06-01,36,115,92600,3489,96204,51,2515,344,2910,103,12583,2001,14687,9,223,287,519,278,107921,6121,114320,"2025-09-23 18:10:21"
6006,2025-06-01,60,333,187597,24419,212349,32,830,18,880,40,3621,875,4536,0,65,88,153,133,31004,1343,32480,"2025-09-23 18:10:21"
6007,2025-06-01,38,51,56627,68862,125540,24,1356,767,2147,82,5293,1288,6663,11,151,356,518,168,63427,71273,134868,"2025-09-23 18:10:21"
6008,2025-06-01,39,373,114472,24496,139341,503,1613,729,2845,180,8780,2343,11303,26,206,717,949,1082,125071,28285,154438,"2025-09-23 18:10:21"
6009,2025-06-01,40,86,26318,1225,27629,51,905,323,1279,84,3976,385,4445,9,53,56,118,230,31252,1989,33471,"2025-09-23 18:10:21"
6011,2025-06-01,42,138,142830,2139,145107,58,2733,232,3023,124,12335,2234,14693,9,333,487,829,329,158231,5092,163652,"2025-09-23 18:10:21"
6013,2025-06-01,44,0,19,2,21,36,370,21,427,52,5240,140,5432,3,67,21,91,140,15716,247,16103,"2025-09-23 18:10:21"
6015,2025-06-01,46,192,238367,14905,253464,113,4415,737,5265,180,28684,5408,34272,14,627,586,1227,499,272093,21636,294228,"2025-09-23 18:10:21"
6016,2025-06-01,47,121,117875,1518,119514,119,2755,502,3376,288,19473,2895,22656,65,415,298,778,593,140518,5213,146324,"2025-09-23 18:10:21"
6020,2025-06-01,51,191,196482,2841,199514,193,2863,612,3668,211,15301,1392,16904,12,494,172,678,607,215140,5017,220764,"2025-09-23 18:10:21"
6023,2025-06-01,54,144,27964,4182,32290,53,1093,285,1431,154,10670,773,11597,11,242,87,340,362,39969,5327,45658,"2025-09-23 18:10:21"
6024,2025-06-01,55,108,95028,124295,219431,60,2938,1786,4784,108,25804,2901,28813,19,464,347,830,295,124234,129329,253858,"2025-09-23 18:10:21"
6025,2025-06-01,56,369,223318,16960,240647,468,4665,798,5931,171,28084,3619,31874,25,591,487,1103,1033,256658,21864,279555,"2025-09-23 18:10:21"
6027,2025-06-01,58,190,145238,13170,158598,102,3875,75,4052,139,16784,5208,22131,18,446,855,1319,449,166343,19308,186100,"2025-09-23 18:10:21"
6028,2025-06-01,59,150,201947,32960,235057,81,4170,1038,5289,101,19836,3113,23050,8,478,304,790,340,226431,37415,264186,"2025-09-23 18:10:21"
6030,2025-06-01,61,161,212221,5606,217988,88,2981,712,3781,139,12254,3569,15962,13,421,523,957,401,227877,10410,238688,"2025-09-23 18:10:21"
6031,2025-06-01,62,73,8766,21209,30048,56,514,438,1008,125,4004,57,4186,3,54,13,70,257,13338,21717,35312,"2025-09-23 18:10:21"
6034,2025-06-01,65,242,175600,3898,179740,155,4015,379,4549,197,26315,8071,34583,30,753,955,1738,624,206683,13303,220610,"2025-09-23 18:10:21"
6040,2025-06-01,71,86,72251,1894,74231,45,1923,547,2515,108,13400,3900,17408,9,365,434,808,248,87939,6775,94962,"2025-09-23 18:10:22"
6043,2025-06-01,74,122,177871,2572,180565,96,2940,364,3400,438,15207,2453,18098,26,633,297,956,682,196651,5686,203019,"2025-09-23 18:10:22"
6049,2025-06-01,80,157,110311,1129,111597,97,2489,678,3264,167,20883,4249,25299,14,448,1016,1478,435,134131,7072,141638,"2025-09-23 18:10:22"
6052,2025-06-01,83,364,179951,1374,181689,243,3046,650,3939,264,14859,1989,17112,84,644,178,906,955,198500,4191,203646,"2025-09-23 18:10:22"
6054,2025-06-01,85,151,25737,155,26043,83,1053,155,1291,154,6608,212,6974,24,139,46,209,412,33537,568,34517,"2025-09-23 18:10:22"
6055,2025-06-01,86,325,174468,1747,176540,153,3831,446,4430,199,18765,2740,21704,21,463,268,752,698,197527,5201,203426,"2025-09-23 18:10:22"
6056,2025-06-01,87,109,115388,3631,119128,79,2273,613,2965,78,12995,2093,15166,12,369,157,538,278,131025,6494,137797,"2025-09-23 18:10:22"
6057,2025-06-01,88,72,105058,2233,107363,22,1963,574,2559,38,9039,1525,10602,1,230,135,366,133,116290,4467,120890,"2025-09-23 18:10:22"
6058,2025-06-01,89,481,29915,314,30710,100,503,43,646,129,1963,475,2567,15,83,10,108,725,32464,842,34031,"2025-09-23 18:10:22"
6059,2025-06-01,90,142,92213,1653,94008,66,2181,406,2653,110,10062,2366,12538,11,238,202,451,329,104694,4627,109650,"2025-09-23 18:10:22"
6060,2025-06-01,91,213,173874,980,175067,91,4493,2280,6864,132,30289,5595,36016,17,742,346,1105,453,209398,9201,219052,"2025-09-23 18:10:22"
6061,2025-06-01,92,96,61812,1145,63053,75,1472,280,1827,101,8221,1417,9739,14,195,146,355,286,71700,2988,74974,"2025-09-23 18:10:22"
6062,2025-06-01,93,133,86865,827,87825,72,1926,174,2172,92,8816,3811,12719,10,183,247,440,307,97790,5059,103156,"2025-09-23 18:10:22"
6063,2025-06-01,94,260,203870,2966,207096,112,4704,1691,6507,206,30675,4585,35466,9,727,689,1425,587,239976,9931,250494,"2025-09-23 18:10:22"
6064,2025-06-01,95,381,270720,2214,273315,197,6664,1021,7882,220,42392,6625,49237,28,1123,498,1649,826,320899,10358,332083,"2025-09-23 18:10:22"
6065,2025-06-01,96,100,32118,672,32890,45,1161,73,1279,82,5291,698,6071,11,115,54,180,238,38685,1497,40420,"2025-09-23 18:10:22"
6066,2025-06-01,97,5,102,1,108,0,38,10,48,0,127,7,134,0,0,1,1,5,267,19,291,"2025-09-23 18:10:22"
6067,2025-06-01,98,49,73126,1662,74837,19,1985,115,2119,35,8111,1277,9423,1,169,178,348,104,83391,3232,86727,"2025-09-23 18:10:22"
6068,2025-06-01,99,38,52110,962,53110,31,1782,446,2259,32,9633,1759,11424,4,201,172,377,105,63726,3339,67170,"2025-09-23 18:10:22"
6069,2025-06-01,100,196,128582,2807,131585,149,3301,569,4019,157,15394,3317,18868,25,365,202,592,527,147642,6895,155064,"2025-09-23 18:10:22"
6070,2025-06-01,101,203,179058,3930,183191,57,2276,1396,3729,106,7473,1974,9553,9,358,167,534,375,189165,7467,197007,"2025-09-23 18:10:22"
6071,2025-06-01,102,164,71822,1648,73634,59,1934,196,2189,79,7345,1558,8982,3,172,163,338,305,81273,3565,85143,"2025-09-23 18:10:22"
6072,2025-06-01,103,217,63423,2068,65708,56,1970,310,2336,98,8639,1593,10330,20,184,167,371,391,74216,4138,78745,"2025-09-23 18:10:22"
6073,2025-06-01,104,110,186818,5096,192024,169,4456,1502,6127,161,19756,3162,23079,21,639,547,1207,461,211669,10307,222437,"2025-09-23 18:10:22"
6074,2025-06-01,105,275,145208,1861,147344,108,1954,140,2202,66,6657,1423,8146,2,266,128,396,451,154085,3552,158088,"2025-09-23 18:10:22"
6075,2025-06-01,106,285,98527,1033,99845,148,2592,479,3219,101,8163,2132,10396,17,253,123,393,551,109535,3767,113853,"2025-09-23 18:10:22"
6076,2025-06-01,107,147,72337,1356,73840,68,2271,73,2412,90,6347,2011,8448,16,169,103,288,321,81124,3543,84988,"2025-09-23 18:10:22"
6077,2025-06-01,108,174,227965,1863,230002,107,5999,474,6580,151,37144,6447,43742,23,742,516,1281,455,271850,9300,281605,"2025-09-23 18:10:22"
6078,2025-06-01,109,216,137663,5799,143678,153,4648,1150,5951,226,22869,4033,27128,12,443,322,777,607,165623,11304,177534,"2025-09-23 18:10:22"
6079,2025-06-01,110,82,122118,2151,124351,41,3674,637,4352,34,18101,2700,20835,3,466,370,839,160,144359,5858,150377,"2025-09-23 18:10:22"
6080,2025-06-01,111,178,96778,753,97709,93,2936,560,3589,132,19612,3286,23030,16,937,300,1253,419,120263,4899,125581,"2025-09-23 18:10:22"
6081,2025-06-01,112,159,119882,2251,122292,114,1971,574,2659,130,9795,3811,13736,10,347,169,526,413,131995,6805,139213,"2025-09-23 18:10:22"
6082,2025-06-01,113,93,77027,1350,78470,29,2054,923,3006,42,9071,1588,10701,0,202,126,328,164,88354,3987,92505,"2025-09-23 18:10:22"
6083,2025-06-01,114,188,120553,704,121445,89,3566,525,4180,170,20066,3037,23273,14,534,264,812,461,144719,4530,149710,"2025-09-23 18:10:22"
6084,2025-06-01,115,246,54371,422,55039,97,1594,520,2211,263,12129,902,13294,11,298,83,392,617,68392,1927,70936,"2025-09-23 18:10:22"
6085,2025-06-01,116,191,54051,362,54604,87,1941,657,2685,202,14286,6488,20976,9,344,342,695,489,70622,7849,78960,"2025-09-23 18:10:22"
6086,2025-06-01,117,92,17911,324,18327,69,691,247,1007,156,6359,4103,10618,7,135,489,631,324,25096,5163,30583,"2025-09-23 18:10:22"
6087,2025-06-01,118,99,111462,1271,112832,63,2647,563,3273,66,10704,2779,13549,10,339,185,534,238,125152,4798,130188,"2025-09-23 18:10:22"
6088,2025-06-01,119,50,187093,3431,190574,42,3154,762,3958,50,11356,3743,15149,12,515,377,904,154,202118,8313,210585,"2025-09-23 18:10:22"
6089,2025-06-01,120,27,144937,871,145835,16,1728,81,1825,22,4728,1425,6175,0,240,44,284,65,151633,2421,154119,"2025-09-23 18:10:22"
6090,2025-06-01,121,407,128801,1701,130909,170,3745,1543,5458,237,21799,4874,26910,19,738,418,1175,833,155083,8536,164452,"2025-09-23 18:10:22"
6091,2025-06-01,122,119,59667,416,60202,95,1174,193,1462,85,5655,2024,7764,8,157,300,465,307,66653,2933,69893,"2025-09-23 18:10:22"
6092,2025-06-01,123,294,153419,2010,155723,257,4216,435,4908,195,17714,3115,21024,29,541,269,839,775,175890,5829,182494,"2025-09-23 18:10:22"
6093,2025-06-01,124,218,104070,898,105186,89,3165,850,4104,137,18960,4298,23395,15,494,566,1075,459,126689,6612,133760,"2025-09-23 18:10:22"
6094,2025-06-01,125,285,219139,2848,222272,94,5226,2648,7968,172,31266,6420,37858,22,720,303,1045,573,256351,12219,269143,"2025-09-23 18:10:22"
6095,2025-06-01,126,382,294296,3785,298463,162,7270,2148,9580,263,36012,7707,43982,23,1024,983,2030,830,338602,14623,354055,"2025-09-23 18:10:22"
6096,2025-06-01,127,196,67096,6002,73294,76,2592,772,3440,159,20820,2397,23376,17,362,368,747,448,90870,9539,100857,"2025-09-23 18:10:22"
6097,2025-06-01,128,205,123258,987,124450,87,2349,354,2790,151,15309,2362,17822,12,347,157,516,455,141263,3860,145578,"2025-09-23 18:10:22"
6098,2025-06-01,129,407,466132,2760,469299,233,9662,2807,12702,289,64821,8363,73473,74,1716,707,2497,1003,542331,14637,557971,"2025-09-23 18:10:22"
6100,2025-06-01,131,81,15532,137,15750,59,737,57,853,81,7950,253,8284,12,106,31,149,233,24325,478,25036,"2025-09-23 18:10:22"
6101,2025-06-01,132,69,11145,104,11318,53,446,82,581,121,4854,379,5354,4,90,225,319,247,16535,790,17572,"2025-09-23 18:10:22"
6102,2025-06-01,133,71,12388,117,12576,57,575,88,720,114,6423,455,6992,17,72,47,136,259,19458,707,20424,"2025-09-23 18:10:22"
6103,2025-06-01,134,103,17603,114,17820,60,651,93,804,116,8228,173,8517,14,91,38,143,293,26573,418,27284,"2025-09-23 18:10:22"
6104,2025-06-01,135,77,20624,176,20877,60,785,87,932,86,8023,694,8803,11,152,99,262,234,29584,1056,30874,"2025-09-23 18:10:22"
6105,2025-06-01,136,85,49365,313,49763,68,2031,208,2307,113,13764,1502,15379,15,258,141,414,281,65418,2164,67863,"2025-09-23 18:10:22"
6106,2025-06-01,137,109,55339,713,56161,82,1610,180,1872,158,13597,1674,15429,12,354,872,1238,361,70900,3439,74700,"2025-09-23 18:10:22"
6107,2025-06-01,138,35,17523,156,17714,26,518,37,581,31,3209,589,3829,7,73,47,127,99,21323,829,22251,"2025-09-23 18:10:22"
6108,2025-06-01,139,75,45824,298,46197,66,1394,88,1548,86,9306,1116,10508,6,251,81,338,233,56775,1583,58591,"2025-09-23 18:10:22"
6109,2025-06-01,140,1,8,0,9,0,3,0,3,0,8,0,8,0,0,0,0,1,19,0,20,"2025-09-23 18:10:22"
6110,2025-06-01,141,209,88327,1096,89632,112,2024,371,2507,182,11944,1154,13280,18,382,267,667,521,102677,2888,106086,"2025-09-23 18:10:22"
6111,2025-06-01,142,61,81518,1480,83059,129,1919,842,2890,63,10508,1847,12418,5,325,225,555,258,94270,4394,98922,"2025-09-23 18:10:22"
6112,2025-06-01,143,190,92405,2536,95131,122,2281,541,2944,131,14459,2107,16697,7,418,201,626,450,109563,5385,115398,"2025-09-23 18:10:22"
6113,2025-06-01,144,135,134642,4221,138998,90,2863,726,3679,136,15844,2537,18517,12,576,368,956,373,153925,7852,162150,"2025-09-23 18:10:22"
6114,2025-06-01,145,205,96151,1635,97991,146,2740,413,3299,261,19819,1819,21899,31,472,291,794,643,119182,4158,123983,"2025-09-23 18:10:22"
6116,2025-06-01,147,78,23447,64,23589,38,543,104,685,55,2208,439,2702,9,89,33,131,180,26287,640,27107,"2025-09-23 18:10:22"
6117,2025-06-01,148,237,42719,1202,44158,123,1475,382,1980,256,12770,693,13719,26,220,127,373,642,57184,2404,60230,"2025-09-23 18:10:22"
6118,2025-06-01,149,75,20849,2380,23304,40,948,199,1187,93,8616,582,9291,10,131,73,214,218,30544,3234,33996,"2025-09-23 18:10:22"
6119,2025-06-01,150,151,45988,870,47009,89,1957,335,2381,142,15295,1085,16522,28,216,96,340,410,63456,2386,66252,"2025-09-23 18:10:22"
6120,2025-06-01,151,147,87767,830,88744,78,2312,349,2739,184,19373,2345,21902,17,494,819,1330,426,109946,4343,114715,"2025-09-23 18:10:22"
6121,2025-06-01,152,138,40320,556,41014,73,1351,175,1599,181,12740,518,13439,35,199,124,358,427,54610,1373,56410,"2025-09-23 18:10:22"
6122,2025-06-01,153,98,23241,181,23520,70,1055,314,1439,164,11256,398,11818,13,104,55,172,345,35656,948,36949,"2025-09-23 18:10:22"
6123,2025-06-01,154,184,82197,946,83327,86,2357,483,2926,165,19119,1876,21160,24,429,438,891,459,104102,3743,108304,"2025-09-23 18:10:22"
6124,2025-06-01,155,78,19709,145,19932,39,675,109,823,107,7705,431,8243,17,92,87,196,241,28181,772,29194,"2025-09-23 18:10:22"
6125,2025-06-01,156,209,177037,1999,179245,133,4444,511,5088,182,24281,3734,28197,50,743,375,1168,574,206505,6619,213698,"2025-09-23 18:10:22"
6126,2025-06-01,157,159,35524,276,35959,114,1354,316,1784,181,11510,733,12424,13,214,130,357,467,48602,1455,50524,"2025-09-23 18:10:22"
6127,2025-06-01,158,103,120548,1833,122484,62,3574,682,4318,128,19471,2919,22518,10,610,388,1008,303,144203,5822,150328,"2025-09-23 18:10:22"
6128,2025-06-01,159,167,185474,1688,187329,154,4212,865,5231,217,20928,2658,23803,23,609,310,942,561,211223,5521,217305,"2025-09-23 18:10:22"
6129,2025-06-01,160,82,11517,66,11665,58,428,61,547,128,6037,516,6681,17,71,63,151,285,18053,706,19044,"2025-09-23 18:10:22"
6130,2025-06-01,161,87,24906,189,25182,47,952,114,1113,198,10791,249,11238,18,144,50,212,350,36793,602,37745,"2025-09-23 18:10:22"
6131,2025-06-01,162,169,44399,389,44957,95,1356,208,1659,140,12369,778,13287,23,238,131,392,427,58362,1506,60295,"2025-09-23 18:10:22"
6133,2025-06-01,164,85,12551,158,12794,65,459,75,599,101,6562,763,7426,12,90,41,143,263,19662,1037,20962,"2025-09-23 18:10:22"
6134,2025-06-01,165,106,21433,169,21708,78,976,92,1146,141,12742,266,13149,12,137,40,189,337,35288,567,36192,"2025-09-23 18:10:22"
6135,2025-06-01,166,70,10883,110,11063,41,406,57,504,72,5052,397,5521,6,59,67,132,189,16400,631,17220,"2025-09-23 18:10:22"
6136,2025-06-01,167,97,79502,633,80232,70,2079,287,2436,90,14653,3500,18243,14,551,1679,2244,271,96785,6099,103155,"2025-09-23 18:10:22"
6137,2025-06-01,168,58,9406,162,9626,42,377,54,473,76,3959,209,4244,4,70,25,99,180,13812,450,14442,"2025-09-23 18:10:22"
6138,2025-06-01,169,147,53846,790,54783,118,1837,371,2326,216,15629,1711,17556,20,386,273,679,501,71698,3145,75344,"2025-09-23 18:10:22"
6139,2025-06-01,170,79,20512,357,20948,49,740,281,1070,75,7914,1033,9022,12,131,151,294,215,29297,1822,31334,"2025-09-23 18:10:22"
6140,2025-06-01,171,128,82586,2242,84956,119,2494,413,3026,153,12768,2285,15206,10,346,341,697,410,98194,5281,103885,"2025-09-23 18:10:22"
6141,2025-06-01,172,268,42199,209,42676,205,1410,73,1688,164,11946,870,12980,17,206,128,351,654,55761,1280,57695,"2025-09-23 18:10:22"
6142,2025-06-01,173,78,14180,156,14414,52,719,69,840,104,7976,360,8440,15,101,54,170,249,22976,639,23864,"2025-09-23 18:10:22"
6143,2025-06-01,174,182,125544,1955,127681,129,2824,598,3551,195,22556,2115,24866,21,483,923,1427,527,151407,5591,157525,"2025-09-23 18:10:22"
6144,2025-06-01,175,117,14705,111026,125848,66,659,2341,3066,207,9509,386,10102,5,149,35,189,395,25022,113788,139205,"2025-09-23 18:10:22"
6145,2025-06-01,176,203,113964,2326,116493,153,2993,729,3875,202,21481,3538,25221,17,435,834,1286,575,138873,7427,146875,"2025-09-23 18:10:22"
6146,2025-06-01,177,79,22238,216,22533,43,771,97,911,114,8254,512,8880,7,116,55,178,243,31379,880,32502,"2025-09-23 18:10:22"
6147,2025-06-01,178,94,24654,84,24832,63,1164,81,1308,120,11299,802,12221,9,195,142,346,286,37312,1109,38707,"2025-09-23 18:10:22"
6148,2025-06-01,179,132,16391,159,16682,58,668,101,827,107,9707,203,10017,12,95,31,138,309,26861,494,27664,"2025-09-23 18:10:22"
6149,2025-06-01,180,84,20023,168,20275,47,711,83,841,91,8290,897,9278,4,139,89,232,226,29163,1237,30626,"2025-09-23 18:10:22"
6150,2025-06-01,181,90,13599,91,13780,74,536,46,656,109,7077,280,7466,8,68,31,107,281,21280,448,22009,"2025-09-23 18:10:22"
6151,2025-06-01,182,79,11409,94,11582,47,511,61,619,98,6359,145,6602,9,66,24,99,233,18345,324,18902,"2025-09-23 18:10:22"
6152,2025-06-01,183,72,12414,5646,18132,51,487,111,649,88,6604,199,6891,11,91,26,128,222,19596,5982,25800,"2025-09-23 18:10:22"
6153,2025-06-01,184,113,24846,92862,117821,81,1574,850,2505,143,15594,234,15971,11,130,42,183,348,42144,93988,136480,"2025-09-23 18:10:22"
6154,2025-06-01,185,99,26074,468,26641,51,891,853,1795,107,8061,558,8726,9,154,146,309,266,35180,2025,37471,"2025-09-23 18:10:22"
6156,2025-06-01,187,147,120205,902,121254,99,2921,397,3417,129,22067,2750,24946,17,427,383,827,392,145620,4432,150444,"2025-09-23 18:10:22"
6157,2025-06-01,188,209,120685,1642,122536,143,3605,522,4270,222,25825,1983,28030,16,570,376,962,590,150685,4523,155798,"2025-09-23 18:10:22"
6158,2025-06-01,189,59,14536,36,14631,30,652,54,736,75,6544,689,7308,18,89,53,160,182,21821,832,22835,"2025-09-23 18:10:22"
6159,2025-06-01,190,198,195059,2420,197677,109,4781,781,5671,225,25698,3597,29520,21,694,467,1182,553,226232,7265,234050,"2025-09-23 18:10:22"
6161,2025-06-01,192,145,59428,562,60135,82,1929,269,2280,166,17985,1120,19271,17,254,191,462,410,79596,2142,82148,"2025-09-23 18:10:22"
6162,2025-06-01,193,95,27394,383,27872,55,1157,116,1328,127,10343,278,10748,13,149,95,257,290,39043,872,40205,"2025-09-23 18:10:22"
6163,2025-06-01,194,97,11163,46,11306,54,398,45,497,86,7059,91,7236,16,51,17,84,253,18671,199,19123,"2025-09-23 18:10:22"
6164,2025-06-01,195,123,37387,383,37893,90,1556,260,1906,210,17360,1043,18613,18,221,174,413,441,56524,1860,58825,"2025-09-23 18:10:22"
6165,2025-06-01,196,74,20348,129,20551,41,763,49,853,88,11403,971,12462,15,146,141,302,218,32660,1290,34168,"2025-09-23 18:10:22"
6166,2025-06-01,197,302,65831,939,67072,229,2079,309,2617,252,19344,1217,20813,46,363,234,643,829,87617,2699,91145,"2025-09-23 18:10:22"
6167,2025-06-01,198,73,13078,99,13250,49,590,56,695,123,5994,121,6238,17,80,30,127,262,19742,306,20310,"2025-09-23 18:10:22"
6168,2025-06-01,199,62,6135,37,6234,37,276,27,340,73,3950,51,4074,8,38,6,52,180,10399,121,10700,"2025-09-23 18:10:22"
6169,2025-06-01,200,127,41712,479,42318,78,1503,135,1716,145,14623,728,15496,25,245,159,429,375,58083,1501,59959,"2025-09-23 18:10:22"
6170,2025-06-01,201,133,45179,363,45675,82,1671,230,1983,129,16247,1513,17889,18,244,357,619,362,63341,2463,66166,"2025-09-23 18:10:22"
6171,2025-06-01,202,105,23437,169,23711,63,701,82,846,110,8697,206,9013,21,110,46,177,299,32945,503,33747,"2025-09-23 18:10:22"
6172,2025-06-01,203,58,4426,313,4797,21,264,204,489,60,1462,28,1550,8,24,4,36,147,6176,549,6872,"2025-09-23 18:10:22"
6173,2025-06-01,204,134,20982,110,21226,57,596,87,740,124,6617,120,6861,21,129,39,189,336,28324,356,29016,"2025-09-23 18:10:22"
6174,2025-06-01,205,84,19784,86,19954,77,836,77,990,131,12237,890,13258,11,120,102,233,303,32977,1155,34435,"2025-09-23 18:10:22"
6175,2025-06-01,206,80,18002,161,18243,44,620,51,715,91,7909,614,8614,15,101,189,305,230,26632,1015,27877,"2025-09-23 18:10:22"
6176,2025-06-01,207,59,10149,39,10247,70,458,44,572,87,6070,115,6272,10,62,15,87,226,16739,213,17178,"2025-09-23 18:10:22"
6177,2025-06-01,208,121,55727,270,56118,61,1746,334,2141,113,12740,1582,14435,14,273,320,607,309,70486,2506,73301,"2025-09-23 18:10:22"
6178,2025-06-01,209,148,103655,1326,105129,84,2765,770,3619,215,17667,4207,22089,13,464,1730,2207,460,124551,8033,133044,"2025-09-23 18:10:22"
6179,2025-06-01,210,163,131519,2131,133813,96,2811,298,3205,110,18099,1095,19304,27,454,300,781,396,152883,3824,157103,"2025-09-23 18:10:22"
6181,2025-06-01,212,126,97165,1038,98329,83,2692,474,3249,153,12029,513,12695,15,320,167,502,377,112206,2192,114775,"2025-09-23 18:10:22"
6182,2025-06-01,213,108,25082,184,25374,77,827,175,1079,104,9328,259,9691,15,86,176,277,304,35323,794,36421,"2025-09-23 18:10:22"
6183,2025-06-01,214,54,11965,109,12128,62,677,89,828,97,7334,214,7645,11,139,66,216,237,27902,553,28692,"2025-09-23 18:10:22"
6184,2025-06-01,215,264,249030,2233,251527,155,5893,568,6616,240,41086,4744,46070,41,837,607,1485,700,296846,8152,305698,"2025-09-23 18:10:22"
6185,2025-06-01,216,101,14338,149,14588,54,506,104,664,137,6200,153,6490,8,64,27,99,300,21108,433,21841,"2025-09-23 18:10:22"
6186,2025-06-01,217,108,44097,479,44684,93,1324,196,1613,104,13671,2591,16366,15,212,589,816,320,59304,3855,63479,"2025-09-23 18:10:22"
6187,2025-06-01,218,99,48898,661,49658,81,1398,211,1690,130,10498,560,11188,18,190,114,322,328,60984,1546,62858,"2025-09-23 18:10:22"
6188,2025-06-01,219,93,13923,56,14072,61,485,54,600,100,7202,479,7781,9,144,147,300,263,21754,736,22753,"2025-09-23 18:10:22"
6189,2025-06-01,220,187,157092,1102,158381,88,4010,780,4878,151,22327,7231,29709,23,646,1533,2202,449,184075,10646,195170,"2025-09-23 18:10:22"
6190,2025-06-01,221,68,10501,51,10620,52,354,37,443,93,4566,571,5230,14,64,119,197,227,15485,778,16490,"2025-09-23 18:10:22"
6191,2025-06-01,222,214,145076,2433,147723,175,3097,1046,4318,250,26599,2390,29239,32,528,435,995,671,175300,6304,182275,"2025-09-23 18:10:22"
6192,2025-06-01,223,70,25236,192,25498,76,976,105,1157,95,10287,420,10802,11,146,67,224,252,36645,784,37681,"2025-09-23 18:10:22"
6193,2025-06-01,224,153,90351,1336,91840,66,1822,474,2362,138,10290,1003,11431,15,161,151,327,372,102624,2964,105960,"2025-09-23 18:10:22"
6194,2025-06-01,225,71,97545,5655,103271,34,1749,406,2189,55,10776,1561,12392,4,223,234,461,164,110293,7856,118313,"2025-09-23 18:10:22"
6195,2025-06-01,226,239,148907,18895,168041,220,1939,876,3035,140,10348,977,11465,15,235,191,441,614,161429,20939,182982,"2025-09-23 18:10:22"
6196,2025-06-01,227,263,116308,49366,165937,173,2158,402,2733,127,16961,1466,18554,18,321,352,691,581,135748,51586,187915,"2025-09-23 18:10:22"
6197,2025-06-01,228,94,87718,720,88532,36,1817,157,2010,92,7720,1057,8869,12,278,297,587,234,97533,2231,99998,"2025-09-23 18:10:22"
6198,2025-06-01,229,103,43234,673,44010,84,1556,245,1885,122,8705,355,9182,14,181,71,266,323,53676,1344,55343,"2025-09-23 18:10:22"
6199,2025-06-01,230,61,16312,92,16465,72,507,45,624,113,7814,170,8097,10,94,84,188,256,24727,391,25374,"2025-09-23 18:10:22"
6200,2025-06-01,231,83,33228,22116,55427,54,986,303,1343,84,10178,549,10811,7,183,230,420,228,44575,23198,68001,"2025-09-23 18:10:22"
6201,2025-06-01,232,62,13892,17760,31714,53,471,159,683,109,6550,146,6805,14,172,32,218,238,21085,18097,39420,"2025-09-23 18:10:22"
6202,2025-06-01,233,89,15842,154,16085,57,581,77,715,140,8179,395,8714,15,93,70,178,301,24695,696,25692,"2025-09-23 18:10:22"
6204,2025-06-01,235,252,77585,933,78770,140,2750,145,3035,339,26834,679,27852,44,261,143,448,775,107430,1900,110105,"2025-09-23 18:10:22"
6205,2025-06-01,236,618,253711,273262,527591,361,6806,6229,13396,712,59178,3708,63598,39,1121,573,1733,1730,320816,283772,606318,"2025-09-23 18:10:22"
6207,2025-06-01,238,183,94825,2337,97345,138,2382,503,3023,269,17970,1425,19664,38,427,407,872,628,115604,4672,120904,"2025-09-23 18:10:22"
6209,2025-06-01,240,120,39980,731,40831,82,1140,164,1386,125,6852,521,7498,11,181,211,403,338,48153,1627,50118,"2025-09-23 18:10:22"
6210,2025-06-01,241,122,26531,458,27111,98,763,120,981,183,6736,186,7105,10,154,47,211,413,34184,811,35408,"2025-09-23 18:10:22"
6211,2025-06-01,242,119,34225,852,35196,89,1021,133,1243,112,5278,313,5703,8,153,89,250,328,40677,1387,42392,"2025-09-23 18:10:22"
6212,2025-06-01,243,58,8936,62,9056,56,286,30,372,106,3357,56,3519,10,52,20,82,230,12631,168,13029,"2025-09-23 18:10:22"
6213,2025-06-01,244,47,12642,168,12857,41,384,27,452,125,4120,68,4313,12,88,21,121,225,17234,284,17743,"2025-09-23 18:10:22"
6214,2025-06-01,245,133,15161,152,15446,79,608,56,743,125,6186,137,6448,13,122,53,188,350,22077,398,22825,"2025-09-23 18:10:22"
6215,2025-06-01,246,225,163452,2526,166203,162,4066,509,4737,234,26517,2332,29083,25,736,369,1130,646,194771,5736,201153,"2025-09-23 18:10:22"
6216,2025-06-01,247,61,14671,88,14820,56,439,57,552,123,4992,114,5229,10,88,31,129,250,20190,290,20730,"2025-09-23 18:10:22"
6217,2025-06-01,248,118,14290,229,14637,100,527,77,704,155,6123,161,6439,22,111,35,168,395,21051,502,21948,"2025-09-23 18:10:22"
6218,2025-06-01,249,58,17123,205,17386,72,629,56,757,141,6988,147,7276,16,93,22,131,287,24833,430,25550,"2025-09-23 18:10:22"
6219,2025-06-01,250,337,122450,2407,125194,295,2968,615,3878,273,18474,2762,21509,29,535,404,968,934,144427,6188,151549,"2025-09-23 18:10:22"
6220,2025-06-01,251,73,16245,364,16682,59,582,122,763,122,3327,137,3586,15,125,48,188,269,20279,671,21219,"2025-09-23 18:10:22"
6221,2025-06-01,252,109,17789,223,18121,79,719,73,871,120,8607,142,8869,22,95,48,165,330,27210,486,28026,"2025-09-23 18:10:22"
6222,2025-06-01,253,139,28432,259,28830,115,1146,274,1535,183,11726,457,12366,22,176,67,265,459,41480,1057,42996,"2025-09-23 18:10:22"
6223,2025-06-01,254,59,9948,56,10063,64,279,43,386,100,3307,48,3455,10,58,23,91,233,13592,170,13995,"2025-09-23 18:10:22"
6224,2025-06-01,255,91,19679,553,20323,62,789,82,933,122,8653,269,9044,14,136,48,198,289,29257,952,30498,"2025-09-23 18:10:22"
6226,2025-06-01,257,107,20431,166,20704,64,1249,93,1406,158,10656,283,11097,14,116,46,176,343,32452,588,33383,"2025-09-23 18:10:22"
6227,2025-06-01,258,219,117362,1962,119543,126,2858,518,3502,211,19212,3267,22690,22,515,715,1252,578,139947,6462,146987,"2025-09-23 18:10:22"
6228,2025-06-01,259,119,35219,506,35844,62,1459,147,1668,142,13805,1034,14981,8,262,156,426,331,50745,1843,52919,"2025-09-23 18:10:22"
6229,2025-06-01,260,137,29957,398,30492,106,1109,168,1383,177,12480,455,13112,20,192,69,281,440,43738,1090,45268,"2025-09-23 18:10:22"
6230,2025-06-01,261,73,9045,55,9173,40,454,58,552,99,4418,248,4765,7,47,37,91,219,13964,398,14581,"2025-09-23 18:10:22"
6231,2025-06-01,262,98,19132,178,19408,66,779,116,961,140,8664,269,9073,12,109,54,175,316,28684,617,29617,"2025-09-23 18:10:22"
6232,2025-06-01,263,73,10615,123,10811,59,372,25,456,99,5259,64,5422,10,44,22,76,241,16290,234,16765,"2025-09-23 18:10:22"
6233,2025-06-01,264,116,47892,223,48231,120,1565,420,2105,209,12426,2357,14992,28,272,223,523,473,62155,3223,65851,"2025-09-23 18:10:22"
6234,2025-06-01,265,197,116159,1787,118143,146,3684,485,4315,214,24317,3103,27634,17,458,424,899,574,144618,5799,150991,"2025-09-23 18:10:22"
6235,2025-06-01,266,84,9823,60,9967,60,405,70,535,120,4927,272,5319,8,63,24,95,272,15218,426,15916,"2025-09-23 18:10:22"
6236,2025-06-01,267,75,7943,32,8050,41,334,21,396,113,4452,88,4653,6,51,20,77,235,12780,161,13176,"2025-09-23 18:10:22"
6237,2025-06-01,268,161,150956,3005,154122,106,3247,908,4261,153,18892,2624,21669,14,572,408,994,434,173667,6945,181046,"2025-09-23 18:10:22"
6238,2025-06-01,269,340,137035,2003,139378,227,2920,537,3684,209,15765,1528,17502,23,362,253,638,799,156082,4321,161202,"2025-09-23 18:10:22"
6239,2025-06-01,270,110,41544,1476,43130,113,1489,196,1798,164,14899,898,15961,8,256,122,386,395,58188,2692,61275,"2025-09-23 18:10:22"
6240,2025-06-01,271,111,9831,91,10033,53,394,95,542,111,5059,107,5277,15,57,16,88,290,15341,309,15940,"2025-09-23 18:10:22"
6242,2025-07-01,1,159,218484,13640,232283,62,3773,538,4373,194,13425,2203,15822,18,380,155,553,433,236062,16536,253031,"2025-09-23 18:10:29"
6243,2025-07-01,2,111,144894,5022,150027,42,3159,617,3818,153,11905,2609,14667,8,262,212,482,314,160220,8460,168994,"2025-09-23 18:10:29"
6244,2025-07-01,3,118,59783,2108,62009,67,1963,716,2746,129,6586,1260,7975,16,146,113,275,330,68478,4197,73005,"2025-09-23 18:10:29"
6245,2025-07-01,4,126,70856,1938,72920,45,3920,1373,5338,159,15694,4322,20175,18,459,263,740,360,186673,14534,201567,"2025-09-23 18:10:29"
6246,2025-07-01,5,89,98715,3039,101843,45,2742,354,3141,145,8740,2214,11099,12,203,164,379,291,110400,5771,116462,"2025-09-23 18:10:29"
6247,2025-07-01,6,87,80391,2978,83456,44,1926,332,2302,165,8691,1514,10370,10,126,95,231,306,91134,4919,96359,"2025-09-23 18:10:29"
6248,2025-07-01,7,112,114529,8807,123448,60,3589,562,4211,126,13472,2576,16174,7,323,164,494,305,131913,12109,144327,"2025-09-23 18:10:29"
6249,2025-07-01,8,58,71433,2685,74176,34,2367,435,2836,78,10383,2200,12661,12,199,96,307,182,84382,5416,89980,"2025-09-23 18:10:29"
6250,2025-07-01,9,81,128376,5567,134024,51,3001,749,3801,170,9487,2124,11781,11,279,253,543,313,141143,8693,150149,"2025-09-23 18:10:29"
6251,2025-07-01,10,92,75996,4520,80608,50,2086,563,2699,123,7803,2041,9967,12,199,154,365,277,86084,7278,93639,"2025-09-23 18:10:29"
6252,2025-07-01,11,107,86561,2743,89411,59,2371,128,2558,136,9583,2245,11964,11,205,101,317,313,98720,5217,104250,"2025-09-23 18:10:29"
6253,2025-07-01,12,117,94303,1255,95675,44,2012,127,2183,141,6256,1138,7535,16,140,171,327,318,102711,2691,105720,"2025-09-23 18:10:29"
6254,2025-07-01,13,99,101265,4217,105581,55,2336,622,3013,173,9063,2627,11863,22,259,463,744,349,112923,7929,121201,"2025-09-23 18:10:29"
6255,2025-07-01,14,212,77197,3413,80822,99,1874,400,2373,136,5642,1743,7521,6,151,109,266,453,84864,5665,90982,"2025-09-23 18:10:29"
6256,2025-07-01,15,224,153911,3087,157222,129,2775,644,3548,182,10352,4124,14658,16,277,203,496,551,167315,8058,175924,"2025-09-23 18:10:29"
6257,2025-07-01,16,135,82147,8586,90868,50,1668,931,2649,180,8051,1906,10137,17,205,126,348,382,92071,11549,104002,"2025-09-23 18:10:29"
6258,2025-07-01,17,93,106307,2006,108406,45,2566,1095,3706,146,8237,1679,10062,8,212,98,318,292,117322,4878,122492,"2025-09-23 18:10:29"
6259,2025-07-01,18,129,205771,7634,213534,105,3760,1568,5433,160,16886,4736,21782,19,415,394,828,413,226832,14332,241577,"2025-09-23 18:10:29"
6260,2025-07-01,19,130,126512,4830,131472,63,2837,737,3637,145,10637,2936,13718,8,272,436,716,346,140258,8939,149543,"2025-09-23 18:10:29"
6261,2025-07-01,20,126,118049,2745,120920,61,3361,196,3618,170,12580,4393,17143,18,461,640,1119,375,134451,7974,142800,"2025-09-23 18:10:29"
6262,2025-07-01,21,261,63038,1121,64420,122,1652,75,1849,150,4869,1056,6075,13,153,32,198,546,69712,2284,72542,"2025-09-23 18:10:29"
6263,2025-07-01,22,100,113803,4158,118061,45,2733,752,3530,136,9600,2024,11760,17,203,180,400,298,126339,7114,133751,"2025-09-23 18:10:29"
6264,2025-07-01,23,1709,39067,244,41020,1480,1308,251,3039,333,3538,1590,5461,102,98,103,303,3624,44011,2188,49823,"2025-09-23 18:10:29"
6265,2025-07-01,63,150,91341,1137,92628,811,1681,264,2756,178,4535,1279,5992,24,214,99,337,1301,45807,3066,50174,"2025-09-23 18:10:29"
6266,2025-07-01,25,80,91320,5935,97335,32,2748,588,3368,123,11209,2763,14095,14,243,318,575,249,105520,9604,115373,"2025-09-23 18:10:29"
6267,2025-07-01,146,2033,763589,11265,776887,3700,64208,14617,82525,3931,237224,59302,300457,435,6084,5142,11661,12921,2965345,189401,3167667,"2025-09-23 18:10:29"
6269,2025-07-01,28,100,64495,2424,67019,66,1908,939,2913,103,9270,3081,12454,13,205,632,850,282,75878,7076,83236,"2025-09-23 18:10:29"
6270,2025-07-01,29,82,75707,866,76655,49,1905,541,2495,122,10697,1215,12034,13,266,211,490,266,88575,2833,91674,"2025-09-23 18:10:29"
6271,2025-07-01,77,305,140150,2804,143259,59,1957,484,2500,58,8478,4349,12885,4,319,1462,1785,233,92223,9092,101548,"2025-09-23 18:10:29"
6272,2025-07-01,57,71,58800,758,59629,47,793,172,1012,61,3496,2333,5890,5,93,1041,1139,194,49278,4466,53938,"2025-09-23 18:10:29"
6273,2025-07-01,32,72,88500,1695,90267,27,1812,357,2196,64,9811,1565,11440,1,218,274,493,164,100341,3891,104396,"2025-09-23 18:10:29"
6274,2025-07-01,33,130,123753,31157,155040,63,2537,572,3172,171,12913,2498,15582,10,209,558,777,374,139412,34785,174571,"2025-09-23 18:10:29"
6275,2025-07-01,79,88,111285,1510,112883,52,1996,313,2361,105,11524,1607,13236,11,210,246,467,293,100467,3671,104431,"2025-09-23 18:10:29"
6276,2025-07-01,35,102,66182,2241,68525,57,1970,210,2237,100,13938,2356,16394,8,236,326,570,267,82326,5133,87726,"2025-09-23 18:10:29"
6277,2025-07-01,36,114,92413,3495,96022,53,2508,342,2903,102,12607,2006,14715,9,226,287,522,278,107754,6130,114162,"2025-09-23 18:10:29"
6278,2025-07-01,60,311,188080,25083,213474,32,822,18,872,40,3600,869,4509,0,65,87,152,133,30929,1337,32399,"2025-09-23 18:10:29"
6279,2025-07-01,38,51,56648,68656,125355,29,1354,756,2139,81,5271,1275,6627,11,151,367,529,172,63424,71054,134650,"2025-09-23 18:10:29"
6280,2025-07-01,39,375,114822,24568,139765,499,1619,731,2849,182,8795,2341,11318,27,207,716,950,1083,125443,28356,154882,"2025-09-23 18:10:29"
6281,2025-07-01,40,87,26306,1225,27618,51,902,323,1276,84,3972,384,4440,9,54,56,119,231,31234,1988,33453,"2025-09-23 18:10:29"
6283,2025-07-01,42,138,143060,2058,145256,60,2723,231,3014,124,12311,2231,14666,9,337,486,832,331,158431,5006,163768,"2025-09-23 18:10:29"
6285,2025-07-01,44,0,19,2,21,36,363,21,420,51,5252,142,5445,3,64,20,87,139,15737,249,16125,"2025-09-23 18:10:29"
6287,2025-07-01,46,192,238545,15529,254266,113,4394,753,5260,178,28643,5390,34211,14,634,606,1254,497,272216,22278,294991,"2025-09-23 18:10:29"
6288,2025-07-01,47,120,117908,1521,119549,118,2738,502,3358,288,19464,2897,22649,65,423,295,783,591,140533,5215,146339,"2025-09-23 18:10:29"
6292,2025-07-01,51,190,196214,2773,199177,193,2858,611,3662,210,15289,1386,16885,12,495,173,680,605,214856,4943,220404,"2025-09-23 18:10:29"
6295,2025-07-01,54,145,28040,3796,31981,53,1077,279,1409,156,10726,768,11650,11,246,86,343,365,40089,4929,45383,"2025-09-23 18:10:29"
6296,2025-07-01,55,108,94973,125345,220426,61,2932,1756,4749,108,26012,2872,28992,20,450,344,814,297,124367,130317,254981,"2025-09-23 18:10:29"
6297,2025-07-01,56,369,223066,17046,240481,467,4632,792,5891,171,27959,3615,31745,25,588,487,1100,1032,256245,21940,279217,"2025-09-23 18:10:29"
6299,2025-07-01,58,190,145519,13379,159088,101,3863,74,4038,142,16797,5233,22172,18,449,855,1322,451,166628,19541,186620,"2025-09-23 18:10:29"
6300,2025-07-01,59,149,201154,32458,233761,81,4141,1035,5257,101,19798,3114,23013,8,479,305,792,339,225572,36912,262823,"2025-09-23 18:10:29"
6302,2025-07-01,61,160,212785,5587,218532,88,2984,714,3786,139,12286,3641,16066,13,434,541,988,400,228489,10483,239372,"2025-09-23 18:10:29"
6303,2025-07-01,62,74,8779,21028,29881,53,509,442,1004,125,4029,57,4211,3,55,13,71,255,13372,21540,35167,"2025-09-23 18:10:29"
6306,2025-07-01,65,234,175765,3997,179996,146,3991,382,4519,201,26283,8065,34549,30,767,949,1746,611,206806,13393,220810,"2025-09-23 18:10:29"
6312,2025-07-01,71,86,72381,1879,74346,45,1911,547,2503,110,13373,3891,17374,9,365,434,808,250,88030,6751,95031,"2025-09-23 18:10:29"
6315,2025-07-01,74,123,177635,2531,180289,96,2940,368,3404,456,15250,2445,18151,26,641,298,965,701,196466,5642,202809,"2025-09-23 18:10:29"
6321,2025-07-01,80,157,110546,1126,111829,97,2480,681,3258,166,20946,4258,25370,14,453,1012,1479,434,134425,7077,141936,"2025-09-23 18:10:29"
6324,2025-07-01,83,367,180165,1691,182223,242,3015,644,3901,264,14870,1957,17091,83,643,180,906,956,198693,4472,204121,"2025-09-23 18:10:29"
6326,2025-07-01,85,151,25772,156,26079,83,1044,154,1281,155,6600,215,6970,24,138,46,208,413,33554,571,34538,"2025-09-23 18:10:29"
6327,2025-07-01,86,325,174207,1745,176277,153,3785,443,4381,199,18718,2723,21640,21,472,265,758,698,197182,5176,203056,"2025-09-23 18:10:29"
6328,2025-07-01,87,109,115520,3575,119204,80,2257,612,2949,78,13019,2101,15198,12,373,157,542,279,131169,6445,137893,"2025-09-23 18:10:29"
6329,2025-07-01,88,72,104816,2242,107130,22,1941,572,2535,38,9012,1517,10567,1,229,133,363,133,115998,4464,120595,"2025-09-23 18:10:29"
6330,2025-07-01,89,480,29649,315,30444,103,499,43,645,129,1947,472,2548,15,84,11,110,727,32179,841,33747,"2025-09-23 18:10:29"
6331,2025-07-01,90,141,93114,1648,94903,65,2170,407,2642,110,10087,2369,12566,11,236,200,447,327,105607,4624,110558,"2025-09-23 18:10:29"
6332,2025-07-01,91,213,174030,1000,175243,90,4480,2279,6849,132,30235,5592,35959,17,739,349,1105,452,209484,9220,219156,"2025-09-23 18:10:29"
6333,2025-07-01,92,96,61740,1154,62990,76,1418,283,1777,100,8237,1418,9755,14,195,144,353,286,71590,2999,74875,"2025-09-23 18:10:29"
6334,2025-07-01,93,133,86728,825,87686,72,1895,174,2141,91,8791,3793,12675,10,183,245,438,306,97597,5037,102940,"2025-09-23 18:10:29"
6335,2025-07-01,94,259,203881,2917,207057,112,4682,1681,6475,206,30668,4603,35477,9,724,690,1423,586,239955,9891,250432,"2025-09-23 18:10:29"
6336,2025-07-01,95,383,270803,2197,273383,197,6622,1035,7854,220,42305,6689,49214,28,1134,500,1662,828,320864,10421,332113,"2025-09-23 18:10:29"
6337,2025-07-01,96,100,32095,673,32868,45,1160,73,1278,82,5302,694,6078,11,117,54,182,238,38674,1494,40406,"2025-09-23 18:10:29"
6338,2025-07-01,97,5,102,1,108,0,38,10,48,0,128,7,135,0,0,1,1,5,268,19,292,"2025-09-23 18:10:29"
6339,2025-07-01,98,49,73245,1642,74936,19,1971,115,2105,35,8114,1280,9429,1,170,173,344,104,83500,3210,86814,"2025-09-23 18:10:29"
6340,2025-07-01,99,38,51805,973,52816,31,1768,446,2245,32,9597,1762,11391,4,196,170,370,105,63366,3351,66822,"2025-09-23 18:10:29"
6341,2025-07-01,100,196,128355,2783,131334,147,3278,563,3988,157,15395,3320,18872,24,369,201,594,524,147397,6867,154788,"2025-09-23 18:10:29"
6342,2025-07-01,101,203,179122,3867,183192,57,2272,1402,3731,106,7437,1988,9531,9,358,168,535,375,189189,7425,196989,"2025-09-23 18:10:29"
6343,2025-07-01,102,163,72166,1549,73878,57,1942,200,2199,79,7346,1555,8980,3,168,161,332,302,81622,3465,85389,"2025-09-23 18:10:29"
6344,2025-07-01,103,217,63336,2063,65616,58,1955,308,2321,98,8621,1592,10311,20,184,166,370,393,74096,4129,78618,"2025-09-23 18:10:29"
6345,2025-07-01,104,111,186270,5177,191558,168,4488,1515,6171,161,19736,3152,23049,21,632,545,1198,461,211126,10389,221976,"2025-09-23 18:10:29"
6346,2025-07-01,105,275,145231,1847,147353,107,1929,141,2177,66,6642,1423,8131,2,269,127,398,450,154071,3538,158059,"2025-09-23 18:10:29"
6347,2025-07-01,106,285,98526,1036,99847,147,2570,484,3201,102,8151,2127,10380,17,252,123,392,551,109499,3770,113820,"2025-09-23 18:10:29"
6348,2025-07-01,107,145,72207,1380,73732,68,2244,74,2386,90,6321,2014,8425,16,171,104,291,319,80943,3572,84834,"2025-09-23 18:10:29"
6349,2025-07-01,108,174,227911,1808,229893,108,5944,457,6509,151,37103,6435,43689,23,755,510,1288,456,271713,9210,281379,"2025-09-23 18:10:29"
6350,2025-07-01,109,216,137833,5761,143810,148,4623,1146,5917,223,22820,4047,27090,12,452,325,789,599,165728,11279,177606,"2025-09-23 18:10:29"
6351,2025-07-01,110,84,122077,2127,124288,40,3633,638,4311,34,18072,2695,20801,3,471,370,844,161,144253,5830,150244,"2025-09-23 18:10:29"
6352,2025-07-01,111,178,97112,753,98043,95,2903,566,3564,132,19675,3307,23114,16,950,300,1266,421,120640,4926,125987,"2025-09-23 18:10:29"
6353,2025-07-01,112,159,120085,2243,122487,113,1973,574,2660,131,9740,3785,13656,10,346,170,526,413,132144,6772,139329,"2025-09-23 18:10:29"
6354,2025-07-01,113,91,76875,1356,78322,29,2032,923,2984,42,9069,1584,10695,0,203,128,331,162,88179,3991,92332,"2025-09-23 18:10:29"
6355,2025-07-01,114,188,120838,698,121724,88,3548,523,4159,170,20085,3053,23308,14,541,260,815,460,145012,4534,150006,"2025-09-23 18:10:29"
6356,2025-07-01,115,247,54362,425,55034,96,1585,518,2199,263,12103,900,13266,11,293,83,387,617,68343,1926,70886,"2025-09-23 18:10:29"
6357,2025-07-01,116,190,54084,364,54638,88,1923,643,2654,202,14272,6490,20964,9,343,338,690,489,70622,7835,78946,"2025-09-23 18:10:29"
6358,2025-07-01,117,92,17913,391,18396,71,685,258,1014,157,6364,4084,10605,7,137,487,631,327,25099,5220,30646,"2025-09-23 18:10:29"
6359,2025-07-01,118,99,111427,1286,112812,63,2638,562,3263,65,10673,2703,13441,10,341,184,535,237,125079,4735,130051,"2025-09-23 18:10:29"
6360,2025-07-01,119,49,187366,3415,190830,42,3173,785,4000,48,11391,3746,15185,12,522,385,919,151,202452,8331,210934,"2025-09-23 18:10:29"
6361,2025-07-01,120,27,144843,870,145740,16,1702,81,1799,22,4726,1415,6163,0,239,46,285,65,151510,2412,153987,"2025-09-23 18:10:29"
6362,2025-07-01,121,406,129129,1707,131242,167,3722,1534,5423,238,21851,4815,26904,19,743,436,1198,830,155445,8492,164767,"2025-09-23 18:10:29"
6363,2025-07-01,122,121,60429,415,60965,95,1163,193,1451,85,5654,2033,7772,8,157,297,462,309,67403,2938,70650,"2025-09-23 18:10:29"
6364,2025-07-01,123,294,153543,1988,155825,256,4204,433,4893,197,17700,3113,21010,29,544,272,845,776,175991,5806,182573,"2025-09-23 18:10:29"
6365,2025-07-01,124,216,104276,887,105379,87,3141,863,4091,142,18983,4275,23400,15,495,564,1074,460,126895,6589,133944,"2025-09-23 18:10:29"
6366,2025-07-01,125,286,219936,2749,222971,95,5195,2643,7933,172,31299,6444,37915,22,721,306,1049,575,257151,12142,269868,"2025-09-23 18:10:29"
6367,2025-07-01,126,382,294904,3734,299020,159,7208,2151,9518,263,36103,7721,44087,23,1033,981,2037,827,339248,14587,354662,"2025-09-23 18:10:29"
6368,2025-07-01,127,196,67112,5767,73075,77,2570,773,3420,160,20814,2394,23368,17,365,367,749,450,90861,9301,100612,"2025-09-23 18:10:29"
6369,2025-07-01,128,205,123224,1005,124434,87,2325,356,2768,151,15209,2360,17720,12,341,158,511,455,141099,3879,145433,"2025-09-23 18:10:29"
6370,2025-07-01,129,405,467586,2680,470671,228,9601,2823,12652,290,64886,8464,73640,74,1724,714,2512,997,543797,14681,559475,"2025-09-23 18:10:29"
6372,2025-07-01,131,81,15542,135,15758,56,727,57,840,81,7950,256,8287,13,109,30,152,231,24328,478,25037,"2025-09-23 18:10:29"
6373,2025-07-01,132,69,11166,103,11338,52,441,81,574,119,4836,377,5332,4,89,226,319,244,16532,787,17563,"2025-09-23 18:10:29"
6374,2025-07-01,133,71,12429,116,12616,58,572,88,718,114,6430,453,6997,17,73,45,135,260,19504,702,20466,"2025-09-23 18:10:29"
6375,2025-07-01,134,103,17585,113,17801,60,650,93,803,116,8215,174,8505,14,93,38,145,293,26543,418,27254,"2025-09-23 18:10:29"
6376,2025-07-01,135,78,20643,174,20895,58,784,88,930,86,8011,691,8788,11,149,99,259,233,29587,1052,30872,"2025-09-23 18:10:29"
6377,2025-07-01,136,85,49677,313,50075,68,2031,207,2306,113,13814,1504,15431,15,256,142,413,281,65778,2166,68225,"2025-09-23 18:10:29"
6378,2025-07-01,137,109,55392,714,56215,82,1587,179,1848,158,13600,1674,15432,13,356,877,1246,362,70935,3444,74741,"2025-09-23 18:10:29"
6379,2025-07-01,138,35,17576,155,17766,26,519,37,582,32,3212,586,3830,8,75,47,130,101,21382,825,22308,"2025-09-23 18:10:29"
6380,2025-07-01,139,74,45829,286,46189,65,1395,88,1548,86,9269,1115,10470,7,257,81,345,232,56750,1570,58552,"2025-09-23 18:10:29"
6381,2025-07-01,140,1,8,0,9,0,2,0,2,0,8,0,8,0,0,0,0,1,18,0,19,"2025-09-23 18:10:29"
6382,2025-07-01,141,209,88293,1100,89602,112,2019,370,2501,182,11977,1161,13320,18,387,267,672,521,102676,2898,106095,"2025-09-23 18:10:29"
6383,2025-07-01,142,61,81368,1473,82902,129,1910,831,2870,63,10518,1848,12429,5,323,228,556,258,94119,4380,98757,"2025-09-23 18:10:29"
6384,2025-07-01,143,181,92474,2718,95373,117,2266,547,2930,131,14450,2110,16691,7,419,198,624,436,109609,5573,115618,"2025-09-23 18:10:29"
6385,2025-07-01,144,132,135203,3969,139304,104,2855,734,3693,136,15861,2523,18520,14,578,373,965,386,154497,7599,162482,"2025-09-23 18:10:29"
6386,2025-07-01,145,205,96402,1478,98085,144,2732,415,3291,260,19854,1814,21928,32,474,290,796,641,119462,3997,124100,"2025-09-23 18:10:29"
6388,2025-07-01,147,78,23487,64,23629,38,543,104,685,55,2260,438,2753,9,91,35,135,180,26381,641,27202,"2025-09-23 18:10:29"
6389,2025-07-01,148,237,42726,1237,44200,123,1474,383,1980,254,12756,690,13700,26,220,128,374,640,57176,2438,60254,"2025-09-23 18:10:29"
6390,2025-07-01,149,75,20901,2458,23434,40,949,199,1188,93,8616,579,9288,10,131,74,215,218,30597,3310,34125,"2025-09-23 18:10:29"
6391,2025-07-01,150,151,46078,880,47109,88,1954,332,2374,143,15283,1086,16512,30,230,96,356,412,63545,2394,66351,"2025-09-23 18:10:29"
6392,2025-07-01,151,148,87837,828,88813,78,2295,352,2725,185,19430,2346,21961,16,505,814,1335,427,110067,4340,114834,"2025-09-23 18:10:29"
6393,2025-07-01,152,138,40437,553,41128,73,1353,175,1601,186,12792,518,13496,35,201,125,361,432,54783,1371,56586,"2025-09-23 18:10:29"
6394,2025-07-01,153,99,23255,181,23535,70,1056,318,1444,163,11247,397,11807,13,105,56,174,345,35663,952,36960,"2025-09-23 18:10:29"
6395,2025-07-01,154,186,82263,946,83395,86,2342,488,2916,163,19112,1877,21152,24,428,440,892,459,104145,3751,108355,"2025-09-23 18:10:29"
6396,2025-07-01,155,78,19748,145,19971,39,672,109,820,105,7686,435,8226,18,93,87,198,240,28199,776,29215,"2025-09-23 18:10:29"
6397,2025-07-01,156,207,177536,1973,179716,132,4411,513,5056,181,24289,3752,28222,50,748,373,1171,570,206984,6611,214165,"2025-09-23 18:10:29"
6398,2025-07-01,157,160,35710,276,36146,114,1340,314,1768,180,11487,733,12400,14,218,130,362,468,48755,1453,50676,"2025-09-23 18:10:29"
6399,2025-07-01,158,103,120946,1828,122877,62,3569,688,4319,128,19467,2914,22509,10,620,390,1020,303,144602,5820,150725,"2025-09-23 18:10:29"
6400,2025-07-01,159,167,185502,1672,187341,154,4177,865,5196,228,20954,2656,23838,23,615,309,947,572,211248,5502,217322,"2025-09-23 18:10:29"
6401,2025-07-01,160,82,11550,66,11698,58,423,61,542,126,6034,519,6679,17,72,64,153,283,18079,710,19072,"2025-09-23 18:10:29"
6402,2025-07-01,161,87,24923,189,25199,47,956,113,1116,196,10810,250,11256,19,145,49,213,349,36834,601,37784,"2025-09-23 18:10:29"
6403,2025-07-01,162,165,44388,388,44941,93,1349,207,1649,140,12343,774,13257,22,238,131,391,420,58318,1500,60238,"2025-09-23 18:10:29"
6405,2025-07-01,164,89,12586,158,12833,65,455,75,595,101,6576,759,7436,12,89,42,143,267,19706,1034,21007,"2025-09-23 18:10:29"
6406,2025-07-01,165,108,21462,166,21736,78,979,92,1149,140,12746,261,13147,12,137,38,187,338,35324,557,36219,"2025-09-23 18:10:29"
6407,2025-07-01,166,70,10911,110,11091,40,398,57,495,72,5058,392,5522,6,58,67,131,188,16425,626,17239,"2025-09-23 18:10:29"
6408,2025-07-01,167,95,79696,650,80441,71,2070,286,2427,90,14654,3449,18193,15,558,1678,2251,271,96978,6063,103312,"2025-09-23 18:10:29"
6409,2025-07-01,168,58,9396,162,9616,42,373,53,468,76,3944,156,4176,4,69,16,89,180,13782,387,14349,"2025-09-23 18:10:29"
6410,2025-07-01,169,145,54001,742,54888,120,1814,371,2305,216,15592,1718,17526,21,381,274,676,502,71788,3105,75395,"2025-09-23 18:10:29"
6411,2025-07-01,170,80,20518,350,20948,50,733,279,1062,76,7905,1049,9030,12,136,151,299,218,29292,1829,31339,"2025-09-23 18:10:29"
6412,2025-07-01,171,127,82416,2265,84808,119,2473,415,3007,152,12734,2276,15162,10,347,339,696,408,97970,5295,103673,"2025-09-23 18:10:29"
6413,2025-07-01,172,267,42784,160,43211,203,1409,73,1685,164,11999,883,13046,17,211,127,355,651,56403,1243,58297,"2025-09-23 18:10:29"
6414,2025-07-01,173,78,14163,156,14397,51,712,69,832,104,7977,358,8439,15,102,55,172,248,22954,638,23840,"2025-09-23 18:10:29"
6415,2025-07-01,174,182,125744,2013,127939,133,2826,597,3556,197,22588,2175,24960,21,485,936,1442,533,151643,5721,157897,"2025-09-23 18:10:29"
6416,2025-07-01,175,120,14708,111323,126151,67,653,2321,3041,208,9522,381,10111,5,147,35,187,400,25030,114060,139490,"2025-09-23 18:10:29"
6417,2025-07-01,176,204,113939,2316,116459,152,2972,731,3855,202,21456,3578,25236,17,438,836,1291,575,138805,7461,146841,"2025-09-23 18:10:29"
6418,2025-07-01,177,80,22381,215,22676,44,763,98,905,113,8279,515,8907,7,123,55,185,244,31546,883,32673,"2025-09-23 18:10:29"
6419,2025-07-01,178,94,24573,84,24751,67,1153,80,1300,120,11288,801,12209,9,192,142,343,290,37206,1107,38603,"2025-09-23 18:10:29"
6420,2025-07-01,179,132,16380,162,16674,59,661,101,821,106,9695,204,10005,11,98,31,140,308,26834,498,27640,"2025-09-23 18:10:29"
6421,2025-07-01,180,82,20046,172,20300,48,709,83,840,91,8309,896,9296,4,138,90,232,225,29202,1241,30668,"2025-09-23 18:10:29"
6422,2025-07-01,181,90,13653,87,13830,75,530,46,651,107,7080,277,7464,8,67,31,106,280,21330,441,22051,"2025-09-23 18:10:29"
6423,2025-07-01,182,79,11399,94,11572,48,501,60,609,100,6367,147,6614,9,67,24,100,236,18334,325,18895,"2025-09-23 18:10:29"
6424,2025-07-01,183,72,12436,5591,18099,50,482,111,643,88,6626,198,6912,12,91,26,129,222,19635,5926,25783,"2025-09-23 18:10:29"
6425,2025-07-01,184,113,24906,93552,118571,81,1571,879,2531,145,15588,232,15965,12,130,41,183,351,42195,94704,137250,"2025-09-23 18:10:29"
6426,2025-07-01,185,99,26103,467,26669,51,885,838,1774,107,8048,557,8712,9,155,144,308,266,35191,2006,37463,"2025-09-23 18:10:29"
6428,2025-07-01,187,146,120326,894,121366,99,2907,393,3399,129,22139,2769,25037,17,434,406,857,391,145806,4462,150659,"2025-09-23 18:10:29"
6429,2025-07-01,188,216,120972,1638,122826,142,3589,524,4255,222,25857,1991,28070,16,573,376,965,596,150991,4529,156116,"2025-09-23 18:10:29"
6430,2025-07-01,189,60,14557,36,14653,30,646,53,729,76,6530,690,7296,18,89,53,160,184,21822,832,22838,"2025-09-23 18:10:29"
6431,2025-07-01,190,198,195218,2392,197808,107,4744,787,5638,225,25682,3585,29492,21,701,468,1190,551,226345,7232,234128,"2025-09-23 18:10:29"
6433,2025-07-01,192,145,59498,573,60216,82,1915,270,2267,166,18000,1123,19289,17,252,192,461,410,79665,2158,82233,"2025-09-23 18:10:29"
6434,2025-07-01,193,95,27358,383,27836,55,1159,116,1330,128,10341,279,10748,13,149,94,256,291,39007,872,40170,"2025-09-23 18:10:29"
6435,2025-07-01,194,98,11184,45,11327,53,396,44,493,86,7067,86,7239,16,50,17,83,253,18697,192,19142,"2025-09-23 18:10:29"
6436,2025-07-01,195,124,37417,380,37921,88,1556,265,1909,210,17376,1045,18631,18,224,175,417,440,56573,1865,58878,"2025-09-23 18:10:29"
6437,2025-07-01,196,73,20368,119,20560,41,763,49,853,87,11404,965,12456,15,148,139,302,216,32683,1272,34171,"2025-09-23 18:10:29"
6438,2025-07-01,197,303,65971,935,67209,244,2072,307,2623,259,19411,1230,20900,46,366,233,645,852,87820,2705,91377,"2025-09-23 18:10:29"
6439,2025-07-01,198,73,13109,97,13279,49,594,56,699,123,6026,122,6271,17,84,30,131,262,19813,305,20380,"2025-09-23 18:10:29"
6440,2025-07-01,199,64,6141,37,6242,36,271,27,334,73,3953,51,4077,8,40,6,54,181,10405,121,10707,"2025-09-23 18:10:29"
6441,2025-07-01,200,127,41723,476,42326,78,1501,133,1712,145,14619,728,15492,26,245,157,428,376,58088,1494,59958,"2025-09-23 18:10:29"
6442,2025-07-01,201,133,45177,364,45674,82,1671,232,1985,130,16295,1516,17941,18,245,361,624,363,63388,2473,66224,"2025-09-23 18:10:29"
6443,2025-07-01,202,106,23465,170,23741,62,695,82,839,110,8677,206,8993,21,115,46,182,299,32952,504,33755,"2025-09-23 18:10:29"
6444,2025-07-01,203,58,4416,299,4773,20,264,207,491,60,1452,27,1539,9,23,4,36,147,6155,537,6839,"2025-09-23 18:10:29"
6445,2025-07-01,204,135,21038,110,21283,58,593,87,738,121,6629,120,6870,21,130,39,190,335,28390,356,29081,"2025-09-23 18:10:29"
6446,2025-07-01,205,84,19810,89,19983,75,836,78,989,131,12290,891,13312,11,121,102,234,301,33057,1160,34518,"2025-09-23 18:10:29"
6447,2025-07-01,206,77,17974,162,18213,44,619,51,714,91,7916,613,8620,16,99,190,305,228,26608,1016,27852,"2025-09-23 18:10:29"
6448,2025-07-01,207,59,10179,39,10277,66,459,44,569,87,6081,115,6283,10,63,15,88,222,16782,213,17217,"2025-09-23 18:10:29"
6449,2025-07-01,208,121,55734,271,56126,62,1735,334,2131,114,12732,1570,14416,14,275,301,590,311,70476,2476,73263,"2025-09-23 18:10:29"
6450,2025-07-01,209,147,103671,1339,105157,84,2749,768,3601,215,17702,4165,22082,13,464,1732,2209,459,124586,8004,133049,"2025-09-23 18:10:29"
6451,2025-07-01,210,162,131766,2116,134044,95,2797,299,3191,108,18083,1093,19284,27,455,298,780,392,153101,3806,157299,"2025-09-23 18:10:29"
6453,2025-07-01,212,125,97132,1024,98281,83,2667,474,3224,154,12024,515,12693,15,328,168,511,377,112151,2181,114709,"2025-09-23 18:10:29"
6454,2025-07-01,213,108,25137,183,25428,74,830,177,1081,104,9336,261,9701,15,88,176,279,301,35391,797,36489,"2025-09-23 18:10:29"
6455,2025-07-01,214,53,11980,140,12173,61,675,90,826,97,7336,212,7645,11,141,66,218,236,27873,551,28660,"2025-09-23 18:10:29"
6456,2025-07-01,215,262,249542,2231,252035,155,5850,624,6629,234,40968,4766,45968,41,839,612,1492,692,297199,8233,306124,"2025-09-23 18:10:29"
6457,2025-07-01,216,101,14361,149,14611,54,503,106,663,137,6206,152,6495,8,67,27,102,300,21137,434,21871,"2025-09-23 18:10:29"
6458,2025-07-01,217,108,44037,479,44624,93,1297,198,1588,104,13621,2587,16312,15,213,589,817,320,59168,3853,63341,"2025-09-23 18:10:29"
6459,2025-07-01,218,99,49041,660,49800,81,1398,208,1687,131,10497,568,11196,18,190,115,323,329,61126,1551,63006,"2025-09-23 18:10:29"
6460,2025-07-01,219,93,13906,56,14055,61,484,54,599,99,7204,477,7780,9,145,150,304,262,21739,737,22738,"2025-09-23 18:10:29"
6461,2025-07-01,220,187,157499,1055,158741,88,3982,741,4811,151,22314,7230,29695,23,643,1513,2179,449,184438,10539,195426,"2025-09-23 18:10:29"
6462,2025-07-01,221,68,10515,51,10634,52,355,38,445,93,4555,566,5214,14,66,120,200,227,15491,775,16493,"2025-09-23 18:10:29"
6463,2025-07-01,222,215,145066,2642,147923,173,3093,1064,4330,251,26574,2405,29230,33,534,440,1007,672,175267,6551,182490,"2025-09-23 18:10:29"
6464,2025-07-01,223,69,25233,193,25495,76,968,105,1149,94,10250,421,10765,11,146,68,225,250,36597,787,37634,"2025-09-23 18:10:29"
6465,2025-07-01,224,153,90497,1325,91975,67,1806,473,2346,138,10280,1003,11421,15,163,149,327,373,102746,2950,106069,"2025-09-23 18:10:29"
6466,2025-07-01,225,72,97338,5610,103020,34,1757,403,2194,54,10749,1553,12356,4,224,233,461,164,110068,7799,118031,"2025-09-23 18:10:29"
6467,2025-07-01,226,246,148783,19303,168332,220,1955,865,3040,140,10347,971,11458,15,235,188,438,621,161320,21327,183268,"2025-09-23 18:10:29"
6468,2025-07-01,227,267,116412,49692,166371,172,2116,399,2687,127,16992,1473,18592,18,324,352,694,584,135844,51916,188344,"2025-09-23 18:10:29"
6469,2025-07-01,228,95,87698,722,88515,36,1818,155,2009,91,7761,1078,8930,12,277,301,590,234,97554,2256,100044,"2025-09-23 18:10:29"
6470,2025-07-01,229,102,43274,671,44047,85,1541,244,1870,123,8715,354,9192,14,183,72,269,324,53713,1341,55378,"2025-09-23 18:10:29"
6471,2025-07-01,230,61,16325,91,16477,72,508,46,626,113,7812,165,8090,10,92,83,185,256,24737,385,25378,"2025-09-23 18:10:29"
6472,2025-07-01,231,83,33329,25014,58426,54,983,291,1328,84,10160,540,10784,7,178,229,414,228,44650,26074,70952,"2025-09-23 18:10:29"
6473,2025-07-01,232,62,13905,17873,31840,53,468,161,682,109,6552,146,6807,14,162,33,209,238,21087,18213,39538,"2025-09-23 18:10:29"
6474,2025-07-01,233,88,15852,152,16092,61,575,77,713,142,8201,394,8737,14,94,72,180,305,24722,695,25722,"2025-09-23 18:10:29"
6476,2025-07-01,235,248,77586,930,78764,135,2730,145,3010,338,26840,676,27854,44,261,142,447,765,107417,1893,110075,"2025-09-23 18:10:29"
6477,2025-07-01,236,620,253780,274599,528999,365,6759,6237,13361,710,59361,3717,63788,38,1133,571,1742,1733,321033,285124,607890,"2025-09-23 18:10:29"
6479,2025-07-01,238,180,94856,2360,97396,138,2355,504,2997,268,17958,1418,19644,38,416,400,854,624,115585,4682,120891,"2025-09-23 18:10:29"
6481,2025-07-01,240,118,40001,724,40843,82,1134,163,1379,125,6853,506,7484,11,184,194,389,336,48172,1587,50095,"2025-09-23 18:10:29"
6482,2025-07-01,241,123,26569,456,27148,97,759,116,972,183,6731,187,7101,10,152,47,209,413,34211,806,35430,"2025-09-23 18:10:29"
6483,2025-07-01,242,118,34283,846,35247,87,1018,130,1235,108,5279,315,5702,8,154,91,253,321,40734,1382,42437,"2025-09-23 18:10:29"
6484,2025-07-01,243,57,8955,62,9074,54,283,30,367,110,3350,57,3517,10,52,20,82,231,12640,169,13040,"2025-09-23 18:10:29"
6485,2025-07-01,244,44,12660,175,12879,40,381,27,448,126,4122,67,4315,12,89,21,122,222,17252,290,17764,"2025-09-23 18:10:29"
6486,2025-07-01,245,132,15138,155,15425,79,604,59,742,126,6192,134,6452,13,122,55,190,350,22056,403,22809,"2025-09-23 18:10:29"
6487,2025-07-01,246,229,163868,2535,166632,163,4055,511,4729,232,26479,2333,29044,26,736,367,1129,650,195138,5746,201534,"2025-09-23 18:10:29"
6488,2025-07-01,247,60,14710,88,14858,53,434,60,547,124,5004,115,5243,10,88,32,130,247,20236,295,20778,"2025-09-23 18:10:29"
6489,2025-07-01,248,116,14297,223,14636,99,514,78,691,156,6123,159,6438,23,116,34,173,394,21050,494,21938,"2025-09-23 18:10:29"
6490,2025-07-01,249,58,17170,207,17435,71,624,55,750,140,6996,147,7283,16,93,22,131,285,24883,431,25599,"2025-09-23 18:10:29"
6491,2025-07-01,250,352,122552,2393,125297,276,2959,614,3849,270,18490,2768,21528,29,534,407,970,927,144535,6182,151644,"2025-09-23 18:10:29"
6492,2025-07-01,251,72,16246,363,16681,58,580,123,761,122,3320,137,3579,15,124,48,187,267,20270,671,21208,"2025-09-23 18:10:29"
6493,2025-07-01,252,108,17801,226,18135,79,716,71,866,120,8609,142,8871,22,96,51,169,329,27222,490,28041,"2025-09-23 18:10:29"
6494,2025-07-01,253,134,28455,255,28844,115,1137,272,1524,185,11713,459,12357,22,177,66,265,456,41482,1052,42990,"2025-09-23 18:10:29"
6495,2025-07-01,254,59,9974,56,10089,64,275,43,382,99,3308,47,3454,10,60,24,94,232,13617,170,14019,"2025-09-23 18:10:29"
6496,2025-07-01,255,93,19701,553,20347,64,789,82,935,123,8653,269,9045,14,138,48,200,294,29281,952,30527,"2025-09-23 18:10:29"
6498,2025-07-01,257,112,20454,165,20731,66,1248,93,1407,158,10696,280,11134,14,118,47,179,350,32516,585,33451,"2025-09-23 18:10:29"
6499,2025-07-01,258,217,117489,1961,119667,125,2844,516,3485,214,19233,3269,22716,22,517,716,1255,578,140083,6462,147123,"2025-09-23 18:10:29"
6500,2025-07-01,259,125,35351,505,35981,65,1457,147,1669,148,13845,1040,15033,8,265,156,429,346,50918,1848,53112,"2025-09-23 18:10:29"
6501,2025-07-01,260,136,29990,398,30524,108,1114,167,1389,175,12458,457,13090,20,192,70,282,439,43754,1092,45285,"2025-09-23 18:10:29"
6502,2025-07-01,261,72,9058,56,9186,40,453,58,551,99,4412,249,4760,7,49,36,92,218,13972,399,14589,"2025-09-23 18:10:29"
6503,2025-07-01,262,99,19143,178,19420,66,770,121,957,140,8671,269,9080,12,113,52,177,317,28697,620,29634,"2025-09-23 18:10:29"
6504,2025-07-01,263,74,10627,130,10831,60,370,22,452,99,5272,64,5435,10,46,22,78,243,16315,238,16796,"2025-09-23 18:10:29"
6505,2025-07-01,264,116,48062,226,48404,121,1552,431,2104,212,12451,2361,15024,28,275,222,525,477,62340,3240,66057,"2025-09-23 18:10:29"
6506,2025-07-01,265,197,116269,1801,118267,144,3678,485,4307,215,24370,3098,27683,17,456,425,898,573,144773,5809,151155,"2025-09-23 18:10:29"
6507,2025-07-01,266,83,9823,58,9964,62,403,70,535,121,4925,275,5321,8,64,24,96,274,15215,427,15916,"2025-09-23 18:10:29"
6508,2025-07-01,267,75,7968,32,8075,44,333,21,398,113,4448,88,4649,6,53,22,81,238,12802,163,13203,"2025-09-23 18:10:29"
6509,2025-07-01,268,168,150784,3017,153969,110,3226,906,4242,153,18856,2644,21653,14,572,408,994,445,173438,6975,180858,"2025-09-23 18:10:29"
6510,2025-07-01,269,338,137109,1997,139444,222,2915,538,3675,209,15739,1532,17480,23,374,250,647,792,156137,4317,161246,"2025-09-23 18:10:29"
6511,2025-07-01,270,111,41635,649,42395,110,1478,195,1783,162,14935,898,15995,8,257,123,388,391,58305,1865,60561,"2025-09-23 18:10:29"
6512,2025-07-01,271,110,9827,92,10029,53,391,96,540,111,5049,107,5267,15,55,16,86,289,15322,311,15922,"2025-09-23 18:10:29"
6514,2025-08-01,2,157,218389,13419,231965,62,3767,536,4365,194,13499,2206,15899,18,383,154,555,431,236038,16315,252784,"2025-09-23 18:10:36"
6515,2025-08-01,3,111,145083,5003,150197,42,3152,621,3815,153,11926,2619,14698,8,262,210,480,314,160423,8453,169190,"2025-09-23 18:10:36"
6516,2025-08-01,4,4842,2657407,109884,2772133,67,1956,715,2738,128,6577,1265,7970,16,148,114,278,328,68261,4209,72798,"2025-09-23 18:10:36"
6517,2025-08-01,5,138,166178,8585,174901,45,3921,1374,5340,159,15688,4320,20167,18,464,263,745,360,186251,14542,201153,"2025-09-23 18:10:36"
6518,2025-08-01,6,89,98670,3039,101798,46,2735,354,3135,145,8651,2208,11004,12,206,165,383,292,110262,5766,116320,"2025-09-23 18:10:36"
6519,2025-08-01,7,87,80243,2977,83307,44,1916,331,2291,166,8708,1512,10386,10,131,93,234,307,90998,4913,96218,"2025-09-23 18:10:36"
6520,2025-08-01,8,112,114450,8526,123088,58,3573,560,4191,127,13450,2598,16175,7,323,165,495,304,131796,11849,143949,"2025-09-23 18:10:36"
6521,2025-08-01,9,58,71381,2709,74148,34,2349,435,2818,78,10388,2193,12659,12,198,96,306,182,84316,5433,89931,"2025-09-23 18:10:36"
6522,2025-08-01,10,81,128228,5586,133895,51,2982,750,3783,171,9491,2114,11776,11,281,254,546,314,140982,8704,150000,"2025-09-23 18:10:36"
6523,2025-08-01,11,93,76017,4514,80624,50,2075,565,2690,124,7802,2045,9971,12,198,155,365,279,86092,7279,93650,"2025-09-23 18:10:36"
6524,2025-08-01,12,108,86869,2740,89717,59,2355,129,2543,136,9542,2246,11924,11,203,102,316,314,98969,5217,104500,"2025-09-23 18:10:36"
6525,2025-08-01,13,118,94216,1256,95590,44,2004,127,2175,142,6251,1136,7529,16,140,169,325,320,102611,2688,105619,"2025-09-23 18:10:36"
6526,2025-08-01,14,104,101204,4178,105486,54,2320,618,2992,173,9031,2656,11860,23,263,461,747,354,112818,7913,121085,"2025-09-23 18:10:36"
6527,2025-08-01,15,212,77292,3405,80909,99,1869,400,2368,135,5647,1746,7528,6,152,110,268,452,84960,5661,91073,"2025-09-23 18:10:36"
6528,2025-08-01,16,201,154761,3079,158041,132,2775,642,3549,182,10404,4104,14690,16,274,205,495,531,168214,8030,176775,"2025-09-23 18:10:36"
6529,2025-08-01,17,134,82412,8634,91180,50,1641,930,2621,179,8032,1900,10111,17,207,123,347,380,92292,11587,104259,"2025-09-23 18:10:36"
6530,2025-08-01,18,93,106364,2021,108478,45,2553,1094,3692,147,8242,1671,10060,8,212,99,319,293,117371,4885,122549,"2025-09-23 18:10:36"
6531,2025-08-01,19,129,205708,7652,213489,105,3743,1573,5421,160,16779,4721,21660,19,417,395,831,413,226647,14341,241401,"2025-09-23 18:10:36"
6532,2025-08-01,20,130,126359,4851,131340,63,2828,737,3628,145,10615,2919,13679,8,268,433,709,346,140070,8940,149356,"2025-09-23 18:10:36"
6533,2025-08-01,21,126,117750,2746,120622,61,3343,198,3602,170,12566,4379,17115,18,461,641,1120,375,134120,7964,142459,"2025-09-23 18:10:36"
6534,2025-08-01,22,261,62997,1111,64369,120,1646,74,1840,150,4817,1054,6021,13,154,32,199,544,69614,2271,72429,"2025-09-23 18:10:36"
6535,2025-08-01,23,100,113762,4179,118041,48,2717,748,3513,136,9598,2020,11754,16,204,178,398,300,126281,7125,133706,"2025-09-23 18:10:36"
6536,2025-08-01,63,156,110749,1131,112036,1478,1308,251,3037,334,3533,1592,5459,102,114,101,317,3630,43933,2185,49748,"2025-09-23 18:10:36"
6537,2025-08-01,25,287,39199,1396,40882,811,1681,262,2754,179,4496,1285,5960,23,201,100,324,1300,45577,3043,49920,"2025-09-23 18:10:36"
6538,2025-08-01,146,110,9829,98,10037,32,2734,589,3355,123,11183,2773,14079,14,242,316,572,249,105476,9600,115325,"2025-09-23 18:10:36"
6540,2025-08-01,28,126,71470,1899,73495,85,1546,332,1963,131,16151,2814,19096,10,433,657,1100,352,89600,5702,95654,"2025-09-23 18:10:36"
6541,2025-08-01,29,99,64378,2420,66897,64,1891,939,2894,103,9210,3074,12387,13,205,630,848,279,75684,7063,83026,"2025-09-23 18:10:36"
6542,2025-08-01,77,698,602477,35458,638633,47,1884,543,2474,123,10699,1218,12040,13,271,213,497,266,88690,2833,91789,"2025-09-23 18:10:36"
6543,2025-08-01,57,313,140120,2815,143248,57,1956,482,2495,58,8466,4355,12879,4,331,1463,1798,229,92252,9118,101599,"2025-09-23 18:10:36"
6544,2025-08-01,32,80,44989,1056,46125,46,791,175,1012,61,3474,2307,5842,5,94,1035,1134,192,49348,4573,54113,"2025-09-23 18:10:36"
6545,2025-08-01,33,72,88515,1697,90284,27,1807,361,2195,64,9808,1567,11439,2,222,276,500,165,100352,3901,104418,"2025-09-23 18:10:36"
6546,2025-08-01,79,71,58869,765,59705,63,2527,576,3166,170,12920,2499,15589,10,207,561,778,372,139691,35211,175274,"2025-09-23 18:10:36"
6547,2025-08-01,35,121,86721,1504,88346,57,1990,313,2360,106,11507,1612,13225,11,208,251,470,295,100426,3680,104401,"2025-09-23 18:10:36"
6548,2025-08-01,36,102,66008,2256,68366,57,1950,210,2217,100,13937,2321,16358,8,235,323,566,267,82130,5110,87507,"2025-09-23 18:10:36"
6549,2025-08-01,60,89,79114,2910,82113,53,2501,338,2892,102,12556,2009,14667,9,229,289,527,277,107427,6141,113845,"2025-09-23 18:10:36"
6550,2025-08-01,38,65,26472,364,26901,32,823,18,873,40,3601,866,4507,0,66,88,154,137,30962,1336,32435,"2025-09-23 18:10:36"
6551,2025-08-01,39,51,56742,68142,124935,32,1350,749,2131,80,5248,1221,6549,11,154,340,505,174,63494,70452,134120,"2025-09-23 18:10:36"
6552,2025-08-01,40,379,115403,24652,140434,499,1623,737,2859,183,8830,2384,11397,27,211,720,958,1088,126067,28493,155648,"2025-09-23 18:10:36"
6554,2025-08-01,42,154,35966,124,36244,62,463,4,529,77,1781,5359,7217,14,107,1683,1804,307,38317,7170,45794,"2025-09-23 18:10:36"
6556,2025-08-01,44,199,195420,2380,197999,1294,26707,6327,34328,1607,144456,36222,182285,155,3364,9075,12594,4965,1374060,197779,1576804,"2025-09-23 18:10:36"
6558,2025-08-01,46,112,47896,887,48895,239,1195,102,1536,78,6132,506,6716,3,131,57,191,432,55354,1552,57338,"2025-09-23 18:10:36"
6559,2025-08-01,47,193,238378,16359,254930,113,4368,760,5241,179,28619,5435,34233,14,639,608,1261,499,272004,23162,295665,"2025-09-23 18:10:36"
6563,2025-08-01,51,95,59441,3041,62577,41,1562,200,1803,122,10614,1536,12272,9,170,109,288,267,71787,4886,76940,"2025-09-23 18:10:36"
6566,2025-08-01,54,1130,1034545,32700,1068375,1026,20580,3894,25500,1460,136453,20796,158709,160,3091,2258,5509,3776,1194669,59648,1258093,"2025-09-23 18:10:36"
6567,2025-08-01,55,146,28074,3497,31717,52,1068,279,1399,156,10735,773,11664,11,250,86,347,365,40127,4635,45127,"2025-09-23 18:10:36"
6568,2025-08-01,56,108,94914,126648,221670,60,2901,1755,4716,108,26103,2867,29078,20,439,339,798,296,124357,131609,256262,"2025-09-23 18:10:36"
6570,2025-08-01,58,39,19702,901,20642,36,801,74,911,34,3290,1321,4645,2,101,314,417,111,23894,2610,26615,"2025-09-23 18:10:36"
6571,2025-08-01,59,189,145433,13243,158865,97,3827,75,3999,140,16784,5240,22164,18,450,860,1328,444,166494,19418,186356,"2025-09-23 18:10:36"
6573,2025-08-01,61,223,272880,5263,278366,112,5873,1364,7349,194,33737,6476,40407,29,929,739,1697,558,313419,13842,327819,"2025-09-23 18:10:36"
6574,2025-08-01,62,162,213511,5630,219303,87,2960,713,3760,139,12283,3668,16090,13,436,541,990,401,229190,10552,240143,"2025-09-23 18:10:36"
6577,2025-08-01,65,1758,1281664,226173,1509595,1193,28365,7306,36864,1355,162967,35611,199933,147,4099,5399,9645,4453,1477095,274489,1756037,"2025-09-23 18:10:36"
6583,2025-08-01,71,925,603059,13511,617495,599,13069,2289,15957,848,76294,14665,91807,90,2178,1945,4213,2462,694600,32410,729472,"2025-09-23 18:10:36"
6586,2025-08-01,74,303,188667,25715,214685,316,3794,462,4572,201,18359,2413,20973,28,532,483,1043,848,211352,29073,241273,"2025-09-23 18:10:36"
6592,2025-08-01,80,88,111250,1504,112842,39,1940,308,2287,91,11207,1622,12920,9,276,330,615,227,124673,3764,128664,"2025-09-23 18:10:36"
6595,2025-08-01,83,779,512309,7359,520447,515,9823,2000,12338,666,62606,10488,73760,56,1505,2310,3871,2016,586243,22157,610416,"2025-09-23 18:10:36"
6597,2025-08-01,85,366,180297,2014,182677,238,2997,637,3872,264,14868,1963,17095,95,641,162,898,963,198803,4776,204542,"2025-09-23 18:10:36"
6598,2025-08-01,86,151,25800,156,26107,83,1038,155,1276,156,6589,217,6962,24,137,46,207,414,33564,574,34552,"2025-09-23 18:10:36"
6599,2025-08-01,87,322,173932,1744,175998,154,3755,442,4351,199,18690,2747,21636,21,468,261,750,696,196845,5194,202735,"2025-09-23 18:10:36"
6600,2025-08-01,88,108,116135,3564,119807,80,2262,610,2952,78,13031,2139,15248,12,373,159,544,278,131801,6472,138551,"2025-09-23 18:10:36"
6601,2025-08-01,89,72,104586,2237,106895,22,1936,569,2527,38,8967,1521,10526,1,227,134,362,133,115716,4461,120310,"2025-09-23 18:10:36"
6602,2025-08-01,90,478,29486,314,30278,103,498,43,644,129,1939,473,2541,15,83,10,108,725,32006,840,33571,"2025-09-23 18:10:36"
6603,2025-08-01,91,144,93579,1649,95372,65,2154,406,2625,110,10050,2379,12539,11,237,204,452,330,106020,4638,110988,"2025-09-23 18:10:36"
6604,2025-08-01,92,212,173991,1010,175213,90,4459,2311,6860,127,30234,5611,35972,18,739,348,1105,447,209423,9280,219150,"2025-09-23 18:10:36"
6605,2025-08-01,93,94,61714,1144,62952,76,1408,282,1766,100,8182,1419,9701,14,195,144,353,284,71499,2989,74772,"2025-09-23 18:10:36"
6606,2025-08-01,94,130,86580,830,87540,72,1885,174,2131,89,8771,3789,12649,11,186,244,441,302,97422,5037,102761,"2025-09-23 18:10:36"
6607,2025-08-01,95,259,203802,2875,206936,111,4631,1693,6435,205,30625,4601,35431,9,720,688,1417,584,239778,9857,250219,"2025-09-23 18:10:36"
6608,2025-08-01,96,383,271172,2186,273741,194,6599,1047,7840,220,42330,6699,49249,28,1147,504,1679,825,321248,10436,332509,"2025-09-23 18:10:36"
6609,2025-08-01,97,101,32119,677,32897,45,1145,72,1262,80,5309,701,6090,11,120,53,184,237,38693,1503,40433,"2025-09-23 18:10:36"
6610,2025-08-01,98,5,104,1,110,0,38,10,48,0,128,7,135,0,1,1,2,5,271,19,295,"2025-09-23 18:10:36"
6611,2025-08-01,99,50,73321,1620,74991,19,1947,115,2081,35,8081,1287,9403,1,167,175,343,105,83516,3197,86818,"2025-09-23 18:10:36"
6612,2025-08-01,100,38,51804,980,52822,30,1752,446,2228,32,9516,1771,11319,4,195,171,370,104,63267,3368,66739,"2025-09-23 18:10:36"
6613,2025-08-01,101,196,128013,2775,130984,147,3234,565,3946,157,15354,3320,18831,24,374,201,599,524,146975,6861,154360,"2025-09-23 18:10:36"
6614,2025-08-01,102,202,179196,3853,183251,57,2251,1411,3719,106,7450,1975,9531,9,360,165,534,374,189257,7404,197035,"2025-09-23 18:10:36"
6615,2025-08-01,103,161,72102,1567,73830,58,1930,199,2187,79,7346,1558,8983,3,166,164,333,301,81544,3488,85333,"2025-09-23 18:10:36"
6616,2025-08-01,104,217,63192,2081,65490,58,1927,307,2292,100,8557,1590,10247,18,186,166,370,393,73862,4144,78399,"2025-09-23 18:10:36"
6617,2025-08-01,105,108,185286,5249,190643,169,4477,1514,6160,161,19668,3160,22989,21,616,546,1183,459,210047,10469,220975,"2025-09-23 18:10:36"
6618,2025-08-01,106,275,145312,1810,147397,107,1917,141,2165,66,6630,1407,8103,2,269,126,397,450,154128,3484,158062,"2025-09-23 18:10:36"
6619,2025-08-01,107,285,98421,1030,99736,143,2548,505,3196,101,8153,2128,10382,17,255,121,393,546,109377,3784,113707,"2025-09-23 18:10:36"
6620,2025-08-01,108,145,72084,1623,73852,78,2216,74,2368,91,6288,2044,8423,16,171,104,291,330,80759,3845,84934,"2025-09-23 18:10:36"
6621,2025-08-01,109,175,227799,1808,229782,106,5918,475,6499,151,37048,6440,43639,23,753,513,1289,455,271518,9236,281209,"2025-09-23 18:10:36"
6622,2025-08-01,110,215,137572,5926,143713,148,4591,1148,5887,223,22864,4051,27138,12,467,325,804,598,165494,11450,177542,"2025-09-23 18:10:36"
6623,2025-08-01,111,79,121973,2106,124158,40,3611,639,4290,33,18016,2705,20754,3,470,373,846,155,144070,5823,150048,"2025-09-23 18:10:36"
6624,2025-08-01,112,178,97129,745,98052,92,2894,561,3547,132,19700,3294,23126,16,949,298,1263,418,120672,4898,125988,"2025-09-23 18:10:36"
6625,2025-08-01,113,164,120307,2265,122736,112,1960,578,2650,130,9697,3762,13589,10,346,171,527,416,132310,6776,139502,"2025-09-23 18:10:36"
6626,2025-08-01,114,91,76861,1354,78306,29,2013,933,2975,42,9043,1585,10670,0,203,125,328,162,88120,3997,92279,"2025-09-23 18:10:36"
6627,2025-08-01,115,187,121243,696,122126,87,3537,531,4155,169,20018,3059,23246,14,538,264,816,457,145336,4550,150343,"2025-09-23 18:10:36"
6628,2025-08-01,116,245,54422,432,55099,95,1571,516,2182,260,12100,900,13260,10,289,84,383,610,68382,1932,70924,"2025-09-23 18:10:36"
6629,2025-08-01,117,188,54136,362,54686,86,1912,645,2643,197,14253,6488,20938,9,349,343,701,480,70650,7838,78968,"2025-09-23 18:10:36"
6630,2025-08-01,118,93,17919,368,18380,69,683,262,1014,158,6367,4093,10618,7,137,489,633,327,25106,5212,30645,"2025-09-23 18:10:36"
6631,2025-08-01,119,99,111442,1287,112828,61,2629,562,3252,65,10680,2736,13481,10,338,185,533,235,125089,4770,130094,"2025-09-23 18:10:36"
6632,2025-08-01,120,48,187023,3399,190470,42,3125,779,3946,48,11340,3688,15076,12,528,382,922,150,202016,8248,210414,"2025-09-23 18:10:36"
6633,2025-08-01,121,27,144820,870,145717,15,1695,78,1788,22,4738,1420,6180,0,235,48,283,64,151488,2416,153968,"2025-09-23 18:10:36"
6634,2025-08-01,122,405,129315,1705,131425,163,3666,1547,5376,237,21852,4849,26938,19,754,444,1217,824,155587,8545,164956,"2025-09-23 18:10:36"
6635,2025-08-01,123,120,60784,415,61319,95,1155,192,1442,84,5639,2035,7758,8,157,298,463,307,67735,2940,70982,"2025-09-23 18:10:36"
6636,2025-08-01,124,282,153436,1807,155525,249,4178,446,4873,196,17715,3111,21022,29,546,271,846,756,175875,5635,182266,"2025-09-23 18:10:36"
6637,2025-08-01,125,216,104454,906,105576,88,3108,870,4066,142,18984,4278,23404,15,501,562,1078,461,127047,6616,134124,"2025-09-23 18:10:36"
6638,2025-08-01,126,289,220316,2691,223296,94,5189,2637,7920,172,31343,6449,37964,21,731,304,1056,576,257579,12081,270236,"2025-09-23 18:10:36"
6639,2025-08-01,127,384,295777,3736,299897,160,7213,2164,9537,259,36138,7761,44158,23,1050,978,2051,826,340178,14639,355643,"2025-09-23 18:10:36"
6640,2025-08-01,128,194,67121,5559,72874,76,2567,780,3423,160,20816,2403,23379,17,366,368,751,447,90870,9110,100427,"2025-09-23 18:10:36"
6641,2025-08-01,129,206,123285,995,124486,87,2317,355,2759,151,15161,2361,17673,12,339,157,508,456,141102,3868,145426,"2025-09-23 18:10:36"
6643,2025-08-01,131,8424,5538026,83033,5629483,4178,131111,32582,167871,5777,710392,138464,854633,634,19157,12428,32219,19013,6398686,266507,6684206,"2025-09-23 18:10:36"
6644,2025-08-01,132,81,15584,137,15802,56,721,57,834,80,7947,256,8283,13,106,30,149,230,24358,480,25068,"2025-09-23 18:10:36"
6645,2025-08-01,133,70,11180,101,11351,52,438,82,572,117,4842,379,5338,4,90,230,324,243,16550,792,17585,"2025-09-23 18:10:36"
6646,2025-08-01,134,71,12441,117,12629,58,573,88,719,114,6441,452,7007,17,74,45,136,260,19529,702,20491,"2025-09-23 18:10:36"
6647,2025-08-01,135,103,17588,113,17804,60,641,92,793,114,8213,176,8503,14,93,39,146,291,26535,420,27246,"2025-09-23 18:10:36"
6648,2025-08-01,136,78,20685,172,20935,58,782,89,929,86,8006,691,8783,11,162,99,272,233,29635,1051,30919,"2025-09-23 18:10:36"
6649,2025-08-01,137,86,49851,283,50220,68,2027,206,2301,114,13829,1501,15444,15,261,141,417,283,65968,2131,68382,"2025-09-23 18:10:36"
6650,2025-08-01,138,111,55451,714,56276,78,1583,179,1840,160,13602,1671,15433,13,359,878,1250,362,70995,3442,74799,"2025-09-23 18:10:36"
6651,2025-08-01,139,35,17601,155,17791,26,511,37,574,32,3212,586,3830,8,73,47,128,101,21397,825,22323,"2025-09-23 18:10:36"
6652,2025-08-01,140,74,45840,280,46194,64,1388,87,1539,88,9264,1126,10478,7,259,81,347,233,56751,1574,58558,"2025-09-23 18:10:36"
6653,2025-08-01,141,1,8,0,9,0,2,0,2,0,8,0,8,0,0,0,0,1,18,0,19,"2025-09-23 18:10:36"
6654,2025-08-01,142,209,88216,1101,89526,112,2020,370,2502,183,11994,1161,13338,19,389,267,675,523,102619,2899,106041,"2025-09-23 18:10:36"
6655,2025-08-01,143,60,81217,1471,82748,127,1907,832,2866,63,10493,1855,12411,5,322,227,554,255,93939,4385,98579,"2025-09-23 18:10:36"
6656,2025-08-01,144,180,92284,2692,95156,116,2263,549,2928,131,14448,2115,16694,7,422,195,624,434,109417,5551,115402,"2025-09-23 18:10:36"
6657,2025-08-01,145,135,135853,3939,139927,90,2833,738,3661,137,15877,2516,18530,14,578,371,963,376,155141,7564,163081,"2025-09-23 18:10:36"
6659,2025-08-01,147,1500,740365,12714,754579,1109,20398,3823,25330,1679,148041,16301,166021,179,3654,2939,6772,4467,912458,35777,952702,"2025-09-23 18:10:36"
6660,2025-08-01,148,78,23505,64,23647,38,539,103,680,55,2260,443,2758,9,92,35,136,180,26396,645,27221,"2025-09-23 18:10:36"
6661,2025-08-01,149,236,42786,1257,44279,122,1473,383,1978,253,12797,689,13739,26,223,128,377,637,57279,2457,60373,"2025-09-23 18:10:36"
6662,2025-08-01,150,75,20868,2535,23478,40,939,203,1182,93,8611,584,9288,10,134,74,218,218,30552,3396,34166,"2025-09-23 18:10:36"
6663,2025-08-01,151,150,46175,872,47197,89,1950,329,2368,143,15321,1082,16546,30,234,97,361,412,63680,2380,66472,"2025-09-23 18:10:36"
6664,2025-08-01,152,145,87927,832,88904,76,2282,352,2710,183,19445,2335,21963,16,501,812,1329,420,110155,4331,114906,"2025-09-23 18:10:36"
6665,2025-08-01,153,137,40373,547,41057,73,1332,175,1580,184,12759,514,13457,36,206,125,367,430,54670,1361,56461,"2025-09-23 18:10:36"
6666,2025-08-01,154,103,23265,181,23549,70,1044,324,1438,161,11273,399,11833,14,106,55,175,348,35688,959,36995,"2025-09-23 18:10:36"
6667,2025-08-01,155,184,82373,930,83487,87,2348,485,2920,164,19118,1884,21166,24,427,441,892,459,104266,3740,108465,"2025-09-23 18:10:36"
6668,2025-08-01,156,76,19750,145,19971,39,661,110,810,105,7704,438,8247,18,94,87,199,238,28209,780,29227,"2025-09-23 18:10:36"
6669,2025-08-01,157,207,178100,1966,180273,131,4399,506,5036,181,24366,3747,28294,50,762,374,1186,569,207627,6593,214789,"2025-09-23 18:10:36"
6670,2025-08-01,158,160,35809,276,36245,112,1340,314,1766,178,11540,733,12451,14,220,126,360,464,48909,1449,50822,"2025-09-23 18:10:36"
6671,2025-08-01,159,103,121187,1838,123128,59,3559,694,4312,128,19538,2924,22590,10,616,391,1017,300,144900,5847,151047,"2025-09-23 18:10:36"
6672,2025-08-01,160,165,185676,1659,187500,153,4161,871,5185,235,20967,2667,23869,23,614,311,948,576,211418,5508,217502,"2025-09-23 18:10:36"
6673,2025-08-01,161,83,11565,66,11714,58,425,61,544,126,6039,525,6690,18,75,64,157,285,18104,716,19105,"2025-09-23 18:10:36"
6674,2025-08-01,162,90,24914,189,25193,45,941,112,1098,192,10808,248,11248,19,146,49,214,346,36809,598,37753,"2025-09-23 18:10:36"
6676,2025-08-01,164,2159,988701,13752,1004612,1285,28733,5228,35246,2521,214887,19990,237398,339,4688,3297,8324,6304,1237009,42267,1285580,"2025-09-23 18:10:36"
6677,2025-08-01,165,88,12563,157,12808,65,448,74,587,102,6575,758,7435,12,88,42,142,267,19674,1031,20972,"2025-09-23 18:10:36"
6678,2025-08-01,166,107,21480,168,21755,79,978,92,1149,141,12766,257,13164,12,141,37,190,339,35365,554,36258,"2025-09-23 18:10:36"
6679,2025-08-01,167,69,10963,109,11141,40,400,57,497,72,5064,389,5525,6,58,67,131,187,16485,622,17294,"2025-09-23 18:10:36"
6680,2025-08-01,168,94,79695,646,80435,71,2063,290,2424,91,14661,3499,18251,15,541,1687,2243,271,96960,6122,103353,"2025-09-23 18:10:36"
6681,2025-08-01,169,57,9428,154,9639,42,371,54,467,75,3943,156,4174,4,70,16,90,178,13812,380,14370,"2025-09-23 18:10:36"
6682,2025-08-01,170,144,54106,738,54988,118,1815,365,2298,216,15612,1717,17545,21,376,273,670,499,71909,3093,75501,"2025-09-23 18:10:36"
6683,2025-08-01,171,79,20512,352,20943,50,731,276,1057,77,7887,1049,9013,12,141,152,305,218,29271,1829,31318,"2025-09-23 18:10:36"
6684,2025-08-01,172,126,82179,2259,84564,119,2457,420,2996,152,12692,2266,15110,10,352,339,701,407,97680,5284,103371,"2025-09-23 18:10:36"
6685,2025-08-01,173,266,43101,160,43527,202,1412,72,1686,166,12003,885,13054,17,214,127,358,651,56730,1244,58625,"2025-09-23 18:10:36"
6686,2025-08-01,174,76,14193,155,14424,51,713,68,832,103,7974,357,8434,15,102,54,171,245,22982,634,23861,"2025-09-23 18:10:36"
6687,2025-08-01,175,180,125750,2004,127934,134,2804,593,3531,197,22553,2179,24929,22,486,932,1440,533,151593,5708,157834,"2025-09-23 18:10:36"
6688,2025-08-01,176,120,14745,111180,126045,74,651,2263,2988,208,9536,380,10124,5,140,36,181,407,25072,113859,139338,"2025-09-23 18:10:36"
6689,2025-08-01,177,204,113922,2292,116418,152,2966,728,3846,202,21446,3570,25218,17,439,836,1292,575,138773,7426,146774,"2025-09-23 18:10:36"
6690,2025-08-01,178,78,22479,217,22774,44,751,96,891,114,8276,518,8908,7,123,56,186,243,31629,887,32759,"2025-09-23 18:10:36"
6691,2025-08-01,179,94,24548,84,24726,67,1145,80,1292,120,11301,798,12219,9,192,141,342,290,37186,1103,38579,"2025-09-23 18:10:36"
6692,2025-08-01,180,132,16395,162,16689,59,664,106,829,107,9711,202,10020,11,96,31,138,309,26866,501,27676,"2025-09-23 18:10:36"
6693,2025-08-01,181,81,20016,177,20274,48,712,83,843,91,8298,905,9294,4,141,90,235,224,29167,1255,30646,"2025-09-23 18:10:36"
6694,2025-08-01,182,88,13672,88,13848,75,526,47,648,107,7092,275,7474,8,68,31,107,278,21358,441,22077,"2025-09-23 18:10:36"
6695,2025-08-01,183,79,11419,94,11592,48,502,61,611,100,6375,146,6621,9,68,23,100,236,18364,324,18924,"2025-09-23 18:10:36"
6696,2025-08-01,184,70,12392,5615,18077,49,483,111,643,88,6628,195,6911,12,91,26,129,219,19594,5947,25760,"2025-09-23 18:10:36"
6697,2025-08-01,185,112,24967,94206,119285,81,1575,841,2497,145,15608,234,15987,12,131,41,184,350,42281,95322,137953,"2025-09-23 18:10:36"
6699,2025-08-01,187,2441,774630,221483,998554,1719,25050,7614,34383,2780,234038,21293,258111,249,4216,5180,9645,7189,1037934,255570,1300693,"2025-09-23 18:10:36"
6700,2025-08-01,188,146,120364,893,121403,98,2895,393,3386,130,22111,2779,25020,18,435,408,861,392,145805,4473,150670,"2025-09-23 18:10:36"
6701,2025-08-01,189,217,121096,1637,122950,137,3571,524,4232,221,25842,2000,28063,16,580,376,972,591,151089,4537,156217,"2025-09-23 18:10:36"
6702,2025-08-01,190,61,14581,36,14678,30,645,53,728,76,6518,691,7285,18,88,53,159,185,21832,833,22850,"2025-09-23 18:10:36"
6704,2025-08-01,192,0,19,2,21,0,4,0,4,0,16,3,19,0,0,0,0,0,39,5,44,"2025-09-23 18:10:36"
6705,2025-08-01,193,146,59453,577,60176,79,1897,273,2249,166,17912,1128,19206,18,251,193,462,409,79513,2171,82093,"2025-09-23 18:10:36"
6706,2025-08-01,194,95,27344,384,27823,55,1153,117,1325,129,10342,280,10751,13,151,94,258,292,38990,875,40157,"2025-09-23 18:10:36"
6707,2025-08-01,195,98,11173,45,11316,52,395,44,491,86,7072,86,7244,16,51,17,84,252,18691,192,19135,"2025-09-23 18:10:36"
6708,2025-08-01,196,123,37427,378,37928,88,1551,278,1917,209,17394,1045,18648,18,226,175,419,438,56598,1876,58912,"2025-09-23 18:10:36"
6709,2025-08-01,197,73,20377,121,20571,41,760,49,850,86,11394,965,12445,15,149,139,303,215,32680,1274,34169,"2025-09-23 18:10:36"
6710,2025-08-01,198,300,66019,913,67232,241,2077,305,2623,260,19423,1230,20913,46,367,235,648,847,87886,2683,91416,"2025-09-23 18:10:36"
6711,2025-08-01,199,76,13129,96,13301,48,594,56,698,125,6022,124,6271,17,81,31,129,266,19826,307,20399,"2025-09-23 18:10:36"
6712,2025-08-01,200,64,6130,37,6231,36,273,27,336,73,3951,51,4075,8,43,6,57,181,10397,121,10699,"2025-09-23 18:10:36"
6713,2025-08-01,201,127,41753,475,42355,78,1498,134,1710,145,14604,731,15480,26,246,157,429,376,58101,1497,59974,"2025-09-23 18:10:36"
6714,2025-08-01,202,133,45140,367,45640,80,1671,230,1981,131,16291,1529,17951,19,250,368,637,363,63352,2494,66209,"2025-09-23 18:10:36"
6715,2025-08-01,203,106,23482,169,23757,62,691,82,835,110,8678,205,8993,21,113,46,180,299,32964,502,33765,"2025-09-23 18:10:36"
6716,2025-08-01,204,58,4394,299,4751,21,262,207,490,59,1458,28,1545,9,24,4,37,147,6138,538,6823,"2025-09-23 18:10:36"
6717,2025-08-01,205,135,21106,109,21350,58,593,88,739,122,6628,120,6870,21,131,39,191,336,28458,356,29150,"2025-09-23 18:10:36"
6718,2025-08-01,206,84,19837,89,20010,75,829,78,982,131,12312,890,13333,11,121,102,234,301,33099,1159,34559,"2025-09-23 18:10:36"
6719,2025-08-01,207,78,18019,164,18261,44,616,51,711,92,7936,610,8638,16,98,191,305,230,26669,1016,27915,"2025-09-23 18:10:36"
6720,2025-08-01,208,60,10191,39,10290,62,461,43,566,87,6078,117,6282,10,63,15,88,219,16793,214,17226,"2025-09-23 18:10:36"
6721,2025-08-01,209,121,55715,271,56107,62,1726,337,2125,114,12705,1580,14399,14,274,301,589,311,70420,2489,73220,"2025-09-23 18:10:36"
6722,2025-08-01,210,147,103643,1327,105117,84,2735,762,3581,217,17737,4125,22079,13,466,1714,2193,461,124581,7928,132970,"2025-09-23 18:10:36"
6724,2025-08-01,212,2811,1167737,12942,1183490,1731,34413,5225,41369,3101,296196,25021,324318,411,5371,5437,11219,8054,1503717,48625,1560396,"2025-09-23 18:10:36"
6725,2025-08-01,213,124,97132,1021,98277,83,2656,471,3210,154,12012,517,12683,15,329,168,512,376,112129,2177,114682,"2025-09-23 18:10:36"
6726,2025-08-01,214,179,94901,2197,97277,70,830,179,1079,104,9330,261,9695,15,87,176,278,296,35360,798,36454,"2025-09-23 18:10:36"
6727,2025-08-01,215,67,19726,188,19981,62,673,90,825,97,7333,214,7644,11,143,67,221,237,27875,559,28671,"2025-09-23 18:10:36"
6728,2025-08-01,216,265,250003,2234,252502,153,5814,612,6579,234,40943,4776,45953,41,841,612,1494,693,297601,8234,306528,"2025-09-23 18:10:36"
6729,2025-08-01,217,101,14344,147,14592,54,503,106,663,138,6197,152,6487,8,67,27,102,301,21111,432,21844,"2025-09-23 18:10:36"
6730,2025-08-01,218,109,44051,476,44636,92,1296,197,1585,104,13633,2589,16326,15,214,587,816,320,59194,3849,63363,"2025-09-23 18:10:36"
6731,2025-08-01,219,99,49236,653,49988,79,1387,210,1676,132,10499,569,11200,18,192,114,324,328,61314,1546,63188,"2025-09-23 18:10:36"
6732,2025-08-01,220,93,13909,55,14057,61,482,54,597,100,7199,474,7773,9,145,152,306,263,21735,735,22733,"2025-09-23 18:10:36"
6733,2025-08-01,221,185,157423,1064,158672,88,3965,733,4786,151,22299,7215,29665,24,653,1512,2189,448,184340,10524,195312,"2025-09-23 18:10:36"
6734,2025-08-01,222,68,10520,50,10638,52,356,38,446,92,4569,562,5223,14,64,120,198,226,15509,770,16505,"2025-09-23 18:10:36"
6735,2025-08-01,223,217,145002,2733,147952,173,3083,1078,4334,250,26538,2394,29182,33,529,441,1003,673,175152,6646,182471,"2025-09-23 18:10:36"
6736,2025-08-01,224,69,25244,193,25506,76,969,107,1152,93,10251,422,10766,11,148,68,227,249,36612,790,37651,"2025-09-23 18:10:36"
6737,2025-08-01,225,153,90669,1328,92150,65,1797,473,2335,135,10287,1004,11426,15,163,146,324,368,102916,2951,106235,"2025-09-23 18:10:36"
6738,2025-08-01,226,72,97080,5570,102722,33,1753,404,2190,54,10747,1556,12357,4,226,232,462,163,109806,7762,117731,"2025-09-23 18:10:36"
6739,2025-08-01,227,249,148745,19500,168494,220,1942,861,3023,147,10338,975,11460,15,232,187,434,631,161257,21523,183411,"2025-09-23 18:10:36"
6740,2025-08-01,228,259,116495,50527,167281,172,2108,402,2682,126,16977,1471,18574,18,333,351,702,575,135913,52751,189239,"2025-09-23 18:10:36"
6741,2025-08-01,229,95,87684,721,88500,36,1803,155,1994,91,7752,1093,8936,12,283,305,600,234,97522,2274,100030,"2025-09-23 18:10:36"
6742,2025-08-01,230,100,43286,669,44055,83,1529,245,1857,122,8694,356,9172,14,181,72,267,319,53690,1342,55351,"2025-09-23 18:10:36"
6743,2025-08-01,231,61,16359,91,16511,72,508,46,626,112,7818,164,8094,10,89,82,181,255,24774,383,25412,"2025-09-23 18:10:36"
6744,2025-08-01,232,82,33502,26325,59909,54,982,294,1330,86,10152,541,10779,7,184,230,421,229,44820,27390,72439,"2025-09-23 18:10:36"
6745,2025-08-01,233,62,13902,17993,31957,53,467,160,680,110,6558,142,6810,14,152,33,199,239,21079,18328,39646,"2025-09-23 18:10:36"
6747,2025-08-01,235,2724,1515292,131874,1649890,1892,35474,6993,44359,2774,268319,27841,298934,337,5350,5754,11441,7727,1824435,172462,2004624,"2025-09-23 18:10:36"
6748,2025-08-01,236,248,77614,930,78792,131,2724,146,3001,343,26869,682,27894,45,256,145,446,767,107463,1903,110133,"2025-09-23 18:10:36"
6750,2025-08-01,238,871,331760,275617,608248,484,9435,6394,16313,1044,86319,4414,91777,83,1403,711,2197,2482,428917,287136,718535,"2025-09-23 18:10:36"
6752,2025-08-01,240,53,11977,110,12140,46,423,36,505,102,3941,92,4135,6,63,28,97,207,16404,266,16877,"2025-09-23 18:10:36"
6753,2025-08-01,241,119,40036,716,40871,82,1135,163,1380,125,6854,509,7488,11,185,192,388,337,48210,1580,50127,"2025-09-23 18:10:36"
6754,2025-08-01,242,124,26565,464,27153,97,752,115,964,182,6722,188,7092,10,150,49,209,413,34189,816,35418,"2025-09-23 18:10:36"
6755,2025-08-01,243,119,34313,844,35276,87,1022,131,1240,108,5286,317,5711,8,154,91,253,322,40775,1383,42480,"2025-09-23 18:10:36"
6756,2025-08-01,244,56,8963,62,9081,54,279,30,363,110,3354,58,3522,10,52,20,82,230,12648,170,13048,"2025-09-23 18:10:36"
6757,2025-08-01,245,43,12658,187,12888,40,380,27,447,126,4126,67,4319,12,90,21,123,221,17254,302,17777,"2025-09-23 18:10:36"
6758,2025-08-01,246,131,15153,153,15437,78,599,60,737,127,6213,135,6475,13,122,56,191,349,22087,404,22840,"2025-09-23 18:10:36"
6759,2025-08-01,247,228,164068,2531,166827,163,4034,509,4706,230,26435,2327,28992,26,738,368,1132,647,195275,5735,201657,"2025-09-23 18:10:36"
6760,2025-08-01,248,59,14670,88,14817,54,428,60,542,123,5015,115,5253,10,86,32,128,246,20199,295,20740,"2025-09-23 18:10:36"
6761,2025-08-01,249,114,14287,223,14624,99,507,78,684,155,6135,159,6449,23,118,34,175,391,21047,494,21932,"2025-09-23 18:10:36"
6762,2025-08-01,250,58,17191,208,17457,71,621,55,747,139,6980,149,7268,16,93,23,132,284,24885,435,25604,"2025-09-23 18:10:36"
6763,2025-08-01,251,333,122622,2384,125339,275,2948,614,3837,270,18471,2769,21510,29,536,409,974,907,144577,6176,151660,"2025-09-23 18:10:36"
6764,2025-08-01,252,72,16269,361,16702,58,572,123,753,122,3313,137,3572,15,123,46,184,267,20277,667,21211,"2025-09-23 18:10:36"
6765,2025-08-01,253,108,17799,220,18127,78,717,71,866,121,8615,141,8877,22,97,51,170,329,27228,483,28040,"2025-09-23 18:10:36"
6766,2025-08-01,254,134,28422,250,28806,113,1120,270,1503,184,11688,459,12331,22,177,66,265,453,41407,1045,42905,"2025-09-23 18:10:36"
6767,2025-08-01,255,59,9961,54,10074,64,271,42,377,100,3305,47,3452,10,60,25,95,233,13597,168,13998,"2025-09-23 18:10:36"
6769,2025-08-01,257,2082,669539,11610,683231,1662,18954,2971,23587,2716,153050,9361,165127,295,3394,1957,5646,6755,844937,25899,877591,"2025-09-23 18:10:36"
6770,2025-08-01,258,112,20514,166,20792,66,1244,93,1403,158,10696,283,11137,14,118,46,178,350,32572,588,33510,"2025-09-23 18:10:36"
6771,2025-08-01,259,214,117560,1952,119726,123,2838,515,3476,214,19225,3275,22714,22,520,715,1257,573,140143,6457,147173,"2025-09-23 18:10:36"
6772,2025-08-01,260,125,35441,497,36063,63,1459,146,1668,144,13887,1046,15077,8,267,156,431,340,51054,1845,53239,"2025-09-23 18:10:36"
6773,2025-08-01,261,136,30015,398,30549,112,1116,168,1396,175,12429,459,13063,20,191,70,281,443,43751,1095,45289,"2025-09-23 18:10:36"
6774,2025-08-01,262,72,9084,56,9212,40,454,58,552,99,4419,247,4765,7,46,36,89,218,14003,397,14618,"2025-09-23 18:10:36"
6775,2025-08-01,263,100,19174,179,19453,68,764,122,954,142,8708,268,9118,12,110,52,174,322,28756,621,29699,"2025-09-23 18:10:36"
6776,2025-08-01,264,73,10648,127,10848,60,372,22,454,99,5278,65,5442,10,46,22,78,242,16344,236,16822,"2025-09-23 18:10:36"
6777,2025-08-01,265,119,48144,227,48490,119,1546,431,2096,212,12458,2370,15040,30,277,225,532,480,62425,3253,66158,"2025-09-23 18:10:36"
6778,2025-08-01,266,199,116302,1816,118317,134,3682,488,4304,216,24349,3106,27671,17,465,422,904,566,144798,5832,151196,"2025-09-23 18:10:36"
6779,2025-08-01,267,84,9841,57,9982,63,399,69,531,121,4928,275,5324,8,64,24,96,276,15232,425,15933,"2025-09-23 18:10:36"
6780,2025-08-01,268,75,7943,33,8051,44,332,21,397,113,4450,88,4651,6,54,22,82,238,12779,164,13181,"2025-09-23 18:10:36"
6781,2025-08-01,269,157,150401,3023,153581,104,3199,908,4211,153,18857,2644,21654,14,583,408,1005,428,173040,6983,180451,"2025-09-23 18:10:36"
6782,2025-08-01,270,339,137123,2003,139465,223,2909,538,3670,209,15758,1536,17503,23,373,252,648,794,156163,4329,161286,"2025-09-23 18:10:36"
6783,2025-08-01,271,111,41667,633,42411,106,1481,195,1782,163,14915,903,15981,8,256,124,388,388,58319,1855,60562,"2025-09-23 18:10:36"
